1.260000 25.930000 62.480000 -8.180000 -26.660000 0.000000 1712.000000 -652.000000 3932.000000 -1311.000000 -1953.000000 3640.000000 
1.200000 26.040001 62.389999 -8.170000 -26.670000 0.000000 1686.000000 -658.000000 3965.000000 -1324.000000 -1945.000000 3627.000000 
1.160000 26.110001 62.310001 -8.160000 -26.639999 0.000000 1678.000000 -656.000000 3954.000000 -1322.000000 -1930.000000 3632.000000 
1.110000 26.160000 62.290001 -8.160000 -26.660000 0.000000 1673.000000 -677.000000 3955.000000 -1308.000000 -1948.000000 3625.000000 
1.100000 26.150000 62.320000 -8.150000 -26.559999 0.000000 1700.000000 -669.000000 3949.000000 -1297.000000 -1937.000000 3644.000000 
1.150000 26.129999 62.380001 -8.150000 -26.629999 0.000000 1704.000000 -658.000000 3952.000000 -1293.000000 -1937.000000 3632.000000 
1.150000 26.170000 62.349998 -8.140000 -26.670000 0.000000 1724.000000 -651.000000 3937.000000 -1283.000000 -1935.000000 3613.000000 
1.170000 26.209999 62.310001 -8.120000 -26.660000 0.000000 1715.000000 -655.000000 3950.000000 -1277.000000 -1917.000000 3632.000000 
1.200000 26.230000 62.320000 -8.110000 -26.639999 0.000000 1729.000000 -653.000000 3912.000000 -1275.000000 -1937.000000 3660.000000 
1.190000 26.200001 62.270000 -8.120000 -26.600000 0.000000 1720.000000 -667.000000 3928.000000 -1269.000000 -1932.000000 3666.000000 
1.170000 26.190001 62.180000 -8.100000 -26.610001 0.000000 1733.000000 -659.000000 3933.000000 -1268.000000 -1932.000000 3666.000000 
1.180000 26.190001 62.200001 -8.110000 -26.680000 0.000000 1720.000000 -674.000000 3904.000000 -1274.000000 -1943.000000 3626.000000 
1.160000 26.180000 62.240002 -8.120000 -26.750000 0.000000 1713.000000 -683.000000 3937.000000 -1297.000000 -1969.000000 3618.000000 
1.170000 26.090000 62.150002 -8.180000 -26.900000 0.000000 1730.000000 -743.000000 3918.000000 -1298.000000 -2007.000000 3607.000000 
1.130000 25.740000 62.150002 -8.240000 -26.920000 0.000000 1820.000000 -785.000000 3915.000000 -1322.000000 -1955.000000 3631.000000 
1.320000 25.430000 62.299999 -8.240000 -26.860001 0.000000 1767.000000 -713.000000 3869.000000 -1133.000000 -1972.000000 3703.000000 
1.540000 25.340000 62.410000 -8.240000 -26.760000 0.000000 1870.000000 -794.000000 3948.000000 -1279.000000 -1915.000000 3618.000000 
1.560000 25.590000 62.410000 -8.090000 -26.750000 0.000000 1614.000000 -624.000000 3924.000000 -1243.000000 -1942.000000 3617.000000 
1.760000 25.900000 62.459999 -8.060000 -26.580000 0.000000 1627.000000 -883.000000 3904.000000 -1257.000000 -1892.000000 3700.000000 
1.920000 25.709999 62.560001 -7.900000 -26.430000 0.000000 1715.000000 -650.000000 3638.000000 -1342.000000 -1946.000000 3853.000000 
1.710000 25.389999 62.540001 -7.900000 -26.280001 0.000000 1717.000000 -738.000000 3882.000000 -1015.000000 -1912.000000 3871.000000 
1.380000 25.309999 62.419998 -7.910000 -26.910000 0.000000 1984.000000 -840.000000 3850.000000 -1154.000000 -2147.000000 3492.000000 
0.950000 26.250000 62.250000 -7.960000 -27.350000 0.000000 1711.000000 -883.000000 3718.000000 -1643.000000 -2100.000000 3575.000000 
0.250000 27.190001 62.040001 -8.440000 -27.700001 0.000000 3103.000000 -1919.000000 5645.000000 -1588.000000 -2205.000000 3832.000000 
-0.580000 28.240000 61.799999 -9.020000 -27.750000 0.000000 1655.000000 -1032.000000 3954.000000 -1815.000000 -2268.000000 4331.000000 
-1.370000 28.690001 61.529999 -9.510000 -28.549999 0.000000 1686.000000 -850.000000 4292.000000 -1464.000000 -2583.000000 4214.000000 
-2.390000 29.150000 61.340000 -10.080000 -31.430000 0.000000 2063.000000 -916.000000 4668.000000 -3468.000000 -4470.000000 5416.000000 
-3.220000 30.559999 61.369999 -10.670000 -33.320000 0.000000 2929.000000 -745.000000 4723.000000 -879.000000 -2574.000000 5040.000000 
-5.040000 31.969999 60.720001 -11.120000 -34.500000 0.000000 3128.000000 -989.000000 6501.000000 -509.000000 -2778.000000 5638.000000 
-5.810000 33.650002 60.619999 -11.290000 -35.290001 0.000000 2799.000000 -1170.000000 6392.000000 85.000000 -2399.000000 5089.000000 
-7.160000 35.290001 60.070000 -11.050000 -35.799999 0.000000 2561.000000 -876.000000 5522.000000 -273.000000 -2274.000000 4264.000000 
-8.600000 36.490002 59.279999 -10.570000 -36.439999 0.000000 3325.000000 -875.000000 4906.000000 -728.000000 -2588.000000 4097.000000 
-10.050000 38.299999 58.189999 -10.010000 -37.130001 0.000000 3505.000000 -975.000000 4819.000000 -1960.000000 -2795.000000 3930.000000 
-11.590000 40.570000 57.009998 -9.310000 -37.950001 0.000000 2726.000000 -765.000000 4633.000000 -2517.000000 -2854.000000 3937.000000 
-12.690000 42.389999 55.889999 -8.540000 -38.730000 0.000000 2066.000000 -702.000000 4053.000000 -1501.000000 -2748.000000 3984.000000 
-12.820000 43.919998 55.119999 -7.640000 -39.290001 0.000000 2261.000000 -503.000000 3315.000000 -1858.000000 -2729.000000 3564.000000 
-13.030000 45.730000 54.360001 -6.790000 -39.820000 0.000000 1968.000000 -487.000000 2869.000000 -665.000000 -2840.000000 4568.000000 
-13.530000 47.439999 53.410000 -5.930000 -40.090000 0.000000 1922.000000 -219.000000 2590.000000 909.000000 -2672.000000 5093.000000 
-14.280000 48.250000 52.060001 -5.100000 -40.040001 0.000000 2442.000000 45.000000 1952.000000 -638.000000 -2382.000000 4219.000000 
-13.960000 48.180000 51.139999 -4.470000 -39.880001 0.000000 3143.000000 -55.000000 1541.000000 -475.000000 -2282.000000 3440.000000 
-11.880000 48.200001 51.310001 -3.970000 -39.490002 0.000000 2587.000000 26.000000 1230.000000 -707.000000 -2351.000000 3120.000000 
-9.370000 47.779999 51.709999 -3.770000 -38.970001 0.000000 2335.000000 -164.000000 1378.000000 -939.000000 -2503.000000 3274.000000 
-6.860000 47.110001 52.119999 -3.880000 -38.459999 0.000000 2292.000000 -311.000000 2209.000000 -1314.000000 -2666.000000 3365.000000 
-4.670000 46.240002 52.320000 -4.240000 -37.869999 0.000000 2674.000000 -567.000000 3247.000000 -1529.000000 -2684.000000 3412.000000 
-3.330000 45.270000 51.779999 -4.670000 -37.180000 0.000000 2671.000000 -700.000000 3940.000000 -1249.000000 -2610.000000 3304.000000 
-1.460000 44.770000 51.560001 -5.080000 -36.570000 0.000000 2365.000000 -869.000000 4082.000000 -713.000000 -2635.000000 2986.000000 
0.590000 44.310001 51.250000 -5.370000 -35.930000 0.000000 2108.000000 -865.000000 3838.000000 -701.000000 -2489.000000 2665.000000 
2.020000 44.060001 50.619999 -5.520000 -35.410000 0.000000 2060.000000 -757.000000 3373.000000 -906.000000 -2456.000000 2513.000000 
2.580000 43.900002 49.389999 -5.700000 -35.320000 0.000000 2119.000000 -797.000000 2988.000000 -1069.000000 -2556.000000 2326.000000 
2.990000 43.939999 48.090000 -5.950000 -35.200001 0.000000 1957.000000 -776.000000 2986.000000 -1031.000000 -2529.000000 2346.000000 
3.420000 44.029999 46.709999 -6.310000 -35.070000 0.000000 1819.000000 -812.000000 3124.000000 -962.000000 -2470.000000 2288.000000 
3.940000 44.040001 45.290001 -6.800000 -35.090000 0.000000 1604.000000 -870.000000 2994.000000 -1070.000000 -2527.000000 2144.000000 
4.550000 43.900002 43.869999 -7.360000 -35.110001 0.000000 1180.000000 -921.000000 2758.000000 -1387.000000 -2640.000000 1980.000000 
4.930000 43.720001 42.369999 -8.160000 -35.160000 0.000000 1346.000000 -1144.000000 2745.000000 -1571.000000 -2810.000000 1750.000000 
4.980000 43.509998 40.669998 -9.070000 -35.189999 0.000000 1329.000000 -1372.000000 3252.000000 -1839.000000 -3062.000000 1730.000000 
4.780000 43.259998 38.889999 -9.990000 -35.220001 0.000000 1424.000000 -1454.000000 3830.000000 -2138.000000 -3343.000000 1953.000000 
4.450000 42.939999 37.080002 -10.830000 -35.189999 0.000000 1546.000000 -1511.000000 4417.000000 -2564.000000 -3516.000000 2133.000000 
4.150000 42.590000 35.330002 -11.560000 -35.090000 0.000000 1588.000000 -1449.000000 4629.000000 -2687.000000 -3412.000000 2091.000000 
3.990000 42.209999 33.820000 -12.100000 -34.910000 0.000000 1529.000000 -1354.000000 4586.000000 -2629.000000 -3149.000000 1885.000000 
4.110000 41.930000 32.540001 -12.520000 -34.730000 0.000000 1366.000000 -1281.000000 4273.000000 -2244.000000 -2903.000000 1766.000000 
4.330000 41.709999 31.520000 -12.980000 -34.610001 0.000000 1243.000000 -1332.000000 3696.000000 -1935.000000 -2887.000000 1803.000000 
4.330000 41.610001 30.459999 -13.370000 -34.509998 0.000000 1079.000000 -1243.000000 3418.000000 -1868.000000 -2816.000000 1715.000000 
4.130000 41.560001 29.379999 -13.840000 -34.419998 0.000000 826.000000 -1292.000000 3447.000000 -1757.000000 -2739.000000 1763.000000 
3.820000 41.509998 28.290001 -14.390000 -34.320000 0.000000 719.000000 -1350.000000 3523.000000 -1716.000000 -2534.000000 1551.000000 
3.450000 41.369999 27.139999 -15.000000 -34.279999 0.000000 1046.000000 -1323.000000 3481.000000 -1558.000000 -2353.000000 1522.000000 
3.070000 41.110001 25.980000 -15.440000 -34.250000 0.000000 889.000000 -1033.000000 3348.000000 -1549.000000 -2329.000000 1611.000000 
2.740000 40.680000 25.000000 -16.080000 -34.330002 0.000000 1046.000000 -1212.000000 3335.000000 -1450.000000 -2346.000000 1583.000000 
2.170000 40.060001 23.940001 -16.959999 -34.480000 0.000000 1119.000000 -1497.000000 3430.000000 -1658.000000 -2271.000000 1169.000000 
1.100000 39.400002 22.650000 -17.900000 -34.790001 0.000000 1228.000000 -1626.000000 3564.000000 -1673.000000 -2614.000000 1409.000000 
-0.380000 38.689999 21.150000 -18.799999 -35.220001 0.000000 1357.000000 -1738.000000 3973.000000 -1802.000000 -2953.000000 1710.000000 
-2.090000 37.889999 19.650000 -19.530001 -35.689999 0.000000 1751.000000 -1745.000000 4488.000000 -1834.000000 -3137.000000 1989.000000 
-3.830000 36.980000 18.280001 -20.030001 -36.279999 0.000000 2119.000000 -1679.000000 4575.000000 -1560.000000 -3145.000000 2143.000000 
-5.400000 35.900002 17.120001 -20.120001 -37.070000 0.000000 2530.000000 -1601.000000 4376.000000 -1438.000000 -3279.000000 2767.000000 
-6.950000 34.959999 16.000000 -20.260000 -37.869999 0.000000 2461.000000 -1554.000000 4040.000000 -1332.000000 -3415.000000 3190.000000 
-8.470000 34.459999 15.020000 -20.510000 -38.689999 0.000000 2397.000000 -1509.000000 3697.000000 -991.000000 -3312.000000 3033.000000 
-9.890000 34.220001 14.050000 -20.930000 -39.570000 0.000000 2042.000000 -1475.000000 3288.000000 -929.000000 -3147.000000 2721.000000 
-11.190000 34.029999 13.160000 -21.799999 -40.470001 0.000000 1678.000000 -1575.000000 2972.000000 -1017.000000 -3115.000000 2517.000000 
-12.430000 33.830002 12.230000 -22.969999 -41.380001 0.000000 1523.000000 -1785.000000 2604.000000 -802.000000 -3105.000000 2290.000000 
-13.590000 33.450001 11.460000 -24.240000 -42.250000 0.000000 1481.000000 -1942.000000 2671.000000 -803.000000 -3169.000000 2298.000000 
-14.720000 32.790001 10.630000 -25.420000 -42.950001 0.000000 1550.000000 -2045.000000 3251.000000 -974.000000 -3241.000000 2442.000000 
-15.650000 31.549999 10.020000 -26.120001 -43.529999 0.000000 1808.000000 -2046.000000 3932.000000 -1165.000000 -3374.000000 2549.000000 
-15.570000 29.959999 9.950000 -26.110001 -44.150002 0.000000 2224.000000 -2030.000000 4351.000000 -1393.000000 -3440.000000 2478.000000 
-15.420000 28.459999 9.930000 -26.139999 -44.849998 0.000000 2598.000000 -2008.000000 4429.000000 -1613.000000 -3519.000000 2511.000000 
-15.380000 27.120001 9.880000 -26.049999 -45.720001 0.000000 2743.000000 -2014.000000 4497.000000 -1570.000000 -3623.000000 2692.000000 
-15.420000 26.020000 9.860000 -25.700001 -46.730000 0.000000 2595.000000 -1960.000000 4452.000000 -1435.000000 -3587.000000 2670.000000 
-15.480000 25.209999 10.000000 -25.270000 -47.610001 0.000000 2481.000000 -1825.000000 4109.000000 -1079.000000 -3361.000000 2740.000000 
-15.300000 25.040001 10.310000 -24.820000 -48.400002 0.000000 2206.000000 -1752.000000 3644.000000 -442.000000 -3196.000000 2672.000000 
-15.580000 25.799999 10.370000 -25.200001 -48.980000 0.000000 1864.000000 -1774.000000 3057.000000 -459.000000 -3116.000000 2725.000000 
-15.830000 26.670000 10.360000 -25.750000 -49.549999 0.000000 1666.000000 -1730.000000 2658.000000 -217.000000 -3054.000000 2655.000000 
-16.049999 27.490000 10.290000 -26.250000 -50.049999 0.000000 1629.000000 -1608.000000 2354.000000 -114.000000 -2955.000000 2534.000000 
-15.890000 27.969999 10.310000 -26.770000 -50.380001 0.000000 1905.000000 -1695.000000 2188.000000 -179.000000 -2960.000000 2610.000000 
-16.480000 27.139999 10.200000 -27.570000 -50.730000 0.000000 3034.000000 -2952.000000 2305.000000 -143.000000 -3500.000000 3035.000000 
-16.110001 27.250000 10.540000 -28.000000 -51.049999 0.000000 2630.000000 -1602.000000 2290.000000 182.000000 -3036.000000 2952.000000 
-16.309999 26.410000 10.460000 -28.370001 -51.130001 0.000000 2400.000000 -1743.000000 2867.000000 -190.000000 -3376.000000 3320.000000 
-16.250000 25.730000 10.420000 -29.030001 -51.070000 0.000000 2269.000000 -1893.000000 2758.000000 -286.000000 -3594.000000 3316.000000 
-16.250000 25.160000 10.360000 -29.760000 -50.680000 0.000000 2286.000000 -1887.000000 2689.000000 27.000000 -4791.000000 5155.000000 
-17.120001 25.059999 9.880000 -29.469999 -50.299999 0.000000 3644.000000 -2025.000000 5726.000000 -1168.000000 -4623.000000 3263.000000 
-16.799999 24.120001 10.120000 -29.139999 -50.490002 0.000000 2758.000000 -2138.000000 3746.000000 -267.000000 -3915.000000 2420.000000 
-16.100000 23.520000 10.600000 -29.610001 -50.779999 0.000000 5559.000000 -3036.000000 4016.000000 -600.000000 -3629.000000 2326.000000 
-15.220000 23.299999 10.900000 -30.250000 -51.689999 0.000000 2263.000000 -2239.000000 2920.000000 -250.000000 -2485.000000 941.000000 
-15.220000 22.670000 10.910000 -30.820000 -52.430000 0.000000 2810.000000 -2245.000000 2651.000000 -1281.000000 -4049.000000 2740.000000 
-14.790000 23.590000 11.000000 -30.379999 -52.619999 0.000000 2258.000000 -1814.000000 3077.000000 505.000000 -3425.000000 3722.000000 
-15.080000 24.540001 10.980000 -29.940001 -52.639999 0.000000 2304.000000 -1844.000000 3016.000000 125.000000 -3297.000000 2765.000000 
-14.890000 25.340000 11.190000 -29.540001 -53.349998 0.000000 449.000000 -184.000000 1919.000000 -595.000000 -3451.000000 2142.000000 
-15.100000 26.230000 11.150000 -29.830000 -54.049999 0.000000 3466.000000 -1578.000000 2642.000000 -285.000000 -3087.000000 1905.000000 
-14.840000 26.860001 11.300000 -29.230000 -54.000000 0.000000 2207.000000 -1645.000000 2989.000000 -264.000000 -3378.000000 2991.000000 
-14.500000 26.260000 11.440000 -29.370001 -54.209999 0.000000 2512.000000 -1918.000000 2995.000000 -148.000000 -3408.000000 2471.000000 
-14.460000 26.959999 11.580000 -29.900000 -54.880001 0.000000 2590.000000 -1951.000000 2618.000000 -781.000000 -3664.000000 2552.000000 
-14.860000 27.059999 11.560000 -30.290001 -55.369999 0.000000 2258.000000 -1926.000000 2712.000000 -221.000000 -3523.000000 2455.000000 
-15.760000 26.790001 11.190000 -30.260000 -55.900002 0.000000 2152.000000 -1990.000000 3125.000000 -305.000000 -4112.000000 3106.000000 
-15.610000 27.350000 11.520000 -31.290001 -56.730000 0.000000 2169.000000 -4368.000000 4045.000000 -556.000000 -4790.000000 3530.000000 
-14.940000 27.780001 11.710000 -31.549999 -58.740002 0.000000 1252.000000 -2137.000000 3046.000000 -485.000000 -4256.000000 2360.000000 
-15.090000 28.650000 11.850000 -32.070000 -60.930000 0.000000 2009.000000 -2351.000000 2880.000000 -1536.000000 -5179.000000 2626.000000 
-15.870000 29.480000 11.720000 -32.189999 -63.450001 0.000000 1861.000000 -2377.000000 3209.000000 -2106.000000 -5329.000000 1775.000000 
-16.809999 30.469999 11.700000 -32.090000 -65.949997 0.000000 1924.000000 -2379.000000 3272.000000 -1374.000000 -4446.000000 884.000000 
-17.860001 31.530001 11.760000 -31.600000 -68.110001 0.000000 -1321.000000 -215.000000 1876.000000 -1518.000000 -4260.000000 487.000000 
-18.809999 32.310001 11.880000 -31.520000 -69.629997 0.000000 1751.000000 -2176.000000 3190.000000 -923.000000 -2366.000000 62.000000 
-19.719999 32.439999 12.050000 -31.540001 -70.059998 0.000000 3625.000000 -2018.000000 2522.000000 141.000000 -3579.000000 1048.000000 
-20.250000 32.779999 12.380000 -32.110001 -70.220001 0.000000 1445.000000 -2281.000000 2797.000000 143.000000 -3390.000000 1035.000000 
-20.639999 32.520000 12.770000 -32.400002 -70.120003 0.000000 3292.000000 -1879.000000 2546.000000 633.000000 -4033.000000 1455.000000 
-20.510000 32.080002 13.410000 -32.790001 -69.879997 0.000000 2632.000000 -2198.000000 2900.000000 -142.000000 -3567.000000 1224.000000 
-19.379999 31.860001 14.300000 -33.290001 -69.720001 0.000000 2333.000000 -2254.000000 2750.000000 -602.000000 -3649.000000 1127.000000 
-18.150000 31.629999 15.210000 -33.639999 -69.379997 0.000000 2181.000000 -2244.000000 2913.000000 -298.000000 -3820.000000 1372.000000 
-16.900000 31.059999 16.010000 -34.000000 -69.019997 0.000000 2358.000000 -2319.000000 2951.000000 -565.000000 -4152.000000 1460.000000 
-15.640000 30.510000 16.840000 -34.529999 -68.860001 0.000000 2632.000000 -2479.000000 2850.000000 -1186.000000 -3901.000000 1288.000000 
-14.500000 30.250000 17.790001 -34.900002 -68.769997 0.000000 2490.000000 -2395.000000 2856.000000 -1621.000000 -3771.000000 1239.000000 
-13.400000 29.639999 18.820000 -35.410000 -68.459999 0.000000 2552.000000 -2473.000000 2598.000000 -1458.000000 -3783.000000 1458.000000 
-12.980000 29.959999 19.379999 -34.959999 -68.540001 0.000000 2367.000000 -2321.000000 3098.000000 -1636.000000 -4853.000000 1334.000000 
-13.330000 29.900000 19.590000 -35.410000 -67.930000 0.000000 2619.000000 -2373.000000 2278.000000 -615.000000 -3691.000000 1389.000000 
-13.500000 29.450001 19.770000 -35.869999 -67.239998 0.000000 2458.000000 -2529.000000 2592.000000 -1182.000000 -2145.000000 881.000000 
-12.640000 28.270000 20.469999 -35.340000 -67.029999 0.000000 2056.000000 -2156.000000 2881.000000 -1375.000000 -2351.000000 300.000000 
-11.770000 27.190001 21.299999 -35.820000 -66.699997 0.000000 3148.000000 -2818.000000 3050.000000 107.000000 -3554.000000 995.000000 
-10.890000 27.330000 22.030001 -36.020000 -66.459999 0.000000 2226.000000 -2367.000000 2794.000000 -815.000000 -4342.000000 1213.000000 
-10.440000 27.520000 22.580000 -36.139999 -66.349998 0.000000 2576.000000 -2507.000000 3008.000000 -1731.000000 -4468.000000 1277.000000 
-9.980000 27.080000 23.280001 -36.180000 -66.379997 0.000000 2816.000000 -2640.000000 3197.000000 -1758.000000 -4140.000000 897.000000 
-9.950000 26.790001 23.650000 -35.470001 -66.339996 0.000000 2686.000000 -2541.000000 3642.000000 -1673.000000 -4916.000000 1494.000000 
-9.760000 26.379999 24.469999 -34.860001 -66.339996 0.000000 2433.000000 -2767.000000 4263.000000 -2973.000000 -3414.000000 588.000000 
-10.340000 26.709999 24.780001 -34.490002 -66.419998 0.000000 6887.000000 -3727.000000 6005.000000 -1584.000000 -4023.000000 812.000000 
-10.880000 28.120001 25.070000 -33.380001 -66.500000 0.000000 2628.000000 -2972.000000 5108.000000 -1074.000000 -3729.000000 745.000000 
-11.190000 29.910000 25.520000 -32.119999 -66.629997 0.000000 2651.000000 -3041.000000 4514.000000 -2294.000000 -4699.000000 1136.000000 
-11.350000 32.080002 26.120001 -31.350000 -66.650002 0.000000 2847.000000 -2954.000000 3596.000000 -2739.000000 -5017.000000 1296.000000 
-11.780000 34.430000 26.650000 -29.920000 -66.260002 0.000000 2603.000000 -2710.000000 4146.000000 -2213.000000 -4162.000000 1158.000000 
-12.140000 36.849998 27.240000 -28.160000 -65.730003 0.000000 2563.000000 -2442.000000 4363.000000 -1515.000000 -3112.000000 764.000000 
-11.930000 39.349998 28.129999 -27.040001 -65.370003 0.000000 2034.000000 -2192.000000 3035.000000 -1916.000000 -2572.000000 394.000000 
-11.920000 42.060001 29.000000 -25.030001 -65.139999 0.000000 1331.000000 -2071.000000 4972.000000 -1016.000000 -1747.000000 479.000000 
-12.800000 44.759998 29.270000 -23.240000 -65.080002 0.000000 1796.000000 -2017.000000 3843.000000 -1484.000000 -1803.000000 463.000000 
-13.340000 47.580002 29.700001 -21.510000 -65.059998 0.000000 1705.000000 -1854.000000 3571.000000 -7601.000000 -887.000000 2111.000000 
-14.180000 50.470001 29.990000 -19.610001 -65.500000 0.000000 1655.000000 -1596.000000 3634.000000 -1757.000000 -4201.000000 1335.000000 
-15.430000 53.270000 30.080000 -18.090000 -65.949997 0.000000 2121.000000 -1557.000000 3698.000000 -2789.000000 -2212.000000 -174.000000 
-17.070000 55.919998 29.840000 -16.059999 -66.940002 0.000000 1808.000000 -1376.000000 4246.000000 -3369.000000 -3020.000000 484.000000 
-18.600000 58.490002 29.680000 -14.510000 -67.940002 0.000000 1856.000000 -1209.000000 3389.000000 -2893.000000 -3345.000000 891.000000 
-19.840000 60.820000 29.889999 -13.020000 -68.849998 0.000000 1606.000000 -1038.000000 3129.000000 -3106.000000 -2746.000000 467.000000 
-20.950001 62.860001 30.340000 -11.430000 -69.559998 0.000000 1783.000000 -912.000000 3367.000000 -3329.000000 -3107.000000 617.000000 
-21.830000 64.589996 31.129999 -10.110000 -69.760002 0.000000 1650.000000 -820.000000 3003.000000 -3424.000000 -3436.000000 1039.000000 
-22.110001 66.080002 32.470001 -8.830000 -68.820000 0.000000 1659.000000 -659.000000 3169.000000 -3185.000000 -3355.000000 1489.000000 
-22.389999 67.379997 33.820000 -7.670000 -66.800003 0.000000 1763.000000 -599.000000 3513.000000 -2821.000000 -2789.000000 1574.000000 
-22.250000 68.320000 35.480000 -6.630000 -65.860001 0.000000 2295.000000 -571.000000 3849.000000 -3364.000000 -1665.000000 -647.000000 
-20.540001 69.559998 38.480000 -5.820000 -65.309998 0.000000 1845.000000 -525.000000 3930.000000 -2717.000000 -2320.000000 439.000000 
-18.690001 70.769997 41.650002 -5.070000 -65.320000 0.000000 1860.000000 -478.000000 3872.000000 -2910.000000 -2451.000000 251.000000 
-16.049999 72.029999 45.500000 -4.330000 -65.709999 0.000000 1611.000000 -398.000000 3603.000000 -3054.000000 -1492.000000 -510.000000 
-12.900000 73.040001 49.770000 -3.320000 -66.360001 0.000000 1652.000000 -184.000000 3516.000000 -3065.000000 -1602.000000 14.000000 
-10.420000 73.959999 53.520000 -2.650000 -66.739998 0.000000 1414.000000 -180.000000 2927.000000 -2344.000000 -2396.000000 878.000000 
-7.370000 74.870003 57.810001 -1.910000 -66.889999 0.000000 1479.000000 -62.000000 3399.000000 -630.000000 -6823.000000 4795.000000 
-5.780000 75.639999 60.680000 -1.430000 -68.430000 0.000000 1895.000000 -135.000000 3901.000000 -3535.000000 -487.000000 -650.000000 
-3.470000 76.160004 64.150002 -0.790000 -68.360001 0.000000 2144.000000 -137.000000 3720.000000 -2595.000000 -2197.000000 1172.000000 
0.130000 76.779999 68.779999 -0.160000 -68.449997 0.000000 1945.000000 -97.000000 3350.000000 -2730.000000 -2577.000000 1442.000000 
2.760000 77.400002 72.599998 0.420000 -67.980003 0.000000 2225.000000 -141.000000 3679.000000 -2386.000000 -1907.000000 1096.000000 
4.560000 78.110001 75.690002 0.970000 -67.989998 0.000000 2048.000000 -69.000000 3438.000000 -2581.000000 -1324.000000 644.000000 
6.470000 78.800003 78.849998 1.490000 -68.160004 0.000000 1785.000000 17.000000 3443.000000 -2440.000000 -1311.000000 567.000000 
8.290000 79.550003 81.940002 1.950000 -69.010002 0.000000 1750.000000 31.000000 3329.000000 -2545.000000 -1188.000000 375.000000 
10.080000 80.279999 84.989998 2.280000 -70.410004 0.000000 1896.000000 -33.000000 3594.000000 -2975.000000 -1407.000000 432.000000 
12.160000 81.120003 88.290001 2.560000 -72.459999 0.000000 1925.000000 24.000000 3903.000000 -3097.000000 -1330.000000 90.000000 
14.710000 81.959999 92.050003 2.910000 -74.870003 0.000000 1929.000000 89.000000 3814.000000 -3290.000000 -669.000000 -386.000000 
18.150000 82.690002 96.669998 3.330000 -77.940002 0.000000 2045.000000 89.000000 3904.000000 -3798.000000 -1047.000000 -570.000000 
21.330000 83.400002 101.070000 3.750000 -80.910004 0.000000 1706.000000 37.000000 3301.000000 -4354.000000 -2067.000000 61.000000 
26.059999 84.120003 106.900002 4.240000 -82.790001 0.000000 1573.000000 215.000000 3669.000000 -3672.000000 -3019.000000 742.000000 
32.529999 84.860001 114.360001 4.670000 -84.290001 0.000000 1846.000000 217.000000 4059.000000 -3490.000000 -3031.000000 960.000000 
42.369999 85.320000 124.730003 5.130000 -85.500000 0.000000 2215.000000 161.000000 4128.000000 -3074.000000 -2541.000000 714.000000 
67.169998 85.470001 142.779999 5.600000 -86.959999 0.000000 2484.000000 125.000000 4702.000000 -2960.000000 -2624.000000 502.000000 
-173.779999 85.510002 -102.070000 6.220000 -88.989998 0.000000 2831.000000 47.000000 5384.000000 -3083.000000 -2359.000000 164.000000 
-168.339996 85.110001 -88.849998 7.080000 -91.809998 0.000000 2228.000000 186.000000 5739.000000 -3498.000000 -1572.000000 -376.000000 
-168.889999 84.349998 -87.900002 8.280000 -94.889999 0.000000 1872.000000 218.000000 5330.000000 -3338.000000 -1385.000000 -582.000000 
-168.949997 83.400002 -87.300003 9.750000 -97.059998 0.000000 1734.000000 210.000000 4678.000000 -3578.000000 -1363.000000 -206.000000 
-169.250000 82.320000 -87.150002 11.340000 -99.470001 0.000000 1692.000000 216.000000 4229.000000 -3762.000000 -1644.000000 -172.000000 
-168.830002 81.160004 -86.459999 12.870000 -101.870003 0.000000 1202.000000 469.000000 3674.000000 -3507.000000 -1773.000000 -220.000000 
-168.279999 79.940002 -85.650002 14.410000 -104.470001 0.000000 943.000000 764.000000 3193.000000 -3273.000000 -1646.000000 -327.000000 
-167.309998 78.690002 -84.470001 15.580000 -107.959999 0.000000 496.000000 917.000000 3176.000000 -3229.000000 -1451.000000 -720.000000 
-166.020004 77.400002 -83.019997 16.430000 -110.199997 0.000000 350.000000 1100.000000 3444.000000 -3599.000000 -1649.000000 -446.000000 
-164.979996 76.059998 -81.879997 16.820000 -112.709999 0.000000 -224.000000 883.000000 3108.000000 -3510.000000 -1951.000000 -480.000000 
-164.440002 74.599998 -81.120003 17.740000 -116.699997 0.000000 -14.000000 1155.000000 2599.000000 -3355.000000 -1502.000000 -885.000000 
-164.300003 73.190002 -80.889999 18.340000 -121.510002 0.000000 702.000000 1321.000000 3038.000000 -3425.000000 -1109.000000 -1124.000000 
-164.199997 71.690002 -80.709999 18.629999 -126.709999 0.000000 1138.000000 1471.000000 3003.000000 -3718.000000 -1029.000000 -1139.000000 
-164.029999 70.050003 -80.400002 18.020000 -131.000000 0.000000 1378.000000 989.000000 3326.000000 -3663.000000 -1344.000000 -900.000000 
-163.669998 68.349998 -79.940002 16.650000 -134.119995 0.000000 -168.000000 977.000000 3513.000000 -3580.000000 -1713.000000 -513.000000 
-163.660004 66.639999 -79.830002 14.910000 -136.630005 0.000000 -532.000000 837.000000 3225.000000 -3312.000000 -2030.000000 -208.000000 
-163.850006 64.970001 -79.949997 13.320000 -139.320007 0.000000 -1017.000000 905.000000 2790.000000 -2823.000000 -1686.000000 -314.000000 
-163.929993 63.360001 -79.980003 11.440000 -141.770004 0.000000 -1121.000000 807.000000 2733.000000 -3428.000000 -1739.000000 -412.000000 
-163.550003 61.970001 -79.639999 8.910000 -143.929993 0.000000 -1192.000000 565.000000 2951.000000 -2997.000000 -1378.000000 -564.000000 
-162.860001 60.840000 -79.080002 5.510000 -144.830002 0.000000 -2963.000000 -604.000000 5237.000000 -2643.000000 -1451.000000 -309.000000 
-162.149994 60.060001 -78.540001 3.590000 -146.529999 0.000000 -1295.000000 774.000000 3441.000000 -3636.000000 -708.000000 -1550.000000 
-161.250000 59.580002 -77.849998 1.140000 -147.289993 0.000000 -1128.000000 -64.000000 3259.000000 -3934.000000 -1025.000000 -1611.000000 
-160.460007 59.169998 -77.209999 -1.100000 -147.529999 0.000000 -2582.000000 -227.000000 4244.000000 -4150.000000 -1403.000000 -1489.000000 
-159.960007 58.849998 -76.800003 -2.600000 -148.169998 0.000000 -1511.000000 -453.000000 4135.000000 -4190.000000 -1260.000000 -1718.000000 
-159.440002 58.669998 -76.459999 -3.440000 -149.220001 0.000000 -1347.000000 -492.000000 4816.000000 -4292.000000 -849.000000 -1929.000000 
-158.649994 58.459999 -75.910004 -3.940000 -149.710007 0.000000 -1559.000000 -299.000000 5046.000000 -4015.000000 -1079.000000 -1541.000000 
-158.020004 58.250000 -75.510002 -4.500000 -149.490005 0.000000 -1395.000000 -365.000000 4783.000000 -3887.000000 -1577.000000 -1318.000000 
-157.740005 57.950001 -75.400002 -5.100000 -149.229996 0.000000 -1107.000000 -437.000000 4490.000000 -3219.000000 -1545.000000 -1307.000000 
-157.350006 57.669998 -75.250000 -5.580000 -149.529999 0.000000 -1057.000000 -330.000000 4367.000000 -3267.000000 -1255.000000 -1521.000000 
-156.800003 57.340000 -75.040001 -6.080000 -150.240005 0.000000 -1630.000000 -388.000000 4311.000000 -3957.000000 -1135.000000 -1621.000000 
-156.399994 57.029999 -74.980003 -6.450000 -150.490005 0.000000 -2141.000000 -275.000000 3483.000000 -3976.000000 -1331.000000 -1405.000000 
-156.399994 56.869999 -75.279999 -6.880000 -150.369995 0.000000 -1809.000000 -467.000000 3639.000000 -4027.000000 -1455.000000 -1454.000000 
-156.710007 56.860001 -75.930000 -6.900000 -150.330002 0.000000 -1800.000000 -353.000000 4108.000000 -3974.000000 -1097.000000 -1600.000000 
-156.889999 56.900002 -76.440002 -7.020000 -150.100006 0.000000 -1619.000000 -362.000000 4157.000000 -3416.000000 -868.000000 -1518.000000 
-156.720001 56.889999 -76.599998 -7.340000 -150.270004 0.000000 -1538.000000 -394.000000 4318.000000 -3066.000000 -631.000000 -1744.000000 
-156.750000 56.830002 -76.910004 -7.730000 -151.029999 0.000000 -1294.000000 -402.000000 4435.000000 -3484.000000 -402.000000 -1701.000000 
-156.880005 56.889999 -77.370003 -8.010000 -151.770004 0.000000 -1585.000000 -355.000000 4180.000000 -3412.000000 -450.000000 -1641.000000 
-157.229996 56.660000 -77.989998 -8.640000 -151.229996 0.000000 -1408.000000 -528.000000 3686.000000 -3024.000000 -1271.000000 -1231.000000 
-157.429993 56.119999 -78.370003 -9.600000 -150.839996 0.000000 -1071.000000 -797.000000 3580.000000 -3379.000000 -1406.000000 -1263.000000 
-157.089996 55.439999 -78.309998 -10.240000 -150.720001 0.000000 -1233.000000 -765.000000 3551.000000 -3207.000000 -1273.000000 -1365.000000 
-156.559998 54.709999 -78.099998 -10.490000 -151.410004 0.000000 -1499.000000 -698.000000 3522.000000 -2951.000000 -615.000000 -1813.000000 
-156.009995 54.150002 -77.940002 -10.700000 -152.500000 0.000000 -1910.000000 -791.000000 3676.000000 -2989.000000 -307.000000 -2102.000000 
-155.750000 53.669998 -78.099998 -11.050000 -153.460007 0.000000 -2035.000000 -874.000000 3607.000000 -3553.000000 -767.000000 -2023.000000 
-155.619995 53.169998 -78.320000 -11.540000 -154.500000 0.000000 -2073.000000 -1083.000000 3651.000000 -3561.000000 -699.000000 -2088.000000 
-155.360001 52.790001 -78.410004 -11.930000 -155.339996 0.000000 -2070.000000 -1076.000000 3597.000000 -3291.000000 -673.000000 -2102.000000 
-155.020004 52.410000 -78.440002 -12.180000 -156.369995 0.000000 -2065.000000 -1050.000000 3527.000000 -3568.000000 -363.000000 -2450.000000 
-154.559998 52.080002 -78.349998 -12.340000 -157.410004 0.000000 -2388.000000 -1137.000000 3938.000000 -3982.000000 -161.000000 -2379.000000 
-154.199997 51.869999 -78.290001 -12.490000 -158.149994 0.000000 -2494.000000 -1111.000000 3881.000000 -3904.000000 -362.000000 -2366.000000 
-154.179993 51.790001 -78.519997 -12.550000 -158.649994 0.000000 -2605.000000 -1083.000000 3588.000000 -3694.000000 -344.000000 -2269.000000 
-153.990005 51.990002 -78.529999 -12.540000 -158.800003 0.000000 -2463.000000 -994.000000 3392.000000 -3226.000000 -416.000000 -2146.000000 
-153.550003 52.189999 -78.309998 -12.290000 -158.690002 0.000000 -2105.000000 -899.000000 3358.000000 -3144.000000 -506.000000 -2134.000000 
-153.380005 52.169998 -78.279999 -12.010000 -158.279999 0.000000 -1645.000000 -910.000000 3972.000000 -2946.000000 -769.000000 -1851.000000 
-153.279999 52.000000 -78.339996 -11.850000 -158.029999 0.000000 -1230.000000 -908.000000 4081.000000 -2969.000000 -856.000000 -1862.000000 
-153.149994 51.799999 -78.459999 -11.710000 -157.660004 0.000000 -1220.000000 -920.000000 4189.000000 -2942.000000 -1169.000000 -1639.000000 
-153.190002 51.540001 -78.750000 -11.480000 -157.259995 0.000000 -1010.000000 -717.000000 3749.000000 -2562.000000 -1305.000000 -1605.000000 
-153.119995 51.310001 -79.019997 -11.160000 -158.020004 0.000000 -1404.000000 -746.000000 3716.000000 -3108.000000 -279.000000 -1952.000000 
-153.259995 51.230000 -79.419998 -11.130000 -158.589996 0.000000 -1937.000000 -833.000000 3538.000000 -3499.000000 -514.000000 -2089.000000 
-153.539993 51.250000 -79.900002 -11.150000 -158.990005 0.000000 -2127.000000 -854.000000 3449.000000 -3841.000000 -529.000000 -2135.000000 
-153.720001 51.310001 -80.250000 -11.200000 -159.699997 0.000000 -2402.000000 -915.000000 3585.000000 -3534.000000 339.000000 -2406.000000 
-153.839996 51.330002 -80.440002 -11.290000 -159.940002 0.000000 -2600.000000 -1026.000000 3644.000000 -3490.000000 -141.000000 -2286.000000 
-153.649994 51.230000 -80.360001 -11.270000 -159.839996 0.000000 -2090.000000 -1010.000000 3739.000000 -2907.000000 -621.000000 -2133.000000 
-153.279999 50.939999 -80.180000 -11.300000 -159.559998 0.000000 -1285.000000 -1045.000000 3748.000000 -2647.000000 -889.000000 -1955.000000 
-152.289993 51.029999 -79.580002 -11.250000 -159.960007 0.000000 -1188.000000 -956.000000 3821.000000 -2858.000000 -13.000000 -764.000000 
-151.990005 50.419998 -79.559998 -10.600000 -160.130005 0.000000 -2131.000000 1008.000000 2650.000000 -1563.000000 -893.000000 -1779.000000 
-152.229996 49.919998 -79.959999 -10.720000 -161.619995 0.000000 -1152.000000 -934.000000 3723.000000 -4037.000000 75.000000 -2257.000000 
-152.740005 49.740002 -80.500000 -10.770000 -163.110001 0.000000 -2298.000000 -742.000000 3612.000000 -3108.000000 593.000000 -2486.000000 
-152.830002 49.419998 -80.580002 -11.100000 -164.169998 0.000000 -2934.000000 -1090.000000 3526.000000 -3699.000000 215.000000 -2650.000000 
-152.550003 48.980000 -80.309998 -11.380000 -164.600006 0.000000 -2722.000000 -1050.000000 3429.000000 -3603.000000 -556.000000 -2546.000000 
-152.429993 48.660000 -80.190002 -11.770000 -164.660004 0.000000 -2332.000000 -1223.000000 3574.000000 -3477.000000 -743.000000 -2522.000000 
-152.440002 48.419998 -80.180000 -12.170000 -164.500000 0.000000 -2122.000000 -1276.000000 3683.000000 -3572.000000 -836.000000 -2578.000000 
-152.330002 48.230000 -80.120003 -12.370000 -164.179993 0.000000 -2096.000000 -1326.000000 3828.000000 -3995.000000 -858.000000 -2651.000000 
-152.080002 48.230000 -79.989998 -12.500000 -163.559998 0.000000 -2255.000000 -1214.000000 3625.000000 -3575.000000 -790.000000 -2531.000000 
-151.800003 48.630001 -79.889999 -12.570000 -162.830002 0.000000 -2143.000000 -1243.000000 3733.000000 -2951.000000 -639.000000 -2448.000000 
-151.899994 49.060001 -80.150002 -12.320000 -162.500000 0.000000 -1752.000000 -1077.000000 3821.000000 -2510.000000 -116.000000 -2345.000000 
-152.119995 49.119999 -80.540001 -12.090000 -162.210007 0.000000 -1667.000000 -1031.000000 3802.000000 -3085.000000 -264.000000 -2127.000000 
-152.220001 49.119999 -80.800003 -12.050000 -162.080002 0.000000 -1807.000000 -1000.000000 3498.000000 -3109.000000 -211.000000 -2226.000000 
-152.389999 49.130001 -81.089996 -11.980000 -161.990005 0.000000 -2010.000000 -926.000000 3258.000000 -3074.000000 -227.000000 -2119.000000 
-152.520004 49.119999 -81.349998 -11.750000 -161.990005 0.000000 -1961.000000 -918.000000 3348.000000 -2873.000000 -60.000000 -2289.000000 
-152.570007 49.009998 -81.529999 -11.700000 -161.589996 0.000000 -1535.000000 -1109.000000 3892.000000 -3166.000000 -502.000000 -2146.000000 
-152.550003 48.700001 -81.650002 -11.770000 -161.259995 0.000000 -1513.000000 -1142.000000 3979.000000 -2890.000000 -446.000000 -2143.000000 
-152.470001 48.380001 -81.730003 -12.000000 -160.809998 0.000000 -1837.000000 -1091.000000 3539.000000 -2872.000000 -669.000000 -2004.000000 
-152.470001 48.200001 -81.820000 -11.930000 -159.710007 0.000000 -1644.000000 -779.000000 2977.000000 -2440.000000 -1157.000000 -1636.000000 
-152.970001 47.740002 -82.309998 -11.670000 -159.059998 0.000000 102.000000 -38.000000 1326.000000 -5965.000000 -656.000000 359.000000 
-152.679993 47.110001 -82.139999 -12.080000 -157.520004 0.000000 -326.000000 -1785.000000 4567.000000 -1768.000000 -1900.000000 -2871.000000 
-152.479996 47.360001 -82.169998 -12.120000 -157.559998 0.000000 -2234.000000 -1021.000000 3613.000000 -3273.000000 101.000000 -2266.000000 
-153.190002 47.560001 -82.849998 -12.660000 -157.720001 0.000000 -2444.000000 -1509.000000 3533.000000 -3388.000000 -172.000000 -2623.000000 
-152.679993 48.119999 -82.480003 -13.080000 -158.039993 0.000000 -3798.000000 -2236.000000 5714.000000 -2870.000000 398.000000 -3004.000000 
-152.250000 47.910000 -82.099998 -13.080000 -157.619995 0.000000 -1730.000000 -1247.000000 3828.000000 -2395.000000 -727.000000 -2447.000000 
-152.149994 47.810001 -82.059998 -13.120000 -157.839996 0.000000 -2169.000000 -1173.000000 3507.000000 -3174.000000 -400.000000 -2252.000000 
-152.639999 47.990002 -82.400002 -13.060000 -158.169998 0.000000 -2188.000000 -1242.000000 3758.000000 -3539.000000 -402.000000 -2281.000000 
-152.899994 47.980000 -82.540001 -12.950000 -158.399994 0.000000 -1930.000000 -1308.000000 3850.000000 -3500.000000 -577.000000 -2255.000000 
-152.789993 47.820000 -82.339996 -12.730000 -158.360001 0.000000 -1502.000000 -1227.000000 3989.000000 -3118.000000 -886.000000 -2130.000000 
-152.770004 47.680000 -82.260002 -12.440000 -158.369995 0.000000 -1490.000000 -1145.000000 3713.000000 -3112.000000 -904.000000 -2021.000000 
-153.009995 47.730000 -82.400002 -12.340000 -158.740005 0.000000 -1680.000000 -1150.000000 3660.000000 -3200.000000 -616.000000 -2057.000000 
-153.360001 47.810001 -82.629997 -12.250000 -159.160004 0.000000 -1758.000000 -1158.000000 3750.000000 -3282.000000 -541.000000 -2085.000000 
-153.520004 47.799999 -82.669998 -12.040000 -159.610001 0.000000 -1766.000000 -1099.000000 3679.000000 -3188.000000 -549.000000 -2086.000000 
-153.550003 47.750000 -82.529999 -12.110000 -160.050003 0.000000 -1642.000000 -1156.000000 3659.000000 -3135.000000 -622.000000 -2123.000000 
-153.580002 47.680000 -82.449997 -12.140000 -160.479996 0.000000 -1825.000000 -1187.000000 3575.000000 -3285.000000 -633.000000 -2137.000000 
-153.740005 47.709999 -82.400002 -12.140000 -161.059998 0.000000 -2090.000000 -1240.000000 3547.000000 -3443.000000 -476.000000 -2271.000000 
-153.960007 47.840000 -82.379997 -11.980000 -161.630005 0.000000 -2156.000000 -1239.000000 3549.000000 -3488.000000 -455.000000 -2349.000000 
-153.979996 47.930000 -82.180000 -11.770000 -162.020004 0.000000 -1987.000000 -1194.000000 3524.000000 -3331.000000 -574.000000 -2275.000000 
-153.679993 47.959999 -81.680000 -11.310000 -162.240005 0.000000 -1675.000000 -1153.000000 3816.000000 -3114.000000 -680.000000 -2181.000000 
-153.309998 47.950001 -81.160004 -10.840000 -162.490005 0.000000 -1599.000000 -1149.000000 3944.000000 -3098.000000 -647.000000 -2192.000000 
-152.940002 47.950001 -80.720001 -10.870000 -162.389999 0.000000 -1848.000000 -1742.000000 4569.000000 -3463.000000 -931.000000 -2013.000000 
-152.809998 47.970001 -80.529999 -10.060000 -163.029999 0.000000 -1498.000000 -975.000000 4082.000000 -2924.000000 -427.000000 -2184.000000 
-152.820007 48.009998 -80.519997 -9.340000 -163.889999 0.000000 -1718.000000 -940.000000 3962.000000 -3034.000000 -313.000000 -2172.000000 
-152.839996 48.009998 -80.519997 -8.820000 -164.820007 0.000000 -1924.000000 -915.000000 3886.000000 -2979.000000 -280.000000 -2212.000000 
-152.910004 47.959999 -80.529999 -8.390000 -165.699997 0.000000 -1880.000000 -907.000000 3926.000000 -2938.000000 -292.000000 -2029.000000 
-152.960007 47.930000 -80.489998 -7.950000 -166.789993 0.000000 -2047.000000 -781.000000 3568.000000 -2869.000000 -43.000000 -2281.000000 
-153.110001 47.889999 -80.470001 -7.430000 -167.850006 0.000000 -2210.000000 -630.000000 3377.000000 -2897.000000 -22.000000 -2182.000000 
-153.130005 47.790001 -80.360001 -6.920000 -168.690002 0.000000 -2210.000000 -587.000000 3397.000000 -2985.000000 -93.000000 -2160.000000 
-152.949997 47.509998 -80.050003 -6.460000 -168.869995 0.000000 -2034.000000 -673.000000 3699.000000 -3133.000000 -613.000000 -2201.000000 
-152.630005 47.310001 -79.680000 -6.130000 -168.789993 0.000000 -5302.000000 -1723.000000 4290.000000 -3669.000000 -1057.000000 -2398.000000 
-152.710007 47.290001 -79.650002 -4.440000 -169.240005 0.000000 -1187.000000 -692.000000 4197.000000 -3836.000000 -983.000000 -2466.000000 
-152.619995 47.180000 -79.519997 -3.290000 -170.839996 0.000000 -2093.000000 -790.000000 4573.000000 -2898.000000 1659.000000 -3171.000000 
-152.759995 47.150002 -79.570000 -2.140000 -170.199997 0.000000 -2586.000000 -400.000000 3296.000000 -3833.000000 -824.000000 -2195.000000 
-152.960007 47.250000 -79.599998 -1.040000 -169.729996 0.000000 -2475.000000 -26.000000 2098.000000 -4235.000000 -509.000000 -2434.000000 
-153.169998 47.480000 -79.629997 -0.280000 -169.529999 0.000000 -2168.000000 33.000000 1928.000000 -3648.000000 131.000000 -2586.000000 
-153.320007 47.759998 -79.570000 -0.210000 -169.199997 0.000000 -2550.000000 -54.000000 2125.000000 -3817.000000 482.000000 -2734.000000 
-153.429993 48.139999 -79.379997 -0.690000 -168.449997 0.000000 -2025.000000 134.000000 1073.000000 -3569.000000 232.000000 -2464.000000 
-153.470001 48.520000 -79.050003 -2.710000 -167.949997 0.000000 -2315.000000 -406.000000 1773.000000 -3069.000000 1401.000000 -2932.000000 
-153.309998 48.860001 -78.480003 -5.960000 -165.679993 0.000000 -4976.000000 -2553.000000 8273.000000 -2726.000000 -723.000000 -1632.000000 
-152.929993 49.119999 -77.620003 -7.570000 -163.050003 0.000000 -1920.000000 -715.000000 2554.000000 -2881.000000 -506.000000 -2233.000000 
-152.160004 49.419998 -76.370003 -9.040000 -160.619995 0.000000 -2760.000000 -855.000000 3276.000000 -2801.000000 89.000000 -2346.000000 
-151.610001 49.860001 -75.230003 -10.420000 -157.169998 0.000000 -2726.000000 -1125.000000 3514.000000 -3930.000000 -1217.000000 -1833.000000 
-151.139999 50.509998 -74.110001 -11.590000 -155.369995 0.000000 -2859.000000 -1184.000000 3802.000000 -2855.000000 470.000000 -2555.000000 
-150.600006 51.169998 -72.870003 -12.300000 -154.039993 0.000000 -2737.000000 -1353.000000 4800.000000 -2804.000000 1348.000000 -2631.000000 
-150.080002 51.630001 -71.570000 -12.430000 -152.729996 0.000000 -1964.000000 -1227.000000 4517.000000 -2247.000000 776.000000 -2682.000000 
-149.710007 51.970001 -70.449997 -12.180000 -151.889999 0.000000 -1537.000000 -914.000000 3598.000000 -2792.000000 484.000000 -3042.000000 
-149.470001 52.310001 -69.480003 -11.990000 -151.669998 0.000000 -1925.000000 -768.000000 3241.000000 -4601.000000 -484.000000 -2878.000000 
-149.559998 52.720001 -68.839996 -12.210000 -151.360001 0.000000 -1346.000000 -850.000000 2934.000000 -4755.000000 -1239.000000 -2539.000000 
-149.860001 53.200001 -68.419998 -12.200000 -150.589996 0.000000 -1359.000000 -665.000000 2714.000000 -4929.000000 -1736.000000 -2326.000000 
-150.339996 53.580002 -68.180000 -12.100000 -149.000000 0.000000 -1094.000000 -604.000000 2907.000000 -4105.000000 -2148.000000 -1766.000000 
-151.029999 54.020000 -68.139999 -13.210000 -147.869995 0.000000 -5844.000000 -4529.000000 10111.000000 -3583.000000 -1328.000000 -1588.000000 
-151.830002 54.630001 -68.209999 -12.970000 -147.509995 0.000000 -1185.000000 -1131.000000 3006.000000 -3699.000000 -228.000000 -2743.000000 
-151.929993 55.520000 -67.779999 -12.270000 -146.369995 0.000000 -2471.000000 -749.000000 3643.000000 -3312.000000 -591.000000 -2254.000000 
-151.860001 56.360001 -67.139999 -11.280000 -145.050003 0.000000 -1580.000000 -628.000000 3516.000000 -3187.000000 -791.000000 -1831.000000 
-151.699997 57.410000 -66.400002 -10.290000 -143.399994 0.000000 -1169.000000 -584.000000 3459.000000 -2672.000000 -789.000000 -1752.000000 
-151.470001 58.650002 -65.589996 -9.630000 -141.360001 0.000000 -657.000000 -690.000000 3557.000000 -2665.000000 -780.000000 -1597.000000 
-151.440002 59.840000 -64.910004 -8.940000 -138.960007 0.000000 -645.000000 -693.000000 4381.000000 -2747.000000 -955.000000 -1566.000000 
-151.520004 60.959999 -64.339996 -8.270000 -136.869995 0.000000 -646.000000 -700.000000 4785.000000 -3653.000000 -984.000000 -2207.000000 
-151.770004 62.110001 -63.930000 -7.530000 -135.279999 0.000000 -1693.000000 -425.000000 4714.000000 -3807.000000 -190.000000 -1974.000000 
-152.279999 63.299999 -63.650002 -6.810000 -133.669998 0.000000 -1444.000000 -511.000000 4218.000000 -2825.000000 154.000000 -2292.000000 
-152.710007 64.379997 -63.139999 -6.080000 -131.339996 0.000000 -1008.000000 -515.000000 4327.000000 -2464.000000 -863.000000 -1687.000000 
-152.880005 65.190002 -62.259998 -5.590000 -127.059998 0.000000 163.000000 -653.000000 3965.000000 -3249.000000 -2522.000000 -844.000000 
-152.419998 65.879997 -60.790001 -5.200000 -122.970001 0.000000 779.000000 -697.000000 4293.000000 -3035.000000 -2703.000000 -550.000000 
-151.190002 66.449997 -58.730000 -4.640000 -119.360001 0.000000 1096.000000 -473.000000 4147.000000 -2373.000000 -2225.000000 -328.000000 
-149.789993 66.940002 -56.630001 -4.070000 -116.529999 0.000000 930.000000 -479.000000 4110.000000 -2297.000000 -2474.000000 -15.000000 
-147.839996 67.610001 -54.230000 -3.270000 -114.290001 0.000000 968.000000 -247.000000 4253.000000 -2875.000000 -2254.000000 -342.000000 
-144.789993 68.070000 -50.750000 -2.480000 -113.809998 0.000000 2185.000000 136.000000 4064.000000 -3613.000000 -2095.000000 -1143.000000 
-142.080002 69.220001 -47.990002 -2.040000 -113.540001 0.000000 -372.000000 -31.000000 3367.000000 -3383.000000 -1943.000000 -729.000000 
-140.610001 70.559998 -46.270000 -1.740000 -113.610001 0.000000 -1602.000000 74.000000 3894.000000 -3477.000000 -2216.000000 -764.000000 
-138.460007 71.809998 -43.810001 -1.330000 -113.160004 0.000000 -2578.000000 444.000000 4220.000000 -3690.000000 -2123.000000 -544.000000 
-134.970001 73.019997 -39.910000 -1.460000 -112.470001 0.000000 577.000000 -652.000000 3261.000000 -3563.000000 -1784.000000 -929.000000 
-129.509995 73.970001 -34.029999 -1.340000 -110.650002 0.000000 552.000000 -334.000000 3674.000000 -3654.000000 -2652.000000 -782.000000 
-123.070000 74.849998 -27.180000 -1.340000 -108.339996 0.000000 424.000000 -379.000000 3565.000000 -4234.000000 -3812.000000 -113.000000 
-117.510002 75.699997 -21.139999 -1.460000 -106.269997 0.000000 567.000000 -386.000000 3271.000000 -3483.000000 -2927.000000 -469.000000 
-113.650002 76.440002 -16.700001 -1.760000 -105.180000 0.000000 1454.000000 -543.000000 3913.000000 -3390.000000 -1678.000000 -1036.000000 
-107.150002 77.470001 -9.540000 -2.030000 -104.870003 0.000000 1748.000000 -313.000000 5168.000000 -2695.000000 3.000000 -1643.000000 
-99.599998 78.349998 -1.240000 -2.370000 -104.459999 0.000000 1366.000000 -428.000000 5141.000000 -2528.000000 -621.000000 -571.000000 
-93.889999 78.830002 5.100000 -2.600000 -103.279999 0.000000 1308.000000 -514.000000 5020.000000 -2749.000000 -1933.000000 -353.000000 
-86.330002 78.860001 13.570000 -2.660000 -102.230003 0.000000 1116.000000 -595.000000 4512.000000 -2916.000000 -2029.000000 -440.000000 
-80.970001 79.500000 19.820000 -2.600000 -101.860001 0.000000 472.000000 -537.000000 4213.000000 -3697.000000 -1215.000000 -997.000000 
-76.949997 79.730003 24.889999 -2.530000 -101.559998 0.000000 256.000000 -505.000000 3936.000000 -4050.000000 -744.000000 -1224.000000 
-73.070000 79.570000 29.870001 -2.630000 -100.959999 0.000000 344.000000 -658.000000 3655.000000 -3531.000000 -697.000000 -1283.000000 
-68.040001 79.190002 36.160000 -2.940000 -100.169998 0.000000 612.000000 -757.000000 3746.000000 -2455.000000 -1156.000000 -1197.000000 
-63.689999 78.370003 41.910000 -3.470000 -99.660004 0.000000 966.000000 -989.000000 3873.000000 -1679.000000 -1504.000000 -1118.000000 
-60.970001 77.449997 45.810001 -4.050000 -99.459999 0.000000 1330.000000 -1085.000000 4090.000000 -2068.000000 -2720.000000 -703.000000 
-59.639999 76.489998 48.369999 -4.610000 -99.720001 0.000000 1428.000000 -1086.000000 4123.000000 -2478.000000 -3189.000000 -641.000000 
-58.599998 75.540001 50.619999 -5.150000 -100.120003 0.000000 1250.000000 -1052.000000 4072.000000 -2449.000000 -3226.000000 -664.000000 
-57.490002 74.639999 52.919998 -5.750000 -100.180000 0.000000 1326.000000 -1118.000000 3815.000000 -2788.000000 -3676.000000 -435.000000 
-56.279999 73.739998 55.240002 -6.390000 -100.050003 0.000000 1183.000000 -1181.000000 3753.000000 -2881.000000 -3702.000000 -289.000000 
-54.889999 72.750000 57.610001 -7.140000 -99.639999 0.000000 1302.000000 -1322.000000 3634.000000 -2448.000000 -3683.000000 -403.000000 
-53.279999 71.699997 60.070000 -7.950000 -98.980003 0.000000 1343.000000 -1458.000000 3696.000000 -1632.000000 -3567.000000 -424.000000 
-51.740002 70.669998 62.360001 -8.800000 -98.320000 0.000000 1344.000000 -1550.000000 3684.000000 -1723.000000 -3531.000000 -523.000000 
-50.139999 69.589996 64.610001 -9.680000 -97.669998 0.000000 1335.000000 -1653.000000 3512.000000 -1965.000000 -3543.000000 -423.000000 
-48.439999 68.440002 66.870003 -10.570000 -97.150002 0.000000 1292.000000 -1667.000000 3397.000000 -1582.000000 -3149.000000 -611.000000 
-46.990002 67.230003 68.839996 -11.580000 -96.699997 0.000000 1080.000000 -1788.000000 3121.000000 -1328.000000 -3003.000000 -652.000000 
-45.770000 65.949997 70.480003 -12.570000 -96.610001 0.000000 1213.000000 -1813.000000 3451.000000 -1694.000000 -3086.000000 -853.000000 
-45.230000 64.800003 71.470001 -13.520000 -96.580002 0.000000 1110.000000 -1816.000000 3640.000000 -2218.000000 -3440.000000 -963.000000 
-44.810001 63.680000 72.279999 -14.440000 -96.769997 0.000000 885.000000 -1894.000000 3818.000000 -2422.000000 -2900.000000 -1368.000000 
-44.439999 62.630001 73.080002 -15.290000 -97.050003 0.000000 611.000000 -1970.000000 3912.000000 -2561.000000 -2726.000000 -1645.000000 
-44.200001 61.680000 73.809998 -16.100000 -97.389999 0.000000 551.000000 -2013.000000 3953.000000 -2202.000000 -2606.000000 -1623.000000 
-44.119999 60.680000 74.459999 -16.809999 -97.820000 0.000000 406.000000 -1996.000000 4006.000000 -1832.000000 -2656.000000 -1477.000000 
-44.320000 59.619999 74.900002 -17.500000 -98.330002 0.000000 407.000000 -2077.000000 4034.000000 -1305.000000 -2820.000000 -1420.000000 
-44.889999 58.540001 75.029999 -18.120001 -98.889999 0.000000 716.000000 -2111.000000 4133.000000 -1470.000000 -3364.000000 -1137.000000 
-45.849998 57.580002 74.699997 -18.650000 -99.760002 0.000000 1032.000000 -2168.000000 4292.000000 -1925.000000 -3316.000000 -1473.000000 
-46.970001 56.950001 74.110001 -19.180000 -100.349998 0.000000 2113.000000 -2325.000000 3859.000000 -1938.000000 -3968.000000 -935.000000 
-48.020000 56.520000 73.580002 -19.540001 -100.900002 0.000000 1162.000000 -2193.000000 4095.000000 -2378.000000 -3864.000000 -1111.000000 
-48.759998 56.439999 73.279999 -19.809999 -101.250000 0.000000 1300.000000 -2020.000000 3770.000000 -2633.000000 -3933.000000 -1064.000000 
-49.130001 56.150002 73.360001 -20.000000 -101.639999 0.000000 748.000000 -1883.000000 3646.000000 -2121.000000 -3196.000000 -1302.000000 
-49.320000 55.820000 73.589996 -20.280001 -101.849998 0.000000 726.000000 -1923.000000 3569.000000 -1766.000000 -3036.000000 -1168.000000 
-49.430000 55.180000 73.940002 -20.549999 -102.029999 0.000000 751.000000 -1965.000000 3800.000000 -1622.000000 -3162.000000 -1133.000000 
-49.779999 54.590000 74.080002 -20.809999 -102.250000 0.000000 985.000000 -2012.000000 3930.000000 -1922.000000 -3513.000000 -1105.000000 
-50.259998 54.279999 74.010002 -20.950001 -102.570000 0.000000 1044.000000 -1915.000000 3881.000000 -2349.000000 -3467.000000 -1180.000000 
-50.540001 54.139999 74.059998 -21.129999 -103.000000 0.000000 817.000000 -1862.000000 3605.000000 -2802.000000 -2896.000000 -1366.000000 
-50.560001 54.099998 74.360001 -21.370001 -103.150002 0.000000 717.000000 -1780.000000 3325.000000 -2508.000000 -2976.000000 -1286.000000 
-50.419998 53.900002 74.870003 -21.480000 -103.050003 0.000000 -306.000000 -1528.000000 3682.000000 -2431.000000 -2746.000000 -1130.000000 
-49.790001 53.509998 75.889999 -21.840000 -102.529999 0.000000 1288.000000 -1764.000000 3616.000000 -1261.000000 -2767.000000 -710.000000 
-48.590000 52.590000 77.379997 -22.379999 -101.919998 0.000000 1918.000000 -1849.000000 3796.000000 -2343.000000 -3092.000000 -1133.000000 
-47.259998 52.090000 78.669998 -22.830000 -101.209999 0.000000 1587.000000 -1751.000000 3637.000000 -1841.000000 -2832.000000 -929.000000 
-46.060001 51.990002 79.820000 -23.340000 -99.970001 0.000000 1323.000000 -1818.000000 3313.000000 -2231.000000 -19246.000000 7533.000000 
-44.500000 50.950001 81.099998 -24.150000 -98.879997 0.000000 6319.000000 -2283.000000 2645.000000 -2844.000000 -3904.000000 -1138.000000 
-42.549999 50.520000 82.459999 -24.209999 -97.959999 0.000000 2130.000000 -2298.000000 5644.000000 -2912.000000 -3113.000000 -1327.000000 
-41.450001 51.000000 83.089996 -23.910000 -96.900002 0.000000 1414.000000 -1947.000000 4475.000000 -2413.000000 -3856.000000 -339.000000 
-40.740002 51.520000 83.480003 -23.620001 -96.080002 0.000000 1017.000000 -1776.000000 3557.000000 -2283.000000 -3526.000000 -413.000000 
-40.150002 51.939999 83.889999 -23.219999 -95.059998 0.000000 1045.000000 -1633.000000 3735.000000 -1969.000000 -3360.000000 -469.000000 
-39.560001 52.130001 84.320000 -22.830000 -93.650002 0.000000 1518.000000 -1632.000000 4022.000000 -2124.000000 -4103.000000 -28.000000 
-39.049999 52.169998 84.680000 -22.480000 -92.690002 0.000000 1767.000000 -1579.000000 3946.000000 -2106.000000 -3655.000000 -244.000000 
-38.509998 52.340000 85.070000 -22.100000 -92.089996 0.000000 1288.000000 -1424.000000 3598.000000 -1469.000000 -2766.000000 -457.000000 
-37.840000 52.509998 85.550003 -21.830000 -91.889999 0.000000 927.000000 -1315.000000 3347.000000 -1729.000000 -2204.000000 -752.000000 
-36.810001 52.480000 86.260002 -21.840000 -91.279999 0.000000 1344.000000 -1476.000000 3286.000000 -2394.000000 -3252.000000 -218.000000 
-35.580002 52.110001 87.209999 -21.860001 -90.750000 0.000000 1549.000000 -1501.000000 3604.000000 -2952.000000 -3708.000000 -708.000000 
-34.009998 51.500000 88.459999 -21.809999 -90.370003 0.000000 743.000000 -1454.000000 3951.000000 -1813.000000 -2991.000000 -398.000000 
-32.169998 49.919998 89.949997 -21.799999 -89.500000 0.000000 2419.000000 -1764.000000 3980.000000 -739.000000 -3007.000000 236.000000 
-30.480000 48.029999 91.220001 -21.570000 -89.129997 0.000000 2638.000000 -2004.000000 5106.000000 -887.000000 -3690.000000 -370.000000 
-28.330000 47.139999 92.540001 -21.700001 -88.589996 0.000000 2356.000000 -2152.000000 3283.000000 -1989.000000 -4045.000000 407.000000 
-26.670000 46.590000 93.419998 -21.850000 -88.360001 0.000000 1863.000000 -2143.000000 3127.000000 -1543.000000 -3402.000000 130.000000 
-25.959999 46.029999 93.449997 -21.860001 -88.000000 0.000000 2238.000000 -1987.000000 3351.000000 -1546.000000 -3624.000000 178.000000 
-25.709999 45.400002 93.169998 -21.770000 -87.959999 0.000000 2076.000000 -1929.000000 3652.000000 -1840.000000 -3463.000000 62.000000 
-25.490000 45.410000 92.720001 -21.459999 -88.040001 0.000000 1899.000000 -1716.000000 3561.000000 -1617.000000 -3281.000000 56.000000 
-25.740000 45.980000 92.089996 -21.090000 -88.220001 0.000000 1807.000000 -1599.000000 3409.000000 -1823.000000 -3222.000000 4.000000 
-26.250000 46.639999 91.290001 -20.719999 -88.089996 0.000000 1664.000000 -1537.000000 3247.000000 -2001.000000 -3267.000000 151.000000 
-26.790001 47.139999 90.459999 -20.270000 -87.580002 0.000000 1746.000000 -1481.000000 3394.000000 -1880.000000 -3378.000000 155.000000 
-26.959999 47.459999 89.790001 -19.809999 -87.099998 0.000000 1800.000000 -1487.000000 3546.000000 -2150.000000 -3428.000000 -49.000000 
-26.760000 47.700001 89.349998 -19.250000 -86.349998 0.000000 2041.000000 -1430.000000 3703.000000 -2259.000000 -4057.000000 151.000000 
-26.700001 47.959999 88.910004 -18.680000 -85.089996 0.000000 2045.000000 -1402.000000 3638.000000 -2378.000000 -4665.000000 689.000000 
-26.760000 48.099998 88.349998 -18.389999 -84.059998 0.000000 2228.000000 -1581.000000 3250.000000 -2060.000000 -4424.000000 489.000000 
-26.610001 48.099998 87.949997 -17.950001 -83.099998 0.000000 2469.000000 -1593.000000 3652.000000 -2112.000000 -4417.000000 498.000000 
-26.100000 47.820000 87.559998 -16.879999 -82.059998 0.000000 1660.000000 -1408.000000 5487.000000 -1690.000000 -4205.000000 614.000000 
-25.370001 48.400002 87.610001 -16.230000 -81.379997 0.000000 -33.000000 -1705.000000 3383.000000 -2080.000000 -3630.000000 255.000000 
-25.350000 48.549999 87.250000 -15.360000 -81.000000 0.000000 1998.000000 -1439.000000 3993.000000 -2224.000000 -3072.000000 -893.000000 
-25.549999 48.439999 86.639999 -14.780000 -80.589996 0.000000 2039.000000 -1596.000000 4036.000000 -2475.000000 -3489.000000 -729.000000 
-25.430000 48.490002 86.230003 -14.310000 -80.379997 0.000000 2019.000000 -1728.000000 4011.000000 -2411.000000 -3950.000000 -504.000000 
-25.530001 48.250000 85.690002 -13.950000 -80.300003 0.000000 2151.000000 -1855.000000 4647.000000 -2480.000000 -4402.000000 -419.000000 
-25.780001 48.139999 85.150002 -13.730000 -80.260002 0.000000 2654.000000 -2289.000000 5478.000000 -2293.000000 -4774.000000 -353.000000 
-25.990000 48.310001 84.529999 -13.330000 -80.300003 0.000000 2148.000000 -2420.000000 6174.000000 -2007.000000 -5017.000000 -204.000000 
-26.120001 48.730000 83.879997 -12.800000 -80.430000 0.000000 1285.000000 -2628.000000 4363.000000 -1934.000000 -4978.000000 -163.000000 
-26.170000 49.310001 83.339996 -12.300000 -80.529999 0.000000 1172.000000 -2695.000000 3358.000000 -1663.000000 -4904.000000 -154.000000 
-26.330000 49.709999 82.800003 -12.040000 -80.589996 0.000000 1018.000000 -2664.000000 3548.000000 -1520.000000 -4788.000000 -241.000000 
-26.570000 49.799999 82.160004 -11.990000 -80.680000 0.000000 1230.000000 -2673.000000 4294.000000 -1602.000000 -4606.000000 -532.000000 
-26.750000 49.740002 81.570000 -12.050000 -80.830002 0.000000 1451.000000 -2584.000000 4431.000000 -1819.000000 -4617.000000 -581.000000 
-26.889999 49.619999 81.080002 -12.160000 -81.000000 0.000000 1687.000000 -2526.000000 4141.000000 -1758.000000 -4447.000000 -527.000000 
-27.020000 49.540001 80.650002 -12.350000 -81.129997 0.000000 1633.000000 -2361.000000 3721.000000 -1609.000000 -4362.000000 -319.000000 
-27.129999 49.529999 80.330002 -12.680000 -81.180000 0.000000 1536.000000 -2314.000000 3424.000000 -1384.000000 -4144.000000 -212.000000 
-27.230000 49.520000 80.050003 -13.200000 -81.199997 0.000000 1391.000000 -2287.000000 3256.000000 -1198.000000 -3821.000000 -319.000000 
-27.340000 49.500000 79.809998 -13.920000 -81.279999 0.000000 1165.000000 -2368.000000 3303.000000 -1261.000000 -3606.000000 -588.000000 
-27.549999 49.410000 79.629997 -14.800000 -81.430000 0.000000 1008.000000 -2508.000000 3739.000000 -1224.000000 -3490.000000 -794.000000 
-28.040001 49.259998 79.300003 -15.680000 -81.629997 0.000000 820.000000 -2539.000000 4230.000000 -1119.000000 -3537.000000 -642.000000 
-28.740000 48.970001 78.870003 -16.370001 -81.940002 0.000000 558.000000 -2499.000000 4548.000000 -1185.000000 -3687.000000 -567.000000 
-29.620001 48.779999 78.309998 -16.910000 -82.339996 0.000000 885.000000 -2422.000000 4280.000000 -1292.000000 -3759.000000 -404.000000 
-30.610001 48.779999 77.669998 -17.170000 -82.669998 0.000000 1386.000000 -1989.000000 3412.000000 -1002.000000 -3840.000000 59.000000 
-31.650000 48.889999 76.959999 -17.090000 -82.800003 0.000000 2020.000000 -1686.000000 2884.000000 -668.000000 -3822.000000 504.000000 
-32.689999 49.090000 76.099998 -16.879999 -82.769997 0.000000 1969.000000 -1440.000000 3075.000000 -745.000000 -3711.000000 789.000000 
-33.500000 49.389999 75.260002 -16.500000 -82.540001 0.000000 1589.000000 -1277.000000 3367.000000 -1139.000000 -3496.000000 756.000000 
-33.880001 49.810001 74.599998 -16.040001 -82.050003 0.000000 1240.000000 -1187.000000 3267.000000 -1558.000000 -3227.000000 594.000000 
-33.750000 50.240002 74.250000 -15.530000 -81.820000 0.000000 1103.000000 -1062.000000 3011.000000 -1512.000000 -2937.000000 289.000000 
-33.230000 50.560001 74.239998 -15.070000 -81.669998 0.000000 1210.000000 -1089.000000 3062.000000 -1634.000000 -2857.000000 134.000000 
-32.619999 50.680000 74.320000 -14.740000 -81.470001 0.000000 1240.000000 -1231.000000 3406.000000 -2063.000000 -3109.000000 98.000000 
-32.070000 50.610001 74.330002 -14.200000 -80.959999 0.000000 1295.000000 -1136.000000 3959.000000 -2382.000000 -3204.000000 309.000000 
-31.389999 50.580002 74.510002 -13.350000 -80.110001 0.000000 1801.000000 -721.000000 4009.000000 -2446.000000 -3077.000000 516.000000 
-30.260000 50.689999 75.089996 -12.370000 -78.599998 0.000000 2195.000000 -383.000000 3762.000000 -2190.000000 -2968.000000 1009.000000 
-28.900000 50.880001 75.790001 -11.360000 -76.970001 0.000000 2119.000000 -331.000000 3619.000000 -2026.000000 -2960.000000 1205.000000 
-27.580000 51.119999 76.400002 -10.330000 -75.330002 0.000000 1797.000000 -328.000000 3497.000000 -2145.000000 -2785.000000 981.000000 
-26.280001 51.389999 76.900002 -9.260000 -73.889999 0.000000 1425.000000 -279.000000 3429.000000 -2121.000000 -2747.000000 856.000000 
-24.980000 51.650002 77.349998 -8.370000 -72.980003 0.000000 1264.000000 -347.000000 3315.000000 -2103.000000 -2777.000000 639.000000 
-23.930000 51.910000 77.639999 -7.650000 -72.190002 0.000000 1188.000000 -385.000000 3245.000000 -1996.000000 -2518.000000 499.000000 
-22.910000 52.070000 77.839996 -7.000000 -71.360001 0.000000 1162.000000 -301.000000 3154.000000 -1910.000000 -2359.000000 538.000000 
-21.820000 52.119999 78.110001 -6.300000 -69.580002 0.000000 1421.000000 -28.000000 3037.000000 -1692.000000 -2138.000000 886.000000 
-20.670000 52.110001 78.430000 -5.610000 -67.900002 0.000000 1798.000000 352.000000 2709.000000 -1429.000000 -1989.000000 1341.000000 
-19.350000 52.029999 78.849998 -5.000000 -66.440002 0.000000 2018.000000 534.000000 2468.000000 -1348.000000 -1908.000000 1618.000000 
-18.090000 52.000000 79.080002 -4.490000 -64.989998 0.000000 1978.000000 496.000000 2426.000000 -1247.000000 -2175.000000 1766.000000 
-17.260000 52.150002 78.839996 -4.040000 -63.389999 0.000000 1794.000000 444.000000 2705.000000 -1663.000000 -2153.000000 1568.000000 
-16.830000 52.500000 78.180000 -3.630000 -61.930000 0.000000 1557.000000 354.000000 3222.000000 -1932.000000 -2214.000000 1407.000000 
-17.000000 53.040001 76.959999 -3.270000 -61.099998 0.000000 1104.000000 266.000000 3916.000000 -2334.000000 -2068.000000 926.000000 
-17.570000 53.650002 75.400002 -2.960000 -60.259998 0.000000 309.000000 239.000000 4554.000000 -2891.000000 -1669.000000 416.000000 
-18.270000 54.270000 73.709999 -2.500000 -59.240002 0.000000 -639.000000 528.000000 4541.000000 -3112.000000 -1745.000000 443.000000 
-19.000000 54.759998 72.110001 -1.950000 -57.959999 0.000000 -828.000000 743.000000 4097.000000 -3275.000000 -2016.000000 679.000000 
-19.780001 55.040001 70.599998 -1.430000 -56.450001 0.000000 -642.000000 711.000000 3999.000000 -4046.000000 -2610.000000 623.000000 
-20.530001 55.070000 69.250000 -0.910000 -54.689999 0.000000 -337.000000 764.000000 4058.000000 -4433.000000 -2626.000000 716.000000 
-21.040001 54.869999 68.220001 -0.270000 -52.880001 0.000000 233.000000 1004.000000 3519.000000 -4293.000000 -2395.000000 876.000000 
-21.170000 54.419998 67.639999 0.220000 -51.160000 0.000000 801.000000 1049.000000 3282.000000 -4141.000000 -2413.000000 1286.000000 
-21.020000 53.820000 67.300003 0.380000 -49.560001 0.000000 1354.000000 942.000000 3771.000000 -4196.000000 -2590.000000 1952.000000 
-20.790001 53.080002 66.820000 0.680000 -47.889999 0.000000 1612.000000 3032.000000 3569.000000 -3292.000000 -2373.000000 1543.000000 
-19.850000 52.369999 66.660004 0.660000 -46.259998 0.000000 1281.000000 816.000000 5070.000000 -4180.000000 -2333.000000 2162.000000 
-18.639999 51.660000 66.720001 0.590000 -44.540001 0.000000 187.000000 1074.000000 5509.000000 -3629.000000 -2538.000000 3547.000000 
-17.219999 50.830002 67.089996 0.520000 -42.900002 0.000000 622.000000 1027.000000 6249.000000 -3425.000000 -2438.000000 3583.000000 
-15.900000 49.889999 67.459999 0.640000 -41.380001 0.000000 1605.000000 1222.000000 5933.000000 -3372.000000 -2098.000000 3144.000000 
-14.430000 48.889999 67.970001 0.860000 -39.980000 0.000000 2722.000000 1390.000000 5169.000000 -3212.000000 -1870.000000 3372.000000 
-12.810000 47.950001 68.559998 0.940000 -38.700001 0.000000 3025.000000 1290.000000 5100.000000 -3080.000000 -1870.000000 4041.000000 
-11.170000 47.250000 69.070000 0.980000 -37.580002 0.000000 2683.000000 1237.000000 5241.000000 -2869.000000 -1845.000000 4531.000000 
-9.540000 46.700001 69.550003 1.040000 -36.520000 0.000000 2349.000000 1138.000000 5042.000000 -2698.000000 -1582.000000 4365.000000 
-7.970000 46.320000 70.000000 1.110000 -35.500000 0.000000 2215.000000 972.000000 4978.000000 -2453.000000 -1316.000000 3929.000000 
-6.460000 46.090000 70.379997 1.300000 -34.570000 0.000000 2050.000000 887.000000 4668.000000 -2383.000000 -1219.000000 3526.000000 
-5.100000 45.930000 70.639999 1.580000 -33.720001 0.000000 1348.000000 743.000000 4004.000000 -2483.000000 -1292.000000 3607.000000 
-3.840000 45.759998 70.820000 1.890000 -32.959999 0.000000 595.000000 747.000000 3619.000000 -2591.000000 -1330.000000 3601.000000 
-2.600000 45.410000 71.029999 2.150000 -32.349998 0.000000 600.000000 664.000000 3705.000000 -2539.000000 -1330.000000 3382.000000 
-1.500000 44.980000 71.139999 2.500000 -31.730000 0.000000 1227.000000 705.000000 3542.000000 -2167.000000 -1209.000000 3145.000000 
-0.510000 44.410000 71.180000 2.930000 -31.180000 0.000000 1626.000000 687.000000 3378.000000 -1971.000000 -1106.000000 3031.000000 
0.500000 43.799999 71.309998 3.340000 -30.760000 0.000000 1528.000000 628.000000 3404.000000 -1724.000000 -1177.000000 3114.000000 
1.420000 43.250000 71.360001 3.590000 -30.559999 0.000000 1314.000000 385.000000 3697.000000 -1670.000000 -1127.000000 2993.000000 
2.210000 42.810001 71.339996 3.740000 -30.530001 0.000000 916.000000 303.000000 4039.000000 -1664.000000 -1062.000000 2664.000000 
2.780000 42.490002 71.230003 3.930000 -30.709999 0.000000 1062.000000 344.000000 3767.000000 -1787.000000 -1114.000000 2385.000000 
3.030000 42.139999 70.949997 3.970000 -31.049999 0.000000 874.000000 234.000000 3580.000000 -1922.000000 -1227.000000 2405.000000 
3.110000 41.700001 70.620003 3.790000 -31.650000 0.000000 700.000000 206.000000 3738.000000 -1945.000000 -1504.000000 2741.000000 
2.960000 41.189999 70.309998 3.410000 -32.380001 0.000000 1215.000000 68.000000 3873.000000 -2693.000000 -1982.000000 3486.000000 
2.000000 41.139999 69.570000 2.970000 -33.080002 0.000000 932.000000 16.000000 4410.000000 -3029.000000 -2245.000000 3903.000000 
0.810000 40.610001 68.660004 2.580000 -33.689999 0.000000 982.000000 -4.000000 4752.000000 -2922.000000 -2469.000000 4200.000000 
0.230000 40.099998 68.040001 2.210000 -33.320000 0.000000 823.000000 -67.000000 4624.000000 -2197.000000 -3797.000000 8721.000000 
-0.290000 39.130001 67.400002 1.590000 -32.470001 0.000000 421.000000 -908.000000 6346.000000 -1918.000000 -1704.000000 3651.000000 
-0.310000 37.360001 67.139999 2.320000 -31.969999 0.000000 672.000000 3139.000000 2005.000000 -1257.000000 -1685.000000 3330.000000 
1.140000 35.910000 67.629997 1.460000 -31.139999 0.000000 3586.000000 -2167.000000 4494.000000 -633.000000 -1657.000000 4861.000000 
1.800000 34.509998 67.650002 0.270000 -30.680000 0.000000 812.000000 -937.000000 3315.000000 -187.000000 -1388.000000 3588.000000 
2.140000 33.169998 67.610001 -0.480000 -30.330000 0.000000 2468.000000 -867.000000 4397.000000 -662.000000 -1621.000000 4500.000000 
2.490000 31.910000 67.620003 -0.970000 -30.340000 0.000000 2341.000000 -981.000000 3619.000000 -1039.000000 -1730.000000 4097.000000 
2.910000 30.870001 67.709999 -1.200000 -30.389999 0.000000 2172.000000 -847.000000 3970.000000 -752.000000 -1647.000000 4221.000000 
3.160000 30.010000 67.730003 -1.180000 -30.600000 0.000000 1879.000000 -680.000000 3826.000000 -847.000000 -1548.000000 4046.000000 
3.140000 29.520000 67.589996 -0.950000 -30.959999 0.000000 1539.000000 -504.000000 3991.000000 -1104.000000 -1522.000000 3941.000000 
3.190000 29.410000 67.510002 -0.670000 -31.340000 0.000000 1671.000000 -413.000000 4014.000000 -1159.000000 -1502.000000 3995.000000 
3.280000 29.590000 67.559998 -0.380000 -31.740000 0.000000 1533.000000 -313.000000 3991.000000 -1291.000000 -1472.000000 3926.000000 
3.590000 29.809999 67.660004 -0.170000 -32.119999 0.000000 1163.000000 -317.000000 4067.000000 -1264.000000 -1429.000000 3797.000000 
4.140000 29.780001 67.900002 0.010000 -32.330002 0.000000 1707.000000 -234.000000 4024.000000 -1428.000000 -1384.000000 3818.000000 
4.530000 29.350000 68.010002 0.090000 -32.240002 0.000000 1910.000000 -226.000000 3988.000000 -1276.000000 -1290.000000 4059.000000 
4.630000 28.790001 68.080002 0.100000 -32.169998 0.000000 1936.000000 -198.000000 3940.000000 -1205.000000 -1274.000000 4097.000000 
4.500000 28.280001 68.010002 -0.020000 -32.209999 0.000000 1922.000000 -262.000000 3918.000000 -1198.000000 -1263.000000 4010.000000 
4.280000 27.959999 67.889999 -0.240000 -32.419998 0.000000 1873.000000 -328.000000 3910.000000 -1199.000000 -1334.000000 3994.000000 
3.940000 27.690001 67.669998 -0.520000 -32.709999 0.000000 1722.000000 -348.000000 3963.000000 -1168.000000 -1403.000000 3946.000000 
3.630000 27.180000 67.519997 -0.900000 -33.020000 0.000000 1920.000000 -452.000000 3922.000000 -1074.000000 -1466.000000 3930.000000 
3.420000 26.590000 67.419998 -1.340000 -33.220001 0.000000 1935.000000 -531.000000 3888.000000 -1105.000000 -1505.000000 3991.000000 
3.210000 26.020000 67.260002 -1.850000 -33.459999 0.000000 1920.000000 -648.000000 3927.000000 -1052.000000 -1545.000000 3945.000000 
2.960000 25.430000 67.110001 -2.390000 -33.779999 0.000000 1805.000000 -825.000000 3846.000000 -1172.000000 -1568.000000 3916.000000 
2.790000 24.879999 66.970001 -2.790000 -33.970001 0.000000 1908.000000 -747.000000 3860.000000 -1087.000000 -1568.000000 3937.000000 
2.730000 24.309999 66.970001 -3.050000 -33.980000 0.000000 2054.000000 -696.000000 3830.000000 -1026.000000 -1527.000000 3967.000000 
2.760000 23.820000 66.959999 -3.220000 -33.840000 0.000000 2016.000000 -628.000000 3838.000000 -1048.000000 -1499.000000 4000.000000 
2.750000 23.629999 66.959999 -3.340000 -33.799999 0.000000 1886.000000 -586.000000 3856.000000 -1065.000000 -1456.000000 3966.000000 
2.750000 23.559999 66.949997 -3.460000 -33.799999 0.000000 1938.000000 -635.000000 3822.000000 -1119.000000 -1463.000000 3925.000000 
2.680000 23.700001 66.900002 -3.520000 -33.810001 0.000000 1817.000000 -577.000000 3885.000000 -1129.000000 -1438.000000 3974.000000 
2.550000 23.860001 66.769997 -3.520000 -33.740002 0.000000 1850.000000 -542.000000 3882.000000 -1103.000000 -1453.000000 4001.000000 
