31.559999 35.639999 100.800003 -16.559999 -50.860001 0.000000 2664.000000 -1075.000000 3194.000000 -824.000000 -3282.000000 2520.000000 
31.580000 35.660000 100.779999 -16.549999 -50.820000 0.000000 2658.000000 -1062.000000 3200.000000 -835.000000 -3289.000000 2530.000000 
31.600000 35.650002 100.779999 -16.540001 -50.820000 0.000000 2661.000000 -1061.000000 3198.000000 -836.000000 -3268.000000 2511.000000 
31.600000 35.630001 100.760002 -16.540001 -50.840000 0.000000 2668.000000 -1055.000000 3175.000000 -826.000000 -3266.000000 2498.000000 
31.580000 35.619999 100.750000 -16.530001 -50.799999 0.000000 2670.000000 -1044.000000 3167.000000 -813.000000 -3266.000000 2523.000000 
31.570000 35.630001 100.739998 -16.540001 -50.799999 0.000000 2682.000000 -1069.000000 3164.000000 -814.000000 -3298.000000 2505.000000 
31.570000 35.619999 100.760002 -16.549999 -50.820000 0.000000 2659.000000 -1083.000000 3195.000000 -835.000000 -3291.000000 2517.000000 
31.549999 35.639999 100.720001 -16.570000 -50.860001 0.000000 2677.000000 -1093.000000 3178.000000 -816.000000 -3298.000000 2511.000000 
31.549999 35.650002 100.720001 -16.580000 -50.849998 0.000000 2659.000000 -1078.000000 3167.000000 -847.000000 -3268.000000 2525.000000 
31.559999 35.650002 100.750000 -16.590000 -50.860001 0.000000 2645.000000 -1070.000000 3183.000000 -826.000000 -3281.000000 2521.000000 
31.540001 35.639999 100.730003 -16.590000 -50.849998 0.000000 2666.000000 -1080.000000 3177.000000 -808.000000 -3292.000000 2505.000000 
31.540001 35.630001 100.739998 -16.600000 -50.860001 0.000000 2666.000000 -1084.000000 3159.000000 -831.000000 -3282.000000 2507.000000 
31.559999 35.630001 100.750000 -16.590000 -50.860001 0.000000 2675.000000 -1066.000000 3164.000000 -828.000000 -3263.000000 2503.000000 
31.549999 35.619999 100.750000 -16.580000 -50.840000 0.000000 2672.000000 -1076.000000 3189.000000 -820.000000 -3275.000000 2533.000000 
31.540001 35.590000 100.739998 -16.570000 -50.820000 0.000000 2677.000000 -1058.000000 3169.000000 -808.000000 -3270.000000 2516.000000 
31.549999 35.580002 100.760002 -16.549999 -50.840000 0.000000 2672.000000 -1056.000000 3188.000000 -831.000000 -3257.000000 2510.000000 
31.540001 35.549999 100.809998 -16.540001 -50.840000 0.000000 2677.000000 -1070.000000 3171.000000 -829.000000 -3268.000000 2534.000000 
31.530001 35.549999 100.820000 -16.549999 -50.860001 0.000000 2662.000000 -1084.000000 3175.000000 -828.000000 -3292.000000 2499.000000 
31.520000 35.549999 100.800003 -16.559999 -50.849998 0.000000 2654.000000 -1092.000000 3187.000000 -835.000000 -3283.000000 2526.000000 
31.510000 35.590000 100.809998 -16.549999 -50.869999 0.000000 2651.000000 -1076.000000 3197.000000 -829.000000 -3264.000000 2481.000000 
31.490000 35.590000 100.800003 -16.549999 -50.860001 0.000000 2639.000000 -1073.000000 3180.000000 -828.000000 -3286.000000 2520.000000 
31.459999 35.590000 100.820000 -16.559999 -50.889999 0.000000 2657.000000 -1091.000000 3182.000000 -839.000000 -3282.000000 2498.000000 
31.480000 35.590000 100.830002 -16.549999 -50.900002 0.000000 2646.000000 -1071.000000 3165.000000 -827.000000 -3285.000000 2514.000000 
31.490000 35.580002 100.870003 -16.540001 -50.889999 0.000000 2678.000000 -1064.000000 3176.000000 -805.000000 -3285.000000 2520.000000 
31.490000 35.570000 100.870003 -16.540001 -50.880001 0.000000 2689.000000 -1073.000000 3179.000000 -817.000000 -3251.000000 2516.000000 
31.520000 35.570000 100.860001 -16.520000 -50.900002 0.000000 2679.000000 -1050.000000 3178.000000 -804.000000 -3291.000000 2490.000000 
31.530001 35.570000 100.839996 -16.510000 -50.910000 0.000000 2685.000000 -1055.000000 3183.000000 -799.000000 -3285.000000 2525.000000 
31.540001 35.580002 100.760002 -16.500000 -50.880001 0.000000 2682.000000 -1063.000000 3191.000000 -816.000000 -3267.000000 2535.000000 
31.540001 35.580002 100.790001 -16.510000 -50.860001 0.000000 2655.000000 -1084.000000 3158.000000 -846.000000 -3273.000000 2542.000000 
31.540001 35.570000 100.779999 -16.520000 -50.880001 0.000000 2675.000000 -1070.000000 3159.000000 -821.000000 -3279.000000 2532.000000 
31.540001 35.590000 100.760002 -16.520000 -50.900002 0.000000 2674.000000 -1060.000000 3170.000000 -826.000000 -3294.000000 2525.000000 
31.549999 35.630001 100.709999 -16.530001 -50.869999 0.000000 2648.000000 -1073.000000 3199.000000 -828.000000 -3277.000000 2521.000000 
31.549999 35.619999 100.739998 -16.530001 -50.869999 0.000000 2659.000000 -1063.000000 3160.000000 -812.000000 -3284.000000 2499.000000 
31.549999 35.630001 100.720001 -16.549999 -50.869999 0.000000 2674.000000 -1083.000000 3208.000000 -837.000000 -3290.000000 2503.000000 
31.540001 35.619999 100.739998 -16.549999 -50.889999 0.000000 2658.000000 -1071.000000 3163.000000 -814.000000 -3273.000000 2491.000000 
31.559999 35.599998 100.769997 -16.570000 -50.900002 0.000000 2673.000000 -1086.000000 3174.000000 -800.000000 -3284.000000 2509.000000 
31.520000 35.590000 100.739998 -16.580000 -50.910000 0.000000 2680.000000 -1084.000000 3159.000000 -805.000000 -3280.000000 2522.000000 
31.520000 35.580002 100.760002 -16.580000 -50.910000 0.000000 2675.000000 -1084.000000 3178.000000 -828.000000 -3275.000000 2506.000000 
31.540001 35.590000 100.720001 -16.590000 -50.910000 0.000000 2666.000000 -1090.000000 3161.000000 -818.000000 -3271.000000 2504.000000 
31.540001 35.570000 100.699997 -16.590000 -50.900002 0.000000 2660.000000 -1080.000000 3195.000000 -804.000000 -3281.000000 2521.000000 
31.520000 35.560001 100.709999 -16.580000 -50.880001 0.000000 2673.000000 -1078.000000 3180.000000 -820.000000 -3271.000000 2509.000000 
31.500000 35.529999 100.730003 -16.570000 -50.880001 0.000000 2676.000000 -1080.000000 3195.000000 -824.000000 -3258.000000 2513.000000 
31.520000 35.549999 100.750000 -16.559999 -50.830002 0.000000 2673.000000 -1076.000000 3169.000000 -841.000000 -3268.000000 2551.000000 
31.540001 35.570000 100.750000 -16.559999 -50.840000 0.000000 2674.000000 -1059.000000 3178.000000 -819.000000 -3288.000000 2489.000000 
31.520000 35.599998 100.739998 -16.549999 -50.830002 0.000000 2662.000000 -1075.000000 3174.000000 -805.000000 -3278.000000 2525.000000 
31.510000 35.599998 100.730003 -16.559999 -50.779999 0.000000 2673.000000 -1090.000000 3178.000000 -829.000000 -3284.000000 2580.000000 
31.510000 35.610001 100.669998 -16.559999 -50.799999 0.000000 2624.000000 -1075.000000 3172.000000 -781.000000 -3298.000000 2503.000000 
31.459999 35.560001 100.599998 -16.580000 -50.820000 0.000000 2720.000000 -1099.000000 3148.000000 -774.000000 -3279.000000 2495.000000 
31.480000 35.490002 100.639999 -16.670000 -50.730000 0.000000 2812.000000 -1195.000000 3090.000000 -860.000000 -3233.000000 2635.000000 
31.490000 35.439999 100.629997 -16.730000 -50.779999 0.000000 2678.000000 -1092.000000 3178.000000 -763.000000 -3245.000000 2461.000000 
31.430000 35.439999 100.589996 -16.820000 -50.810001 0.000000 2665.000000 -1143.000000 3191.000000 -813.000000 -3283.000000 2546.000000 
31.430000 35.450001 100.620003 -16.900000 -50.700001 0.000000 2697.000000 -1093.000000 3178.000000 -710.000000 -3220.000000 2656.000000 
31.459999 35.400002 100.660004 -17.080000 -50.529999 0.000000 2701.000000 -1174.000000 3192.000000 -626.000000 -3188.000000 2780.000000 
31.450001 35.220001 100.669998 -17.219999 -50.500000 0.000000 2804.000000 -1053.000000 3131.000000 -548.000000 -3224.000000 2694.000000 
31.340000 35.049999 100.570000 -17.469999 -50.580002 0.000000 2961.000000 -1127.000000 3147.000000 -542.000000 -3186.000000 2656.000000 
31.170000 35.040001 100.470001 -17.780001 -50.790001 0.000000 3189.000000 -1243.000000 3551.000000 -575.000000 -3266.000000 2587.000000 
30.860001 35.180000 100.239998 -18.129999 -51.139999 0.000000 2989.000000 -1488.000000 3740.000000 -563.000000 -3336.000000 2568.000000 
30.490000 35.590000 99.980003 -18.430000 -51.740002 0.000000 2818.000000 -1606.000000 3823.000000 -386.000000 -3298.000000 2253.000000 
30.000000 36.189999 99.669998 -18.719999 -51.660000 0.000000 2955.000000 -1815.000000 4046.000000 -1905.000000 -6132.000000 6011.000000 
28.900000 36.910000 99.059998 -18.900000 -51.520000 0.000000 3803.000000 -1788.000000 4305.000000 -677.000000 -6649.000000 4371.000000 
27.620001 37.910000 98.419998 -18.959999 -51.009998 0.000000 4604.000000 -1847.000000 4182.000000 -1693.000000 -5851.000000 4085.000000 
26.590000 39.020000 97.930000 -18.770000 -50.049999 0.000000 5086.000000 -1767.000000 4667.000000 -340.000000 -5505.000000 3893.000000 
25.930000 40.180000 97.720001 -18.430000 -49.110001 0.000000 4952.000000 -1768.000000 4969.000000 174.000000 -4767.000000 3617.000000 
25.650000 41.459999 97.669998 -17.920000 -48.320000 0.000000 4556.000000 -1617.000000 4751.000000 -32.000000 -4145.000000 3310.000000 
25.370001 43.230000 97.570000 -17.230000 -47.470001 0.000000 4121.000000 -1419.000000 4109.000000 387.000000 -3716.000000 3361.000000 
25.059999 45.430000 97.209999 -16.410000 -46.740002 0.000000 3850.000000 -1032.000000 3213.000000 568.000000 -3914.000000 3315.000000 
25.100000 47.230000 96.790001 -15.560000 -46.020000 0.000000 4123.000000 -669.000000 2423.000000 143.000000 -3727.000000 3507.000000 
26.590000 48.590000 97.099998 -14.820000 -45.209999 0.000000 3924.000000 -617.000000 2217.000000 -790.000000 -3613.000000 3587.000000 
28.110001 48.549999 97.160004 -14.230000 -44.320000 0.000000 2674.000000 -549.000000 1670.000000 37.000000 -3512.000000 3539.000000 
28.920000 48.040001 96.739998 -13.600000 -43.250000 0.000000 3252.000000 -183.000000 1338.000000 -937.000000 -3605.000000 3863.000000 
29.700001 46.549999 96.180000 -13.040000 -41.880001 0.000000 3645.000000 -290.000000 1684.000000 -137.000000 -3314.000000 4000.000000 
30.670000 44.709999 95.639999 -12.610000 -40.389999 0.000000 3500.000000 -560.000000 2884.000000 347.000000 -3117.000000 3708.000000 
31.389999 42.720001 94.779999 -12.220000 -38.869999 0.000000 3573.000000 -828.000000 3601.000000 988.000000 -2752.000000 3444.000000 
32.110001 40.730000 93.820000 -11.630000 -37.419998 0.000000 3907.000000 -649.000000 3294.000000 953.000000 -2720.000000 3584.000000 
32.950001 38.930000 92.809998 -10.930000 -36.000000 0.000000 3983.000000 -488.000000 2900.000000 695.000000 -2542.000000 3644.000000 
33.980000 37.400002 91.839996 -10.190000 -34.529999 0.000000 3641.000000 -497.000000 2766.000000 633.000000 -2148.000000 3330.000000 
35.099998 36.230000 90.900002 -9.440000 -32.990002 0.000000 3108.000000 -463.000000 2583.000000 429.000000 -1677.000000 2912.000000 
36.279999 35.470001 90.000000 -8.630000 -31.469999 0.000000 2531.000000 -297.000000 2181.000000 602.000000 -1357.000000 2611.000000 
37.310001 35.119999 89.019997 -7.820000 -29.950001 0.000000 2158.000000 -151.000000 1682.000000 571.000000 -1147.000000 2432.000000 
38.029999 35.220001 87.809998 -7.030000 -28.530001 0.000000 1848.000000 -18.000000 1279.000000 560.000000 -1041.000000 2128.000000 
38.340000 35.540001 86.279999 -6.350000 -27.350000 0.000000 1615.000000 78.000000 963.000000 367.000000 -1087.000000 1800.000000 
38.160000 35.939999 84.290001 -5.870000 -26.600000 0.000000 1634.000000 125.000000 835.000000 219.000000 -1273.000000 1655.000000 
37.680000 36.189999 81.949997 -5.870000 -26.340000 0.000000 1602.000000 -163.000000 1043.000000 -225.000000 -1369.000000 1668.000000 
37.060001 36.189999 79.370003 -6.580000 -26.120001 0.000000 1044.000000 -465.000000 1499.000000 -821.000000 -1499.000000 1777.000000 
36.740002 35.830002 76.849998 -7.080000 -25.900000 0.000000 1524.000000 -435.000000 1841.000000 -888.000000 -1369.000000 1621.000000 
36.459999 35.220001 74.370003 -7.910000 -25.620001 0.000000 925.000000 -695.000000 1837.000000 -1022.000000 -1177.000000 1442.000000 
36.230000 34.820000 71.970001 -8.850000 -25.809999 0.000000 1201.000000 -735.000000 1680.000000 -394.000000 -1202.000000 1267.000000 
35.650002 34.820000 69.440002 -9.950000 -26.059999 0.000000 930.000000 -1058.000000 1734.000000 -217.000000 -1413.000000 1230.000000 
34.470001 35.110001 66.650002 -11.100000 -26.450001 0.000000 636.000000 -1365.000000 2075.000000 -341.000000 -1860.000000 1584.000000 
32.730000 35.560001 63.560001 -12.490000 -26.980000 0.000000 -1.000000 -2091.000000 2612.000000 -786.000000 -2876.000000 1940.000000 
30.510000 36.040001 60.180000 -14.100000 -27.530001 0.000000 469.000000 -2342.000000 3406.000000 -1375.000000 -3727.000000 2038.000000 
27.870001 36.480000 56.570000 -15.650000 -28.070000 0.000000 43.000000 -2758.000000 4722.000000 -2534.000000 -4210.000000 2104.000000 
25.080000 36.849998 53.020000 -16.910000 -28.590000 0.000000 602.000000 -2944.000000 6035.000000 -3394.000000 -4542.000000 1948.000000 
22.309999 37.209999 49.639999 -17.639999 -29.139999 0.000000 988.000000 -2888.000000 6682.000000 -3967.000000 -4633.000000 2324.000000 
19.680000 37.570000 46.619999 -17.850000 -29.820000 0.000000 898.000000 -2543.000000 6551.000000 -3763.000000 -4804.000000 2800.000000 
17.350000 38.099998 44.090000 -17.709999 -30.590000 0.000000 1417.000000 -2225.000000 6165.000000 -3345.000000 -4667.000000 2949.000000 
15.380000 38.869999 42.000000 -17.450001 -31.350000 0.000000 1140.000000 -2003.000000 5640.000000 -3303.000000 -4385.000000 2810.000000 
13.740000 39.750000 40.310001 -17.250000 -32.040001 0.000000 707.000000 -1881.000000 5090.000000 -3149.000000 -4026.000000 2531.000000 
12.340000 40.639999 38.910000 -17.190001 -32.700001 0.000000 221.000000 -1880.000000 4394.000000 -2774.000000 -3671.000000 2355.000000 
10.980000 41.369999 37.639999 -17.299999 -33.349998 0.000000 174.000000 -1774.000000 3970.000000 -2321.000000 -3376.000000 2228.000000 
9.540000 41.880001 36.410000 -17.680000 -34.049999 0.000000 231.000000 -1785.000000 4319.000000 -1972.000000 -3194.000000 2089.000000 
8.000000 42.200001 35.150002 -18.139999 -34.770000 0.000000 325.000000 -1747.000000 4219.000000 -1781.000000 -3159.000000 2100.000000 
6.310000 42.320000 33.840000 -18.709999 -35.439999 0.000000 434.000000 -1828.000000 4085.000000 -1487.000000 -3205.000000 2246.000000 
4.440000 42.259998 32.470001 -19.420000 -35.950001 0.000000 933.000000 -1759.000000 3965.000000 -1228.000000 -3354.000000 2596.000000 
2.450000 42.060001 31.030001 -20.290001 -36.279999 0.000000 1461.000000 -1719.000000 4077.000000 -946.000000 -3611.000000 3111.000000 
0.520000 41.570000 29.730000 -21.080000 -36.509998 0.000000 1848.000000 -1686.000000 4256.000000 -725.000000 -3703.000000 3430.000000 
-1.460000 40.889999 28.420000 -21.900000 -36.759998 0.000000 2088.000000 -1770.000000 4240.000000 -470.000000 -3709.000000 3452.000000 
-3.110000 39.959999 27.400000 -22.610001 -36.970001 0.000000 2178.000000 -1665.000000 4019.000000 -318.000000 -3517.000000 3448.000000 
-4.460000 39.049999 26.580000 -23.330000 -37.130001 0.000000 2217.000000 -1574.000000 3682.000000 -426.000000 -3393.000000 3424.000000 
-5.100000 37.650002 26.190001 -23.570000 -37.330002 0.000000 2574.000000 -1539.000000 4646.000000 -363.000000 -3470.000000 3496.000000 
-5.990000 36.520000 25.680000 -24.209999 -37.630001 0.000000 1469.000000 -2051.000000 5199.000000 -465.000000 -3557.000000 3390.000000 
-6.550000 35.700001 25.709999 -25.209999 -38.230000 0.000000 3884.000000 -2201.000000 3186.000000 -279.000000 -4408.000000 3726.000000 
-6.710000 34.599998 25.860001 -26.120001 -38.570000 0.000000 3019.000000 -1927.000000 3897.000000 -493.000000 -3987.000000 4002.000000 
-6.680000 33.560001 25.879999 -27.420000 -38.939999 0.000000 3576.000000 -2186.000000 2072.000000 -268.000000 -3789.000000 3689.000000 
-6.330000 32.779999 26.120001 -28.730000 -39.259998 0.000000 3204.000000 -1989.000000 3007.000000 275.000000 -3501.000000 3634.000000 
-5.940000 32.290001 26.360001 -30.070000 -39.680000 0.000000 2630.000000 -2296.000000 3968.000000 523.000000 -3385.000000 3252.000000 
-5.590000 33.080002 26.559999 -31.790001 -40.139999 0.000000 2260.000000 -2089.000000 2443.000000 80.000000 -3327.000000 3188.000000 
-4.970000 34.060001 26.940001 -32.709999 -40.660000 0.000000 1571.000000 -2199.000000 3874.000000 -499.000000 -3046.000000 2968.000000 
-3.900000 34.630001 27.660000 -33.630001 -41.099998 0.000000 984.000000 -2113.000000 4175.000000 -548.000000 -3026.000000 2883.000000 
-2.790000 34.470001 28.459999 -34.400002 -41.290001 0.000000 501.000000 -2039.000000 4292.000000 -703.000000 -2792.000000 2992.000000 
-2.100000 34.660000 29.040001 -35.560001 -41.200001 0.000000 1527.000000 -1943.000000 2176.000000 100.000000 -2300.000000 2678.000000 
-2.100000 33.660000 29.200001 -35.950001 -41.139999 0.000000 2568.000000 -1636.000000 2355.000000 846.000000 -2255.000000 2241.000000 
-1.800000 32.700001 29.520000 -36.180000 -40.939999 0.000000 2934.000000 -1590.000000 2714.000000 996.000000 -2628.000000 2962.000000 
-1.320000 31.830000 29.850000 -36.380001 -40.689999 0.000000 2425.000000 -1953.000000 2783.000000 533.000000 -3325.000000 3737.000000 
-1.130000 30.980000 30.059999 -36.480000 -40.470001 0.000000 2365.000000 -2141.000000 2898.000000 275.000000 -3868.000000 4352.000000 
-1.200000 30.360001 30.160000 -37.240002 -40.119999 0.000000 2194.000000 -2170.000000 2529.000000 -3.000000 -3240.000000 3323.000000 
-0.840000 30.660000 30.580000 -38.279999 -39.669998 0.000000 2696.000000 -2549.000000 2794.000000 116.000000 -2704.000000 2728.000000 
-0.640000 31.139999 31.020000 -38.919998 -39.439999 0.000000 2323.000000 -2598.000000 2974.000000 453.000000 -2544.000000 2283.000000 
-0.510000 31.980000 31.190001 -39.099998 -39.209999 0.000000 2495.000000 -2444.000000 2922.000000 784.000000 -2601.000000 2658.000000 
-0.510000 32.889999 31.379999 -39.360001 -38.980000 0.000000 2739.000000 -2277.000000 2745.000000 164.000000 -3269.000000 3512.000000 
-0.840000 34.040001 31.440001 -39.279999 -38.860001 0.000000 2102.000000 -2279.000000 2810.000000 -617.000000 -3463.000000 3416.000000 
-1.610000 34.959999 31.290001 -38.910000 -38.439999 0.000000 2217.000000 -1946.000000 2717.000000 14.000000 -2474.000000 2798.000000 
-2.050000 35.150002 31.379999 -38.799999 -38.459999 0.000000 2173.000000 -2363.000000 3621.000000 252.000000 -2211.000000 1781.000000 
-3.140000 34.630001 30.959999 -39.799999 -38.509998 0.000000 2906.000000 -2604.000000 2504.000000 -285.000000 -3304.000000 3002.000000 
-4.130000 34.250000 30.580000 -40.529999 -38.570000 0.000000 2765.000000 -2671.000000 2762.000000 -424.000000 -4073.000000 4144.000000 
-4.590000 35.080002 30.459999 -41.150002 -38.610001 0.000000 2445.000000 -2593.000000 2455.000000 -78.000000 -3966.000000 3820.000000 
-5.340000 36.009998 30.350000 -41.869999 -38.490002 0.000000 2518.000000 -2768.000000 2207.000000 71.000000 -3965.000000 3811.000000 
-6.670000 36.770000 29.870001 -42.610001 -38.680000 0.000000 2753.000000 -2724.000000 1720.000000 6.000000 -3833.000000 3119.000000 
-7.990000 37.549999 29.450001 -43.259998 -39.189999 0.000000 2781.000000 -2805.000000 2286.000000 -516.000000 -3689.000000 2534.000000 
-8.720000 38.939999 29.340000 -43.200001 -39.830002 0.000000 2063.000000 -2915.000000 2960.000000 -673.000000 -3808.000000 2889.000000 
-9.660000 40.520000 29.049999 -44.299999 -40.910000 0.000000 2003.000000 -3192.000000 2382.000000 -1282.000000 -5191.000000 3475.000000 
-10.690000 42.400002 28.680000 -45.029999 -42.009998 0.000000 2653.000000 -4128.000000 3701.000000 -3369.000000 -6176.000000 3896.000000 
-11.930000 44.349998 28.240000 -45.720001 -43.450001 0.000000 -85.000000 -4482.000000 5892.000000 -998.000000 -2684.000000 116.000000 
-13.250000 46.349998 27.600000 -46.169998 -44.080002 0.000000 761.000000 -4177.000000 5624.000000 397.000000 -3897.000000 2081.000000 
-14.320000 48.470001 27.030001 -46.290001 -44.610001 0.000000 485.000000 -4527.000000 5320.000000 -56.000000 -4329.000000 2258.000000 
-15.350000 50.669998 26.450001 -46.110001 -45.509998 0.000000 352.000000 -5018.000000 5257.000000 -1505.000000 -4449.000000 1765.000000 
-16.610001 52.970001 25.709999 -45.549999 -46.520000 0.000000 519.000000 -5088.000000 4767.000000 -3231.000000 -4099.000000 1102.000000 
-18.200001 55.480000 24.709999 -44.509998 -47.610001 0.000000 578.000000 -4924.000000 4460.000000 -4104.000000 -4708.000000 1586.000000 
-19.940001 58.189999 23.600000 -42.970001 -48.799999 0.000000 602.000000 -4962.000000 4884.000000 -3441.000000 -4416.000000 1535.000000 
-22.010000 61.110001 22.260000 -41.110001 -50.130001 0.000000 612.000000 -4754.000000 5012.000000 -2345.000000 -4798.000000 2269.000000 
-24.860001 64.180000 20.190001 -38.860001 -51.400002 0.000000 814.000000 -4309.000000 4941.000000 -3391.000000 -4619.000000 2231.000000 
-28.990000 67.370003 16.850000 -36.250000 -52.680000 0.000000 794.000000 -3956.000000 4625.000000 -3772.000000 -4080.000000 1570.000000 
-34.439999 70.660004 12.180000 -33.549999 -53.799999 0.000000 217.000000 -3428.000000 4084.000000 -2478.000000 -3555.000000 1334.000000 
-41.939999 73.860001 5.460000 -31.629999 -54.799999 0.000000 -58.000000 -2783.000000 3308.000000 -2782.000000 -3294.000000 1369.000000 
-52.689999 76.739998 -4.470000 -29.690001 -55.590000 0.000000 -754.000000 -1837.000000 1972.000000 -3391.000000 -3107.000000 1387.000000 
-68.110001 78.940002 -18.870001 -27.190001 -56.389999 0.000000 -1860.000000 -1863.000000 3255.000000 -3403.000000 -1645.000000 103.000000 
-88.529999 79.970001 -38.160000 -24.879999 -57.320000 0.000000 -2132.000000 -2014.000000 3515.000000 -3716.000000 -921.000000 -630.000000 
-108.870003 79.919998 -57.200001 -23.490000 -58.290001 0.000000 -1135.000000 -1831.000000 2847.000000 -3882.000000 -2564.000000 764.000000 
-124.610001 79.190002 -71.279999 -21.809999 -58.939999 0.000000 -731.000000 -1688.000000 3224.000000 -3900.000000 -3287.000000 1651.000000 
-135.770004 78.099998 -80.610001 -20.139999 -59.349998 0.000000 -458.000000 -1672.000000 3562.000000 -3731.000000 -2960.000000 1409.000000 
-143.529999 77.010002 -86.529999 -18.430000 -59.430000 0.000000 -711.000000 -1599.000000 3556.000000 -4312.000000 -2954.000000 1303.000000 
-149.940002 75.900002 -91.089996 -16.629999 -59.070000 0.000000 -279.000000 -1813.000000 3901.000000 -3525.000000 -2834.000000 1300.000000 
-154.529999 75.019997 -94.050003 -14.670000 -58.669998 0.000000 -574.000000 -1691.000000 3813.000000 -4467.000000 -2803.000000 1185.000000 
-158.800003 74.099998 -96.559998 -12.520000 -58.110001 0.000000 -669.000000 -1757.000000 4470.000000 -3255.000000 -2924.000000 1586.000000 
-162.070007 73.320000 -98.269997 -10.220000 -57.299999 0.000000 -73.000000 -1454.000000 4091.000000 -2725.000000 -2809.000000 1635.000000 
-164.929993 72.639999 -99.680000 -7.960000 -56.369999 0.000000 4.000000 -1252.000000 3612.000000 -2481.000000 -2614.000000 1753.000000 
-167.479996 72.019997 -100.900002 -5.830000 -55.439999 0.000000 139.000000 -1144.000000 3801.000000 -2456.000000 -2224.000000 1481.000000 
-169.860001 71.370003 -101.989998 -3.950000 -54.590000 0.000000 258.000000 -1096.000000 4031.000000 -2745.000000 -2181.000000 1532.000000 
-172.000000 70.739998 -102.930000 -2.260000 -53.730000 0.000000 165.000000 -876.000000 3852.000000 -2920.000000 -2132.000000 1606.000000 
-174.139999 70.129997 -103.910004 -0.880000 -52.869999 0.000000 -220.000000 -791.000000 4057.000000 -2625.000000 -1938.000000 1598.000000 
-176.279999 69.540001 -104.849998 0.000000 -52.220001 0.000000 -928.000000 -831.000000 4318.000000 -2785.000000 -1724.000000 1445.000000 
-178.110001 69.000000 -105.430000 0.740000 -51.779999 0.000000 -598.000000 -881.000000 4268.000000 -2739.000000 -1695.000000 1439.000000 
-179.440002 68.529999 -105.489998 1.530000 -51.509998 0.000000 -151.000000 -729.000000 4163.000000 -2540.000000 -1792.000000 1593.000000 
179.570007 68.070000 -105.190002 2.280000 -51.509998 0.000000 135.000000 -629.000000 4112.000000 -2385.000000 -1836.000000 1597.000000 
178.839996 67.629997 -104.610001 2.920000 -51.810001 0.000000 314.000000 -591.000000 4078.000000 -2502.000000 -1896.000000 1608.000000 
178.470001 67.220001 -103.739998 3.410000 -52.430000 0.000000 394.000000 -650.000000 4090.000000 -2794.000000 -2029.000000 1577.000000 
178.479996 66.870003 -102.580002 3.730000 -53.310001 0.000000 298.000000 -672.000000 4278.000000 -3178.000000 -2084.000000 1387.000000 
178.619995 66.629997 -101.400002 3.960000 -54.340000 0.000000 179.000000 -562.000000 4091.000000 -4246.000000 -2063.000000 1111.000000 
178.830002 66.529999 -100.180000 4.040000 -54.950001 0.000000 -422.000000 -499.000000 4447.000000 -4102.000000 -2028.000000 1011.000000 
179.080002 66.629997 -99.019997 4.000000 -55.130001 0.000000 -140.000000 -731.000000 4393.000000 -3956.000000 -1914.000000 862.000000 
179.550003 66.900002 -97.750000 3.860000 -55.090000 0.000000 261.000000 -850.000000 4536.000000 -3603.000000 -2028.000000 880.000000 
-179.630005 67.339996 -96.419998 3.650000 -54.799999 0.000000 -118.000000 -701.000000 4624.000000 -3148.000000 -2283.000000 1370.000000 
-178.889999 67.639999 -95.519997 3.510000 -54.509998 0.000000 -490.000000 -513.000000 3961.000000 -3077.000000 -2430.000000 1658.000000 
-178.679993 67.730003 -95.269997 3.480000 -54.259998 0.000000 98.000000 -298.000000 2984.000000 -3089.000000 -2352.000000 1708.000000 
-178.429993 67.639999 -95.180000 3.130000 -53.930000 0.000000 -184.000000 -223.000000 2844.000000 -2878.000000 -2225.000000 1710.000000 
-178.169998 67.419998 -95.089996 2.360000 -53.599998 0.000000 -483.000000 -383.000000 3205.000000 -2653.000000 -2008.000000 1553.000000 
-177.720001 67.110001 -94.860001 1.440000 -53.490002 0.000000 -211.000000 -480.000000 3785.000000 -2687.000000 -1723.000000 1289.000000 
-176.779999 67.029999 -94.339996 0.440000 -53.680000 0.000000 90.000000 -367.000000 3610.000000 -2637.000000 -1758.000000 1165.000000 
-175.809998 66.970001 -93.900002 -0.700000 -53.939999 0.000000 391.000000 -283.000000 3595.000000 -2363.000000 -1636.000000 1286.000000 
-174.779999 66.970001 -93.570000 -2.100000 -54.439999 0.000000 -255.000000 -496.000000 3561.000000 -2300.000000 -1822.000000 1498.000000 
-173.289993 66.870003 -92.889999 -3.160000 -54.959999 0.000000 -313.000000 14.000000 3701.000000 -1801.000000 -2178.000000 2147.000000 
-172.440002 66.730003 -92.849998 -4.560000 -55.630001 0.000000 -536.000000 -713.000000 3937.000000 -2358.000000 -1965.000000 1705.000000 
-172.020004 66.570000 -93.269997 -5.970000 -57.270000 0.000000 -970.000000 -741.000000 3621.000000 -4940.000000 -1296.000000 303.000000 
-171.919998 66.309998 -93.930000 -6.990000 -58.490002 0.000000 -461.000000 -726.000000 3384.000000 -3998.000000 -2102.000000 1625.000000 
-171.729996 66.160004 -94.559998 -7.950000 -56.849998 0.000000 -800.000000 -773.000000 3347.000000 -6.000000 -224.000000 68.000000 
-171.649994 66.260002 -95.419998 -8.750000 -58.160000 0.000000 -2629.000000 -891.000000 4186.000000 -5215.000000 -794.000000 -152.000000 
-171.309998 66.080002 -95.650002 -9.220000 -59.590000 0.000000 -149.000000 -1313.000000 4964.000000 -4530.000000 -1220.000000 198.000000 
-170.570007 66.150002 -95.650002 -9.480000 -60.459999 0.000000 -483.000000 -430.000000 2559.000000 -3418.000000 -1068.000000 377.000000 
-170.110001 66.290001 -95.959999 -9.870000 -61.419998 0.000000 -624.000000 -496.000000 2888.000000 -1381.000000 -570.000000 16.000000 
-169.919998 66.550003 -96.620003 -10.390000 -63.169998 0.000000 -543.000000 -751.000000 3740.000000 -1808.000000 -494.000000 -132.000000 
-169.660004 66.720001 -97.080002 -11.080000 -65.430000 0.000000 -500.000000 -738.000000 3668.000000 -3177.000000 -1252.000000 443.000000 
-169.369995 66.940002 -97.480003 -12.020000 -68.209999 0.000000 -628.000000 -773.000000 3375.000000 -3023.000000 -1127.000000 200.000000 
-169.190002 67.230003 -97.970001 -12.860000 -70.919998 0.000000 -785.000000 -696.000000 3295.000000 -4453.000000 -3049.000000 2112.000000 
-168.729996 67.500000 -98.160004 -14.170000 -73.540001 0.000000 -1017.000000 -851.000000 3085.000000 -2070.000000 -1437.000000 670.000000 
-167.770004 67.660004 -97.820000 -15.250000 -75.620003 0.000000 -392.000000 -1060.000000 3685.000000 -2779.000000 -1426.000000 566.000000 
-166.429993 67.720001 -97.139999 -16.250000 -78.089996 0.000000 -718.000000 -1056.000000 3745.000000 -3316.000000 -1905.000000 472.000000 
-165.410004 67.580002 -96.750000 -17.110001 -80.660004 0.000000 -653.000000 -1164.000000 3869.000000 -3700.000000 -1922.000000 306.000000 
-164.699997 67.360001 -96.720001 -17.770000 -82.870003 0.000000 -899.000000 -1132.000000 3825.000000 -3567.000000 -1624.000000 128.000000 
-164.139999 67.169998 -96.849998 -18.360001 -85.080002 0.000000 -1272.000000 -1182.000000 3811.000000 -4078.000000 -1371.000000 -315.000000 
-163.500000 67.000000 -96.839996 -18.690001 -86.919998 0.000000 -1604.000000 -977.000000 3424.000000 -4051.000000 -1385.000000 -311.000000 
-162.880005 66.879997 -96.809998 -19.379999 -88.269997 0.000000 -1480.000000 -1225.000000 3264.000000 -3924.000000 -1290.000000 -385.000000 
-162.309998 66.820000 -96.779999 -19.790001 -89.089996 0.000000 -1495.000000 -1308.000000 3658.000000 -4186.000000 -1487.000000 -269.000000 
-161.830002 66.739998 -96.790001 -19.920000 -89.410004 0.000000 -1507.000000 -1338.000000 3712.000000 -4149.000000 -1431.000000 -300.000000 
-161.369995 66.650002 -96.779999 -19.950001 -89.410004 0.000000 -1484.000000 -1375.000000 3803.000000 -4133.000000 -1434.000000 -373.000000 
-160.589996 66.559998 -96.529999 -19.700001 -89.129997 0.000000 -1225.000000 -1389.000000 3947.000000 -3939.000000 -1379.000000 -322.000000 
-160.220001 66.430000 -96.650002 -19.110001 -88.540001 0.000000 -1397.000000 -1092.000000 3559.000000 -3602.000000 -1343.000000 -195.000000 
-159.929993 66.300003 -96.870003 -19.200001 -87.660004 0.000000 -1369.000000 -1270.000000 3541.000000 -3103.000000 -1412.000000 -45.000000 
-159.699997 66.070000 -97.129997 -19.420000 -86.800003 0.000000 -1467.000000 -1301.000000 3658.000000 -3215.000000 -1465.000000 11.000000 
-159.690002 65.760002 -97.599998 -19.809999 -86.029999 0.000000 -1088.000000 -1293.000000 3452.000000 -3682.000000 -1924.000000 176.000000 
-159.850006 65.349998 -98.190002 -20.070000 -85.550003 0.000000 -1625.000000 -1517.000000 3974.000000 -4324.000000 -1411.000000 -49.000000 
-159.789993 65.040001 -98.599998 -20.549999 -85.110001 0.000000 -2183.000000 -1429.000000 3856.000000 -3693.000000 -274.000000 -722.000000 
-159.720001 64.820000 -98.959999 -21.090000 -84.830002 0.000000 -2016.000000 -1376.000000 3514.000000 -3370.000000 -541.000000 -507.000000 
-159.610001 64.650002 -99.269997 -21.930000 -85.330002 0.000000 -2224.000000 -1494.000000 3505.000000 -3635.000000 -932.000000 -424.000000 
-159.330002 64.510002 -99.400002 -22.750000 -86.190002 0.000000 -1824.000000 -1666.000000 3614.000000 -3921.000000 -837.000000 -493.000000 
-159.139999 64.199997 -99.570000 -23.610001 -86.769997 0.000000 -1600.000000 -1898.000000 3762.000000 -3607.000000 -1342.000000 -140.000000 
-159.070007 63.840000 -99.830002 -24.280001 -87.400002 0.000000 -1461.000000 -1874.000000 3757.000000 -4009.000000 -1338.000000 -111.000000 
-158.850006 63.419998 -99.940002 -24.670000 -88.019997 0.000000 -1748.000000 -1829.000000 3650.000000 -3453.000000 -1280.000000 -66.000000 
-158.600006 63.009998 -100.040001 -24.990000 -89.269997 0.000000 -1669.000000 -1825.000000 3579.000000 -3877.000000 -1187.000000 -220.000000 
-158.529999 62.639999 -100.349998 -25.400000 -90.940002 0.000000 -1976.000000 -1841.000000 3378.000000 -3897.000000 -1151.000000 -316.000000 
-158.470001 62.330002 -100.610001 -26.110001 -92.860001 0.000000 -2102.000000 -1961.000000 3292.000000 -4125.000000 -1008.000000 -541.000000 
-158.389999 61.990002 -100.809998 -26.969999 -94.580002 0.000000 -2023.000000 -2122.000000 3348.000000 -4100.000000 -1196.000000 -407.000000 
-158.179993 61.619999 -100.800003 -27.690001 -96.199997 0.000000 -1800.000000 -2170.000000 3312.000000 -4166.000000 -1336.000000 -435.000000 
-157.860001 61.250000 -100.650002 -28.139999 -97.669998 0.000000 -1915.000000 -2068.000000 3326.000000 -4465.000000 -1471.000000 -425.000000 
-157.369995 61.000000 -100.440002 -28.600000 -98.589996 0.000000 -1964.000000 -2012.000000 3171.000000 -3889.000000 -1461.000000 -365.000000 
-156.990005 60.779999 -100.389999 -29.030001 -99.500000 0.000000 -2170.000000 -2124.000000 3119.000000 -3585.000000 -1305.000000 -526.000000 
-156.910004 60.419998 -100.669998 -29.440001 -100.279999 0.000000 -1959.000000 -2303.000000 3192.000000 -3835.000000 -1546.000000 -308.000000 
-157.050003 60.020000 -101.180000 -29.940001 -101.690002 0.000000 -2080.000000 -2275.000000 2977.000000 -3969.000000 -1194.000000 -490.000000 
-157.199997 59.619999 -101.680000 -30.400000 -103.459999 0.000000 -2252.000000 -2247.000000 2830.000000 -4296.000000 -802.000000 -798.000000 
-157.220001 59.279999 -102.019997 -30.900000 -104.809998 0.000000 -2282.000000 -2509.000000 2945.000000 -4122.000000 -1097.000000 -664.000000 
-157.199997 58.950001 -102.279999 -31.379999 -106.320000 0.000000 -2273.000000 -2615.000000 2878.000000 -4014.000000 -1025.000000 -808.000000 
-157.059998 58.720001 -102.389999 -31.750000 -107.519997 0.000000 -2352.000000 -2371.000000 2634.000000 -3802.000000 -1206.000000 -700.000000 
-156.910004 58.430000 -102.489998 -32.020000 -108.889999 0.000000 -2263.000000 -2433.000000 2627.000000 -3989.000000 -1129.000000 -854.000000 
-156.880005 58.189999 -102.690002 -32.340000 -109.629997 0.000000 -2127.000000 -2544.000000 2632.000000 -4057.000000 -1472.000000 -707.000000 
-156.800003 58.009998 -102.849998 -32.669998 -109.639999 0.000000 -1970.000000 -2610.000000 2717.000000 -4070.000000 -1824.000000 -550.000000 
-156.610001 57.889999 -102.910004 -33.020000 -109.570000 0.000000 -1872.000000 -2719.000000 2766.000000 -4392.000000 -1562.000000 -628.000000 
-156.470001 57.919998 -103.080002 -33.230000 -109.019997 0.000000 -2091.000000 -2524.000000 2502.000000 -4350.000000 -1286.000000 -673.000000 
-156.460007 58.040001 -103.410004 -33.500000 -107.860001 0.000000 -2050.000000 -2735.000000 2643.000000 -4150.000000 -1148.000000 -669.000000 
-156.509995 58.290001 -103.769997 -33.709999 -106.620003 0.000000 -2056.000000 -2806.000000 2645.000000 -3881.000000 -1140.000000 -673.000000 
-156.509995 58.590000 -104.059998 -34.020000 -104.949997 0.000000 -1621.000000 -2872.000000 2722.000000 -3490.000000 -1254.000000 -485.000000 
-156.220001 58.980000 -104.139999 -34.250000 -103.239998 0.000000 -1623.000000 -2761.000000 2550.000000 -3974.000000 -1193.000000 -328.000000 
-156.119995 59.080002 -104.389999 -34.380001 -101.419998 0.000000 -1908.000000 -2797.000000 2712.000000 -3356.000000 -1393.000000 -293.000000 
-156.110001 59.209999 -104.730003 -34.419998 -100.430000 0.000000 -1556.000000 -2767.000000 2529.000000 -3672.000000 -1212.000000 -462.000000 
-156.330002 59.340000 -105.260002 -34.400002 -99.230003 0.000000 -1749.000000 -2708.000000 2439.000000 -3563.000000 -1098.000000 -322.000000 
-156.509995 59.430000 -105.730003 -34.360001 -98.349998 0.000000 -1781.000000 -2858.000000 2645.000000 -3471.000000 -1211.000000 -358.000000 
-156.729996 59.450001 -106.199997 -34.320000 -97.720001 0.000000 -1629.000000 -2971.000000 2672.000000 -3511.000000 -1292.000000 -277.000000 
-156.850006 59.439999 -106.580002 -34.259998 -97.830002 0.000000 -1759.000000 -2916.000000 2577.000000 -3494.000000 -1048.000000 -406.000000 
-157.039993 59.430000 -106.980003 -34.130001 -98.599998 0.000000 -1919.000000 -2876.000000 2480.000000 -3680.000000 -868.000000 -519.000000 
-157.289993 59.450001 -107.379997 -34.080002 -99.809998 0.000000 -2073.000000 -2984.000000 2448.000000 -3747.000000 -911.000000 -552.000000 
-157.520004 59.459999 -107.690002 -34.130001 -101.570000 0.000000 -2094.000000 -3020.000000 2421.000000 -3709.000000 -847.000000 -633.000000 
-157.630005 59.490002 -107.849998 -34.139999 -103.809998 0.000000 -2085.000000 -3010.000000 2385.000000 -3568.000000 -870.000000 -661.000000 
-157.660004 59.590000 -107.839996 -34.139999 -106.470001 0.000000 -1930.000000 -3045.000000 2453.000000 -3493.000000 -942.000000 -663.000000 
-157.699997 59.630001 -107.779999 -34.200001 -109.269997 0.000000 -1795.000000 -3176.000000 2468.000000 -3578.000000 -1109.000000 -542.000000 
-157.690002 59.630001 -107.650002 -34.270000 -112.070000 0.000000 -1782.000000 -2903.000000 2261.000000 -3666.000000 -1308.000000 -524.000000 
-157.589996 59.540001 -107.410004 -34.150002 -113.370003 0.000000 -1595.000000 -2537.000000 2063.000000 -3612.000000 -1853.000000 -229.000000 
-157.289993 59.490002 -107.029999 -33.880001 -114.139999 0.000000 -1240.000000 -2652.000000 2269.000000 -3998.000000 -1985.000000 -273.000000 
-156.940002 59.540001 -106.669998 -33.360001 -114.410004 0.000000 -1253.000000 -2835.000000 2410.000000 -4205.000000 -1995.000000 -354.000000 
-156.949997 59.669998 -106.720001 -32.630001 -113.610001 0.000000 -1320.000000 -2902.000000 2461.000000 -4478.000000 -1902.000000 -333.000000 
-157.259995 60.049999 -107.099998 -31.660000 -113.440002 0.000000 -1066.000000 -2568.000000 2185.000000 -4252.000000 -1254.000000 -665.000000 
-157.479996 60.490002 -107.449997 -30.650000 -112.269997 0.000000 -1635.000000 -2622.000000 2326.000000 -3621.000000 -1135.000000 -518.000000 
-157.740005 60.970001 -107.820000 -29.719999 -110.730003 0.000000 -1598.000000 -2591.000000 2438.000000 -3485.000000 -1205.000000 -523.000000 
-158.050003 61.480000 -108.239998 -29.070000 -109.570000 0.000000 -1218.000000 -2748.000000 2569.000000 -3477.000000 -1038.000000 -595.000000 
-158.360001 61.869999 -108.639999 -28.850000 -108.540001 0.000000 -1469.000000 -2796.000000 2637.000000 -3468.000000 -1047.000000 -534.000000 
-158.679993 62.150002 -109.050003 -28.559999 -107.790001 0.000000 -1371.000000 -2798.000000 2709.000000 -3457.000000 -1059.000000 -517.000000 
-159.130005 62.320000 -109.519997 -28.600000 -107.129997 0.000000 -1375.000000 -2763.000000 2713.000000 -3377.000000 -1065.000000 -446.000000 
-159.600006 62.330002 -109.959999 -28.420000 -106.589996 0.000000 -1393.000000 -2672.000000 2653.000000 -3336.000000 -1095.000000 -402.000000 
-160.039993 62.220001 -110.320000 -28.070000 -106.269997 0.000000 -1421.000000 -2567.000000 2634.000000 -3545.000000 -1166.000000 -407.000000 
-160.500000 62.049999 -110.699997 -27.750000 -106.070000 0.000000 -1501.000000 -2600.000000 2690.000000 -3630.000000 -1229.000000 -436.000000 
-161.089996 61.830002 -111.180000 -27.459999 -106.059998 0.000000 -1601.000000 -2739.000000 2748.000000 -3909.000000 -1236.000000 -480.000000 
-161.630005 61.549999 -111.610001 -26.879999 -106.260002 0.000000 -1739.000000 -2695.000000 2815.000000 -3950.000000 -1078.000000 -570.000000 
-162.089996 61.250000 -111.949997 -26.040001 -106.320000 0.000000 -1852.000000 -2425.000000 2657.000000 -3750.000000 -1001.000000 -616.000000 
-162.559998 60.980000 -112.279999 -24.790001 -106.139999 0.000000 -1968.000000 -2222.000000 2581.000000 -3786.000000 -994.000000 -596.000000 
-162.970001 60.700001 -112.550003 -23.650000 -105.629997 0.000000 -1868.000000 -2272.000000 2617.000000 -3877.000000 -1183.000000 -560.000000 
-163.509995 60.490002 -112.919998 -22.320000 -104.919998 0.000000 -1988.000000 -2211.000000 2715.000000 -3875.000000 -1148.000000 -595.000000 
-164.089996 60.279999 -113.320000 -20.680000 -104.089996 0.000000 -2055.000000 -2140.000000 2811.000000 -3709.000000 -1087.000000 -693.000000 
-164.619995 60.049999 -113.669998 -19.090000 -103.339996 0.000000 -2013.000000 -2182.000000 2915.000000 -3763.000000 -1048.000000 -808.000000 
-165.309998 59.799999 -114.139999 -17.420000 -102.690002 0.000000 -1918.000000 -2168.000000 3086.000000 -3761.000000 -893.000000 -850.000000 
-166.160004 59.500000 -114.750000 -15.620000 -102.190002 0.000000 -2030.000000 -2035.000000 3232.000000 -3670.000000 -671.000000 -923.000000 
-166.919998 59.139999 -115.260002 -13.720000 -101.839996 0.000000 -2103.000000 -1745.000000 3222.000000 -3572.000000 -613.000000 -891.000000 
-167.619995 58.799999 -115.660004 -11.830000 -101.639999 0.000000 -2145.000000 -1509.000000 3173.000000 -4357.000000 -564.000000 -938.000000 
-168.259995 58.439999 -115.989998 -10.000000 -100.970001 0.000000 -1963.000000 -1276.000000 3319.000000 -4572.000000 -423.000000 -939.000000 
-168.970001 58.119999 -116.330002 -8.150000 -99.519997 0.000000 -2211.000000 -1087.000000 3486.000000 -5184.000000 -159.000000 -1095.000000 
-169.750000 57.939999 -116.680000 -6.210000 -96.769997 0.000000 -2688.000000 -705.000000 3362.000000 -4914.000000 187.000000 -1171.000000 
-170.580002 57.799999 -117.000000 -4.400000 -92.570000 0.000000 -2248.000000 -532.000000 3260.000000 -4215.000000 298.000000 -929.000000 
-171.589996 57.720001 -117.370003 -2.810000 -88.040001 0.000000 -2664.000000 -421.000000 3336.000000 -3860.000000 1136.000000 -1212.000000 
-172.600006 57.799999 -117.650002 -1.270000 -83.790001 0.000000 -2601.000000 -146.000000 3471.000000 -3290.000000 2116.000000 -1839.000000 
-173.850006 57.759998 -118.070000 0.140000 -79.480003 0.000000 -2630.000000 51.000000 3499.000000 -3295.000000 1298.000000 -1319.000000 
-174.929993 57.959999 -118.190002 1.290000 -76.180000 0.000000 -2783.000000 281.000000 2940.000000 -2966.000000 588.000000 -808.000000 
-175.830002 58.160000 -118.019997 2.100000 -72.949997 0.000000 -2487.000000 449.000000 2386.000000 -2732.000000 208.000000 -386.000000 
-176.529999 58.430000 -117.669998 2.490000 -69.750000 0.000000 -2358.000000 434.000000 2541.000000 -3151.000000 494.000000 -439.000000 
-177.059998 58.709999 -117.050003 2.480000 -66.180000 0.000000 -2379.000000 426.000000 2873.000000 -3047.000000 466.000000 -206.000000 
-177.490005 59.000000 -116.199997 2.280000 -62.820000 0.000000 -2552.000000 471.000000 2503.000000 -3258.000000 128.000000 165.000000 
-177.800003 59.380001 -115.209999 2.040000 -60.970001 0.000000 -2583.000000 212.000000 2860.000000 -3596.000000 154.000000 -6.000000 
-178.009995 59.950001 -114.120003 1.900000 -60.330002 0.000000 -2590.000000 173.000000 2883.000000 -4221.000000 324.000000 -404.000000 
-178.199997 60.689999 -112.980003 1.760000 -59.660000 0.000000 -2610.000000 114.000000 2907.000000 -4142.000000 488.000000 -584.000000 
-178.460007 61.509998 -111.820000 1.550000 -58.840000 0.000000 -2622.000000 7.000000 3052.000000 -3933.000000 520.000000 -616.000000 
-178.869995 62.459999 -110.709999 1.380000 -57.970001 0.000000 -2226.000000 88.000000 3147.000000 -3580.000000 159.000000 -308.000000 
-179.429993 63.480000 -109.680000 1.210000 -56.520000 0.000000 -1626.000000 155.000000 3182.000000 -3006.000000 -214.000000 134.000000 
179.750000 64.470001 -108.930000 0.890000 -54.090000 0.000000 -1219.000000 144.000000 3110.000000 -2766.000000 -531.000000 536.000000 
178.800003 65.410004 -108.279999 0.260000 -53.500000 0.000000 -1054.000000 35.000000 3085.000000 -2565.000000 -851.000000 497.000000 
178.210007 66.199997 -107.290001 -0.580000 -53.099998 0.000000 -934.000000 -140.000000 3085.000000 -2818.000000 -603.000000 441.000000 
177.770004 66.820000 -106.169998 -1.590000 -52.950001 0.000000 -926.000000 -564.000000 3520.000000 -1834.000000 -909.000000 566.000000 
177.669998 67.400002 -104.680000 -2.330000 -54.299999 0.000000 -364.000000 -587.000000 3500.000000 -2205.000000 -1290.000000 460.000000 
179.020004 68.480003 -101.690002 -2.980000 -56.490002 0.000000 -285.000000 -597.000000 3184.000000 -1849.000000 -1314.000000 311.000000 
-178.500000 69.489998 -97.699997 -3.820000 -58.869999 0.000000 -99.000000 -757.000000 3291.000000 -1457.000000 -1532.000000 310.000000 
-175.339996 70.580002 -93.089996 -4.970000 -61.810001 0.000000 -132.000000 -889.000000 3189.000000 -2402.000000 -1632.000000 79.000000 
-171.539993 71.669998 -87.790001 -6.480000 -64.720001 0.000000 -119.000000 -1152.000000 3192.000000 -2236.000000 -1840.000000 66.000000 
-166.869995 72.639999 -81.620003 -8.130000 -67.540001 0.000000 -269.000000 -1340.000000 3267.000000 -2601.000000 -2326.000000 -13.000000 
-161.110001 73.500000 -74.470001 -9.920000 -70.180000 0.000000 -254.000000 -1562.000000 3183.000000 -2622.000000 -3203.000000 18.000000 
-154.399994 74.089996 -66.370003 -11.840000 -72.419998 0.000000 137.000000 -2119.000000 3416.000000 -2333.000000 -4139.000000 169.000000 
-147.110001 74.480003 -57.779999 -13.770000 -74.540001 0.000000 436.000000 -2494.000000 3909.000000 -3128.000000 -4871.000000 551.000000 
-139.550003 74.720001 -49.150002 -15.720000 -76.250000 0.000000 326.000000 -2782.000000 4251.000000 -3624.000000 -4982.000000 661.000000 
-131.699997 74.989998 -40.400002 -17.610001 -77.309998 0.000000 -110.000000 -2945.000000 4404.000000 -3891.000000 -4995.000000 626.000000 
-123.309998 75.209999 -31.270000 -19.340000 -77.900002 0.000000 -264.000000 -3005.000000 4386.000000 -3648.000000 -4611.000000 257.000000 
-114.339996 75.320000 -21.639999 -20.809999 -77.980003 0.000000 -179.000000 -3099.000000 4089.000000 -2785.000000 -4532.000000 242.000000 
-104.739998 75.290001 -11.490000 -22.100000 -77.820000 0.000000 -30.000000 -3136.000000 4004.000000 -2605.000000 -4502.000000 359.000000 
-94.930000 74.940002 -1.200000 -23.270000 -77.570000 0.000000 328.000000 -3263.000000 4035.000000 -2408.000000 -4611.000000 299.000000 
-85.709999 74.239998 8.390000 -24.320000 -77.370003 0.000000 579.000000 -3404.000000 4280.000000 -2042.000000 -4716.000000 222.000000 
-78.279999 73.180000 16.070000 -25.240000 -77.430000 0.000000 895.000000 -3599.000000 4571.000000 -1728.000000 -4696.000000 85.000000 
-72.629997 71.940002 21.820000 -26.150000 -77.849998 0.000000 987.000000 -3650.000000 4687.000000 -2077.000000 -4737.000000 11.000000 
-68.099998 70.690002 26.240000 -27.090000 -78.559998 0.000000 757.000000 -3765.000000 4971.000000 -3451.000000 -4929.000000 149.000000 
-64.459999 69.470001 29.709999 -27.950001 -79.269997 0.000000 330.000000 -3775.000000 5076.000000 -3411.000000 -4847.000000 -53.000000 
-62.340000 68.230003 31.740000 -28.770000 -79.790001 0.000000 160.000000 -3795.000000 4940.000000 -3118.000000 -4768.000000 -108.000000 
-60.669998 67.070000 33.410000 -29.389999 -80.260002 0.000000 170.000000 -3655.000000 4833.000000 -3029.000000 -4741.000000 -88.000000 
-59.160000 66.099998 34.880001 -30.049999 -80.629997 0.000000 -254.000000 -3521.000000 4534.000000 -2700.000000 -4624.000000 -67.000000 
-57.279999 65.330002 36.639999 -30.750000 -80.870003 0.000000 -531.000000 -3395.000000 3931.000000 -2762.000000 -4596.000000 52.000000 
-54.990002 64.650002 38.810001 -31.320000 -81.000000 0.000000 -491.000000 -3145.000000 3502.000000 -2694.000000 -4448.000000 240.000000 
-52.930000 63.730000 40.930000 -31.610001 -80.879997 0.000000 67.000000 -2969.000000 3259.000000 -1570.000000 -4141.000000 257.000000 
-50.919998 62.529999 43.119999 -31.709999 -80.650002 0.000000 513.000000 -2886.000000 3098.000000 -1503.000000 -3981.000000 186.000000 
-48.419998 61.150002 45.599998 -31.700001 -80.459999 0.000000 513.000000 -2666.000000 2955.000000 -1655.000000 -3789.000000 124.000000 
-45.790001 59.720001 48.160000 -31.799999 -80.209999 0.000000 707.000000 -2625.000000 2822.000000 -1287.000000 -3770.000000 166.000000 
-43.209999 58.330002 50.580002 -31.950001 -79.800003 0.000000 818.000000 -2603.000000 2840.000000 -1346.000000 -3777.000000 369.000000 
-40.549999 57.009998 53.110001 -32.189999 -79.269997 0.000000 811.000000 -2636.000000 2851.000000 -1352.000000 -3906.000000 517.000000 
-38.090000 55.810001 55.500000 -32.529999 -78.809998 0.000000 628.000000 -2638.000000 2808.000000 -1947.000000 -3753.000000 368.000000 
-36.070000 54.759998 57.529999 -32.970001 -78.370003 0.000000 549.000000 -2670.000000 2764.000000 -1882.000000 -3440.000000 136.000000 
-34.110001 53.630001 59.560001 -33.430000 -77.900002 0.000000 611.000000 -2664.000000 2824.000000 -1561.000000 -3378.000000 139.000000 
-32.119999 52.389999 61.630001 -33.970001 -77.449997 0.000000 728.000000 -2611.000000 2772.000000 -1378.000000 -3406.000000 219.000000 
-30.389999 51.020000 63.560001 -34.560001 -76.980003 0.000000 833.000000 -2606.000000 2736.000000 -639.000000 -3599.000000 373.000000 
-29.020000 49.639999 65.220001 -35.130001 -76.410004 0.000000 1154.000000 -2535.000000 2683.000000 -700.000000 -3545.000000 543.000000 
-27.770000 48.180000 66.739998 -35.660000 -75.839996 0.000000 1274.000000 -2557.000000 2795.000000 -1136.000000 -3725.000000 697.000000 
-26.680000 46.790001 68.040001 -35.910000 -74.669998 0.000000 2383.000000 -2968.000000 4053.000000 -836.000000 -3724.000000 1335.000000 
-25.870001 45.259998 69.190002 -35.639999 -73.089996 0.000000 785.000000 -2723.000000 5076.000000 542.000000 -4430.000000 873.000000 
-24.730000 43.639999 70.309998 -35.680000 -70.959999 0.000000 2251.000000 -3231.000000 3915.000000 -1085.000000 -4981.000000 1665.000000 
-23.330000 42.419998 71.449997 -35.360001 -69.139999 0.000000 1780.000000 -2859.000000 3627.000000 -914.000000 -4478.000000 1419.000000 
-22.240000 41.660000 72.349998 -35.000000 -67.309998 0.000000 1751.000000 -2684.000000 3455.000000 -722.000000 -4196.000000 1426.000000 
-21.400000 41.049999 73.010002 -34.630001 -65.900002 0.000000 1551.000000 -2567.000000 3289.000000 -843.000000 -3674.000000 1116.000000 
-20.610001 40.490002 73.559998 -33.810001 -64.570000 0.000000 1453.000000 -2617.000000 5619.000000 -2768.000000 -4575.000000 1584.000000 
-19.850000 39.590000 74.019997 -33.360001 -63.500000 0.000000 1776.000000 -2883.000000 3782.000000 -3632.000000 -4668.000000 1574.000000 
-19.360001 39.270000 74.260002 -32.910000 -61.959999 0.000000 1338.000000 -2624.000000 3555.000000 -1336.000000 -3820.000000 1510.000000 
-18.610001 39.360001 74.709999 -32.599998 -60.230000 0.000000 1143.000000 -2444.000000 3030.000000 -770.000000 -3568.000000 1621.000000 
-17.700001 39.340000 75.330002 -32.400002 -58.810001 0.000000 1471.000000 -2341.000000 2713.000000 -91.000000 -3334.000000 1530.000000 
-16.570000 38.990002 76.110001 -32.160000 -57.320000 0.000000 2001.000000 -2332.000000 2772.000000 -451.000000 -3369.000000 1655.000000 
-15.380000 38.310001 76.980003 -31.860001 -55.450001 0.000000 2290.000000 -2286.000000 2926.000000 -851.000000 -3734.000000 2228.000000 
-14.320000 37.540001 77.730003 -31.680000 -54.330002 0.000000 2593.000000 -2379.000000 2675.000000 -1458.000000 -3920.000000 2188.000000 
-13.450000 36.990002 78.349998 -30.730000 -53.270000 0.000000 2217.000000 -1885.000000 3248.000000 -1386.000000 -3407.000000 2202.000000 
-12.780000 36.720001 78.779999 -29.820000 -52.669998 0.000000 2658.000000 -2257.000000 3955.000000 -1437.000000 -3630.000000 2134.000000 
-11.690000 36.360001 79.370003 -29.090000 -52.320000 0.000000 2030.000000 -2183.000000 3844.000000 -979.000000 -3332.000000 2103.000000 
-10.610000 36.430000 79.870003 -28.360001 -51.660000 0.000000 1629.000000 -2023.000000 3620.000000 -714.000000 -3165.000000 2318.000000 
-10.120000 36.880001 80.059998 -27.410000 -51.040001 0.000000 1652.000000 -1878.000000 3554.000000 -811.000000 -3047.000000 2341.000000 
-9.990000 37.369999 80.010002 -26.420000 -51.160000 0.000000 1609.000000 -1845.000000 3562.000000 -1191.000000 -2988.000000 2080.000000 
-9.790000 37.700001 80.010002 -25.410000 -51.529999 0.000000 1787.000000 -1834.000000 3525.000000 -1255.000000 -2964.000000 1822.000000 
-9.420000 37.900002 80.059998 -24.379999 -52.049999 0.000000 1728.000000 -1776.000000 3571.000000 -1081.000000 -3080.000000 1763.000000 
-9.080000 38.029999 80.129997 -23.389999 -52.490002 0.000000 1741.000000 -1747.000000 3598.000000 -1178.000000 -3274.000000 2079.000000 
-8.880000 38.230000 80.110001 -22.500000 -52.830002 0.000000 1355.000000 -1639.000000 3422.000000 -1702.000000 -3793.000000 2546.000000 
-8.840000 38.450001 80.059998 -21.780001 -53.340000 0.000000 1366.000000 -1727.000000 3648.000000 -2036.000000 -3758.000000 2309.000000 
-8.830000 38.709999 80.059998 -21.180000 -53.509998 0.000000 1422.000000 -1826.000000 3652.000000 -1893.000000 -3912.000000 2573.000000 
-8.890000 39.009998 80.010002 -20.719999 -53.200001 0.000000 1389.000000 -2059.000000 3710.000000 -1222.000000 -4388.000000 3132.000000 
-9.140000 39.340000 79.900002 -20.150000 -52.410000 0.000000 1176.000000 -2041.000000 3641.000000 1051.000000 -4333.000000 3786.000000 
-9.410000 39.709999 79.720001 -19.370001 -51.099998 0.000000 1550.000000 -2033.000000 3726.000000 42.000000 -5035.000000 4638.000000 
-9.630000 39.950001 79.379997 -18.420000 -50.320000 0.000000 1523.000000 -1867.000000 3507.000000 -2278.000000 -5267.000000 3184.000000 
-9.710000 40.160000 78.989998 -17.850000 -49.299999 0.000000 1150.000000 -2749.000000 4187.000000 -3008.000000 -4518.000000 1308.000000 
-9.860000 40.480000 78.639999 -17.290001 -48.189999 0.000000 1532.000000 -2050.000000 3746.000000 -3350.000000 -3775.000000 535.000000 
-10.050000 41.060001 78.410004 -17.320000 -47.180000 0.000000 1331.000000 -2818.000000 4112.000000 -2809.000000 -3630.000000 767.000000 
-10.260000 41.820000 78.379997 -17.320000 -46.320000 0.000000 1446.000000 -2438.000000 5114.000000 -1811.000000 -3714.000000 1182.000000 
-10.660000 42.389999 78.330002 -16.940001 -45.610001 0.000000 1598.000000 -2344.000000 6135.000000 -1079.000000 -3844.000000 1389.000000 
-11.200000 42.500000 78.209999 -16.680000 -45.110001 0.000000 1717.000000 -2548.000000 5373.000000 -862.000000 -3841.000000 1413.000000 
-11.850000 42.590000 78.059998 -16.410000 -44.970001 0.000000 1876.000000 -2543.000000 4459.000000 -664.000000 -3701.000000 1389.000000 
-12.660000 42.799999 77.800003 -16.200001 -45.130001 0.000000 1990.000000 -2561.000000 3945.000000 -162.000000 -3715.000000 1446.000000 
-13.620000 43.009998 77.400002 -16.040001 -45.610001 0.000000 2127.000000 -2595.000000 3850.000000 127.000000 -4065.000000 1702.000000 
-14.490000 43.090000 76.919998 -15.950000 -46.419998 0.000000 2063.000000 -2547.000000 3779.000000 -138.000000 -4372.000000 1995.000000 
-15.380000 42.980000 76.480003 -15.970000 -47.430000 0.000000 2135.000000 -2600.000000 3850.000000 -245.000000 -4831.000000 2547.000000 
-15.990000 42.669998 76.150002 -16.059999 -48.369999 0.000000 2328.000000 -2630.000000 3749.000000 -112.000000 -5237.000000 3115.000000 
-16.230000 42.349998 76.000000 -16.209999 -49.160000 0.000000 2385.000000 -2617.000000 3493.000000 -26.000000 -5485.000000 3354.000000 
-16.309999 42.180000 75.930000 -16.410000 -49.810001 0.000000 2353.000000 -2541.000000 3207.000000 -206.000000 -5453.000000 3241.000000 
-16.260000 42.049999 75.930000 -16.760000 -50.340000 0.000000 2198.000000 -2472.000000 3051.000000 -231.000000 -5118.000000 2800.000000 
-15.960000 41.869999 76.089996 -17.330000 -50.810001 0.000000 1990.000000 -2536.000000 2999.000000 -361.000000 -4642.000000 2196.000000 
-15.430000 41.560001 76.360001 -18.080000 -51.220001 0.000000 1738.000000 -2603.000000 3066.000000 -380.000000 -4106.000000 1575.000000 
-14.810000 41.189999 76.680000 -18.879999 -51.630001 0.000000 1519.000000 -2592.000000 3152.000000 -350.000000 -3649.000000 1003.000000 
-14.250000 40.970001 76.970001 -19.670000 -52.110001 0.000000 1344.000000 -2585.000000 3162.000000 -367.000000 -3336.000000 656.000000 
-13.790000 41.009998 77.260002 -20.430000 -52.730000 0.000000 1238.000000 -2501.000000 3071.000000 -442.000000 -3124.000000 399.000000 
-13.410000 41.139999 77.519997 -21.150000 -53.529999 0.000000 981.000000 -2436.000000 2941.000000 -545.000000 -2974.000000 326.000000 
-13.050000 41.290001 77.800003 -21.850000 -54.470001 0.000000 803.000000 -2307.000000 2670.000000 -551.000000 -2905.000000 316.000000 
-12.670000 41.450001 78.089996 -22.459999 -55.450001 0.000000 871.000000 -1789.000000 2358.000000 -752.000000 -2828.000000 586.000000 
-12.290000 41.480000 78.419998 -23.219999 -56.320000 0.000000 810.000000 -2014.000000 2209.000000 -829.000000 -3091.000000 1063.000000 
-11.840000 41.330002 78.779999 -23.910000 -56.820000 0.000000 825.000000 -1752.000000 2120.000000 -762.000000 -3222.000000 1591.000000 
-11.260000 41.060001 79.150002 -24.530001 -56.860001 0.000000 1010.000000 -1639.000000 2194.000000 -671.000000 -3262.000000 1860.000000 
-10.500000 40.669998 79.599998 -24.900000 -56.490002 0.000000 1251.000000 -1469.000000 2428.000000 -581.000000 -3069.000000 1871.000000 
-9.620000 40.230000 80.010002 -25.059999 -55.959999 0.000000 1439.000000 -1466.000000 2850.000000 -415.000000 -2899.000000 1785.000000 
-8.700000 39.860001 80.370003 -24.930000 -55.380001 0.000000 1592.000000 -1356.000000 3164.000000 -313.000000 -2636.000000 1594.000000 
-7.670000 39.750000 80.709999 -24.530001 -54.849998 0.000000 1778.000000 -1132.000000 3228.000000 -368.000000 -2478.000000 1524.000000 
-6.540000 39.750000 81.029999 -24.000000 -54.290001 0.000000 1665.000000 -1010.000000 3085.000000 -683.000000 -2321.000000 1602.000000 
-5.410000 39.759998 81.300003 -23.379999 -53.779999 0.000000 1457.000000 -825.000000 2716.000000 -826.000000 -2125.000000 1584.000000 
-4.280000 39.790001 81.480003 -22.719999 -53.130001 0.000000 1489.000000 -637.000000 2419.000000 -763.000000 -1963.000000 1763.000000 
-3.120000 39.799999 81.610001 -22.070000 -52.360001 0.000000 1507.000000 -462.000000 2432.000000 -692.000000 -1877.000000 2038.000000 
-1.990000 39.799999 81.620003 -21.430000 -51.590000 0.000000 1587.000000 -284.000000 2605.000000 -703.000000 -1753.000000 2104.000000 
-0.970000 39.869999 81.449997 -20.840000 -50.950001 0.000000 1634.000000 -280.000000 2930.000000 -892.000000 -1665.000000 2089.000000 
-0.140000 40.029999 81.089996 -20.240000 -50.450001 0.000000 1669.000000 -151.000000 3169.000000 -1056.000000 -1667.000000 2189.000000 
0.510000 40.290001 80.540001 -19.660000 -50.099998 0.000000 1603.000000 -94.000000 3310.000000 -1246.000000 -1811.000000 2265.000000 
1.050000 40.580002 79.860001 -19.100000 -49.990002 0.000000 1586.000000 16.000000 3558.000000 -1705.000000 -1941.000000 2410.000000 
1.550000 40.889999 79.160004 -18.570000 -50.029999 0.000000 1662.000000 102.000000 3708.000000 -2146.000000 -2162.000000 2638.000000 
2.040000 41.189999 78.459999 -18.080000 -50.139999 0.000000 1514.000000 6.000000 3861.000000 -2517.000000 -2448.000000 2895.000000 
2.550000 41.459999 77.809998 -17.610001 -50.139999 0.000000 1377.000000 -76.000000 4000.000000 -2664.000000 -2494.000000 2904.000000 
3.080000 41.740002 77.199997 -17.160000 -50.000000 0.000000 1362.000000 -182.000000 4131.000000 -2674.000000 -2451.000000 2915.000000 
3.590000 41.990002 76.650002 -16.690001 -49.759998 0.000000 1460.000000 -109.000000 4422.000000 -2674.000000 -2434.000000 2919.000000 
4.100000 42.180000 76.190002 -16.200001 -49.400002 0.000000 1609.000000 -47.000000 4461.000000 -2530.000000 -2352.000000 2987.000000 
4.650000 42.330002 75.800003 -15.690000 -48.939999 0.000000 1813.000000 67.000000 4246.000000 -2427.000000 -2222.000000 3038.000000 
5.230000 42.389999 75.480003 -15.180000 -48.380001 0.000000 1938.000000 186.000000 4089.000000 -2350.000000 -2123.000000 3135.000000 
5.800000 42.380001 75.220001 -14.700000 -47.759998 0.000000 1993.000000 206.000000 4026.000000 -2221.000000 -2166.000000 3385.000000 
6.260000 42.389999 74.940002 -14.260000 -47.099998 0.000000 2103.000000 125.000000 4075.000000 -2112.000000 -2379.000000 3699.000000 
6.610000 42.410000 74.629997 -13.800000 -46.360001 0.000000 2227.000000 211.000000 4293.000000 -2142.000000 -2560.000000 3793.000000 
7.050000 42.509998 74.419998 -13.460000 -45.540001 0.000000 2620.000000 -106.000000 4522.000000 -1786.000000 -3151.000000 3712.000000 
7.620000 42.849998 74.419998 -13.080000 -45.430000 0.000000 2787.000000 9.000000 5181.000000 -3822.000000 -3664.000000 4056.000000 
8.160000 43.320000 74.680000 -12.700000 -45.279999 0.000000 2463.000000 -77.000000 6003.000000 -4596.000000 -3966.000000 4591.000000 
8.800000 43.639999 75.150002 -12.210000 -44.439999 0.000000 2141.000000 -25.000000 5758.000000 -3950.000000 -3673.000000 4649.000000 
9.740000 43.680000 75.820000 -11.560000 -42.880001 0.000000 2398.000000 121.000000 5067.000000 -2723.000000 -3044.000000 4187.000000 
10.840000 43.540001 76.559998 -11.170000 -41.290001 0.000000 11773.000000 -1402.000000 14738.000000 -1451.000000 -2678.000000 3863.000000 
11.990000 43.540001 77.360001 -8.350000 -39.820000 0.000000 -691.000000 1988.000000 -1201.000000 -1633.000000 -2849.000000 3517.000000 
13.130000 43.610001 78.160004 -7.330000 -38.790001 0.000000 4621.000000 -900.000000 5777.000000 -1007.000000 -2673.000000 4221.000000 
14.160000 43.639999 78.919998 -6.040000 -37.900002 0.000000 2913.000000 28.000000 2918.000000 -1471.000000 -2736.000000 4311.000000 
15.200000 43.439999 79.550003 -5.010000 -36.939999 0.000000 2943.000000 377.000000 3852.000000 -1683.000000 -2774.000000 4102.000000 
16.340000 42.840000 80.279999 -4.170000 -36.060001 0.000000 2747.000000 322.000000 3317.000000 -1491.000000 -2583.000000 3732.000000 
17.480000 41.889999 80.970001 -3.560000 -35.340000 0.000000 3036.000000 244.000000 3099.000000 -878.000000 -2153.000000 3448.000000 
18.520000 40.980000 81.510002 -3.230000 -34.880001 0.000000 3418.000000 -167.000000 3491.000000 -187.000000 -1983.000000 3376.000000 
19.160000 39.990002 81.779999 -3.010000 -34.540001 0.000000 2818.000000 -286.000000 3070.000000 -214.000000 -2252.000000 3632.000000 
19.420000 39.189999 81.889999 -2.740000 -34.680000 0.000000 3212.000000 -99.000000 2796.000000 -442.000000 -3007.000000 3772.000000 
19.280001 38.330002 81.750000 -2.580000 -34.840000 0.000000 3242.000000 -412.000000 3034.000000 -296.000000 -2777.000000 3322.000000 
19.129999 37.549999 81.550003 -2.450000 -35.169998 0.000000 3163.000000 -351.000000 2987.000000 -447.000000 -2837.000000 3148.000000 
19.030001 36.970001 81.400002 -2.490000 -35.509998 0.000000 2959.000000 -563.000000 3052.000000 -552.000000 -2897.000000 3120.000000 
18.870001 36.529999 81.239998 -2.540000 -35.840000 0.000000 2960.000000 -572.000000 3142.000000 -655.000000 -2912.000000 3121.000000 
18.750000 36.259998 81.129997 -2.560000 -36.130001 0.000000 2919.000000 -552.000000 3092.000000 -703.000000 -2863.000000 3060.000000 
18.719999 36.119999 81.150002 -2.500000 -36.340000 0.000000 2856.000000 -439.000000 3151.000000 -748.000000 -2780.000000 3053.000000 
18.780001 36.049999 81.230003 -2.350000 -36.400002 0.000000 2871.000000 -358.000000 3179.000000 -811.000000 -2738.000000 3182.000000 
18.959999 36.009998 81.370003 -2.040000 -36.340000 0.000000 2877.000000 -209.000000 3235.000000 -877.000000 -2675.000000 3191.000000 
19.260000 35.930000 81.580002 -1.610000 -36.180000 0.000000 2913.000000 -33.000000 3227.000000 -838.000000 -2683.000000 3361.000000 
19.559999 35.860001 81.889999 -1.200000 -35.919998 0.000000 2905.000000 -34.000000 3241.000000 -698.000000 -2692.000000 3514.000000 
19.850000 35.799999 82.199997 -0.760000 -35.500000 0.000000 2891.000000 -8.000000 3246.000000 -653.000000 -2578.000000 3534.000000 
20.200001 35.689999 82.440002 -0.530000 -35.419998 0.000000 2838.000000 -63.000000 3276.000000 -725.000000 -2648.000000 3551.000000 
20.559999 35.459999 82.669998 -0.650000 -35.529999 0.000000 2941.000000 -178.000000 3225.000000 -727.000000 -2696.000000 3495.000000 
20.870001 35.209999 82.889999 -1.070000 -35.849998 0.000000 2914.000000 -293.000000 3190.000000 -638.000000 -2734.000000 3407.000000 
21.080000 35.040001 83.059998 -1.730000 -36.259998 0.000000 2857.000000 -414.000000 3208.000000 -645.000000 -2778.000000 3374.000000 
21.230000 34.880001 83.180000 -2.530000 -36.790001 0.000000 2826.000000 -510.000000 3133.000000 -634.000000 -2767.000000 3274.000000 
21.260000 34.700001 83.190002 -3.440000 -37.400002 0.000000 2831.000000 -631.000000 3158.000000 -605.000000 -2836.000000 3201.000000 
21.209999 34.490002 83.209999 -4.450000 -38.029999 0.000000 2816.000000 -777.000000 3108.000000 -567.000000 -2904.000000 3111.000000 
21.100000 34.279999 83.220001 -5.460000 -38.689999 0.000000 2823.000000 -866.000000 3127.000000 -581.000000 -2922.000000 3054.000000 
21.030001 34.090000 83.230003 -6.470000 -39.310001 0.000000 2791.000000 -984.000000 3093.000000 -565.000000 -2953.000000 3010.000000 
20.969999 33.910000 83.269997 -7.410000 -39.900002 0.000000 2731.000000 -1062.000000 3104.000000 -571.000000 -2936.000000 2961.000000 
20.900000 33.720001 83.290001 -8.210000 -40.439999 0.000000 2740.000000 -1083.000000 3114.000000 -572.000000 -2959.000000 2969.000000 
20.820000 33.540001 83.330002 -8.870000 -40.950001 0.000000 2731.000000 -1111.000000 3078.000000 -558.000000 -2939.000000 2971.000000 
20.799999 33.330002 83.400002 -9.360000 -41.310001 0.000000 2724.000000 -1127.000000 3139.000000 -553.000000 -2921.000000 2993.000000 
20.850000 33.099998 83.510002 -9.650000 -41.599998 0.000000 2718.000000 -1089.000000 3119.000000 -595.000000 -2892.000000 3019.000000 
20.910000 32.889999 83.650002 -9.750000 -41.830002 0.000000 2748.000000 -1030.000000 3124.000000 -592.000000 -2852.000000 3043.000000 
20.950001 32.669998 83.779999 -9.690000 -42.000000 0.000000 2831.000000 -988.000000 3081.000000 -534.000000 -2874.000000 3031.000000 
20.959999 32.459999 83.940002 -9.480000 -42.150002 0.000000 2862.000000 -912.000000 3093.000000 -522.000000 -2879.000000 3097.000000 
20.930000 32.310001 84.059998 -9.150000 -42.230000 0.000000 2885.000000 -796.000000 3075.000000 -514.000000 -2841.000000 3147.000000 
20.969999 32.240002 84.250000 -8.760000 -42.220001 0.000000 2893.000000 -752.000000 3102.000000 -488.000000 -2823.000000 3175.000000 
20.990000 32.209999 84.430000 -8.360000 -42.180000 0.000000 2903.000000 -704.000000 3086.000000 -499.000000 -2841.000000 3243.000000 
20.969999 32.240002 84.559998 -7.990000 -42.200001 0.000000 2902.000000 -665.000000 3099.000000 -511.000000 -2849.000000 3222.000000 
20.959999 32.290001 84.690002 -7.660000 -42.169998 0.000000 2890.000000 -619.000000 3105.000000 -515.000000 -2833.000000 3226.000000 
20.930000 32.369999 84.769997 -7.390000 -42.180000 0.000000 2878.000000 -599.000000 3129.000000 -524.000000 -2824.000000 3221.000000 
20.930000 32.459999 84.839996 -7.230000 -42.080002 0.000000 2855.000000 -618.000000 3147.000000 -538.000000 -2827.000000 3211.000000 
20.920000 32.549999 84.900002 -7.160000 -42.139999 0.000000 2845.000000 -638.000000 3139.000000 -567.000000 -2835.000000 3187.000000 
20.930000 32.639999 84.980003 -7.140000 -42.180000 0.000000 2858.000000 -650.000000 3130.000000 -574.000000 -2842.000000 3183.000000 
20.910000 32.709999 85.029999 -7.160000 -42.270000 0.000000 2828.000000 -652.000000 3172.000000 -571.000000 -2831.000000 3177.000000 
20.900000 32.750000 85.080002 -7.210000 -42.349998 0.000000 2837.000000 -694.000000 3143.000000 -573.000000 -2831.000000 3140.000000 
20.879999 32.750000 85.129997 -7.260000 -42.410000 0.000000 2857.000000 -680.000000 3092.000000 -566.000000 -2831.000000 3143.000000 
20.860001 32.730000 85.160004 -7.330000 -42.490002 0.000000 2881.000000 -695.000000 3076.000000 -546.000000 -2838.000000 3129.000000 
20.830000 32.689999 85.160004 -7.400000 -42.560001 0.000000 2907.000000 -704.000000 3081.000000 -509.000000 -2861.000000 3145.000000 
20.760000 32.630001 85.169998 -7.480000 -42.580002 0.000000 2916.000000 -710.000000 3065.000000 -486.000000 -2872.000000 3138.000000 
20.700001 32.540001 85.169998 -7.560000 -42.610001 0.000000 2928.000000 -705.000000 3068.000000 -471.000000 -2867.000000 3154.000000 
20.670000 32.439999 85.160004 -7.660000 -42.680000 0.000000 2917.000000 -718.000000 3070.000000 -482.000000 -2858.000000 3126.000000 
20.650000 32.369999 85.169998 -7.750000 -42.750000 0.000000 2922.000000 -727.000000 3092.000000 -485.000000 -2859.000000 3148.000000 
20.650000 32.360001 85.220001 -7.860000 -42.750000 0.000000 2859.000000 -761.000000 3077.000000 -530.000000 -2819.000000 3156.000000 
20.660000 32.349998 85.279999 -7.930000 -42.759998 0.000000 2861.000000 -726.000000 3097.000000 -533.000000 -2822.000000 3167.000000 
20.620001 32.340000 85.309998 -7.980000 -42.910000 0.000000 2916.000000 -722.000000 3088.000000 -519.000000 -2850.000000 3133.000000 
20.570000 32.349998 85.330002 -8.010000 -42.919998 0.000000 2907.000000 -691.000000 3091.000000 -518.000000 -2854.000000 3158.000000 
20.510000 32.410000 85.309998 -8.030000 -42.889999 0.000000 2888.000000 -678.000000 3069.000000 -531.000000 -2837.000000 3186.000000 
20.490000 32.470001 85.349998 -8.060000 -42.810001 0.000000 2878.000000 -667.000000 3126.000000 -543.000000 -2846.000000 3158.000000 
20.480000 32.520000 85.370003 -8.120000 -42.889999 0.000000 2869.000000 -684.000000 3098.000000 -555.000000 -2844.000000 3153.000000 
20.480000 32.580002 85.370003 -8.200000 -43.660000 0.000000 2863.000000 -689.000000 3112.000000 -563.000000 -2839.000000 3169.000000 
20.490000 32.630001 85.379997 -8.310000 -43.630001 0.000000 2839.000000 -700.000000 3126.000000 -542.000000 -2843.000000 3133.000000 
20.490000 32.650002 85.400002 -8.420000 -43.650002 0.000000 2866.000000 -703.000000 3099.000000 -525.000000 -2862.000000 3144.000000 
20.500000 32.639999 85.449997 -8.550000 -43.669998 0.000000 2877.000000 -710.000000 3127.000000 -510.000000 -2867.000000 3133.000000 
20.510000 32.610001 85.519997 -8.700000 -43.689999 0.000000 2883.000000 -727.000000 3133.000000 -493.000000 -2868.000000 3128.000000 
20.520000 32.599998 85.510002 -8.860000 -43.619999 0.000000 2891.000000 -737.000000 3083.000000 -538.000000 -2844.000000 3124.000000 
20.510000 32.590000 85.580002 -9.050000 -43.619999 0.000000 2857.000000 -767.000000 3105.000000 -542.000000 -2845.000000 3152.000000 
20.520000 32.599998 85.599998 -9.240000 -43.590000 0.000000 2833.000000 -776.000000 3121.000000 -565.000000 -2844.000000 3142.000000 
20.540001 32.610001 85.610001 -9.410000 -43.599998 0.000000 2821.000000 -777.000000 3120.000000 -525.000000 -2861.000000 3119.000000 
20.570000 32.580002 85.610001 -9.570000 -43.610001 0.000000 2857.000000 -777.000000 3092.000000 -484.000000 -2863.000000 3123.000000 
20.559999 32.540001 85.650002 -9.710000 -43.480000 0.000000 2859.000000 -776.000000 3083.000000 -529.000000 -2839.000000 3149.000000 
