28.450001 50.529999 -14.940000 -1.450000 -45.009998 0.000000 1543.000000 -167.000000 4168.000000 -654.000000 -3035.000000 2886.000000 
28.280001 50.439999 -15.190000 -1.440000 -45.009998 0.000000 1559.000000 -156.000000 4142.000000 -641.000000 -3030.000000 2885.000000 
28.379999 50.430000 -15.120000 -1.460000 -45.020000 0.000000 1561.000000 -148.000000 4129.000000 -670.000000 -3033.000000 2877.000000 
28.559999 50.459999 -14.900000 -1.470000 -45.020000 0.000000 1553.000000 -165.000000 4080.000000 -648.000000 -3043.000000 2892.000000 
28.600000 50.490002 -14.860000 -1.500000 -45.040001 0.000000 1549.000000 -177.000000 4126.000000 -668.000000 -3029.000000 2862.000000 
28.540001 50.540001 -14.890000 -1.520000 -45.049999 0.000000 1556.000000 -161.000000 4095.000000 -652.000000 -3031.000000 2876.000000 
28.700001 50.570000 -14.760000 -1.510000 -45.040001 0.000000 1543.000000 -171.000000 4071.000000 -641.000000 -3026.000000 2880.000000 
28.740000 50.570000 -14.800000 -1.550000 -45.000000 0.000000 1490.000000 -188.000000 4111.000000 -674.000000 -3009.000000 2878.000000 
28.639999 50.599998 -15.110000 -1.560000 -45.009998 0.000000 1501.000000 -154.000000 4105.000000 -705.000000 -3025.000000 2868.000000 
28.709999 50.580002 -15.110000 -1.550000 -44.930000 0.000000 1502.000000 -162.000000 4094.000000 -682.000000 -3009.000000 2922.000000 
28.750000 50.560001 -15.170000 -1.550000 -44.889999 0.000000 1513.000000 -172.000000 4088.000000 -669.000000 -3018.000000 2902.000000 
28.690001 50.389999 -15.410000 -1.580000 -44.889999 0.000000 1540.000000 -155.000000 4105.000000 -656.000000 -3019.000000 2861.000000 
28.940001 50.430000 -15.280000 -1.580000 -44.580002 0.000000 1555.000000 -154.000000 4065.000000 337.000000 -2794.000000 3212.000000 
28.490000 50.119999 -15.880000 -1.750000 -44.570000 0.000000 1703.000000 -272.000000 3776.000000 -835.000000 -3029.000000 2784.000000 
28.500000 49.970001 -15.840000 -1.750000 -44.730000 0.000000 1593.000000 -57.000000 3872.000000 -1277.000000 -3015.000000 2569.000000 
28.650000 50.000000 -15.730000 -1.980000 -44.650002 0.000000 1331.000000 -250.000000 4260.000000 -397.000000 -3031.000000 2969.000000 
28.770000 49.880001 -15.630000 -2.180000 -44.689999 0.000000 1648.000000 -265.000000 4482.000000 -711.000000 -2996.000000 2843.000000 
28.770000 49.619999 -15.540000 -2.300000 -44.770000 0.000000 1553.000000 -232.000000 4318.000000 -568.000000 -3067.000000 2873.000000 
29.000000 49.410000 -15.300000 -2.390000 -44.820000 0.000000 1578.000000 -247.000000 4156.000000 -618.000000 -3032.000000 2859.000000 
28.860001 49.139999 -15.570000 -2.490000 -44.860001 0.000000 1643.000000 -211.000000 4038.000000 -630.000000 -3056.000000 2897.000000 
28.639999 49.150002 -15.940000 -2.650000 -44.840000 0.000000 1640.000000 -240.000000 4022.000000 -624.000000 -3034.000000 2916.000000 
28.799999 49.240002 -15.720000 -2.820000 -44.770000 0.000000 1591.000000 -263.000000 4195.000000 -592.000000 -3028.000000 2953.000000 
28.969999 49.139999 -15.500000 -2.990000 -44.759998 0.000000 1571.000000 -280.000000 4330.000000 -638.000000 -3066.000000 2947.000000 
29.020000 48.930000 -15.550000 -3.170000 -43.970001 0.000000 1662.000000 -334.000000 4351.000000 -478.000000 -3018.000000 4028.000000 
29.340000 48.910000 -15.360000 -3.330000 -43.599998 0.000000 1556.000000 -337.000000 4319.000000 -430.000000 -3196.000000 3198.000000 
28.820000 48.439999 -15.860000 -3.510000 -43.279999 0.000000 1736.000000 -384.000000 4271.000000 -668.000000 -3460.000000 3339.000000 
28.299999 48.130001 -16.059999 -3.740000 -42.790001 0.000000 2023.000000 -452.000000 4383.000000 -683.000000 -3558.000000 3694.000000 
27.709999 47.950001 -16.270000 -3.990000 -42.259998 0.000000 2067.000000 -456.000000 4498.000000 -498.000000 -3647.000000 3797.000000 
26.959999 48.029999 -16.389999 -4.200000 -41.759998 0.000000 2056.000000 -441.000000 4411.000000 -312.000000 -3715.000000 3657.000000 
26.299999 48.150002 -16.510000 -4.380000 -41.000000 0.000000 2101.000000 -376.000000 4211.000000 43.000000 -3569.000000 3776.000000 
25.469999 48.439999 -16.969999 -4.590000 -40.349998 0.000000 2339.000000 -374.000000 4080.000000 256.000000 -3609.000000 3370.000000 
24.330000 49.290001 -17.680000 -4.890000 -39.709999 0.000000 2421.000000 -441.000000 4160.000000 215.000000 -3571.000000 3311.000000 
23.250000 50.500000 -18.260000 -5.200000 -39.189999 0.000000 2478.000000 -415.000000 4319.000000 169.000000 -3714.000000 3301.000000 
22.010000 51.730000 -19.280001 -5.550000 -38.689999 0.000000 2673.000000 -481.000000 4642.000000 166.000000 -3766.000000 3413.000000 
20.700001 52.830002 -20.570000 -5.860000 -38.220001 0.000000 2903.000000 -572.000000 5077.000000 768.000000 -4013.000000 3318.000000 
19.580000 53.419998 -21.830000 -5.970000 -37.779999 0.000000 3049.000000 -568.000000 5058.000000 914.000000 -4062.000000 3236.000000 
18.990000 53.560001 -22.799999 -5.840000 -37.480000 0.000000 3123.000000 -539.000000 4586.000000 539.000000 -3941.000000 3449.000000 
18.559999 53.560001 -23.670000 -5.630000 -37.240002 0.000000 2911.000000 -584.000000 3815.000000 455.000000 -3532.000000 3102.000000 
18.879999 52.880001 -24.250000 -5.340000 -36.950001 0.000000 2970.000000 -587.000000 2883.000000 1590.000000 -3251.000000 2275.000000 
19.190001 51.959999 -24.879999 -4.870000 -36.830002 0.000000 3691.000000 -283.000000 2059.000000 1621.000000 -3516.000000 2165.000000 
19.570000 51.060001 -25.520000 -4.580000 -36.840000 0.000000 3742.000000 -510.000000 2895.000000 1140.000000 -3573.000000 3061.000000 
19.959999 50.220001 -26.200001 -4.570000 -36.930000 0.000000 3177.000000 -733.000000 4371.000000 835.000000 -3696.000000 3289.000000 
20.469999 49.400002 -26.950001 -4.520000 -36.910000 0.000000 2826.000000 -739.000000 4663.000000 1171.000000 -3530.000000 3103.000000 
21.219999 48.650002 -27.629999 -4.360000 -36.849998 0.000000 2676.000000 -762.000000 4051.000000 1224.000000 -3339.000000 2844.000000 
22.040001 48.049999 -28.309999 -4.150000 -36.810001 0.000000 2571.000000 -773.000000 3441.000000 953.000000 -3189.000000 2658.000000 
22.660000 47.660000 -28.959999 -4.050000 -36.830002 0.000000 2451.000000 -834.000000 3308.000000 656.000000 -3049.000000 2561.000000 
23.270000 48.480000 -29.809999 -3.930000 -36.860001 0.000000 2347.000000 -685.000000 3099.000000 518.000000 -2975.000000 2557.000000 
24.020000 49.369999 -30.690001 -3.840000 -36.880001 0.000000 2135.000000 -684.000000 2877.000000 432.000000 -2948.000000 2628.000000 
24.920000 50.119999 -31.580000 -3.740000 -36.919998 0.000000 1885.000000 -604.000000 2609.000000 323.000000 -2720.000000 2326.000000 
25.940001 50.570000 -32.529999 -3.610000 -37.029999 0.000000 1755.000000 -595.000000 2478.000000 151.000000 -2436.000000 2027.000000 
27.059999 50.660000 -33.540001 -3.590000 -37.220001 0.000000 1550.000000 -687.000000 2472.000000 -48.000000 -2322.000000 2062.000000 
28.240000 50.410000 -34.590000 -3.670000 -37.400002 0.000000 1298.000000 -788.000000 2701.000000 -475.000000 -2318.000000 2207.000000 
29.200001 49.980000 -35.869999 -3.820000 -37.520000 0.000000 1147.000000 -877.000000 3100.000000 -709.000000 -2297.000000 2320.000000 
29.870001 49.509998 -37.389999 -4.000000 -37.680000 0.000000 1148.000000 -953.000000 3538.000000 -769.000000 -2365.000000 2432.000000 
30.200001 49.070000 -39.180000 -4.140000 -37.880001 0.000000 1144.000000 -1002.000000 3944.000000 -536.000000 -2664.000000 2880.000000 
30.200001 48.680000 -41.250000 -4.240000 -38.060001 0.000000 1254.000000 -1020.000000 4116.000000 -314.000000 -3140.000000 3476.000000 
30.100000 48.259998 -43.430000 -4.260000 -38.119999 0.000000 1443.000000 -1015.000000 4072.000000 -352.000000 -3360.000000 3732.000000 
30.120001 47.750000 -45.570000 -4.160000 -38.009998 0.000000 1430.000000 -982.000000 4088.000000 -566.000000 -3349.000000 3678.000000 
30.350000 47.130001 -47.599998 -3.940000 -37.599998 0.000000 1272.000000 -909.000000 4101.000000 -843.000000 -3056.000000 3632.000000 
30.610001 46.459999 -49.639999 -3.730000 -36.990002 0.000000 1117.000000 -910.000000 3925.000000 -837.000000 -2720.000000 3390.000000 
30.770000 45.799999 -51.759998 -3.590000 -36.279999 0.000000 785.000000 -1001.000000 3913.000000 -1025.000000 -2473.000000 3090.000000 
30.870001 45.139999 -53.900002 -3.530000 -35.490002 0.000000 347.000000 -1120.000000 4051.000000 -1540.000000 -2167.000000 2841.000000 
31.120001 44.150002 -55.799999 -3.640000 -34.689999 0.000000 376.000000 -1298.000000 4483.000000 -1960.000000 -2045.000000 2910.000000 
30.900000 43.990002 -58.029999 -3.760000 -33.880001 0.000000 -47.000000 -1197.000000 4863.000000 -1969.000000 -1977.000000 2993.000000 
30.030001 44.259998 -60.360001 -3.900000 -33.119999 0.000000 164.000000 -1138.000000 5360.000000 -1403.000000 -2112.000000 3081.000000 
28.570000 44.779999 -62.990002 -3.990000 -32.459999 0.000000 15.000000 -1153.000000 5344.000000 -935.000000 -2248.000000 2957.000000 
26.900000 45.430000 -65.669998 -4.020000 -31.820000 0.000000 0.000000 -1101.000000 4987.000000 -981.000000 -2409.000000 3170.000000 
25.120001 46.150002 -68.290001 -4.000000 -31.139999 0.000000 -2.000000 -1003.000000 4484.000000 -1386.000000 -2543.000000 3573.000000 
23.129999 46.849998 -70.949997 -3.990000 -30.410000 0.000000 -23.000000 -948.000000 4045.000000 -1931.000000 -2525.000000 3617.000000 
20.870001 47.389999 -73.720001 -4.040000 -29.660000 0.000000 -11.000000 -970.000000 3820.000000 -2073.000000 -2489.000000 3411.000000 
18.490000 47.750000 -76.489998 -4.170000 -28.930000 0.000000 239.000000 -1067.000000 4132.000000 -1814.000000 -2697.000000 3786.000000 
16.090000 47.950001 -79.129997 -4.230000 -28.170000 0.000000 535.000000 -959.000000 4631.000000 -1351.000000 -2809.000000 4296.000000 
13.720000 48.020000 -81.589996 -4.200000 -27.440001 0.000000 549.000000 -869.000000 4974.000000 -1061.000000 -2773.000000 4349.000000 
11.440000 48.020000 -83.779999 -4.180000 -26.790001 0.000000 441.000000 -851.000000 5077.000000 -851.000000 -2702.000000 4282.000000 
9.290000 48.029999 -85.720001 -4.130000 -26.260000 0.000000 623.000000 -749.000000 4912.000000 -218.000000 -2693.000000 4402.000000 
7.200000 47.970001 -87.580002 -4.130000 -25.830000 0.000000 734.000000 -721.000000 4753.000000 128.000000 -2580.000000 4264.000000 
5.300000 47.980000 -89.220001 -4.220000 -25.520000 0.000000 854.000000 -710.000000 4509.000000 -143.000000 -2447.000000 3918.000000 
3.540000 48.029999 -90.750000 -4.460000 -25.320000 0.000000 1037.000000 -785.000000 4455.000000 -610.000000 -2321.000000 3812.000000 
2.060000 48.220001 -92.050003 -4.830000 -25.270000 0.000000 782.000000 -823.000000 4531.000000 -858.000000 -2228.000000 3875.000000 
0.740000 48.430000 -93.250000 -5.210000 -25.330000 0.000000 624.000000 -589.000000 4094.000000 -899.000000 -2266.000000 4102.000000 
-0.440000 48.669998 -94.239998 -5.900000 -25.440001 0.000000 696.000000 -781.000000 3885.000000 -414.000000 -2337.000000 4345.000000 
-1.450000 48.240002 -95.209999 -6.850000 -25.540001 0.000000 976.000000 -820.000000 3672.000000 73.000000 -2355.000000 4436.000000 
-1.820000 47.500000 -95.760002 -7.990000 -25.629999 0.000000 1180.000000 -855.000000 3609.000000 400.000000 -2292.000000 4290.000000 
-1.660000 46.650002 -95.970001 -9.270000 -25.719999 0.000000 1113.000000 -944.000000 3581.000000 534.000000 -2071.000000 3841.000000 
-0.490000 46.220001 -95.250000 -10.570000 -25.840000 0.000000 955.000000 -996.000000 3553.000000 305.000000 -1819.000000 3347.000000 
0.760000 45.490002 -94.510002 -11.990000 -25.850000 0.000000 1257.000000 -1102.000000 3245.000000 117.000000 -1634.000000 3278.000000 
1.920000 44.759998 -93.769997 -13.620000 -26.240000 0.000000 1107.000000 -1167.000000 3165.000000 -130.000000 -1819.000000 3122.000000 
2.100000 43.830002 -93.639999 -14.390000 -26.299999 0.000000 1982.000000 -37.000000 8018.000000 -30.000000 -1724.000000 3624.000000 
2.360000 43.049999 -93.370003 -15.940000 -26.900000 0.000000 2409.000000 -2055.000000 2609.000000 715.000000 -2218.000000 3348.000000 
3.120000 42.480000 -92.800003 -17.090000 -27.180000 0.000000 2957.000000 -1021.000000 3737.000000 1487.000000 -2319.000000 4762.000000 
4.360000 42.669998 -91.879997 -18.080000 -27.260000 0.000000 2286.000000 -1304.000000 4342.000000 1375.000000 -2490.000000 5601.000000 
5.520000 42.790001 -90.949997 -19.129999 -26.930000 0.000000 1986.000000 -1602.000000 4687.000000 899.000000 -2557.000000 5879.000000 
6.460000 42.590000 -90.169998 -20.120001 -26.209999 0.000000 2083.000000 -1349.000000 3512.000000 810.000000 -2422.000000 5945.000000 
7.600000 42.660000 -89.269997 -21.010000 -25.379999 0.000000 2056.000000 -1125.000000 3296.000000 1225.000000 -2186.000000 5051.000000 
8.790000 43.049999 -88.190002 -22.299999 -24.540001 0.000000 1567.000000 -1591.000000 3770.000000 1084.000000 -1898.000000 3919.000000 
10.000000 43.209999 -87.169998 -23.709999 -23.570000 0.000000 1927.000000 -2587.000000 6088.000000 512.000000 -1684.000000 3750.000000 
10.750000 42.980000 -86.500000 -24.910000 -22.660000 0.000000 1841.000000 -1751.000000 3445.000000 -212.000000 -1568.000000 3758.000000 
11.580000 42.930000 -85.750000 -25.879999 -21.830000 0.000000 1868.000000 -1798.000000 3605.000000 640.000000 -1379.000000 3359.000000 
12.250000 42.990002 -85.019997 -26.730000 -21.240000 0.000000 1699.000000 -1925.000000 4069.000000 806.000000 -1460.000000 3497.000000 
12.530000 43.200001 -84.440002 -27.680000 -20.670000 0.000000 1377.000000 -1944.000000 3861.000000 45.000000 -1596.000000 3979.000000 
12.800000 43.610001 -83.870003 -28.590000 -19.709999 0.000000 1753.000000 -1764.000000 3587.000000 585.000000 -1167.000000 3950.000000 
12.530000 44.580002 -83.959999 -29.360001 -19.200001 0.000000 1737.000000 -1667.000000 3489.000000 949.000000 -1753.000000 4351.000000 
12.110000 46.009998 -83.980003 -30.100000 -18.559999 0.000000 2169.000000 -1773.000000 3422.000000 397.000000 -1669.000000 4187.000000 
11.900000 47.029999 -84.029999 -30.610001 -17.840000 0.000000 1852.000000 -1787.000000 3523.000000 610.000000 -1494.000000 3915.000000 
11.720000 47.520000 -84.150002 -31.090000 -16.959999 0.000000 1775.000000 -1864.000000 3367.000000 894.000000 -1110.000000 3438.000000 
12.130000 47.959999 -83.940002 -31.450001 -16.120001 0.000000 1624.000000 -1816.000000 3378.000000 837.000000 -1037.000000 3379.000000 
12.460000 48.189999 -83.820000 -31.799999 -15.480000 0.000000 1929.000000 -1568.000000 2903.000000 653.000000 -1305.000000 4119.000000 
12.530000 48.240002 -83.849998 -32.410000 -15.030000 0.000000 2381.000000 -1744.000000 2373.000000 474.000000 -1420.000000 4102.000000 
12.300000 48.250000 -84.040001 -32.910000 -14.650000 0.000000 3026.000000 -1821.000000 2927.000000 1043.000000 -1310.000000 3723.000000 
12.330000 48.430000 -84.139999 -33.410000 -14.360000 0.000000 2390.000000 -1994.000000 3198.000000 1166.000000 -1106.000000 3507.000000 
11.800000 48.740002 -84.599998 -33.820000 -14.230000 0.000000 1597.000000 -2239.000000 3674.000000 984.000000 -1115.000000 3577.000000 
11.150000 49.049999 -85.160004 -34.189999 -14.140000 0.000000 1598.000000 -1941.000000 3201.000000 435.000000 -1171.000000 4012.000000 
11.650000 49.630001 -85.070000 -34.849998 -13.830000 0.000000 2340.000000 -1769.000000 2207.000000 212.000000 -899.000000 3402.000000 
11.780000 49.580002 -85.180000 -35.490002 -13.710000 0.000000 2487.000000 -2198.000000 3143.000000 -188.000000 -890.000000 2994.000000 
11.090000 49.830002 -85.959999 -36.240002 -13.730000 0.000000 1377.000000 -3429.000000 3655.000000 -544.000000 -1553.000000 5136.000000 
9.830000 50.830002 -87.360001 -36.619999 -13.680000 0.000000 1078.000000 -2579.000000 3507.000000 808.000000 -1156.000000 3920.000000 
8.640000 51.540001 -88.860001 -37.189999 -13.780000 0.000000 2000.000000 -1977.000000 2661.000000 616.000000 -1076.000000 2890.000000 
7.920000 51.900002 -90.099998 -37.669998 -13.890000 0.000000 2740.000000 -2172.000000 3276.000000 649.000000 -1225.000000 4055.000000 
7.320000 51.730000 -91.269997 -37.980000 -14.220000 0.000000 2236.000000 -2303.000000 3469.000000 -741.000000 -1560.000000 5136.000000 
7.450000 51.610001 -91.720001 -38.439999 -14.610000 0.000000 1797.000000 -2502.000000 3389.000000 255.000000 -1461.000000 4743.000000 
7.610000 51.360001 -92.089996 -38.930000 -14.850000 0.000000 1465.000000 -2568.000000 3395.000000 390.000000 -1141.000000 4114.000000 
7.550000 51.139999 -92.570000 -39.619999 -15.400000 0.000000 1480.000000 -2790.000000 3118.000000 196.000000 -1056.000000 3408.000000 
7.930000 50.939999 -92.480003 -39.970001 -16.430000 0.000000 1602.000000 -3171.000000 3913.000000 -115.000000 -1394.000000 3748.000000 
7.720000 51.110001 -92.800003 -39.639999 -17.730000 0.000000 1859.000000 -3705.000000 5783.000000 -188.000000 -2074.000000 5181.000000 
6.170000 50.980000 -94.089996 -38.900002 -18.930000 0.000000 389.000000 -3999.000000 6002.000000 -401.000000 -2393.000000 6199.000000 
5.180000 52.279999 -94.699997 -38.090000 -19.930000 0.000000 2164.000000 -3503.000000 3498.000000 729.000000 -2286.000000 5536.000000 
3.850000 54.150002 -95.510002 -36.680000 -21.049999 0.000000 1554.000000 -3369.000000 4722.000000 175.000000 -2117.000000 4273.000000 
2.480000 56.380001 -96.410004 -35.580002 -22.120001 0.000000 1206.000000 -3082.000000 3752.000000 -356.000000 -1903.000000 3671.000000 
1.310000 58.639999 -97.209999 -35.049999 -23.180000 0.000000 1248.000000 -2305.000000 2467.000000 -1323.000000 -1626.000000 3393.000000 
-0.080000 60.630001 -98.279999 -34.900002 -24.450001 0.000000 7.000000 -2898.000000 3499.000000 -1788.000000 -1407.000000 2858.000000 
-2.070000 62.360001 -99.949997 -34.639999 -26.059999 0.000000 506.000000 -3313.000000 4811.000000 -2400.000000 -2542.000000 4359.000000 
-4.390000 64.010002 -101.809998 -34.150002 -27.639999 0.000000 220.000000 -3335.000000 5119.000000 -2710.000000 -2754.000000 4687.000000 
-6.830000 65.989998 -103.639999 -33.470001 -29.080000 0.000000 551.000000 -3449.000000 5583.000000 -3360.000000 -2467.000000 4162.000000 
-10.080000 68.320000 -106.139999 -32.709999 -30.430000 0.000000 1391.000000 -2722.000000 4933.000000 -3174.000000 -2152.000000 3555.000000 
-14.700000 71.089996 -109.889999 -31.840000 -31.570000 0.000000 24.000000 -3306.000000 6028.000000 -3178.000000 -1645.000000 3006.000000 
-21.730000 74.239998 -115.940002 -31.110001 -32.529999 0.000000 -689.000000 -2987.000000 5037.000000 -2984.000000 -2055.000000 3609.000000 
-33.720001 77.379997 -126.720001 -30.719999 -33.380001 0.000000 -798.000000 -2521.000000 3779.000000 -4139.000000 -1085.000000 2151.000000 
-55.139999 79.730003 -146.389999 -30.600000 -34.160000 0.000000 -679.000000 -1927.000000 2937.000000 -4439.000000 -1698.000000 2894.000000 
-86.199997 80.330002 -175.360001 -30.889999 -34.810001 0.000000 -101.000000 -2067.000000 2766.000000 -3484.000000 -1576.000000 2279.000000 
-114.059998 78.760002 158.270004 -30.860001 -35.419998 0.000000 -1108.000000 -2101.000000 3821.000000 -3202.000000 -1090.000000 1435.000000 
-130.960007 75.760002 142.470001 -30.590000 -36.310001 0.000000 -2003.000000 -2435.000000 5443.000000 -3441.000000 -1064.000000 1016.000000 
-140.070007 72.349998 134.509995 -30.459999 -37.459999 0.000000 -2139.000000 -2163.000000 3656.000000 -4785.000000 -1710.000000 1778.000000 
-145.250000 68.930000 130.539993 -31.219999 -38.910000 0.000000 -826.000000 -1722.000000 2250.000000 -5230.000000 -2184.000000 2150.000000 
-148.779999 65.570000 128.190002 -32.369999 -40.220001 0.000000 -1207.000000 -2001.000000 3378.000000 -5447.000000 -2449.000000 2419.000000 
-151.369995 62.349998 126.699997 -33.740002 -41.259998 0.000000 -1215.000000 -2446.000000 5126.000000 -5556.000000 -2433.000000 2247.000000 
-153.490005 59.389999 125.620003 -34.849998 -42.009998 0.000000 -1452.000000 -2653.000000 6753.000000 -5507.000000 -2284.000000 1721.000000 
-155.429993 56.750000 124.589996 -34.340000 -41.790001 0.000000 -205.000000 -2052.000000 7554.000000 -5087.000000 -2207.000000 1799.000000 
-157.259995 54.180000 123.400002 -31.340000 -39.480000 0.000000 -1520.000000 -1431.000000 2671.000000 -4391.000000 -2388.000000 2860.000000 
-159.089996 51.830002 121.980003 -29.340000 -35.250000 0.000000 -3076.000000 -1909.000000 1382.000000 -5511.000000 -1751.000000 3110.000000 
-160.660004 50.560001 120.949997 -26.750000 -29.700001 0.000000 -2134.000000 -1397.000000 1881.000000 -5201.000000 -1940.000000 2473.000000 
-161.679993 49.709999 120.449997 -24.459999 -23.309999 0.000000 -2400.000000 -1079.000000 1266.000000 -4872.000000 -2404.000000 2423.000000 
-162.639999 49.240002 119.919998 -22.879999 -16.469999 0.000000 -2491.000000 -1262.000000 1821.000000 -4641.000000 -2023.000000 2279.000000 
-163.649994 49.070000 119.220001 -21.510000 -9.710000 0.000000 -2218.000000 -1157.000000 2944.000000 -4783.000000 -1662.000000 2255.000000 
-164.610001 49.119999 118.470001 -20.240000 -4.080000 0.000000 -1943.000000 -1168.000000 3865.000000 -5102.000000 -1435.000000 1488.000000 
-165.669998 49.240002 117.559998 -19.070000 0.470000 0.000000 -4356.000000 -1373.000000 5196.000000 -3383.000000 -1317.000000 1493.000000 
-166.630005 49.560001 116.750000 -17.750000 4.140000 0.000000 -1265.000000 -934.000000 2815.000000 -4239.000000 -760.000000 1377.000000 
-167.610001 49.740002 115.870003 -16.820000 6.660000 0.000000 -4029.000000 -1069.000000 2845.000000 -2821.000000 -776.000000 1526.000000 
-168.630005 50.029999 114.940002 -15.960000 7.640000 0.000000 -2465.000000 -1211.000000 3159.000000 -2816.000000 -867.000000 1506.000000 
-169.550003 50.320000 114.070000 -14.620000 8.170000 0.000000 -2063.000000 -384.000000 1369.000000 -2735.000000 -1048.000000 1968.000000 
-170.500000 50.509998 113.169998 -14.280000 7.820000 0.000000 -2270.000000 -938.000000 2604.000000 -3156.000000 -948.000000 1712.000000 
-171.399994 50.750000 112.360001 -14.460000 8.010000 0.000000 -2242.000000 -1036.000000 3250.000000 -3848.000000 -361.000000 1395.000000 
-172.339996 50.970001 111.559998 -15.060000 8.800000 0.000000 -2598.000000 -967.000000 2975.000000 -3599.000000 -14.000000 1261.000000 
-173.320007 51.320000 110.769997 -15.850000 9.990000 0.000000 -2690.000000 -1051.000000 2656.000000 -3586.000000 187.000000 1037.000000 
-174.330002 51.660000 110.010002 -16.570000 10.600000 0.000000 -2599.000000 -1070.000000 2783.000000 -3271.000000 59.000000 1138.000000 
-175.160004 51.959999 109.449997 -17.370001 10.100000 0.000000 -2384.000000 -1176.000000 2782.000000 -3136.000000 -309.000000 1372.000000 
-175.820007 52.380001 109.050003 -18.219999 9.010000 0.000000 -2368.000000 -1261.000000 2773.000000 -2945.000000 -660.000000 1545.000000 
-176.369995 52.779999 108.730003 -19.219999 7.720000 0.000000 -2145.000000 -1320.000000 2661.000000 -2740.000000 -900.000000 1585.000000 
-176.809998 53.160000 108.459999 -20.129999 6.430000 0.000000 -1438.000000 -1427.000000 2911.000000 -3145.000000 -1038.000000 1894.000000 
-177.190002 53.590000 108.129997 -20.719999 5.180000 0.000000 -1372.000000 -1372.000000 3088.000000 -3442.000000 -977.000000 1771.000000 
-177.539993 54.040001 107.760002 -21.150000 4.100000 0.000000 -1618.000000 -1341.000000 2869.000000 -3096.000000 -601.000000 1535.000000 
-178.039993 54.520000 107.169998 -21.680000 3.020000 0.000000 -1500.000000 -1345.000000 2579.000000 -2445.000000 -599.000000 1623.000000 
-178.729996 54.820000 106.349998 -22.139999 2.220000 0.000000 -1647.000000 -1299.000000 2461.000000 -1883.000000 -488.000000 1675.000000 
-179.410004 55.029999 105.510002 -22.400000 2.210000 0.000000 -1692.000000 -1219.000000 2152.000000 -2488.000000 -3.000000 1260.000000 
-179.919998 55.240002 104.800003 -22.559999 2.750000 0.000000 -1878.000000 -1202.000000 1991.000000 -2479.000000 273.000000 1205.000000 
179.679993 55.410000 104.220001 -22.590000 3.340000 0.000000 -1895.000000 -1184.000000 2111.000000 -2246.000000 307.000000 1079.000000 
179.410004 55.660000 103.790001 -22.540001 3.930000 0.000000 -1925.000000 -1149.000000 2194.000000 -2898.000000 632.000000 857.000000 
179.240005 55.950001 103.459999 -22.680000 4.560000 0.000000 -2063.000000 -1187.000000 2202.000000 -2446.000000 547.000000 988.000000 
179.080002 56.130001 103.160004 -23.070000 3.780000 0.000000 -1926.000000 -1188.000000 2199.000000 -2502.000000 -90.000000 1682.000000 
179.050003 56.250000 103.000000 -23.530001 2.880000 0.000000 -1858.000000 -1391.000000 2475.000000 -2710.000000 -154.000000 1833.000000 
179.050003 56.400002 102.879997 -23.930000 2.810000 0.000000 -2008.000000 -1433.000000 2450.000000 -3112.000000 154.000000 1599.000000 
179.089996 56.630001 102.779999 -24.320000 2.540000 0.000000 -2101.000000 -1467.000000 2458.000000 -2897.000000 42.000000 1667.000000 
179.130005 56.770000 102.699997 -24.670000 1.430000 0.000000 -2102.000000 -1517.000000 2500.000000 -2853.000000 -284.000000 2017.000000 
179.179993 56.830002 102.589996 -24.760000 0.790000 0.000000 -1914.000000 -1536.000000 2802.000000 -3107.000000 -131.000000 1961.000000 
179.100006 56.840000 102.349998 -24.639999 1.000000 0.000000 -2104.000000 -1505.000000 2811.000000 -3210.000000 299.000000 1692.000000 
178.919998 56.840000 102.010002 -24.500000 1.470000 0.000000 -2298.000000 -1403.000000 2565.000000 -3026.000000 377.000000 1785.000000 
178.759995 56.810001 101.720001 -24.459999 1.750000 0.000000 -2228.000000 -1410.000000 2633.000000 -3123.000000 301.000000 1833.000000 
178.679993 56.770000 101.519997 -24.430000 1.810000 0.000000 -2273.000000 -1417.000000 2796.000000 -3465.000000 172.000000 2115.000000 
178.490005 56.720001 101.230003 -24.410000 2.000000 0.000000 -2058.000000 -1541.000000 3103.000000 -3435.000000 219.000000 1937.000000 
178.190002 56.709999 100.830002 -24.309999 2.510000 0.000000 -2318.000000 -1359.000000 2920.000000 -3913.000000 542.000000 2030.000000 
177.899994 56.720001 100.470001 -24.320000 3.150000 0.000000 -2342.000000 -1331.000000 2777.000000 -3493.000000 535.000000 2036.000000 
177.660004 56.730000 100.199997 -24.260000 2.840000 0.000000 -2154.000000 -1254.000000 2824.000000 -3529.000000 27.000000 2321.000000 
177.550003 56.759998 100.040001 -24.100000 2.160000 0.000000 -1938.000000 -1286.000000 3017.000000 -2973.000000 -89.000000 2342.000000 
177.520004 56.810001 99.949997 -23.889999 1.780000 0.000000 -1877.000000 -1301.000000 3061.000000 -2957.000000 -58.000000 2241.000000 
177.369995 56.900002 99.669998 -23.740000 2.050000 0.000000 -1699.000000 -1404.000000 3188.000000 -2359.000000 149.000000 2250.000000 
176.990005 56.959999 99.150002 -23.500000 2.690000 0.000000 -1947.000000 -1254.000000 3104.000000 -2262.000000 304.000000 2241.000000 
176.600006 57.110001 98.669998 -23.160000 3.590000 0.000000 -1905.000000 -1150.000000 3198.000000 -2802.000000 545.000000 2222.000000 
176.389999 57.150002 98.370003 -23.059999 3.910000 0.000000 -2177.000000 -1230.000000 3255.000000 -2633.000000 258.000000 2657.000000 
176.229996 57.139999 98.129997 -22.840000 3.110000 0.000000 -1622.000000 -1198.000000 3536.000000 -2365.000000 -318.000000 2938.000000 
176.149994 57.080002 97.970001 -22.670000 3.310000 0.000000 -1825.000000 -1170.000000 3343.000000 -2976.000000 200.000000 2711.000000 
176.119995 57.090000 97.889999 -22.490000 3.900000 0.000000 -1938.000000 -1263.000000 3392.000000 -2723.000000 311.000000 2636.000000 
175.970001 57.080002 97.730003 -22.379999 4.420000 0.000000 -2050.000000 -1342.000000 3336.000000 -2845.000000 342.000000 2528.000000 
176.009995 57.209999 97.739998 -22.280001 4.510000 0.000000 -2040.000000 -1363.000000 3291.000000 -3603.000000 328.000000 2530.000000 
176.220001 57.230000 97.900002 -22.180000 4.300000 0.000000 -1937.000000 -1404.000000 3364.000000 -3552.000000 124.000000 2713.000000 
176.300003 57.240002 97.930000 -21.980000 3.600000 0.000000 -1973.000000 -1411.000000 3574.000000 -3169.000000 -36.000000 2822.000000 
176.369995 57.340000 97.900002 -21.750000 3.000000 0.000000 -1819.000000 -1438.000000 3724.000000 -2905.000000 -43.000000 2736.000000 
176.440002 57.320000 97.860001 -21.600000 2.370000 0.000000 -1947.000000 -1451.000000 3708.000000 -2747.000000 -111.000000 2729.000000 
176.559998 57.250000 97.860001 -21.469999 2.220000 0.000000 -2105.000000 -1448.000000 3750.000000 -3270.000000 -26.000000 2743.000000 
176.779999 57.160000 97.949997 -21.450001 2.550000 0.000000 -2022.000000 -1554.000000 3745.000000 -3500.000000 159.000000 2579.000000 
176.960007 57.130001 97.989998 -21.490000 2.990000 0.000000 -2059.000000 -1628.000000 3694.000000 -3783.000000 263.000000 2562.000000 
177.080002 57.119999 97.959999 -21.629999 3.530000 0.000000 -2197.000000 -1678.000000 3598.000000 -3857.000000 413.000000 2455.000000 
177.029999 57.080002 97.790001 -21.770000 4.020000 0.000000 -2213.000000 -1692.000000 3647.000000 -3803.000000 449.000000 2420.000000 
176.779999 57.060001 97.410004 -21.930000 4.550000 0.000000 -2197.000000 -1710.000000 3767.000000 -3428.000000 393.000000 2434.000000 
176.399994 57.020000 96.949997 -22.129999 5.020000 0.000000 -2186.000000 -1706.000000 3870.000000 -3107.000000 320.000000 2317.000000 
176.070007 56.869999 96.580002 -22.420000 5.060000 0.000000 -2049.000000 -1556.000000 3745.000000 -3151.000000 203.000000 2494.000000 
175.889999 56.599998 96.379997 -22.690001 6.070000 0.000000 -1943.000000 -1270.000000 3198.000000 -2756.000000 504.000000 2200.000000 
175.789993 56.299999 96.269997 -22.760000 6.850000 0.000000 -1925.000000 -1140.000000 2887.000000 -3239.000000 683.000000 2134.000000 
175.710007 56.049999 96.169998 -22.639999 8.070000 0.000000 -2479.000000 -858.000000 2495.000000 -2519.000000 974.000000 1859.000000 
175.649994 55.860001 96.110001 -22.400000 8.290000 0.000000 -2867.000000 -726.000000 2703.000000 -3596.000000 563.000000 2163.000000 
175.649994 55.650002 96.129997 -22.309999 8.880000 0.000000 -2317.000000 -1253.000000 2971.000000 -3193.000000 665.000000 1946.000000 
175.800003 55.459999 96.300003 -22.080000 8.280000 0.000000 -2020.000000 -1213.000000 3125.000000 -3710.000000 114.000000 2265.000000 
176.009995 55.250000 96.559998 -21.879999 8.620000 0.000000 -2024.000000 -1253.000000 3152.000000 -3445.000000 459.000000 2050.000000 
176.289993 55.080002 96.860001 -21.719999 8.820000 0.000000 -2151.000000 -1303.000000 3171.000000 -3382.000000 406.000000 2155.000000 
176.550003 54.990002 97.120003 -21.590000 9.200000 0.000000 -2269.000000 -1289.000000 3091.000000 -3564.000000 549.000000 2038.000000 
176.789993 54.980000 97.320000 -21.530001 9.550000 0.000000 -2333.000000 -1340.000000 3067.000000 -3661.000000 610.000000 1946.000000 
176.960007 54.930000 97.470001 -21.510000 9.960000 0.000000 -2393.000000 -1400.000000 3113.000000 -3669.000000 689.000000 1916.000000 
177.070007 54.869999 97.570000 -21.549999 10.390000 0.000000 -2484.000000 -1444.000000 3141.000000 -3738.000000 729.000000 1923.000000 
177.169998 54.790001 97.709999 -21.580000 10.950000 0.000000 -2553.000000 -1418.000000 3090.000000 -3714.000000 810.000000 1861.000000 
177.250000 54.680000 97.860001 -21.580000 11.650000 0.000000 -2615.000000 -1361.000000 2973.000000 -3618.000000 868.000000 1818.000000 
177.309998 54.580002 98.029999 -21.540001 12.420000 0.000000 -2604.000000 -1296.000000 2860.000000 -3582.000000 959.000000 1707.000000 
177.399994 54.459999 98.269997 -21.459999 13.240000 0.000000 -2660.000000 -1253.000000 2749.000000 -3515.000000 1055.000000 1603.000000 
177.509995 54.360001 98.550003 -21.389999 13.970000 0.000000 -2745.000000 -1230.000000 2609.000000 -3640.000000 1156.000000 1536.000000 
177.649994 54.330002 98.879997 -21.299999 14.640000 0.000000 -2890.000000 -1257.000000 2421.000000 -3797.000000 1379.000000 1344.000000 
177.759995 54.410000 99.230003 -21.170000 15.230000 0.000000 -3097.000000 -1288.000000 2286.000000 -3781.000000 1696.000000 868.000000 
177.960007 54.590000 99.690002 -21.090000 15.910000 0.000000 -3175.000000 -1513.000000 2088.000000 -3294.000000 2175.000000 938.000000 
178.160004 54.919998 100.209999 -21.010000 16.150000 0.000000 -3561.000000 -1241.000000 1609.000000 -4338.000000 1564.000000 1139.000000 
178.229996 55.490002 100.629997 -20.959999 16.100000 0.000000 -3263.000000 -1288.000000 1804.000000 -4057.000000 1207.000000 1103.000000 
178.059998 56.169998 100.879997 -20.750000 15.790000 0.000000 -2893.000000 -1371.000000 1890.000000 -3540.000000 1328.000000 768.000000 
177.839996 56.820000 101.160004 -20.360001 15.350000 0.000000 -2968.000000 -1423.000000 1982.000000 -3181.000000 1447.000000 604.000000 
177.710007 57.450001 101.610001 -19.790001 14.910000 0.000000 -2944.000000 -1296.000000 1935.000000 -2700.000000 1416.000000 541.000000 
177.610001 58.080002 102.180000 -19.120001 14.440000 0.000000 -2888.000000 -1142.000000 1871.000000 -2322.000000 967.000000 860.000000 
177.589996 58.790001 102.839996 -18.480000 13.590000 0.000000 -3081.000000 -1057.000000 1893.000000 -2714.000000 741.000000 987.000000 
177.570007 59.459999 103.570000 -17.840000 11.890000 0.000000 -2954.000000 -882.000000 1695.000000 -2751.000000 314.000000 1420.000000 
177.520004 59.990002 104.309998 -17.309999 10.160000 0.000000 -8817.000000 -1405.000000 -2647.000000 -1686.000000 404.000000 1558.000000 
177.399994 60.380001 105.089996 -17.059999 9.330000 0.000000 -2212.000000 -1248.000000 469.000000 -3256.000000 1460.000000 928.000000 
177.259995 60.830002 105.949997 -16.299999 8.200000 0.000000 485.000000 -1234.000000 2679.000000 -3708.000000 1710.000000 601.000000 
176.850006 61.299999 106.650002 -15.640000 6.970000 0.000000 -336.000000 -815.000000 3167.000000 -3494.000000 1549.000000 266.000000 
176.399994 61.820000 107.400002 -15.480000 5.920000 0.000000 -2062.000000 -778.000000 2748.000000 -2765.000000 1032.000000 466.000000 
176.110001 62.360001 108.389999 -15.850000 4.800000 0.000000 -2223.000000 -743.000000 2011.000000 -2412.000000 547.000000 793.000000 
176.119995 62.900002 109.730003 -16.320000 3.290000 0.000000 -1957.000000 -655.000000 1587.000000 -2366.000000 136.000000 1038.000000 
176.149994 63.279999 111.150002 -16.900000 0.980000 0.000000 -1943.000000 -740.000000 993.000000 -2292.000000 -243.000000 1316.000000 
176.630005 63.779999 112.989998 -17.530001 -0.660000 0.000000 -2061.000000 -990.000000 832.000000 -1898.000000 -129.000000 1092.000000 
177.630005 64.629997 115.389999 -18.559999 -1.080000 0.000000 -611.000000 -1249.000000 1969.000000 -1042.000000 1151.000000 -570.000000 
178.809998 65.580002 118.349998 -20.030001 -4.300000 0.000000 -1360.000000 -1600.000000 2709.000000 -1157.000000 -1730.000000 1866.000000 
-179.690002 66.459999 121.489998 -21.450001 -8.000000 0.000000 -323.000000 -1685.000000 3277.000000 -2007.000000 -1975.000000 1812.000000 
-177.600006 67.379997 125.000000 -23.080000 -11.860000 0.000000 32.000000 -1607.000000 3025.000000 -2982.000000 -2258.000000 1832.000000 
-174.960007 68.410004 128.770004 -24.360001 -15.670000 0.000000 -1472.000000 -2794.000000 7556.000000 -4060.000000 -2799.000000 2489.000000 
-172.479996 69.660004 132.149994 -26.059999 -19.170000 0.000000 817.000000 -1746.000000 1337.000000 -4151.000000 -2875.000000 3099.000000 
-169.990005 70.919998 135.279999 -27.219999 -22.110001 0.000000 -575.000000 -2440.000000 5530.000000 -3360.000000 -2707.000000 2887.000000 
-167.289993 72.320000 138.759995 -28.410000 -24.660000 0.000000 -382.000000 -2410.000000 3707.000000 -2503.000000 -2397.000000 2380.000000 
-164.279999 73.730003 142.580002 -29.299999 -27.190001 0.000000 -797.000000 -2520.000000 3901.000000 -2637.000000 -2401.000000 2117.000000 
-160.610001 75.050003 147.080002 -30.059999 -29.600000 0.000000 -265.000000 -2709.000000 4088.000000 -2303.000000 -2825.000000 2360.000000 
-155.899994 76.260002 152.529999 -30.879999 -31.959999 0.000000 -74.000000 -2803.000000 4034.000000 -2408.000000 -3373.000000 2736.000000 
-149.649994 77.290001 159.440002 -31.709999 -34.270000 0.000000 278.000000 -2935.000000 4256.000000 -2821.000000 -3844.000000 3070.000000 
-142.039993 78.139999 167.580002 -32.490002 -36.389999 0.000000 480.000000 -3098.000000 4446.000000 -3157.000000 -4333.000000 3532.000000 
-133.389999 78.800003 176.630005 -33.189999 -38.209999 0.000000 671.000000 -3285.000000 4720.000000 -3333.000000 -4557.000000 3871.000000 
-123.660004 79.379997 -173.399994 -33.740002 -39.720001 0.000000 1465.000000 -2649.000000 4283.000000 -3469.000000 -4347.000000 3684.000000 
-112.089996 79.900002 -161.809998 -34.090000 -40.910000 0.000000 190.000000 -3339.000000 5667.000000 -3285.000000 -3993.000000 3470.000000 
-98.260002 80.260002 -148.199997 -34.369999 -41.799999 0.000000 811.000000 -3310.000000 4994.000000 -2970.000000 -3851.000000 3537.000000 
-82.480003 80.279999 -132.820007 -34.459999 -42.490002 0.000000 675.000000 -3138.000000 4806.000000 -2692.000000 -3654.000000 3327.000000 
-66.779999 79.790001 -117.570000 -34.470001 -43.029999 0.000000 625.000000 -3187.000000 4675.000000 -2389.000000 -3437.000000 3132.000000 
-53.700001 78.779999 -104.820000 -34.470001 -43.470001 0.000000 686.000000 -3251.000000 4586.000000 -1834.000000 -3303.000000 2985.000000 
-44.259998 77.400002 -95.610001 -34.439999 -43.880001 0.000000 720.000000 -3254.000000 4663.000000 -1538.000000 -3392.000000 2925.000000 
-37.930000 75.860001 -89.419998 -34.459999 -44.290001 0.000000 794.000000 -3333.000000 4653.000000 -1612.000000 -3479.000000 2859.000000 
-34.160000 74.279999 -85.800003 -34.529999 -44.639999 0.000000 770.000000 -3357.000000 4753.000000 -1757.000000 -3736.000000 3100.000000 
-32.430000 72.820000 -84.199997 -34.660000 -44.880001 0.000000 1039.000000 -3224.000000 4372.000000 -1933.000000 -3804.000000 3239.000000 
-32.029999 71.660004 -83.860001 -34.799999 -45.240002 0.000000 -797.000000 -3133.000000 4410.000000 -2159.000000 -2481.000000 1342.000000 
-31.180000 70.910004 -83.150002 -35.439999 -45.450001 0.000000 1119.000000 -2836.000000 2818.000000 -2551.000000 -3021.000000 2301.000000 
-29.559999 70.339996 -81.699997 -36.110001 -45.610001 0.000000 862.000000 -2884.000000 3521.000000 -3340.000000 -3794.000000 3539.000000 
-28.360001 69.410004 -80.629997 -36.500000 -45.549999 0.000000 2162.000000 -2901.000000 4137.000000 -2247.000000 -3697.000000 3563.000000 
-27.540001 68.209999 -79.730003 -36.869999 -45.580002 0.000000 1148.000000 -3065.000000 4099.000000 -1628.000000 -3634.000000 3091.000000 
-25.980000 67.050003 -78.169998 -37.130001 -45.590000 0.000000 835.000000 -2900.000000 3991.000000 -1555.000000 -3623.000000 2883.000000 
-24.020000 66.099998 -76.190002 -37.360001 -45.529999 0.000000 627.000000 -2842.000000 3661.000000 -1081.000000 -3778.000000 3169.000000 
-22.360001 65.180000 -74.500000 -37.459999 -45.400002 0.000000 1567.000000 -2613.000000 3408.000000 -1144.000000 -3686.000000 3362.000000 
-21.260000 63.950001 -73.220001 -37.490002 -45.299999 0.000000 1754.000000 -2521.000000 3177.000000 -1483.000000 -3432.000000 3111.000000 
-19.840000 62.560001 -71.690002 -37.470001 -45.200001 0.000000 1941.000000 -2545.000000 3072.000000 -825.000000 -3406.000000 2958.000000 
-18.080000 61.080002 -69.839996 -37.400002 -45.139999 0.000000 2187.000000 -2475.000000 3076.000000 -166.000000 -3375.000000 2760.000000 
-16.510000 59.610001 -68.150002 -37.290001 -45.040001 0.000000 2324.000000 -2449.000000 3186.000000 19.000000 -3450.000000 2874.000000 
-15.270000 57.880001 -66.809998 -37.150002 -44.869999 0.000000 3253.000000 -2383.000000 3444.000000 -303.000000 -3418.000000 2973.000000 
-13.870000 56.060001 -65.250000 -37.110001 -44.610001 0.000000 2001.000000 -2490.000000 3199.000000 -472.000000 -3288.000000 2988.000000 
-11.560000 54.610001 -63.029999 -37.090000 -44.299999 0.000000 1599.000000 -2597.000000 3353.000000 143.000000 -3100.000000 2875.000000 
-9.570000 53.169998 -61.130001 -36.919998 -44.080002 0.000000 2070.000000 -2782.000000 4288.000000 819.000000 -2958.000000 2534.000000 
-8.520000 51.599998 -60.000000 -36.959999 -43.820000 0.000000 2615.000000 -2370.000000 3235.000000 30.000000 -3353.000000 2843.000000 
-7.940000 50.380001 -59.209999 -36.849998 -43.639999 0.000000 1951.000000 -2406.000000 3722.000000 -445.000000 -2660.000000 2242.000000 
-7.370000 50.180000 -58.520000 -36.889999 -43.720001 0.000000 2473.000000 -2040.000000 2636.000000 442.000000 -2889.000000 2354.000000 
-6.560000 50.049999 -57.799999 -36.889999 -43.599998 0.000000 2152.000000 -2018.000000 2614.000000 -183.000000 -3106.000000 3228.000000 
-5.510000 49.840000 -56.889999 -36.529999 -43.049999 0.000000 2580.000000 -4711.000000 9465.000000 -286.000000 -4332.000000 6282.000000 
-6.210000 49.439999 -57.250000 -36.439999 -42.680000 0.000000 3658.000000 -2413.000000 3825.000000 -967.000000 -3365.000000 3584.000000 
-6.460000 49.169998 -57.220001 -36.560001 -42.230000 0.000000 2579.000000 -2799.000000 3780.000000 -496.000000 -3617.000000 3621.000000 
-5.730000 49.380001 -56.700001 -36.680000 -41.400002 0.000000 2277.000000 -2498.000000 3046.000000 -263.000000 -3179.000000 3438.000000 
-4.760000 49.590000 -56.049999 -36.680000 -40.540001 0.000000 1946.000000 -2406.000000 3057.000000 -1435.000000 -2539.000000 2814.000000 
-3.780000 49.590000 -55.389999 -36.599998 -39.650002 0.000000 1991.000000 -2363.000000 3056.000000 -1137.000000 -2684.000000 3097.000000 
-2.930000 49.400002 -54.770000 -36.450001 -38.669998 0.000000 2190.000000 -2248.000000 2949.000000 -844.000000 -2797.000000 3403.000000 
-2.200000 49.029999 -54.150002 -36.279999 -37.599998 0.000000 2768.000000 -2101.000000 2664.000000 -695.000000 -2954.000000 3622.000000 
-1.610000 48.509998 -53.689999 -36.029999 -36.540001 0.000000 2817.000000 -1799.000000 2257.000000 -978.000000 -2764.000000 3017.000000 
-0.900000 47.840000 -53.150002 -35.490002 -35.090000 0.000000 2504.000000 -1738.000000 2520.000000 -926.000000 -2657.000000 3683.000000 
0.460000 46.869999 -52.169998 -34.860001 -33.430000 0.000000 2388.000000 -2138.000000 2583.000000 -936.000000 -2469.000000 4093.000000 
2.080000 45.730000 -51.029999 -34.110001 -32.200001 0.000000 1427.000000 -2204.000000 2695.000000 -534.000000 -3093.000000 4407.000000 
2.820000 44.650002 -50.049999 -33.270000 -31.660000 0.000000 3806.000000 -3121.000000 5551.000000 1107.000000 -2446.000000 2754.000000 
3.320000 44.830002 -49.389999 -32.450001 -30.559999 0.000000 631.000000 -2046.000000 3217.000000 -423.000000 -2444.000000 4698.000000 
4.080000 45.080002 -48.520000 -31.740000 -29.570000 0.000000 -317.000000 -2034.000000 2755.000000 -1759.000000 -2699.000000 4572.000000 
4.810000 45.250000 -47.700001 -30.879999 -28.809999 0.000000 2329.000000 -2132.000000 3405.000000 -400.000000 -2213.000000 3254.000000 
4.780000 45.770000 -47.380001 -29.809999 -28.410000 0.000000 3218.000000 -1857.000000 3357.000000 106.000000 -2600.000000 3709.000000 
4.230000 46.230000 -47.410000 -28.850000 -28.490000 0.000000 3854.000000 -1599.000000 3094.000000 312.000000 -2071.000000 1787.000000 
4.160000 46.619999 -47.139999 -27.719999 -28.430000 0.000000 3174.000000 -1306.000000 3239.000000 377.000000 -2219.000000 3334.000000 
4.870000 46.490002 -46.209999 -26.490000 -28.410000 0.000000 3399.000000 -1740.000000 3541.000000 -262.000000 -2152.000000 3205.000000 
5.190000 45.680000 -45.660000 -25.000000 -28.610001 0.000000 2601.000000 -1868.000000 3577.000000 -72.000000 -2178.000000 2888.000000 
5.230000 44.950001 -45.450001 -23.299999 -28.510000 0.000000 -3112.000000 -1437.000000 1053.000000 1169.000000 -2377.000000 4042.000000 
5.970000 44.779999 -44.610001 -22.090000 -28.150000 0.000000 1864.000000 -2152.000000 832.000000 3111.000000 -3038.000000 6662.000000 
5.940000 45.630001 -44.560001 -20.139999 -27.360001 0.000000 7412.000000 -1003.000000 7407.000000 -2480.000000 -1881.000000 2796.000000 
4.730000 45.650002 -45.259998 -18.850000 -26.580000 0.000000 915.000000 -1782.000000 1517.000000 743.000000 -3514.000000 3973.000000 
3.990000 45.930000 -45.369999 -17.250000 -25.120001 0.000000 2912.000000 -2034.000000 4674.000000 1173.000000 -3118.000000 5264.000000 
3.570000 47.180000 -45.279999 -15.800000 -23.770000 0.000000 1445.000000 -1888.000000 5808.000000 400.000000 -3545.000000 6245.000000 
2.780000 48.299999 -45.450001 -14.740000 -22.370001 0.000000 1601.000000 -2117.000000 5210.000000 -1352.000000 -3421.000000 5036.000000 
1.890000 49.340000 -45.619999 -14.000000 -21.049999 0.000000 1689.000000 -2184.000000 4146.000000 -1914.000000 -3289.000000 3897.000000 
1.010000 50.459999 -45.680000 -13.460000 -20.010000 0.000000 1813.000000 -2259.000000 4014.000000 -1484.000000 -3144.000000 3281.000000 
0.080000 51.619999 -45.790001 -13.040000 -19.360001 0.000000 1847.000000 -2250.000000 4164.000000 -426.000000 -2986.000000 3135.000000 
-0.790000 52.790001 -45.830002 -12.620000 -18.959999 0.000000 2197.000000 -1972.000000 3945.000000 600.000000 -2758.000000 2518.000000 
-1.600000 53.770000 -45.910000 -12.290000 -18.809999 0.000000 2043.000000 -1808.000000 3371.000000 1177.000000 -2498.000000 1874.000000 
-2.300000 54.439999 -45.959999 -12.040000 -19.059999 0.000000 2041.000000 -1783.000000 2987.000000 1336.000000 -2382.000000 1991.000000 
-2.840000 54.799999 -45.990002 -11.940000 -19.740000 0.000000 1527.000000 -1782.000000 2831.000000 1083.000000 -2418.000000 2520.000000 
-3.180000 54.939999 -45.959999 -11.970000 -20.799999 0.000000 913.000000 -1841.000000 3060.000000 529.000000 -2465.000000 3144.000000 
-3.310000 54.869999 -45.759998 -12.000000 -22.139999 0.000000 614.000000 -1617.000000 3595.000000 -132.000000 -2461.000000 3436.000000 
-3.220000 54.560001 -45.310001 -12.030000 -23.590000 0.000000 1109.000000 -1464.000000 3969.000000 -311.000000 -2467.000000 3607.000000 
-2.780000 54.049999 -44.439999 -12.000000 -25.070000 0.000000 1913.000000 -1427.000000 4294.000000 23.000000 -2585.000000 4212.000000 
-2.310000 53.500000 -43.500000 -11.770000 -26.299999 0.000000 2252.000000 -1260.000000 4514.000000 435.000000 -2674.000000 4508.000000 
-1.910000 53.139999 -42.709999 -11.250000 -27.250000 0.000000 2003.000000 -983.000000 4311.000000 496.000000 -2578.000000 4450.000000 
-1.140000 53.029999 -41.709999 -10.580000 -27.990000 0.000000 1627.000000 -845.000000 3868.000000 485.000000 -2366.000000 4031.000000 
0.090000 52.970001 -40.459999 -9.830000 -28.650000 0.000000 1391.000000 -670.000000 3552.000000 529.000000 -2093.000000 3354.000000 
1.530000 52.700001 -39.119999 -9.100000 -29.400000 0.000000 1520.000000 -533.000000 3316.000000 557.000000 -1841.000000 2555.000000 
3.310000 52.160000 -37.669998 -8.420000 -30.219999 0.000000 1652.000000 -468.000000 3381.000000 512.000000 -1668.000000 2269.000000 
5.510000 51.410000 -36.029999 -7.850000 -31.010000 0.000000 1479.000000 -401.000000 3663.000000 163.000000 -1651.000000 2458.000000 
7.680000 50.639999 -34.580002 -7.360000 -31.760000 0.000000 1180.000000 -316.000000 3710.000000 -354.000000 -1717.000000 3014.000000 
9.740000 49.720001 -33.270000 -6.890000 -32.320000 0.000000 1203.000000 -157.000000 3338.000000 -136.000000 -1765.000000 3618.000000 
11.630000 48.790001 -32.180000 -6.470000 -32.720001 0.000000 1592.000000 -15.000000 3015.000000 28.000000 -1793.000000 4007.000000 
13.320000 47.869999 -31.270000 -6.170000 -32.889999 0.000000 1639.000000 30.000000 3403.000000 274.000000 -1692.000000 3975.000000 
14.810000 46.970001 -30.500000 -5.900000 -32.889999 0.000000 1411.000000 29.000000 3800.000000 326.000000 -1646.000000 3776.000000 
16.170000 46.040001 -29.850000 -5.470000 -32.709999 0.000000 1417.000000 265.000000 3700.000000 359.000000 -1580.000000 3796.000000 
17.430000 45.070000 -29.360001 -4.930000 -32.410000 0.000000 1649.000000 462.000000 3342.000000 450.000000 -1469.000000 3760.000000 
18.600000 44.029999 -29.049999 -4.240000 -32.009998 0.000000 1835.000000 783.000000 2811.000000 642.000000 -1278.000000 3474.000000 
19.719999 42.980000 -28.930000 -3.610000 -31.580000 0.000000 1946.000000 892.000000 2785.000000 795.000000 -1076.000000 3249.000000 
20.830000 42.180000 -28.870001 -3.070000 -31.200001 0.000000 1746.000000 760.000000 2996.000000 845.000000 -1123.000000 3253.000000 
21.850000 41.709999 -28.889999 -2.690000 -30.830000 0.000000 1507.000000 598.000000 3149.000000 462.000000 -1201.000000 3362.000000 
22.709999 41.549999 -28.910000 -2.540000 -30.580000 0.000000 1492.000000 479.000000 3519.000000 58.000000 -1299.000000 3436.000000 
23.370001 41.730000 -29.000000 -2.590000 -30.540001 0.000000 1555.000000 366.000000 4091.000000 -198.000000 -1565.000000 3527.000000 
23.770000 42.320000 -29.219999 -2.790000 -30.700001 0.000000 1722.000000 218.000000 4453.000000 -328.000000 -1852.000000 3694.000000 
23.940001 43.130001 -29.570000 -2.950000 -30.969999 0.000000 1706.000000 204.000000 4730.000000 -411.000000 -2123.000000 3958.000000 
24.080000 44.000000 -29.920000 -3.040000 -31.309999 0.000000 1598.000000 215.000000 4605.000000 -594.000000 -2325.000000 4240.000000 
24.440001 44.759998 -30.120001 -3.080000 -31.510000 0.000000 1442.000000 231.000000 4457.000000 -748.000000 -2294.000000 4514.000000 
25.049999 45.330002 -30.129999 -3.030000 -31.549999 0.000000 1324.000000 291.000000 4419.000000 -836.000000 -2175.000000 4557.000000 
25.790001 45.720001 -30.090000 -2.900000 -31.440001 0.000000 1316.000000 353.000000 4429.000000 -830.000000 -2061.000000 4410.000000 
26.590000 45.980000 -29.910000 -2.760000 -31.240000 0.000000 1274.000000 330.000000 4422.000000 -773.000000 -1979.000000 4172.000000 
27.430000 46.180000 -29.629999 -2.640000 -30.940001 0.000000 1321.000000 343.000000 4539.000000 -739.000000 -1976.000000 4159.000000 
28.250000 46.400002 -29.370001 -2.500000 -30.590000 0.000000 1531.000000 349.000000 4612.000000 -623.000000 -2089.000000 4213.000000 
28.969999 46.759998 -29.000000 -2.400000 -30.400000 0.000000 1633.000000 350.000000 4735.000000 -582.000000 -2258.000000 4178.000000 
29.520000 47.349998 -28.709999 -2.340000 -30.299999 0.000000 1654.000000 304.000000 4935.000000 -551.000000 -2378.000000 4201.000000 
30.110001 48.029999 -28.389999 -2.250000 -30.200001 0.000000 1650.000000 259.000000 4841.000000 -602.000000 -2404.000000 4258.000000 
30.950001 48.639999 -27.840000 -2.130000 -29.969999 0.000000 1513.000000 276.000000 4629.000000 -620.000000 -2330.000000 4225.000000 
31.959999 49.220001 -27.120001 -1.930000 -29.480000 0.000000 1450.000000 335.000000 4429.000000 -509.000000 -2124.000000 4100.000000 
33.070000 49.720001 -26.360001 -1.630000 -28.870001 0.000000 1285.000000 386.000000 4016.000000 -570.000000 -1900.000000 3820.000000 
34.270000 50.099998 -25.540001 -1.330000 -28.160000 0.000000 1086.000000 374.000000 3766.000000 -586.000000 -1598.000000 3448.000000 
35.419998 50.400002 -24.809999 -1.030000 -27.400000 0.000000 947.000000 342.000000 3695.000000 -547.000000 -1427.000000 3197.000000 
36.470001 50.700001 -23.990000 -0.810000 -26.690001 0.000000 904.000000 308.000000 3767.000000 -481.000000 -1409.000000 3119.000000 
37.380001 50.950001 -23.270000 -0.620000 -26.350000 0.000000 951.000000 299.000000 3769.000000 -447.000000 -1577.000000 3239.000000 
38.029999 50.880001 -22.570000 -0.470000 -26.530001 0.000000 1342.000000 261.000000 3901.000000 -561.000000 -1845.000000 3405.000000 
37.860001 50.770000 -22.350000 -0.400000 -26.889999 0.000000 1428.000000 151.000000 4021.000000 -548.000000 -2144.000000 3717.000000 
37.759998 51.700001 -22.120001 -0.330000 -27.379999 0.000000 1491.000000 184.000000 4109.000000 -663.000000 -2574.000000 3948.000000 
37.840000 52.770000 -21.840000 -0.370000 -27.740000 0.000000 1179.000000 42.000000 4573.000000 -1360.000000 -2812.000000 4422.000000 
37.860001 53.709999 -21.650000 -0.380000 -28.049999 0.000000 1064.000000 48.000000 5200.000000 -1430.000000 -2855.000000 4522.000000 
37.799999 54.349998 -21.450001 -0.310000 -28.309999 0.000000 1062.000000 100.000000 5353.000000 -1238.000000 -2918.000000 4741.000000 
37.980000 54.740002 -21.120001 -0.180000 -28.580000 0.000000 1075.000000 122.000000 5417.000000 -936.000000 -2981.000000 4768.000000 
38.430000 54.869999 -20.469999 0.010000 -28.590000 0.000000 1288.000000 171.000000 5631.000000 -997.000000 -2828.000000 4869.000000 
39.060001 54.230000 -19.730000 0.240000 -28.299999 0.000000 1407.000000 231.000000 5625.000000 -974.000000 -2565.000000 4706.000000 
40.130001 53.660000 -18.620001 0.550000 -27.770000 0.000000 1297.000000 200.000000 5306.000000 -743.000000 -2200.000000 4203.000000 
40.709999 53.150002 -17.799999 0.970000 -27.270000 0.000000 1130.000000 301.000000 4610.000000 -411.000000 -1863.000000 3557.000000 
40.090000 52.680000 -18.180000 1.490000 -27.090000 0.000000 1016.000000 366.000000 3841.000000 -5.000000 -1756.000000 2996.000000 
39.320000 52.290001 -18.670000 1.940000 -27.070000 0.000000 1297.000000 394.000000 3384.000000 284.000000 -1826.000000 2855.000000 
38.480000 51.910000 -19.219999 2.220000 -27.240000 0.000000 1505.000000 306.000000 3384.000000 357.000000 -2077.000000 3023.000000 
37.570000 51.549999 -19.870001 2.360000 -27.580000 0.000000 1545.000000 265.000000 3630.000000 151.000000 -2266.000000 3273.000000 
36.590000 51.220001 -20.549999 2.370000 -28.040001 0.000000 1665.000000 170.000000 3996.000000 -37.000000 -2435.000000 3462.000000 
35.430000 51.009998 -21.379999 2.310000 -28.520000 0.000000 1705.000000 108.000000 4208.000000 4.000000 -2606.000000 3659.000000 
34.240002 50.799999 -22.230000 2.230000 -28.990000 0.000000 1512.000000 58.000000 4262.000000 -99.000000 -2587.000000 3638.000000 
33.009998 50.660000 -23.120001 2.130000 -29.469999 0.000000 1517.000000 45.000000 4173.000000 -6.000000 -2721.000000 3578.000000 
31.840000 50.639999 -23.809999 2.040000 -29.930000 0.000000 1451.000000 -28.000000 4139.000000 -74.000000 -2816.000000 3758.000000 
30.820000 50.529999 -24.260000 1.930000 -30.330000 0.000000 1521.000000 -25.000000 4333.000000 -186.000000 -2735.000000 3706.000000 
29.900000 50.380001 -24.629999 1.820000 -30.690001 0.000000 1481.000000 -64.000000 4493.000000 -274.000000 -2622.000000 3532.000000 
29.600000 50.570000 -24.260000 1.700000 -31.000000 0.000000 1290.000000 -89.000000 4462.000000 -375.000000 -2539.000000 3456.000000 
29.420000 50.860001 -23.950001 1.620000 -31.270000 0.000000 1118.000000 -73.000000 4292.000000 -447.000000 -2432.000000 3368.000000 
29.270000 51.209999 -23.820000 1.620000 -31.450001 0.000000 1029.000000 -24.000000 4189.000000 -501.000000 -2369.000000 3399.000000 
29.290001 51.580002 -23.520000 1.620000 -31.660000 0.000000 962.000000 24.000000 3995.000000 -508.000000 -2331.000000 3367.000000 
29.010000 51.889999 -23.510000 1.610000 -31.780001 0.000000 934.000000 104.000000 3979.000000 -435.000000 -2335.000000 3449.000000 
28.920000 52.220001 -23.160000 1.550000 -31.879999 0.000000 932.000000 105.000000 4070.000000 -283.000000 -2412.000000 3579.000000 
28.660000 52.430000 -23.000000 1.510000 -31.930000 0.000000 1015.000000 98.000000 4267.000000 -216.000000 -2444.000000 3656.000000 
28.580000 52.540001 -22.719999 1.490000 -31.930000 0.000000 1012.000000 128.000000 4345.000000 -217.000000 -2487.000000 3759.000000 
28.350000 52.509998 -22.670000 1.550000 -31.940001 0.000000 1103.000000 183.000000 4191.000000 -317.000000 -2463.000000 3689.000000 
28.440001 52.349998 -22.410000 1.590000 -31.879999 0.000000 1034.000000 176.000000 4181.000000 -413.000000 -2337.000000 3530.000000 
28.459999 51.880001 -22.230000 1.570000 -31.870001 0.000000 1080.000000 135.000000 4363.000000 -434.000000 -2275.000000 3381.000000 
28.680000 51.410000 -21.770000 1.570000 -31.860001 0.000000 1107.000000 158.000000 4493.000000 -345.000000 -2251.000000 3392.000000 
28.459999 50.799999 -21.840000 1.640000 -31.940001 0.000000 1116.000000 198.000000 4389.000000 -227.000000 -2342.000000 3483.000000 
28.559999 50.520000 -21.280001 1.710000 -31.990000 0.000000 1170.000000 203.000000 4349.000000 -129.000000 -2421.000000 3631.000000 
28.370001 50.209999 -21.000000 1.790000 -32.040001 0.000000 1198.000000 219.000000 4220.000000 -74.000000 -2420.000000 3649.000000 
28.469999 50.099998 -20.530001 1.840000 -32.119999 0.000000 1172.000000 172.000000 4211.000000 -131.000000 -2372.000000 3525.000000 
28.260000 49.959999 -20.410000 1.830000 -32.220001 0.000000 1141.000000 147.000000 4328.000000 -165.000000 -2387.000000 3538.000000 
27.860001 50.040001 -20.459999 1.770000 -32.290001 0.000000 1042.000000 102.000000 4380.000000 -131.000000 -2465.000000 3655.000000 
27.540001 50.230000 -20.370001 1.730000 -32.380001 0.000000 1032.000000 115.000000 4282.000000 -198.000000 -2484.000000 3653.000000 
27.379999 50.540001 -20.360001 1.650000 -32.450001 0.000000 981.000000 96.000000 4282.000000 -322.000000 -2444.000000 3580.000000 
27.209999 50.779999 -20.400000 1.560000 -32.520000 0.000000 984.000000 81.000000 4235.000000 -348.000000 -2365.000000 3439.000000 
27.160000 50.990002 -20.250000 1.500000 -32.599998 0.000000 958.000000 57.000000 4162.000000 -321.000000 -2337.000000 3385.000000 
27.129999 51.169998 -20.090000 1.400000 -32.709999 0.000000 891.000000 49.000000 4214.000000 -375.000000 -2348.000000 3402.000000 
27.040001 51.299999 -20.010000 1.320000 -32.810001 0.000000 899.000000 57.000000 4268.000000 -399.000000 -2374.000000 3453.000000 
26.799999 51.369999 -20.150000 1.230000 -32.910000 0.000000 937.000000 31.000000 4257.000000 -330.000000 -2428.000000 3525.000000 
26.389999 51.349998 -20.389999 1.220000 -32.970001 0.000000 1031.000000 68.000000 4310.000000 -215.000000 -2478.000000 3623.000000 
26.129999 51.160000 -20.680000 1.240000 -33.000000 0.000000 1011.000000 100.000000 4302.000000 -243.000000 -2472.000000 3645.000000 
26.219999 50.959999 -20.520000 1.270000 -33.029999 0.000000 984.000000 88.000000 4355.000000 -274.000000 -2457.000000 3587.000000 
26.400000 50.709999 -20.240000 1.340000 -33.020000 0.000000 979.000000 115.000000 4321.000000 -220.000000 -2440.000000 3592.000000 
26.490000 50.560001 -20.030001 1.410000 -33.009998 0.000000 1062.000000 146.000000 4315.000000 -205.000000 -2414.000000 3556.000000 
26.379999 50.419998 -20.100000 1.430000 -32.970001 0.000000 1051.000000 134.000000 4353.000000 -199.000000 -2429.000000 3607.000000 
26.170000 50.290001 -20.290001 1.490000 -32.910000 0.000000 995.000000 148.000000 4332.000000 -130.000000 -2491.000000 3719.000000 
26.150000 50.279999 -20.139999 1.530000 -32.820000 0.000000 982.000000 148.000000 4300.000000 -147.000000 -2466.000000 3702.000000 
26.330000 50.360001 -19.889999 1.580000 -32.759998 0.000000 968.000000 135.000000 4327.000000 -250.000000 -2414.000000 3587.000000 
26.309999 50.360001 -19.940001 1.610000 -32.669998 0.000000 995.000000 130.000000 4262.000000 -250.000000 -2365.000000 3539.000000 
26.370001 50.490002 -19.809999 1.600000 -32.619999 0.000000 926.000000 122.000000 4266.000000 -235.000000 -2348.000000 3487.000000 
26.530001 50.660000 -19.480000 1.620000 -32.630001 0.000000 924.000000 117.000000 4213.000000 -268.000000 -2360.000000 3469.000000 
26.549999 50.759998 -19.450001 1.620000 -32.650002 0.000000 934.000000 114.000000 4229.000000 -310.000000 -2356.000000 3473.000000 
26.480000 50.820000 -19.490000 1.570000 -32.689999 0.000000 955.000000 98.000000 4298.000000 -352.000000 -2359.000000 3456.000000 
26.280001 50.860001 -19.620001 1.510000 -32.759998 0.000000 864.000000 68.000000 4369.000000 -195.000000 -2471.000000 3622.000000 
26.120001 51.009998 -19.670000 1.480000 -32.810001 0.000000 889.000000 77.000000 4333.000000 -263.000000 -2488.000000 3637.000000 
25.780001 51.000000 -20.059999 1.460000 -32.790001 0.000000 937.000000 83.000000 4311.000000 -320.000000 -2412.000000 3565.000000 
25.879999 51.009998 -19.959999 1.490000 -32.799999 0.000000 933.000000 102.000000 4265.000000 -310.000000 -2368.000000 3468.000000 
25.930000 50.900002 -19.950001 1.520000 -32.779999 0.000000 894.000000 117.000000 4251.000000 -229.000000 -2355.000000 3490.000000 
26.100000 50.740002 -19.850000 1.550000 -32.759998 0.000000 936.000000 151.000000 4237.000000 -185.000000 -2360.000000 3522.000000 
26.000000 50.490002 -20.030001 1.570000 -32.790001 0.000000 1022.000000 146.000000 4234.000000 -190.000000 -2387.000000 3508.000000 
25.809999 50.349998 -20.290001 1.580000 -32.810001 0.000000 1009.000000 147.000000 4184.000000 -99.000000 -2436.000000 3626.000000 
25.629999 50.290001 -20.480000 1.570000 -32.830002 0.000000 1036.000000 122.000000 4260.000000 -106.000000 -2462.000000 3636.000000 
25.459999 50.169998 -20.660000 1.530000 -32.900002 0.000000 1065.000000 117.000000 4386.000000 -209.000000 -2455.000000 3560.000000 
25.350000 49.959999 -20.770000 1.510000 -32.950001 0.000000 1072.000000 116.000000 4428.000000 -213.000000 -2457.000000 3565.000000 
25.629999 49.970001 -20.330000 1.460000 -32.980000 0.000000 1052.000000 80.000000 4452.000000 -195.000000 -2477.000000 3588.000000 
25.570000 50.029999 -20.379999 1.430000 -33.009998 0.000000 966.000000 81.000000 4421.000000 -229.000000 -2465.000000 3595.000000 
25.580000 50.090000 -20.330000 1.400000 -33.000000 0.000000 946.000000 69.000000 4426.000000 -229.000000 -2451.000000 3587.000000 
25.490000 50.119999 -20.430000 1.410000 -32.959999 0.000000 963.000000 72.000000 4351.000000 -243.000000 -2416.000000 3574.000000 
25.760000 50.200001 -20.059999 1.380000 -32.919998 0.000000 893.000000 58.000000 4242.000000 -243.000000 -2465.000000 3637.000000 
25.889999 50.209999 -19.850000 1.400000 -32.889999 0.000000 924.000000 76.000000 4261.000000 -209.000000 -2465.000000 3625.000000 
25.879999 50.240002 -19.809999 1.410000 -32.880001 0.000000 1020.000000 90.000000 4226.000000 -199.000000 -2441.000000 3562.000000 
25.660000 50.209999 -20.049999 1.410000 -32.869999 0.000000 973.000000 90.000000 4213.000000 -220.000000 -2373.000000 3453.000000 
25.440001 50.119999 -20.469999 1.430000 -32.869999 0.000000 945.000000 114.000000 4228.000000 -251.000000 -2328.000000 3385.000000 
25.670000 50.119999 -20.219999 1.400000 -32.849998 0.000000 981.000000 97.000000 4220.000000 -249.000000 -2328.000000 3437.000000 
25.969999 50.180000 -19.700001 1.400000 -32.889999 0.000000 979.000000 119.000000 4241.000000 -150.000000 -2433.000000 3566.000000 
25.650000 50.139999 -20.010000 1.360000 -32.919998 0.000000 981.000000 57.000000 4335.000000 -66.000000 -2528.000000 3726.000000 
25.430000 50.150002 -20.040001 1.300000 -32.959999 0.000000 1015.000000 67.000000 4444.000000 -101.000000 -2547.000000 3710.000000 
25.120001 50.150002 -20.360001 1.280000 -32.939999 0.000000 1038.000000 68.000000 4465.000000 -213.000000 -2501.000000 3678.000000 
25.070000 50.099998 -20.430000 1.260000 -32.840000 0.000000 1046.000000 67.000000 4415.000000 -170.000000 -2453.000000 3664.000000 
25.059999 49.970001 -20.580000 1.270000 -32.750000 0.000000 970.000000 76.000000 4370.000000 -153.000000 -2409.000000 3583.000000 
25.250000 50.040001 -20.510000 1.300000 -32.619999 0.000000 910.000000 96.000000 4271.000000 -161.000000 -2404.000000 3620.000000 
25.469999 50.099998 -20.309999 1.350000 -32.549999 0.000000 946.000000 95.000000 4224.000000 -189.000000 -2419.000000 3590.000000 
25.610001 50.160000 -20.180000 1.390000 -32.459999 0.000000 994.000000 120.000000 4259.000000 -252.000000 -2364.000000 3533.000000 
25.639999 50.259998 -20.160000 1.400000 -32.410000 0.000000 951.000000 90.000000 4298.000000 -261.000000 -2329.000000 3449.000000 
