23.040001 36.020000 -22.010000 -2.900000 -34.630001 0.000000 2186.000000 -237.000000 3796.000000 316.000000 -2525.000000 3513.000000 
23.160000 35.830002 -21.930000 -2.920000 -34.619999 0.000000 2173.000000 -250.000000 3795.000000 317.000000 -2532.000000 3512.000000 
22.920000 35.689999 -22.059999 -2.960000 -34.599998 0.000000 2194.000000 -247.000000 3786.000000 303.000000 -2533.000000 3521.000000 
22.770000 35.869999 -21.940001 -2.990000 -34.599998 0.000000 2183.000000 -258.000000 3812.000000 362.000000 -2575.000000 3582.000000 
22.700001 35.529999 -21.570000 -3.070000 -34.590000 0.000000 2151.000000 -326.000000 3869.000000 398.000000 -2610.000000 3617.000000 
22.190001 35.169998 -21.990000 -3.090000 -34.779999 0.000000 2273.000000 -294.000000 3808.000000 259.000000 -2727.000000 3534.000000 
22.150000 35.549999 -21.670000 -3.120000 -34.759998 0.000000 2154.000000 -355.000000 3811.000000 313.000000 -2736.000000 3725.000000 
21.860001 35.730000 -21.990000 -3.340000 -34.660000 0.000000 1956.000000 -489.000000 3937.000000 189.000000 -2907.000000 4023.000000 
21.330000 35.500000 -22.360001 -3.790000 -34.389999 0.000000 2047.000000 -532.000000 3936.000000 165.000000 -3198.000000 4582.000000 
21.139999 35.360001 -22.190001 -4.510000 -33.169998 0.000000 1408.000000 -813.000000 4352.000000 134.000000 -4516.000000 7345.000000 
20.450001 35.730000 -22.299999 -5.200000 -32.070000 0.000000 1734.000000 -630.000000 3694.000000 584.000000 -4080.000000 5432.000000 
20.180000 36.250000 -22.030001 -6.110000 -30.770000 0.000000 2095.000000 -923.000000 4258.000000 1141.000000 -3802.000000 5547.000000 
19.750000 37.209999 -22.000000 -6.840000 -29.360001 0.000000 3684.000000 -1123.000000 6482.000000 1536.000000 -3824.000000 5172.000000 
19.430000 38.580002 -21.870001 -7.070000 -27.830000 0.000000 4530.000000 -1034.000000 7745.000000 2013.000000 -4200.000000 5406.000000 
19.389999 40.180000 -21.580000 -6.860000 -26.250000 0.000000 3938.000000 -1050.000000 7638.000000 1593.000000 -4142.000000 5525.000000 
19.740000 41.799999 -20.930000 -6.290000 -24.650000 0.000000 3567.000000 -919.000000 6492.000000 1449.000000 -3960.000000 4785.000000 
19.889999 43.490002 -20.400000 -5.450000 -22.959999 0.000000 3996.000000 -555.000000 5210.000000 1783.000000 -3360.000000 4028.000000 
19.600000 45.369999 -20.209999 -4.500000 -21.290001 0.000000 4547.000000 -164.000000 4117.000000 2407.000000 -2680.000000 3106.000000 
19.370001 46.820000 -20.309999 -3.490000 -19.780001 0.000000 4810.000000 195.000000 3230.000000 3299.000000 -2184.000000 2342.000000 
19.940001 47.400002 -20.020000 -2.500000 -18.580000 0.000000 4591.000000 322.000000 2545.000000 3533.000000 -1900.000000 2163.000000 
21.020000 47.799999 -19.650000 -1.610000 -17.750000 0.000000 4376.000000 376.000000 2274.000000 3012.000000 -1476.000000 2036.000000 
22.190001 46.950001 -19.709999 -0.920000 -17.440001 0.000000 3636.000000 37.000000 2289.000000 2404.000000 -1633.000000 2280.000000 
23.370001 45.849998 -20.030001 -0.230000 -17.600000 0.000000 3764.000000 245.000000 1780.000000 1620.000000 -1740.000000 2763.000000 
24.799999 44.680000 -20.260000 0.370000 -17.879999 0.000000 3851.000000 82.000000 1975.000000 1801.000000 -1572.000000 2906.000000 
26.020000 43.549999 -20.770000 0.750000 -18.290001 0.000000 3402.000000 -29.000000 2843.000000 2270.000000 -1438.000000 2161.000000 
27.010000 42.520000 -21.530001 1.000000 -18.840000 0.000000 3397.000000 15.000000 3284.000000 2723.000000 -1261.000000 1622.000000 
27.900000 41.700001 -22.430000 1.200000 -19.629999 0.000000 3366.000000 25.000000 2906.000000 2988.000000 -1435.000000 1985.000000 
28.530001 41.090000 -23.680000 1.330000 -20.580000 0.000000 3190.000000 -62.000000 2457.000000 3110.000000 -1849.000000 2578.000000 
28.730000 40.810001 -25.360001 1.330000 -21.559999 0.000000 2939.000000 -206.000000 2425.000000 2861.000000 -2278.000000 3148.000000 
28.480000 41.500000 -27.320000 1.260000 -22.490000 0.000000 2738.000000 -286.000000 2540.000000 2366.000000 -2511.000000 3429.000000 
28.940001 42.560001 -29.070000 1.160000 -23.340000 0.000000 2394.000000 -322.000000 2443.000000 1676.000000 -2399.000000 3141.000000 
29.459999 43.500000 -31.120001 0.970000 -24.190001 0.000000 1908.000000 -471.000000 1974.000000 1001.000000 -2143.000000 2409.000000 
29.959999 44.230000 -33.369999 0.430000 -25.139999 0.000000 1143.000000 -692.000000 1587.000000 157.000000 -1810.000000 1628.000000 
30.270000 44.740002 -35.849998 -0.410000 -25.980000 0.000000 469.000000 -942.000000 1567.000000 -677.000000 -1581.000000 1298.000000 
30.240000 45.070000 -38.619999 -1.230000 -26.750000 0.000000 -179.000000 -1035.000000 1731.000000 -1325.000000 -1519.000000 1385.000000 
29.750000 45.310001 -41.650002 -2.180000 -27.600000 0.000000 -517.000000 -1204.000000 1968.000000 -1589.000000 -1794.000000 1786.000000 
28.790001 45.480000 -44.959999 -3.340000 -28.480000 0.000000 -664.000000 -1515.000000 2386.000000 -1879.000000 -2121.000000 2184.000000 
27.410000 45.560001 -48.509998 -4.590000 -29.360001 0.000000 -742.000000 -1778.000000 3387.000000 -2168.000000 -2430.000000 2489.000000 
25.770000 45.520000 -52.139999 -5.750000 -30.219999 0.000000 -668.000000 -2014.000000 4425.000000 -2503.000000 -2810.000000 2829.000000 
23.959999 45.380001 -55.790001 -6.680000 -31.010000 0.000000 -558.000000 -2074.000000 5094.000000 -2794.000000 -3414.000000 3392.000000 
22.010000 45.200001 -59.369999 -7.350000 -31.629999 0.000000 -494.000000 -2072.000000 5511.000000 -3344.000000 -3670.000000 3647.000000 
20.139999 45.080002 -62.619999 -7.830000 -32.090000 0.000000 -384.000000 -2028.000000 5748.000000 -3610.000000 -4074.000000 4076.000000 
18.540001 45.139999 -65.370003 -8.170000 -32.380001 0.000000 -304.000000 -1882.000000 5981.000000 -4333.000000 -4170.000000 4594.000000 
17.299999 45.419998 -67.529999 -8.500000 -32.509998 0.000000 -430.000000 -1753.000000 5948.000000 -4585.000000 -3964.000000 4857.000000 
16.520000 45.889999 -69.040001 -8.890000 -32.480000 0.000000 -568.000000 -1793.000000 5550.000000 -4029.000000 -3555.000000 4696.000000 
16.049999 46.419998 -70.089996 -9.320000 -32.310001 0.000000 -848.000000 -1746.000000 5170.000000 -3164.000000 -3027.000000 4318.000000 
15.660000 46.849998 -70.889999 -9.790000 -32.020000 0.000000 -1004.000000 -1537.000000 3927.000000 -2311.000000 -2544.000000 3739.000000 
15.130000 47.049999 -71.739998 -10.370000 -31.660000 0.000000 -778.000000 -1470.000000 3462.000000 -1713.000000 -2196.000000 3145.000000 
14.400000 47.060001 -72.669998 -11.140000 -31.330000 0.000000 -467.000000 -1467.000000 3424.000000 -1385.000000 -2096.000000 2850.000000 
13.410000 46.930000 -73.779999 -12.100000 -31.000000 0.000000 -219.000000 -1533.000000 3761.000000 -1083.000000 -2084.000000 2871.000000 
12.110000 46.740002 -75.120003 -13.220000 -30.690001 0.000000 -77.000000 -1634.000000 4136.000000 -961.000000 -2170.000000 3020.000000 
10.460000 46.560001 -76.639999 -14.390000 -30.450001 0.000000 271.000000 -1685.000000 4490.000000 -987.000000 -2309.000000 3146.000000 
8.560000 46.459999 -78.230003 -15.530000 -30.250000 0.000000 517.000000 -1683.000000 4738.000000 -1105.000000 -2301.000000 3176.000000 
6.270000 46.139999 -80.220001 -16.540001 -30.080000 0.000000 717.000000 -1689.000000 4872.000000 -868.000000 -2324.000000 3297.000000 
3.780000 45.799999 -82.139999 -17.400000 -30.090000 0.000000 854.000000 -1599.000000 4763.000000 125.000000 -2466.000000 3362.000000 
1.230000 45.400002 -84.099998 -18.129999 -30.219999 0.000000 1081.000000 -1502.000000 4479.000000 283.000000 -2474.000000 3252.000000 
-1.300000 44.959999 -86.000000 -18.790001 -30.510000 0.000000 1340.000000 -1465.000000 4035.000000 -183.000000 -2511.000000 3112.000000 
-3.700000 44.459999 -87.820000 -19.490000 -30.910000 0.000000 1605.000000 -1459.000000 3730.000000 -120.000000 -2591.000000 3307.000000 
-5.830000 44.099998 -89.400002 -20.200001 -31.360001 0.000000 1672.000000 -1527.000000 3798.000000 262.000000 -2727.000000 3659.000000 
-7.670000 43.599998 -90.779999 -20.889999 -31.879999 0.000000 1596.000000 -1568.000000 3883.000000 253.000000 -2849.000000 3878.000000 
-9.190000 42.910000 -91.900002 -21.150000 -32.560001 0.000000 2055.000000 -1993.000000 9942.000000 -234.000000 -3170.000000 4059.000000 
-10.360000 41.939999 -92.809998 -21.780001 -33.290001 0.000000 1717.000000 -2034.000000 4370.000000 -306.000000 -3354.000000 4218.000000 
-10.890000 40.860001 -93.190002 -22.549999 -33.900002 0.000000 2424.000000 -1779.000000 3114.000000 555.000000 -3201.000000 4386.000000 
-11.490000 40.119999 -93.720001 -23.170000 -34.400002 0.000000 2138.000000 -1697.000000 3286.000000 1068.000000 -2910.000000 4233.000000 
-11.900000 40.360001 -94.019997 -23.660000 -34.770000 0.000000 1540.000000 -1769.000000 3757.000000 932.000000 -2696.000000 3983.000000 
-11.690000 40.560001 -93.959999 -24.000000 -34.910000 0.000000 1294.000000 -1682.000000 3730.000000 549.000000 -2402.000000 3673.000000 
-10.990000 40.669998 -93.529999 -24.650000 -35.119999 0.000000 756.000000 -1563.000000 2250.000000 71.000000 -2446.000000 3457.000000 
-9.900000 40.310001 -92.879997 -24.940001 -34.959999 0.000000 1613.000000 -1532.000000 3377.000000 503.000000 -2696.000000 4550.000000 
-8.860000 39.459999 -92.250000 -25.120001 -34.779999 0.000000 2598.000000 -1462.000000 4254.000000 2937.000000 -3107.000000 5850.000000 
-8.020000 38.270000 -91.730003 -25.150000 -34.490002 0.000000 2818.000000 -1342.000000 4062.000000 -274.000000 -2753.000000 3689.000000 
-7.260000 37.049999 -91.260002 -25.459999 -34.349998 0.000000 2677.000000 -1754.000000 3642.000000 773.000000 -2628.000000 3361.000000 
-6.280000 36.049999 -90.669998 -25.780001 -34.209999 0.000000 2847.000000 -1612.000000 3602.000000 1330.000000 -2558.000000 3404.000000 
-5.520000 35.180000 -90.220001 -26.010000 -34.230000 0.000000 2979.000000 -1506.000000 3333.000000 1566.000000 -2417.000000 2956.000000 
-5.420000 34.419998 -90.199997 -26.100000 -34.389999 0.000000 2862.000000 -1538.000000 3505.000000 1634.000000 -2624.000000 3027.000000 
-4.890000 34.970001 -89.980003 -26.139999 -34.279999 0.000000 2510.000000 -1677.000000 3501.000000 722.000000 -2577.000000 3840.000000 
-3.870000 35.349998 -89.500000 -26.209999 -34.110001 0.000000 2177.000000 -1663.000000 2919.000000 -99.000000 -2319.000000 3935.000000 
-2.460000 35.400002 -88.790001 -26.549999 -33.689999 0.000000 1752.000000 -1645.000000 2146.000000 -391.000000 -2418.000000 5116.000000 
-0.850000 35.169998 -87.879997 -26.820000 -33.689999 0.000000 141.000000 -2191.000000 4115.000000 -1150.000000 -2052.000000 2708.000000 
0.630000 34.360001 -86.980003 -26.930000 -33.560001 0.000000 2741.000000 -1636.000000 3976.000000 1920.000000 -2266.000000 3377.000000 
1.600000 33.279999 -86.330002 -26.990000 -33.009998 0.000000 2085.000000 -1642.000000 3118.000000 180.000000 -2550.000000 4543.000000 
2.670000 32.459999 -85.589996 -27.020000 -32.520000 0.000000 2460.000000 -1702.000000 3461.000000 407.000000 -2280.000000 3767.000000 
3.650000 31.870001 -84.830002 -27.180000 -32.080002 0.000000 2340.000000 -1651.000000 3327.000000 845.000000 -2250.000000 3694.000000 
4.650000 31.690001 -84.040001 -27.490000 -31.250000 0.000000 2538.000000 -1576.000000 3006.000000 510.000000 -2250.000000 4508.000000 
5.550000 32.060001 -83.279999 -27.959999 -30.459999 0.000000 3986.000000 -1659.000000 2919.000000 1637.000000 -2564.000000 4999.000000 
5.990000 32.139999 -82.910004 -28.200001 -29.549999 0.000000 2497.000000 -1602.000000 3080.000000 560.000000 -2510.000000 4539.000000 
6.760000 33.119999 -82.120003 -28.469999 -28.750000 0.000000 2436.000000 -1590.000000 3210.000000 -444.000000 -2134.000000 3872.000000 
7.340000 34.119999 -81.440002 -29.070000 -28.080000 0.000000 2089.000000 -1690.000000 3051.000000 -737.000000 -2027.000000 3225.000000 
7.420000 35.450001 -80.830002 -30.049999 -27.510000 0.000000 2768.000000 -1832.000000 2656.000000 842.000000 -2101.000000 3199.000000 
6.750000 36.590000 -80.599998 -30.879999 -26.920000 0.000000 2542.000000 -1652.000000 3123.000000 1807.000000 -2357.000000 3557.000000 
5.640000 37.240002 -80.709999 -31.750000 -26.240000 0.000000 2797.000000 -1569.000000 2881.000000 1310.000000 -2157.000000 3728.000000 
5.220000 38.009998 -80.519997 -32.500000 -25.660000 0.000000 2857.000000 -1798.000000 3305.000000 1877.000000 -2163.000000 3248.000000 
5.250000 37.439999 -80.139999 -33.029999 -24.709999 0.000000 2382.000000 -2074.000000 3989.000000 1209.000000 -1467.000000 3530.000000 
5.270000 37.029999 -79.699997 -33.689999 -24.209999 0.000000 2911.000000 -1611.000000 2645.000000 1494.000000 -1553.000000 2693.000000 
5.230000 36.470001 -79.599998 -34.299999 -23.799999 0.000000 2728.000000 -1561.000000 2694.000000 2809.000000 -1735.000000 2872.000000 
5.770000 36.020000 -79.099998 -34.880001 -23.420000 0.000000 4829.000000 -2832.000000 5141.000000 2084.000000 -1942.000000 4567.000000 
6.070000 35.970001 -78.680000 -35.560001 -23.129999 0.000000 2677.000000 -2029.000000 2903.000000 1353.000000 -1796.000000 4096.000000 
6.090000 36.610001 -78.779999 -36.180000 -22.950001 0.000000 2208.000000 -2110.000000 3201.000000 2153.000000 -1166.000000 2567.000000 
5.380000 37.759998 -79.570000 -36.910000 -23.100000 0.000000 2574.000000 -2042.000000 2898.000000 2357.000000 -1272.000000 1884.000000 
4.860000 38.820000 -80.519997 -38.009998 -23.450001 0.000000 2816.000000 -1951.000000 2160.000000 1824.000000 -1214.000000 2183.000000 
4.680000 39.490002 -81.300003 -39.029999 -24.430000 0.000000 2731.000000 -2096.000000 2551.000000 1058.000000 -1910.000000 2200.000000 
3.320000 41.099998 -82.900002 -39.790001 -25.370001 0.000000 2996.000000 -2422.000000 3383.000000 716.000000 -1809.000000 3249.000000 
1.800000 43.060001 -84.610001 -40.750000 -26.410000 0.000000 55.000000 -2404.000000 2492.000000 -349.000000 -1641.000000 3006.000000 
0.320000 44.610001 -86.730003 -41.669998 -27.920000 0.000000 1901.000000 -2832.000000 2999.000000 -907.000000 -2251.000000 2582.000000 
-0.590000 46.660000 -88.279999 -42.540001 -29.420000 0.000000 1645.000000 -3081.000000 3169.000000 -1566.000000 -2445.000000 3524.000000 
-1.570000 48.570000 -89.970001 -43.279999 -31.209999 0.000000 1508.000000 -3374.000000 3604.000000 -1806.000000 -2764.000000 3296.000000 
-3.480000 50.599998 -92.160004 -43.759998 -33.080002 0.000000 1859.000000 -3564.000000 4324.000000 -2797.000000 -2928.000000 3713.000000 
-5.780000 52.439999 -94.809998 -44.099998 -34.930000 0.000000 2189.000000 -4111.000000 4839.000000 -3927.000000 -3500.000000 4540.000000 
-7.770000 54.689999 -96.940002 -44.209999 -36.560001 0.000000 892.000000 -4061.000000 5174.000000 -4850.000000 -3404.000000 4897.000000 
-10.110000 57.110001 -99.199997 -44.009998 -37.990002 0.000000 945.000000 -4118.000000 5064.000000 -4499.000000 -3744.000000 5261.000000 
-12.780000 59.599998 -101.620003 -43.669998 -39.230000 0.000000 705.000000 -3976.000000 4281.000000 -4025.000000 -3077.000000 3792.000000 
-15.800000 62.060001 -104.199997 -43.240002 -40.230000 0.000000 493.000000 -3894.000000 3976.000000 -2556.000000 -3137.000000 3809.000000 
-19.410000 64.449997 -107.209999 -42.770000 -41.180000 0.000000 758.000000 -3687.000000 3980.000000 -1620.000000 -3515.000000 3843.000000 
-23.760000 66.589996 -111.010002 -42.549999 -42.130001 0.000000 240.000000 -3447.000000 3853.000000 -2770.000000 -3070.000000 2946.000000 
-29.150000 68.570000 -115.760002 -42.509998 -43.049999 0.000000 318.000000 -3488.000000 4076.000000 -3315.000000 -2591.000000 2845.000000 
-35.500000 70.339996 -121.589996 -42.750000 -44.169998 0.000000 8.000000 -3780.000000 4008.000000 -3931.000000 -2860.000000 2629.000000 
-43.500000 71.800003 -128.820007 -43.049999 -45.200001 0.000000 -836.000000 -3848.000000 4139.000000 -3776.000000 -2808.000000 2846.000000 
-53.830002 73.070000 -138.000000 -43.230000 -46.209999 0.000000 -1080.000000 -4020.000000 4484.000000 -3875.000000 -2789.000000 2679.000000 
-67.000000 73.820000 -149.699997 -43.340000 -46.970001 0.000000 -371.000000 -4260.000000 4477.000000 -4286.000000 -2763.000000 3087.000000 
-82.290001 73.870003 -163.279999 -43.070000 -47.520000 0.000000 47.000000 -3767.000000 4045.000000 -4624.000000 -2504.000000 2635.000000 
-98.139999 72.900002 -177.240005 -42.080002 -47.689999 0.000000 -1283.000000 -3474.000000 4773.000000 -4555.000000 -1742.000000 1471.000000 
-112.260002 70.889999 170.539993 -40.919998 -47.299999 0.000000 -1290.000000 -3141.000000 4263.000000 -4025.000000 -2564.000000 2473.000000 
-123.570000 68.150002 161.080002 -39.939999 -46.700001 0.000000 -223.000000 -2730.000000 3156.000000 -3528.000000 -2584.000000 2504.000000 
-132.330002 64.820000 154.029999 -38.799999 -46.209999 0.000000 160.000000 -2405.000000 3305.000000 -4587.000000 -2093.000000 1747.000000 
-139.009995 61.040001 149.009995 -37.330002 -45.130001 0.000000 -1920.000000 -1615.000000 3214.000000 -3753.000000 -2917.000000 2436.000000 
-143.970001 57.090000 145.639999 -36.360001 -42.919998 0.000000 -1942.000000 -2758.000000 4474.000000 -3782.000000 -559.000000 306.000000 
-147.800003 53.750000 143.309998 -36.169998 -40.110001 0.000000 -1009.000000 -2307.000000 3067.000000 -4197.000000 -2249.000000 1804.000000 
-150.350006 51.049999 142.080002 -36.480000 -36.570000 0.000000 -2392.000000 -2045.000000 2162.000000 -5441.000000 -1456.000000 1136.000000 
-152.289993 48.689999 141.279999 -36.509998 -32.389999 0.000000 -1563.000000 -2529.000000 3473.000000 -5601.000000 -1721.000000 1608.000000 
-153.850006 46.709999 140.720001 -36.560001 -26.620001 0.000000 -1444.000000 -2798.000000 4191.000000 -5295.000000 -2049.000000 1695.000000 
-155.000000 45.000000 140.300003 -36.900002 -19.320000 0.000000 -2571.000000 -2888.000000 4215.000000 -5478.000000 -2131.000000 1861.000000 
-156.050003 43.400002 139.789993 -37.840000 -10.670000 0.000000 -1997.000000 -3062.000000 4399.000000 -5759.000000 -1669.000000 1442.000000 
-157.169998 41.939999 139.039993 -39.150002 0.240000 0.000000 -1598.000000 -2964.000000 4925.000000 -5933.000000 -1123.000000 924.000000 
-158.380005 40.660000 138.070007 -40.099998 14.650000 0.000000 -1513.000000 -3159.000000 6169.000000 -6175.000000 -765.000000 -101.000000 
-159.710007 39.439999 136.929993 -40.279999 26.180000 0.000000 -3271.000000 -2350.000000 2333.000000 -4616.000000 -1041.000000 1059.000000 
-161.210007 38.299999 135.699997 -40.240002 30.160000 0.000000 -6087.000000 -2174.000000 -1456.000000 -3126.000000 -1374.000000 1321.000000 
-162.600006 37.509998 134.710007 -40.130001 30.670000 0.000000 -6127.000000 -2406.000000 -1100.000000 -4843.000000 -681.000000 1128.000000 
-163.500000 37.130001 134.259995 -38.660000 29.600000 0.000000 -2313.000000 -3510.000000 5189.000000 -5746.000000 -927.000000 1004.000000 
-164.240005 36.860001 133.990005 -36.490002 29.209999 0.000000 -2812.000000 -2335.000000 2708.000000 -5362.000000 -639.000000 781.000000 
-164.860001 37.000000 133.740005 -34.529999 30.360001 0.000000 -3134.000000 -2204.000000 3027.000000 -4664.000000 -631.000000 621.000000 
-165.360001 37.430000 133.559998 -32.680000 31.090000 0.000000 -3116.000000 -2066.000000 2693.000000 -3450.000000 -751.000000 449.000000 
-165.679993 37.849998 133.460007 -30.440001 30.750000 0.000000 -2053.000000 -1745.000000 2207.000000 -3195.000000 -912.000000 1013.000000 
-165.979996 38.200001 133.309998 -28.600000 29.549999 0.000000 -2565.000000 -1499.000000 1381.000000 -3010.000000 -895.000000 1089.000000 
-166.380005 38.580002 132.990005 -27.030001 28.240000 0.000000 -3587.000000 -1522.000000 1780.000000 -3498.000000 -441.000000 722.000000 
-166.779999 38.790001 132.619995 -25.700001 27.879999 0.000000 -3182.000000 -1262.000000 1324.000000 -3482.000000 27.000000 678.000000 
-167.330002 38.830002 132.179993 -24.830000 27.570000 0.000000 -3266.000000 -1109.000000 1291.000000 -3071.000000 56.000000 603.000000 
-167.990005 38.849998 131.699997 -24.450001 28.020000 0.000000 -2817.000000 -1284.000000 1928.000000 -3241.000000 185.000000 441.000000 
-168.520004 38.919998 131.380005 -24.250000 27.930000 0.000000 -2255.000000 -1207.000000 1928.000000 -3289.000000 102.000000 542.000000 
-168.690002 38.750000 131.380005 -24.180000 27.020000 0.000000 -2351.000000 -1228.000000 1975.000000 -2763.000000 127.000000 873.000000 
-168.289993 38.650002 131.630005 -24.469999 26.100000 0.000000 -2871.000000 -1498.000000 1970.000000 -3252.000000 -384.000000 715.000000 
-169.119995 39.060001 131.020004 -24.760000 25.320000 0.000000 -1943.000000 -1340.000000 1774.000000 -2582.000000 15.000000 622.000000 
-169.399994 39.389999 130.979996 -25.160000 25.719999 0.000000 -2359.000000 -1445.000000 1843.000000 -4055.000000 357.000000 420.000000 
-169.289993 39.959999 131.360001 -25.370001 24.930000 0.000000 -2089.000000 -1429.000000 2097.000000 -3589.000000 14.000000 625.000000 
-169.429993 41.029999 131.550003 -25.620001 22.620001 0.000000 -2011.000000 -1408.000000 2058.000000 -2984.000000 -267.000000 811.000000 
-169.309998 42.439999 131.889999 -25.830000 19.830000 0.000000 -1788.000000 -1339.000000 2163.000000 -1990.000000 -1086.000000 1509.000000 
-169.130005 43.470001 132.149994 -25.950001 16.700001 0.000000 -1713.000000 -1311.000000 2271.000000 -1903.000000 -923.000000 1430.000000 
-169.520004 44.500000 131.830002 -25.820000 13.640000 0.000000 -1050.000000 -1256.000000 2399.000000 -2226.000000 -207.000000 933.000000 
-170.020004 45.549999 131.300003 -25.510000 11.320000 0.000000 -1236.000000 -987.000000 1991.000000 -1645.000000 -45.000000 885.000000 
-170.369995 46.410000 130.850006 -25.200001 9.450000 0.000000 -1102.000000 -825.000000 1687.000000 -1283.000000 -30.000000 775.000000 
-170.820007 47.180000 130.320007 -24.840000 8.500000 0.000000 -1010.000000 -727.000000 1649.000000 -1423.000000 80.000000 749.000000 
-171.289993 47.849998 129.759995 -24.549999 6.960000 0.000000 -907.000000 -737.000000 1716.000000 -1540.000000 -18.000000 909.000000 
-171.679993 48.349998 129.279999 -24.480000 5.610000 0.000000 -960.000000 -818.000000 1869.000000 -1496.000000 -57.000000 1036.000000 
-172.000000 48.680000 128.940002 -24.639999 4.610000 0.000000 -1013.000000 -897.000000 1908.000000 -1692.000000 -18.000000 1042.000000 
-172.250000 48.910000 128.720001 -24.969999 3.770000 0.000000 -1228.000000 -962.000000 1945.000000 -1937.000000 -63.000000 1071.000000 
-172.300003 49.099998 128.740005 -25.450001 2.990000 0.000000 -1289.000000 -1066.000000 2012.000000 -2578.000000 -169.000000 1254.000000 
-172.139999 49.240002 128.929993 -25.879999 1.750000 0.000000 -1354.000000 -1112.000000 2158.000000 -2511.000000 -317.000000 1407.000000 
-171.899994 49.340000 129.169998 -26.320000 0.740000 0.000000 -1421.000000 -1261.000000 2350.000000 -2786.000000 -351.000000 1458.000000 
-171.720001 49.430000 129.320007 -26.680000 0.310000 0.000000 -1480.000000 -1312.000000 2441.000000 -2813.000000 -193.000000 1388.000000 
-171.479996 49.380001 129.410004 -26.990000 -0.550000 0.000000 -1585.000000 -1317.000000 2398.000000 -2560.000000 -245.000000 1513.000000 
-171.279999 49.299999 129.429993 -27.299999 -0.540000 0.000000 -1558.000000 -1309.000000 2256.000000 -2676.000000 -35.000000 1298.000000 
-171.210007 49.220001 129.339996 -27.480000 -0.080000 0.000000 -1699.000000 -1364.000000 2309.000000 -3035.000000 346.000000 1046.000000 
-171.169998 49.090000 129.240005 -27.549999 0.590000 0.000000 -1929.000000 -1409.000000 2432.000000 -3229.000000 541.000000 1066.000000 
-171.100006 48.919998 129.190002 -27.719999 1.430000 0.000000 -2136.000000 -1450.000000 2448.000000 -3312.000000 595.000000 1239.000000 
-170.960007 48.720001 129.240005 -28.059999 2.000000 0.000000 -2316.000000 -1576.000000 2396.000000 -3296.000000 297.000000 1357.000000 
-170.660004 48.549999 129.440002 -28.430000 2.470000 0.000000 -2128.000000 -1647.000000 2506.000000 -3861.000000 410.000000 1171.000000 
-170.350006 48.369999 129.660004 -28.730000 3.000000 0.000000 -2205.000000 -1640.000000 2512.000000 -3894.000000 525.000000 1211.000000 
-170.029999 48.279999 129.869995 -29.110001 3.490000 0.000000 -2400.000000 -1722.000000 2586.000000 -4160.000000 557.000000 1367.000000 
-169.770004 48.209999 130.050003 -29.600000 4.160000 0.000000 -2528.000000 -1752.000000 2653.000000 -3709.000000 579.000000 1468.000000 
-169.509995 48.160000 130.250000 -30.170000 4.420000 0.000000 -2607.000000 -1790.000000 2745.000000 -3608.000000 277.000000 1740.000000 
-169.190002 48.160000 130.509995 -30.760000 4.790000 0.000000 -2545.000000 -1814.000000 2656.000000 -3748.000000 459.000000 1604.000000 
-168.869995 48.180000 130.750000 -31.209999 4.950000 0.000000 -2509.000000 -1871.000000 2702.000000 -4055.000000 365.000000 1917.000000 
-168.570007 48.209999 130.979996 -31.480000 5.330000 0.000000 -2715.000000 -1875.000000 2807.000000 -4556.000000 516.000000 2014.000000 
-168.309998 48.299999 131.179993 -31.730000 5.940000 0.000000 -2666.000000 -1959.000000 2979.000000 -4573.000000 537.000000 2112.000000 
-168.080002 48.360001 131.369995 -31.969999 6.880000 0.000000 -2779.000000 -2028.000000 3070.000000 -3820.000000 440.000000 1880.000000 
-167.839996 48.470001 131.559998 -32.110001 7.550000 0.000000 -2881.000000 -2016.000000 3047.000000 -3107.000000 337.000000 2150.000000 
-167.710007 48.500000 131.669998 -32.070000 8.570000 0.000000 -2623.000000 -1942.000000 3109.000000 -4269.000000 728.000000 1746.000000 
-167.630005 48.540001 131.759995 -31.930000 9.320000 0.000000 -3550.000000 -3460.000000 5834.000000 -2848.000000 420.000000 2133.000000 
-167.539993 48.630001 131.839996 -31.820000 9.860000 0.000000 -2475.000000 -1975.000000 3220.000000 -4369.000000 523.000000 2064.000000 
-167.410004 48.669998 131.960007 -31.700001 9.850000 0.000000 -2525.000000 -2027.000000 3352.000000 -3690.000000 247.000000 2252.000000 
-167.259995 48.730000 132.080002 -31.580000 9.440000 0.000000 -2536.000000 -2043.000000 3451.000000 -3259.000000 165.000000 2173.000000 
-167.119995 48.799999 132.130005 -31.440001 9.520000 0.000000 -2473.000000 -2016.000000 3456.000000 -4526.000000 389.000000 2160.000000 
-167.020004 48.820000 132.130005 -31.270000 9.180000 0.000000 -2407.000000 -2030.000000 3492.000000 -4608.000000 192.000000 2384.000000 
-166.979996 48.820000 132.059998 -31.049999 8.960000 0.000000 -2227.000000 -2037.000000 3503.000000 -4588.000000 165.000000 2420.000000 
-167.100006 48.810001 131.820007 -30.879999 10.060000 0.000000 -2462.000000 -2158.000000 3588.000000 -5214.000000 621.000000 2163.000000 
-167.300003 48.950001 131.490005 -30.660000 11.690000 0.000000 -2437.000000 -2091.000000 3481.000000 -4246.000000 794.000000 2247.000000 
-167.740005 49.099998 130.970001 -30.500000 12.340000 0.000000 -3083.000000 -2172.000000 3287.000000 -3242.000000 444.000000 2281.000000 
-168.160004 49.290001 130.509995 -30.219999 13.050000 0.000000 -2888.000000 -2085.000000 3252.000000 -4328.000000 1028.000000 2074.000000 
-168.589996 49.490002 130.059998 -29.900000 13.430000 0.000000 -2664.000000 -2020.000000 3109.000000 -4157.000000 904.000000 1846.000000 
-169.000000 49.630001 129.660004 -29.510000 13.750000 0.000000 -2410.000000 -1925.000000 3145.000000 -3367.000000 711.000000 1569.000000 
-169.419998 49.639999 129.270004 -29.110001 13.910000 0.000000 -2270.000000 -1814.000000 3210.000000 -3129.000000 547.000000 1576.000000 
-169.910004 49.500000 128.860001 -28.840000 14.240000 0.000000 -2144.000000 -1774.000000 3253.000000 -3117.000000 565.000000 1703.000000 
-170.380005 49.240002 128.509995 -28.799999 14.870000 0.000000 -2278.000000 -1655.000000 2870.000000 -3201.000000 634.000000 1683.000000 
-170.820007 48.900002 128.220001 -28.660000 15.730000 0.000000 -2399.000000 -1537.000000 2690.000000 -3513.000000 785.000000 1922.000000 
-171.199997 48.590000 128.000000 -28.389999 16.709999 0.000000 -2561.000000 -1493.000000 2555.000000 -3483.000000 837.000000 1803.000000 
-171.619995 48.380001 127.779999 -28.030001 18.040001 0.000000 -2605.000000 -1584.000000 2492.000000 -3461.000000 1186.000000 1594.000000 
-172.039993 48.340000 127.599998 -27.430000 19.120001 0.000000 -2804.000000 -1413.000000 2374.000000 -3926.000000 1366.000000 1330.000000 
-172.320007 48.340000 127.589996 -26.870001 19.830000 0.000000 -2545.000000 -1471.000000 2537.000000 -3747.000000 965.000000 1426.000000 
-172.419998 48.389999 127.730003 -26.309999 19.440001 0.000000 -2308.000000 -1522.000000 2754.000000 -3632.000000 448.000000 1569.000000 
-172.389999 48.450001 127.919998 -25.740000 17.910000 0.000000 -2128.000000 -1571.000000 2987.000000 -3551.000000 70.000000 1799.000000 
-172.389999 48.549999 128.009995 -25.190001 16.299999 0.000000 -2106.000000 -1594.000000 3141.000000 -3565.000000 94.000000 1868.000000 
-172.529999 48.660000 127.919998 -24.650000 15.800000 0.000000 -2284.000000 -1531.000000 3116.000000 -3802.000000 427.000000 1722.000000 
-172.740005 48.779999 127.720001 -24.209999 15.860000 0.000000 -2445.000000 -1504.000000 2952.000000 -3771.000000 668.000000 1610.000000 
-173.020004 48.880001 127.470001 -23.740000 16.230000 0.000000 -2545.000000 -1425.000000 2880.000000 -3648.000000 857.000000 1523.000000 
-173.330002 48.939999 127.220001 -23.250000 16.790001 0.000000 -2676.000000 -1323.000000 2824.000000 -3546.000000 994.000000 1427.000000 
-173.660004 48.950001 126.980003 -22.770000 17.590000 0.000000 -2681.000000 -1219.000000 2722.000000 -3523.000000 1261.000000 1310.000000 
-174.050003 48.919998 126.730003 -22.370001 18.510000 0.000000 -2768.000000 -1150.000000 2543.000000 -3319.000000 1338.000000 1234.000000 
-174.419998 48.869999 126.550003 -22.030001 19.500000 0.000000 -2911.000000 -1067.000000 2402.000000 -3310.000000 1447.000000 1260.000000 
-174.750000 48.799999 126.459999 -21.700001 20.440001 0.000000 -2923.000000 -1031.000000 2233.000000 -3509.000000 1611.000000 1158.000000 
-175.070007 48.730000 126.419998 -21.370001 21.420000 0.000000 -3053.000000 -994.000000 2087.000000 -3345.000000 1791.000000 1027.000000 
-175.389999 48.680000 126.430000 -21.020000 22.350000 0.000000 -3135.000000 -949.000000 1967.000000 -3380.000000 1876.000000 997.000000 
-175.660004 48.650002 126.540001 -20.650000 23.139999 0.000000 -3173.000000 -931.000000 1866.000000 -3349.000000 1766.000000 1030.000000 
-175.869995 48.650002 126.699997 -20.139999 23.830000 0.000000 -3191.000000 -740.000000 1880.000000 -3253.000000 1780.000000 883.000000 
-176.050003 48.700001 126.910004 -19.650000 24.590000 0.000000 -3171.000000 -650.000000 1634.000000 -3060.000000 1828.000000 874.000000 
-176.149994 48.849998 127.199997 -19.270000 25.500000 0.000000 -3208.000000 -622.000000 1325.000000 -2378.000000 2513.000000 -384.000000 
-176.289993 49.119999 127.459999 -19.049999 26.480000 0.000000 -3293.000000 -650.000000 1249.000000 -1998.000000 2133.000000 588.000000 
-176.210007 49.680000 127.949997 -18.990000 26.879999 0.000000 -3316.000000 -591.000000 1188.000000 -2640.000000 1542.000000 698.000000 
-176.009995 50.209999 128.610001 -18.980000 27.139999 0.000000 -3546.000000 -603.000000 1111.000000 -2129.000000 1602.000000 661.000000 
-175.869995 50.860001 129.179993 -19.010000 25.190001 0.000000 -11343.000000 -1143.000000 -2019.000000 -1529.000000 560.000000 1646.000000 
-175.820007 51.610001 129.759995 -19.230000 25.330000 0.000000 -687.000000 -931.000000 552.000000 -2389.000000 2377.000000 545.000000 
-175.729996 52.450001 130.490005 -18.219999 24.870001 0.000000 1387.000000 -593.000000 2943.000000 -3674.000000 1972.000000 512.000000 
-175.529999 53.040001 131.389999 -17.469999 24.299999 0.000000 -855.000000 -505.000000 3365.000000 -2812.000000 1421.000000 800.000000 
-175.259995 53.330002 132.460007 -17.389999 23.549999 0.000000 -3112.000000 -701.000000 2214.000000 -1977.000000 722.000000 1173.000000 
-174.940002 53.500000 133.660004 -17.559999 22.430000 0.000000 -3128.000000 -457.000000 939.000000 -2278.000000 583.000000 1300.000000 
-174.470001 53.680000 135.070007 -17.809999 21.770000 0.000000 -3032.000000 -41.000000 422.000000 -2734.000000 700.000000 1160.000000 
-174.020004 53.950001 136.500000 -18.190001 20.820000 0.000000 -2417.000000 -213.000000 673.000000 -2956.000000 599.000000 1332.000000 
-173.630005 54.259998 137.820007 -18.780001 18.180000 0.000000 -2034.000000 -439.000000 745.000000 -2674.000000 115.000000 1889.000000 
-173.279999 54.669998 139.089996 -19.760000 15.270000 0.000000 -2059.000000 -856.000000 1174.000000 -2754.000000 -169.000000 2173.000000 
-172.800003 55.189999 140.350006 -20.770000 12.090000 0.000000 -2530.000000 -1044.000000 1752.000000 -3007.000000 -248.000000 2260.000000 
-172.369995 55.939999 141.490005 -21.320000 10.850000 0.000000 -426.000000 -936.000000 3247.000000 -2710.000000 566.000000 1854.000000 
-172.000000 57.180000 142.539993 -22.020000 9.350000 0.000000 259.000000 -1257.000000 5670.000000 -2815.000000 578.000000 1242.000000 
-171.240005 58.709999 143.830002 -22.700001 7.070000 0.000000 -712.000000 -1007.000000 4618.000000 -2355.000000 218.000000 803.000000 
-170.690002 60.189999 144.830002 -23.030001 3.510000 0.000000 -1013.000000 -762.000000 2185.000000 -1545.000000 -596.000000 1483.000000 
-169.240005 61.279999 146.690002 -24.049999 2.660000 0.000000 -126.000000 -942.000000 1653.000000 -1030.000000 557.000000 437.000000 
-167.240005 62.590000 149.210007 -25.400000 0.670000 0.000000 -40.000000 -1121.000000 1688.000000 -1448.000000 183.000000 290.000000 
-164.690002 63.770000 152.210007 -27.160000 -3.980000 0.000000 -74.000000 -1628.000000 2285.000000 -1860.000000 -2219.000000 1982.000000 
-161.580002 64.820000 155.639999 -28.950001 -9.030000 0.000000 167.000000 -1784.000000 2288.000000 -2632.000000 -3113.000000 2452.000000 
-158.070007 65.930000 159.399994 -30.780001 -13.790000 0.000000 147.000000 -2146.000000 2026.000000 -3677.000000 -1949.000000 1532.000000 
-154.250000 67.059998 163.440002 -32.560001 -18.070000 0.000000 23.000000 -2874.000000 2982.000000 -3161.000000 -1670.000000 988.000000 
-150.100006 68.099998 167.809998 -34.240002 -22.170000 0.000000 208.000000 -3344.000000 3668.000000 -2586.000000 -2115.000000 97.000000 
-145.380005 68.930000 172.610001 -35.970001 -26.580000 0.000000 618.000000 -3828.000000 3396.000000 -2656.000000 -3131.000000 894.000000 
-140.259995 69.430000 177.649994 -37.310001 -31.260000 0.000000 -2639.000000 -3440.000000 3682.000000 -3349.000000 -4267.000000 1385.000000 
-134.740005 70.040001 -176.929993 -39.130001 -35.490002 0.000000 1689.000000 -3854.000000 1197.000000 -4125.000000 -4765.000000 3673.000000 
-128.360001 70.629997 -170.619995 -40.590000 -38.970001 0.000000 -16.000000 -4213.000000 2611.000000 -3670.000000 -3440.000000 1532.000000 
-121.269997 71.089996 -163.559998 -42.169998 -42.040001 0.000000 287.000000 -4543.000000 2986.000000 -3352.000000 -3375.000000 1001.000000 
-113.629997 71.290001 -155.880005 -43.660000 -44.990002 0.000000 541.000000 -4661.000000 3719.000000 -3936.000000 -4046.000000 2137.000000 
-105.750000 71.220001 -147.929993 -44.980000 -47.549999 0.000000 866.000000 -4689.000000 3985.000000 -3673.000000 -4691.000000 2392.000000 
-98.019997 70.940002 -140.179993 -46.090000 -49.580002 0.000000 1348.000000 -4606.000000 4169.000000 -3473.000000 -5054.000000 2776.000000 
-90.699997 70.480003 -132.910004 -46.930000 -51.209999 0.000000 1517.000000 -4542.000000 4389.000000 -3430.000000 -5088.000000 2925.000000 
-83.760002 69.870003 -126.099998 -47.560001 -52.509998 0.000000 1467.000000 -4605.000000 4404.000000 -3506.000000 -5057.000000 2916.000000 
-77.239998 69.120003 -119.750000 -47.889999 -53.400002 0.000000 1359.000000 -4629.000000 4519.000000 -3834.000000 -5085.000000 3154.000000 
-70.900002 68.410004 -113.680000 -47.869999 -53.869999 0.000000 1392.000000 -4631.000000 4768.000000 -3783.000000 -5092.000000 3361.000000 
-64.650002 67.860001 -107.690002 -47.599998 -54.000000 0.000000 1334.000000 -4498.000000 4591.000000 -3721.000000 -4829.000000 3181.000000 
-58.480000 67.349998 -101.739998 -47.189999 -53.900002 0.000000 1379.000000 -4281.000000 4364.000000 -3701.000000 -4608.000000 3042.000000 
-52.299999 66.690002 -95.739998 -46.700001 -53.580002 0.000000 1434.000000 -4083.000000 4208.000000 -3358.000000 -4275.000000 2927.000000 
-46.299999 65.809998 -89.870003 -46.189999 -53.250000 0.000000 1413.000000 -3985.000000 4096.000000 -2810.000000 -4073.000000 2711.000000 
-40.980000 64.800003 -84.529999 -45.720001 -52.840000 0.000000 1414.000000 -3865.000000 3991.000000 -2237.000000 -4018.000000 2760.000000 
-36.509998 63.610001 -80.040001 -45.230000 -52.470001 0.000000 1542.000000 -3768.000000 3918.000000 -2097.000000 -3959.000000 2666.000000 
-32.520000 62.570000 -75.970001 -44.770000 -52.060001 0.000000 1767.000000 -3736.000000 3827.000000 -2020.000000 -3839.000000 2655.000000 
-29.000000 61.480000 -72.419998 -44.270000 -51.709999 0.000000 1930.000000 -3552.000000 3673.000000 -2116.000000 -3825.000000 2618.000000 
-26.240000 60.540001 -69.610001 -43.820000 -51.279999 0.000000 1386.000000 -3288.000000 3446.000000 -2578.000000 -3809.000000 2984.000000 
-23.309999 59.840000 -66.610001 -43.410000 -50.799999 0.000000 1485.000000 -3174.000000 3326.000000 -1778.000000 -3417.000000 2669.000000 
-20.260000 58.860001 -63.570000 -42.939999 -50.480000 0.000000 2035.000000 -3132.000000 3535.000000 -358.000000 -3617.000000 2604.000000 
-18.049999 57.099998 -61.380001 -42.299999 -50.160000 0.000000 2165.000000 -3474.000000 4778.000000 -100.000000 -3955.000000 2856.000000 
-16.990000 56.369999 -60.169998 -41.990002 -49.889999 0.000000 943.000000 -3266.000000 4199.000000 -1349.000000 -3283.000000 2511.000000 
-14.640000 55.820000 -58.139999 -42.470001 -49.540001 0.000000 2145.000000 -2879.000000 2132.000000 -2119.000000 -2973.000000 2957.000000 
-12.000000 55.310001 -55.900002 -42.860001 -49.029999 0.000000 2046.000000 -2717.000000 2996.000000 -1855.000000 -3095.000000 3059.000000 
-9.960000 54.740002 -54.099998 -43.020000 -48.540001 0.000000 2404.000000 -2901.000000 3676.000000 -1725.000000 -3297.000000 2950.000000 
-8.720000 54.029999 -52.830002 -42.959999 -47.919998 0.000000 2128.000000 -2564.000000 3244.000000 -889.000000 -3116.000000 2836.000000 
-7.610000 53.799999 -51.759998 -42.970001 -47.650002 0.000000 1766.000000 -2259.000000 2596.000000 -170.000000 -3225.000000 2446.000000 
-7.300000 53.509998 -51.380001 -43.220001 -47.320000 0.000000 2389.000000 -2560.000000 2717.000000 -458.000000 -3011.000000 2532.000000 
-7.790000 53.209999 -51.740002 -43.580002 -47.009998 0.000000 2082.000000 -2433.000000 2423.000000 -170.000000 -3054.000000 2532.000000 
-8.220000 52.990002 -52.080002 -43.930000 -46.540001 0.000000 2576.000000 -2533.000000 2780.000000 -577.000000 -3264.000000 2729.000000 
-8.590000 52.790001 -52.490002 -44.250000 -45.750000 0.000000 2750.000000 -2475.000000 2737.000000 -854.000000 -3387.000000 2924.000000 
-8.550000 52.820000 -52.619999 -44.590000 -44.650002 0.000000 2560.000000 -2465.000000 2493.000000 -1009.000000 -3493.000000 3149.000000 
-8.350000 52.740002 -52.680000 -44.889999 -43.419998 0.000000 2465.000000 -2674.000000 2634.000000 -1392.000000 -3372.000000 3046.000000 
-7.670000 52.570000 -52.389999 -45.169998 -42.230000 0.000000 2232.000000 -2710.000000 2517.000000 -1500.000000 -3196.000000 2924.000000 
-6.680000 52.380001 -51.840000 -45.450001 -41.169998 0.000000 2336.000000 -2588.000000 2175.000000 -1347.000000 -2857.000000 2720.000000 
-5.560000 52.139999 -51.139999 -45.630001 -40.320000 0.000000 1733.000000 -2643.000000 2192.000000 -1275.000000 -2603.000000 2504.000000 
-4.460000 52.070000 -50.330002 -45.689999 -39.610001 0.000000 1919.000000 -2678.000000 2327.000000 -1307.000000 -2515.000000 2589.000000 
-4.040000 51.200001 -50.009998 -45.380001 -39.209999 0.000000 1666.000000 -9228.000000 12889.000000 -1496.000000 -2993.000000 2646.000000 
-4.670000 50.580002 -50.419998 -45.189999 -38.750000 0.000000 3185.000000 -2470.000000 2160.000000 -1277.000000 -2985.000000 3058.000000 
-4.560000 50.689999 -50.049999 -44.910000 -37.939999 0.000000 2202.000000 -2584.000000 2629.000000 -356.000000 -3275.000000 4132.000000 
-4.350000 50.990002 -49.570000 -44.919998 -36.950001 0.000000 1919.000000 -1941.000000 1178.000000 -601.000000 -3338.000000 4598.000000 
-4.140000 51.419998 -49.189999 -44.919998 -36.130001 0.000000 1657.000000 -1603.000000 464.000000 -1377.000000 -3056.000000 4004.000000 
-4.100000 51.700001 -48.919998 -44.040001 -35.520000 0.000000 2699.000000 -3447.000000 3916.000000 -930.000000 -3066.000000 3221.000000 
-4.680000 51.520000 -49.110001 -43.060001 -34.939999 0.000000 1311.000000 -3693.000000 6294.000000 2628.000000 -1620.000000 -512.000000 
-4.040000 50.880001 -48.349998 -42.080002 -33.669998 0.000000 2664.000000 -2317.000000 2844.000000 -258.000000 -4897.000000 8178.000000 
-4.910000 50.509998 -48.799999 -40.680000 -32.990002 0.000000 1730.000000 -3155.000000 3564.000000 695.000000 -3170.000000 2522.000000 
-5.750000 50.570000 -49.150002 -38.849998 -32.650002 0.000000 1359.000000 -3729.000000 4119.000000 379.000000 -3141.000000 3010.000000 
-6.310000 51.259998 -49.470001 -36.349998 -32.180000 0.000000 2029.000000 -3696.000000 3968.000000 -89.000000 -3409.000000 4324.000000 
-6.780000 51.980000 -49.740002 -33.470001 -31.010000 0.000000 2286.000000 -3358.000000 4090.000000 -592.000000 -4296.000000 6719.000000 
-7.370000 52.389999 -50.119999 -30.780001 -29.270000 0.000000 2014.000000 -3674.000000 4472.000000 -1467.000000 -4787.000000 7359.000000 
-7.890000 52.590000 -50.410000 -27.959999 -27.110001 0.000000 1460.000000 -3468.000000 4378.000000 -2083.000000 -4500.000000 6290.000000 
-8.240000 52.740002 -50.630001 -25.150000 -24.820000 0.000000 1747.000000 -3062.000000 3408.000000 -2241.000000 -3993.000000 4260.000000 
-8.550000 53.240002 -50.599998 -22.850000 -22.709999 0.000000 2256.000000 -3066.000000 3010.000000 -1767.000000 -3432.000000 2344.000000 
-9.030000 53.810001 -50.610001 -21.219999 -21.080000 0.000000 2049.000000 -3016.000000 3041.000000 -967.000000 -2991.000000 1447.000000 
-9.500000 54.490002 -50.610001 -20.170000 -20.020000 0.000000 1552.000000 -3115.000000 3544.000000 -231.000000 -2817.000000 1591.000000 
-9.840000 55.270000 -50.459999 -19.510000 -19.490000 0.000000 942.000000 -3229.000000 3986.000000 -495.000000 -2836.000000 2086.000000 
-10.160000 55.990002 -50.240002 -19.030001 -19.280001 0.000000 518.000000 -3296.000000 3929.000000 -1693.000000 -2802.000000 2416.000000 
-10.430000 56.580002 -49.869999 -18.719999 -19.340000 0.000000 268.000000 -3187.000000 3634.000000 -2458.000000 -2729.000000 2532.000000 
-10.590000 56.990002 -49.270000 -18.500000 -19.660000 0.000000 102.000000 -3022.000000 3144.000000 -2362.000000 -2642.000000 2175.000000 
-10.750000 57.209999 -48.470001 -18.410000 -20.270000 0.000000 19.000000 -2822.000000 2539.000000 -1946.000000 -2659.000000 1893.000000 
-11.020000 57.320000 -47.599998 -18.500000 -21.209999 0.000000 182.000000 -2750.000000 2276.000000 -1328.000000 -2844.000000 2493.000000 
-11.490000 57.290001 -46.790001 -18.680000 -22.379999 0.000000 575.000000 -2584.000000 2581.000000 -642.000000 -2993.000000 3075.000000 
-11.940000 56.980000 -45.900002 -18.790001 -23.600000 0.000000 1036.000000 -2360.000000 3105.000000 -148.000000 -3020.000000 3147.000000 
-12.090000 56.439999 -44.790001 -18.490000 -24.780001 0.000000 1696.000000 -1603.000000 2866.000000 396.000000 -2939.000000 3130.000000 
-11.950000 55.770000 -43.529999 -18.049999 -25.820000 0.000000 1862.000000 -1192.000000 2450.000000 889.000000 -2716.000000 3293.000000 
-11.400000 54.840000 -41.959999 -17.469999 -26.540001 0.000000 1916.000000 -791.000000 2365.000000 1336.000000 -2417.000000 3798.000000 
-10.060000 53.590000 -39.849998 -16.820000 -26.959999 0.000000 1830.000000 -622.000000 2620.000000 1414.000000 -2093.000000 3864.000000 
-7.060000 52.470001 -36.660000 -15.940000 -27.030001 0.000000 1751.000000 -325.000000 3039.000000 1328.000000 -1558.000000 3376.000000 
-4.000000 51.490002 -33.630001 -14.960000 -26.760000 0.000000 1635.000000 -180.000000 3237.000000 916.000000 -1034.000000 2960.000000 
-1.110000 50.549999 -30.889999 -13.970000 -26.330000 0.000000 1527.000000 -77.000000 3202.000000 768.000000 -690.000000 2603.000000 
1.470000 49.630001 -28.510000 -13.050000 -25.870001 0.000000 1504.000000 -12.000000 3197.000000 695.000000 -590.000000 2531.000000 
3.690000 48.810001 -26.469999 -12.190000 -25.450001 0.000000 1508.000000 -16.000000 3532.000000 798.000000 -631.000000 2883.000000 
5.610000 48.070000 -24.750000 -11.420000 -25.059999 0.000000 1470.000000 37.000000 3871.000000 874.000000 -762.000000 3284.000000 
7.300000 47.459999 -23.270000 -10.650000 -24.670000 0.000000 1595.000000 235.000000 3839.000000 790.000000 -842.000000 3618.000000 
8.830000 46.950001 -21.980000 -9.860000 -24.270000 0.000000 1772.000000 413.000000 3593.000000 880.000000 -902.000000 3847.000000 
10.270000 46.470001 -20.840000 -9.090000 -23.830000 0.000000 1903.000000 505.000000 3339.000000 944.000000 -967.000000 3841.000000 
11.610000 46.020000 -19.840000 -8.420000 -23.360001 0.000000 1967.000000 562.000000 3358.000000 982.000000 -932.000000 3807.000000 
12.890000 45.799999 -18.980000 -7.790000 -22.850000 0.000000 1862.000000 658.000000 3521.000000 930.000000 -785.000000 3756.000000 
14.070000 45.750000 -18.270000 -7.250000 -22.350000 0.000000 1644.000000 603.000000 3604.000000 776.000000 -651.000000 3736.000000 
15.190000 45.750000 -17.680000 -6.870000 -21.910000 0.000000 1218.000000 286.000000 4088.000000 465.000000 -704.000000 3777.000000 
16.190001 45.790001 -17.190001 -6.490000 -21.639999 0.000000 877.000000 170.000000 4370.000000 -150.000000 -777.000000 3903.000000 
17.080000 45.910000 -16.770000 -6.160000 -21.510000 0.000000 815.000000 16.000000 4724.000000 -544.000000 -968.000000 4283.000000 
17.840000 46.130001 -16.389999 -5.800000 -21.430000 0.000000 851.000000 77.000000 5092.000000 -714.000000 -1220.000000 4671.000000 
18.469999 46.500000 -16.040001 -5.400000 -21.320000 0.000000 1126.000000 192.000000 5143.000000 -702.000000 -1347.000000 4908.000000 
18.980000 47.060001 -15.680000 -4.900000 -21.080000 0.000000 1236.000000 417.000000 4675.000000 -611.000000 -1253.000000 4815.000000 
19.469999 47.639999 -15.270000 -4.330000 -20.709999 0.000000 1246.000000 590.000000 4041.000000 -373.000000 -1129.000000 4519.000000 
20.020000 48.090000 -14.810000 -3.710000 -20.350000 0.000000 1067.000000 787.000000 3728.000000 -436.000000 -1041.000000 4465.000000 
20.580000 48.270000 -14.300000 -3.140000 -20.070000 0.000000 1250.000000 853.000000 3808.000000 -481.000000 -1061.000000 4602.000000 
21.219999 48.020000 -13.750000 -2.670000 -19.870001 0.000000 1564.000000 904.000000 4119.000000 -470.000000 -1130.000000 4864.000000 
21.980000 47.320000 -13.150000 -2.230000 -19.719999 0.000000 1837.000000 957.000000 4315.000000 -276.000000 -1279.000000 5236.000000 
22.850000 46.240002 -12.470000 -1.930000 -19.490000 0.000000 2040.000000 907.000000 4405.000000 77.000000 -1326.000000 5382.000000 
23.709999 44.950001 -11.830000 -1.760000 -19.170000 0.000000 2164.000000 844.000000 4559.000000 377.000000 -1315.000000 5256.000000 
24.540001 43.689999 -11.240000 -1.700000 -18.809999 0.000000 2243.000000 788.000000 4821.000000 617.000000 -1226.000000 4988.000000 
25.330000 42.459999 -10.690000 -1.670000 -18.410000 0.000000 2234.000000 756.000000 4844.000000 789.000000 -1021.000000 4631.000000 
26.049999 41.389999 -10.140000 -1.580000 -18.059999 0.000000 2188.000000 763.000000 4474.000000 1013.000000 -969.000000 4180.000000 
26.750000 40.540001 -9.660000 -1.450000 -17.790001 0.000000 2075.000000 718.000000 3949.000000 1348.000000 -764.000000 3844.000000 
27.360001 39.779999 -9.260000 -1.380000 -17.570000 0.000000 2018.000000 680.000000 3589.000000 1178.000000 -828.000000 3644.000000 
27.799999 39.389999 -9.060000 -1.820000 -17.670000 0.000000 1519.000000 -347.000000 8347.000000 1033.000000 -1100.000000 3429.000000 
28.129999 38.830002 -8.980000 -1.210000 -18.320000 0.000000 3925.000000 1025.000000 4464.000000 867.000000 -1376.000000 3434.000000 
28.250000 37.480000 -9.030000 -0.730000 -19.540001 0.000000 2553.000000 257.000000 3231.000000 630.000000 -1671.000000 3321.000000 
28.299999 36.180000 -9.120000 -0.610000 -20.889999 0.000000 2498.000000 228.000000 4388.000000 480.000000 -1857.000000 3568.000000 
27.629999 35.110001 -9.640000 -0.980000 -21.559999 0.000000 3267.000000 4.000000 3838.000000 4007.000000 -5092.000000 12146.000000 
26.469999 34.669998 -10.350000 -1.720000 -22.010000 0.000000 3169.000000 -171.000000 3992.000000 2838.000000 -3046.000000 3776.000000 
25.540001 34.400002 -11.010000 -2.780000 -22.920000 0.000000 2693.000000 -508.000000 4081.000000 -319.000000 -1526.000000 1863.000000 
24.950001 34.610001 -11.830000 -3.980000 -23.600000 0.000000 1908.000000 -846.000000 3976.000000 73.000000 -2713.000000 4031.000000 
24.540001 35.250000 -12.410000 -5.010000 -24.309999 0.000000 1900.000000 -984.000000 3634.000000 714.000000 -2624.000000 3661.000000 
23.900000 36.020000 -12.990000 -5.760000 -25.010000 0.000000 1741.000000 -1248.000000 4075.000000 72.000000 -2503.000000 3340.000000 
23.230000 36.799999 -13.540000 -6.190000 -25.700001 0.000000 1749.000000 -1142.000000 3683.000000 20.000000 -2635.000000 3389.000000 
22.440001 37.400002 -14.090000 -6.570000 -26.370001 0.000000 1805.000000 -1201.000000 3066.000000 252.000000 -2697.000000 3367.000000 
21.500000 37.730000 -14.600000 -7.050000 -27.010000 0.000000 1772.000000 -1236.000000 3662.000000 175.000000 -2743.000000 3273.000000 
20.459999 37.740002 -15.270000 -7.470000 -27.570000 0.000000 1943.000000 -1098.000000 3659.000000 214.000000 -2743.000000 3267.000000 
19.420000 37.669998 -15.790000 -7.740000 -28.010000 0.000000 1913.000000 -1003.000000 3775.000000 308.000000 -2716.000000 3310.000000 
18.750000 37.529999 -15.610000 -7.860000 -28.270000 0.000000 1925.000000 -944.000000 3761.000000 253.000000 -2635.000000 3385.000000 
18.750000 37.500000 -15.160000 -7.830000 -28.450001 0.000000 1909.000000 -841.000000 3804.000000 294.000000 -2561.000000 3451.000000 
19.040001 37.610001 -14.760000 -7.610000 -28.549999 0.000000 1985.000000 -695.000000 3832.000000 313.000000 -2506.000000 3481.000000 
19.230000 37.520000 -14.670000 -7.280000 -28.570000 0.000000 2030.000000 -538.000000 3778.000000 360.000000 -2459.000000 3534.000000 
19.559999 37.560001 -14.320000 -7.130000 -28.540001 0.000000 2012.000000 -591.000000 3636.000000 425.000000 -2410.000000 3589.000000 
19.990000 37.570000 -13.880000 -7.090000 -28.520000 0.000000 2160.000000 -392.000000 4021.000000 393.000000 -2396.000000 3606.000000 
20.209999 37.720001 -13.640000 -7.140000 -28.520000 0.000000 2134.000000 -423.000000 3923.000000 437.000000 -2387.000000 3606.000000 
20.180000 37.900002 -13.730000 -7.240000 -28.500000 0.000000 2079.000000 -449.000000 4066.000000 454.000000 -2350.000000 3637.000000 
20.150000 38.200001 -13.690000 -7.340000 -28.559999 0.000000 2010.000000 -449.000000 3927.000000 397.000000 -2369.000000 3590.000000 
20.049999 38.590000 -13.550000 -7.480000 -28.709999 0.000000 1961.000000 -485.000000 3958.000000 405.000000 -2400.000000 3597.000000 
19.650000 39.040001 -13.850000 -7.640000 -28.900000 0.000000 1912.000000 -496.000000 3899.000000 357.000000 -2408.000000 3563.000000 
19.330000 39.580002 -14.040000 -7.860000 -29.110001 0.000000 1863.000000 -573.000000 3890.000000 318.000000 -2434.000000 3562.000000 
18.860001 40.040001 -14.550000 -8.170000 -29.350000 0.000000 1861.000000 -659.000000 3874.000000 270.000000 -2440.000000 3553.000000 
18.469999 40.459999 -14.970000 -8.500000 -29.610001 0.000000 1827.000000 -678.000000 3903.000000 254.000000 -2454.000000 3555.000000 
18.180000 40.860001 -15.220000 -8.860000 -29.879999 0.000000 1780.000000 -734.000000 3849.000000 233.000000 -2470.000000 3512.000000 
18.040001 41.180000 -15.260000 -9.220000 -30.150000 0.000000 1802.000000 -780.000000 3888.000000 222.000000 -2481.000000 3531.000000 
17.830000 41.360001 -15.340000 -9.560000 -30.420000 0.000000 1847.000000 -795.000000 3908.000000 232.000000 -2486.000000 3501.000000 
17.690001 41.270000 -15.410000 -9.840000 -30.650000 0.000000 1842.000000 -795.000000 3887.000000 238.000000 -2478.000000 3519.000000 
17.889999 41.099998 -14.970000 -10.080000 -30.840000 0.000000 1835.000000 -772.000000 3864.000000 244.000000 -2486.000000 3525.000000 
17.830000 40.730000 -15.090000 -10.300000 -31.040001 0.000000 1855.000000 -788.000000 3859.000000 275.000000 -2499.000000 3542.000000 
18.030001 40.380001 -14.910000 -10.500000 -31.219999 0.000000 1889.000000 -798.000000 3887.000000 287.000000 -2488.000000 3512.000000 
18.219999 40.119999 -14.740000 -10.690000 -31.410000 0.000000 1862.000000 -785.000000 3884.000000 293.000000 -2493.000000 3499.000000 
18.350000 39.869999 -14.700000 -10.840000 -31.570000 0.000000 1863.000000 -801.000000 3846.000000 282.000000 -2485.000000 3486.000000 
18.500000 39.610001 -14.580000 -10.960000 -31.709999 0.000000 1889.000000 -786.000000 3900.000000 280.000000 -2492.000000 3514.000000 
18.299999 39.500000 -15.050000 -11.080000 -31.860001 0.000000 1870.000000 -792.000000 3891.000000 308.000000 -2504.000000 3507.000000 
18.400000 39.450001 -14.940000 -11.240000 -31.969999 0.000000 1868.000000 -837.000000 3888.000000 278.000000 -2477.000000 3504.000000 
18.530001 39.389999 -14.710000 -11.360000 -32.080002 0.000000 1854.000000 -830.000000 3872.000000 266.000000 -2487.000000 3517.000000 
18.420000 39.410000 -14.880000 -11.460000 -32.200001 0.000000 1883.000000 -817.000000 3886.000000 282.000000 -2490.000000 3512.000000 
18.340000 39.389999 -14.960000 -11.550000 -32.279999 0.000000 1874.000000 -805.000000 3886.000000 262.000000 -2477.000000 3523.000000 
18.200001 39.400002 -15.390000 -11.610000 -32.360001 0.000000 1851.000000 -805.000000 3897.000000 276.000000 -2495.000000 3544.000000 
18.209999 39.529999 -15.360000 -11.680000 -32.439999 0.000000 1841.000000 -823.000000 3883.000000 264.000000 -2494.000000 3519.000000 
18.299999 39.630001 -15.300000 -11.740000 -32.509998 0.000000 1828.000000 -816.000000 3851.000000 262.000000 -2476.000000 3524.000000 
18.350000 39.810001 -15.280000 -11.790000 -32.590000 0.000000 1832.000000 -819.000000 3876.000000 265.000000 -2481.000000 3520.000000 
18.510000 39.889999 -15.050000 -11.830000 -32.639999 0.000000 1855.000000 -799.000000 3861.000000 267.000000 -2477.000000 3517.000000 
18.480000 39.830002 -15.150000 -11.860000 -32.669998 0.000000 1838.000000 -817.000000 3891.000000 276.000000 -2453.000000 3510.000000 
18.520000 39.730000 -15.160000 -11.890000 -32.680000 0.000000 1874.000000 -798.000000 3864.000000 256.000000 -2473.000000 3554.000000 
18.770000 39.570000 -14.830000 -11.920000 -32.700001 0.000000 1863.000000 -803.000000 3874.000000 295.000000 -2457.000000 3536.000000 
18.879999 39.430000 -14.600000 -11.910000 -32.740002 0.000000 1860.000000 -789.000000 3868.000000 295.000000 -2469.000000 3517.000000 
18.700001 39.270000 -14.830000 -11.960000 -32.790001 0.000000 1867.000000 -825.000000 3879.000000 282.000000 -2495.000000 3544.000000 
18.840000 39.279999 -14.590000 -11.990000 -32.860001 0.000000 1876.000000 -807.000000 3866.000000 279.000000 -2488.000000 3530.000000 
18.700001 39.250000 -14.880000 -12.030000 -32.910000 0.000000 1872.000000 -805.000000 3870.000000 291.000000 -2474.000000 3512.000000 
18.620001 39.230000 -15.050000 -12.080000 -32.980000 0.000000 1878.000000 -821.000000 3852.000000 261.000000 -2484.000000 3501.000000 
18.629999 39.259998 -15.020000 -12.120000 -33.040001 0.000000 1861.000000 -813.000000 3896.000000 257.000000 -2487.000000 3515.000000 
18.730000 39.290001 -14.970000 -12.170000 -33.090000 0.000000 1865.000000 -833.000000 3891.000000 264.000000 -2477.000000 3513.000000 
18.799999 39.299999 -14.890000 -12.210000 -33.090000 0.000000 1846.000000 -819.000000 3866.000000 259.000000 -2458.000000 3528.000000 
18.940001 39.290001 -14.760000 -12.250000 -33.090000 0.000000 1846.000000 -843.000000 3880.000000 253.000000 -2460.000000 3535.000000 
18.920000 39.279999 -14.780000 -12.280000 -33.150002 0.000000 1860.000000 -826.000000 3896.000000 261.000000 -2495.000000 3517.000000 
19.010000 39.259998 -14.540000 -12.280000 -33.189999 0.000000 1858.000000 -815.000000 3865.000000 252.000000 -2478.000000 3498.000000 
18.900000 39.169998 -14.530000 -12.290000 -33.200001 0.000000 1880.000000 -835.000000 3853.000000 289.000000 -2478.000000 3544.000000 
18.900000 39.119999 -14.460000 -12.300000 -33.250000 0.000000 1886.000000 -822.000000 3861.000000 285.000000 -2489.000000 3517.000000 
18.860001 39.189999 -14.470000 -12.310000 -33.279999 0.000000 1883.000000 -808.000000 3859.000000 274.000000 -2486.000000 3525.000000 
18.900000 39.270000 -14.460000 -12.350000 -33.299999 0.000000 1879.000000 -830.000000 3852.000000 275.000000 -2473.000000 3526.000000 
18.879999 39.290001 -14.460000 -12.380000 -33.330002 0.000000 1857.000000 -844.000000 3900.000000 279.000000 -2484.000000 3533.000000 
18.850000 39.270000 -14.620000 -12.410000 -33.369999 0.000000 1860.000000 -840.000000 3853.000000 265.000000 -2470.000000 3500.000000 
18.910000 39.209999 -14.590000 -12.440000 -33.389999 0.000000 1858.000000 -826.000000 3849.000000 283.000000 -2478.000000 3519.000000 
18.889999 39.160000 -14.630000 -12.440000 -33.349998 0.000000 1857.000000 -832.000000 3879.000000 286.000000 -2461.000000 3560.000000 
18.770000 39.090000 -15.100000 -12.430000 -33.360001 0.000000 1879.000000 -811.000000 3867.000000 288.000000 -2478.000000 3544.000000 
18.860001 39.000000 -15.020000 -12.440000 -33.360001 0.000000 1866.000000 -823.000000 3840.000000 288.000000 -2468.000000 3536.000000 
18.860001 39.000000 -15.000000 -12.460000 -33.369999 0.000000 1875.000000 -823.000000 3868.000000 296.000000 -2478.000000 3548.000000 
19.010000 39.080002 -14.700000 -12.470000 -33.389999 0.000000 1873.000000 -819.000000 3884.000000 281.000000 -2466.000000 3510.000000 
18.910000 39.160000 -14.840000 -12.500000 -33.410000 0.000000 1860.000000 -825.000000 3864.000000 278.000000 -2471.000000 3521.000000 
18.889999 39.169998 -14.830000 -12.540000 -33.450001 0.000000 1856.000000 -843.000000 3857.000000 255.000000 -2490.000000 3529.000000 
18.920000 39.099998 -14.720000 -12.590000 -33.520000 0.000000 1872.000000 -859.000000 3850.000000 256.000000 -2493.000000 3498.000000 
18.860001 39.000000 -14.820000 -12.620000 -33.540001 0.000000 1860.000000 -837.000000 3847.000000 273.000000 -2468.000000 3516.000000 
18.860001 38.950001 -14.800000 -12.670000 -33.580002 0.000000 1853.000000 -868.000000 3870.000000 280.000000 -2481.000000 3515.000000 
18.910000 39.060001 -14.560000 -12.720000 -33.619999 0.000000 1864.000000 -870.000000 3845.000000 273.000000 -2494.000000 3505.000000 
19.040001 38.990002 -14.310000 -12.770000 -33.619999 0.000000 1863.000000 -873.000000 3857.000000 275.000000 -2489.000000 3548.000000 
19.100000 38.950001 -14.260000 -12.800000 -33.630001 0.000000 1864.000000 -861.000000 3859.000000 301.000000 -2484.000000 3531.000000 
19.020000 38.919998 -14.450000 -12.820000 -33.639999 0.000000 1866.000000 -855.000000 3861.000000 290.000000 -2475.000000 3515.000000 
