9.221437 -22.275286 -11.379111
9.382984 -21.87054 -11.497724
9.840012 -22.427888 -9.471505
9.454705 -23.027499 -7.337817
8.553811 -22.694117 -7.455889
7.496086 -22.536153 -7.254012
6.356959 -22.441837 -7.123528
5.11804 -22.127744 -8.612272
3.707752 -22.008613 -10.34665
2.472179 -22.160969 -11.632318
1.675898 -22.586346 -11.998549
1.957645 -23.125686 -11.836332
3.094129 -23.400248 -12.032431
4.578316 -23.589452 -12.214918
6.036532 -23.749814 -12.21749
7.362154 -23.845019 -12.143429
8.63878 -23.794502 -12.251255
9.768483 -23.622999 -12.720827
10.726826 -23.33313 -13.601982
11.618742 -22.832366 -14.936198
12.442043 -22.169128 -16.624461
13.218146 -21.284935 -18.73516
14.006545 -19.992958 -21.542118
14.786551 -18.332068 -24.970701
15.419226 -16.518457 -28.589232
16.009801 -14.818289 -31.712259
16.793715 -13.344219 -33.971143
17.794527 -12.163139 -35.267788
18.823376 -11.219934 -35.893576
19.669461 -10.412587 -36.211394
20.21843 -9.623891 -36.682315
20.445267 -8.774469 -37.537858
20.40716 -7.814524 -38.831735
20.210415 -6.756406 -40.467807
19.850846 -5.539656 -42.447267
19.354578 -4.161182 -44.692942
18.765979 -2.72228 -47.054936
18.131078 -1.295112 -49.375456
17.581591 0.092414 -51.493271
17.033501 1.332371 -53.286824
16.45262 2.423998 -54.893095
15.706575 3.402799 -56.198398
14.959802 4.255958 -57.178931
14.134766 5.112092 -58.293728
13.02489 5.650052 -58.914491
11.913428 5.74342 -58.798234
10.951496 5.644368 -58.312098
10.332176 5.3506 -57.326171
9.426234 4.889684 -56.439303
8.580499 4.508137 -55.593686
8.174078 4.783487 -55.591658
8.784548 5.226563 -55.713146
9.35784 5.255409 -55.25072
9.49201 4.329304 -53.579182
9.138633 2.88522 -51.382754
9.247181 1.715598 -49.352602
9.662261 0.959186 -47.842447
10.108444 0.237975 -46.37846
10.732083 -0.253152 -45.136546
11.320814 -0.707459 -43.953758
11.743791 -1.373187 -42.557083
12.087961 -1.668973 -41.523749
12.448683 -1.712804 -40.648696
12.519469 -2.339588 -39.160015
12.542969 -2.601336 -38.178041
12.101837 -2.865891 -37.536602
12.765988 -2.999453 -36.434423
12.434717 -3.280382 -35.664101
12.212609 -3.652272 -34.862908
12.916714 -3.774773 -33.65871
13.884237 -3.629828 -32.51243
14.498547 -3.357603 -31.588419
14.360172 -3.173239 -30.778797
14.81656 -2.791727 -29.933433
15.434781 -2.676762 -28.652073
16.232812 -2.172996 -27.640077
17.479888 -1.361557 -26.820612
18.175548 0.010755 -27.327678
18.314805 1.080739 -28.041742
17.690041 1.412869 -28.342781
16.540118 0.220293 -26.636067
15.346911 -1.134465 -25.152927
14.763454 -2.251503 -23.527807
15.664152 -2.963158 -21.115118
17.029868 -3.312226 -18.971895
18.624157 -2.880559 -17.527711
19.979569 -1.824127 -17.029093
20.913368 -0.652841 -16.906269
21.656748 0.44126 -17.173643
22.262384 1.433776 -17.751241
22.681754 2.302764 -18.542136
23.26337 3.131429 -19.305411
24.377376 3.989905 -19.430481
25.871788 5.08416 -19.764234
27.400434 6.429249 -21.139472
28.925431 7.701774 -23.011991
30.160185 8.935682 -26.504386
30.858596 10.319932 -34.097842
31.18172 12.121175 -50.810008
31.21547 13.72364 -95.840508
33.931457 17.152112 120.311872
35.760478 13.448234 40.91384
36.517897 12.252539 16.562911
37.281175 11.311533 4.343083
38.102032 9.920892 -4.371575
38.866492 7.410187 -13.148396
39.353117 3.681497 -21.304532
39.172661 -1.658663 -30.210058
37.857596 -8.668132 -41.34063
34.94655 -16.747144 -55.471275
29.213208 -24.442478 -73.15495
20.222545 -29.717163 -93.548451
9.279213 -32.264587 -115.243411
-1.100691 -32.685444 -135.496514
-9.318569 -31.995143 -152.150011
-15.713822 -30.516486 -165.856725
-19.920359 -28.935323 -175.28009
-22.916961 -27.565982 178.507736
-25.739365 -25.663875 172.436649
-27.665683 -23.672667 167.913298
-29.418172 -21.16058 163.199638
-31.038541 -18.321222 158.463312
-32.383359 -15.111416 153.710083
-33.315484 -11.677159 149.2418
-33.868894 -8.56666 145.548182
-33.920652 -5.258877 141.4415
-33.587276 -2.618311 137.865544
-32.927474 -0.369984 134.218133
-32.366311 0.950659 131.491025
-31.798026 1.393316 129.978302
-31.587357 0.736342 130.695516
-31.618639 -0.398536 132.566816
-31.740423 -1.708686 134.723556
-31.845644 -2.761778 136.292709
-32.044894 -3.754127 138.015337
-32.320973 -4.740109 140.172184
-32.668628 -5.437664 142.084874
-33.067745 -5.400174 142.746128
-33.48097 -4.656768 142.426153
-33.76984 -3.389756 141.319694
-33.894325 -1.809119 139.732078
-33.810891 -0.051269 137.87551
-33.599106 1.620614 136.010599
-33.29939 3.244533 133.987191
-32.987965 4.489971 132.421889
-32.588703 5.330801 131.237373
-32.212221 5.710064 130.56165
-31.823191 5.899881 130.031659
-31.501607 5.798633 129.977365
-31.275637 5.494574 130.263374
-31.183214 4.81283 131.328029
-31.228628 3.994453 132.8958
-31.319578 3.285464 134.328755
-31.299968 3.091304 134.765177
-31.253835 3.350997 134.350904
-31.188526 4.074779 133.122258
-31.067833 5.003907 131.531566
-30.828873 6.079131 129.616151
-30.585357 6.898856 128.125251
-30.31126 7.534433 126.978208
-30.07528 7.965672 126.127935
-29.932758 8.270904 125.595792
-29.865864 8.329215 125.536409
-29.713304 8.439388 125.09316
-29.490913 8.697741 124.386127
-29.292463 9.02759 123.648761
-29.195352 9.1826 123.336491
-29.023064 9.410076 122.724167
-28.907484 9.488635 122.400912
-28.749231 9.701579 121.85176
-28.739232 9.668443 121.939512
-28.778224 9.641575 122.0864
-28.766136 9.729389 121.882155
-28.687769 9.892371 121.423502
-28.544562 10.165995 120.622231
-28.387112 10.477557 119.778415
-28.306497 10.80115 119.026979
-28.326795 11.099112 118.519279
-28.375182 11.392709 118.076342
-28.426328 11.672575 117.658472
-28.429937 11.934293 117.216118
-28.421475 12.102624 116.782344
-28.325019 12.200959 116.243153
-28.365523 12.079984 116.217771
-28.486141 11.741601 116.581713
-28.7617 11.127768 117.516716
-28.913759 10.783372 117.917127
-29.101713 10.48917 118.348176
-29.228262 10.374286 118.48553
-29.386236 10.340336 118.659527
-29.579205 10.354014 118.93028
-29.705175 10.510112 118.890412
-29.793738 10.736072 118.696395
-29.882643 11.035627 118.427222
-29.951731 11.31603 118.080297
-29.964572 11.669819 117.519279
-29.953327 11.990789 116.975818
-29.924429 12.240078 116.452023
-29.988236 12.281351 116.335007
-30.145951 12.105877 116.672655
-30.336275 11.775097 117.253885
-30.570801 11.35785 118.05749
-30.79844 10.897582 118.969648
-31.012091 10.493494 119.818239
-31.148482 10.207328 120.428481
-31.11372 10.132452 120.523878
-31.019007 10.242861 120.250354
-30.981518 10.400555 120.013765
-31.054798 10.247895 120.345856
-31.051716 9.95602 120.753046
-31.119541 9.250591 121.712606
-31.46872 8.252252 123.268953
-31.673837 6.936992 125.335538
-31.041783 6.0711 125.608387
-30.43244 5.325795 125.836596
-30.254414 3.675534 127.985093
-30.354874 1.517181 131.60886
-30.743969 -1.543448 136.782016
-29.984136 -3.930992 139.673257
-29.246537 -5.377514 141.365709
-28.265698 -6.072616 142.877156
-27.465977 -7.770852 147.253848
-26.607019 -9.828522 152.426372
-25.282696 -12.182384 158.98089
-23.667084 -14.485758 166.00927
-21.954483 -16.598811 173.013635
-20.055684 -18.644603 -178.340544
-17.704214 -20.643182 -168.195527
-15.05359 -22.073817 -158.581445
-12.319677 -22.950691 -149.617832
-9.250012 -23.577131 -139.629304
-5.17377 -23.975437 -126.884742
-0.440041 -23.932709 -111.799158
4.542803 -23.268278 -95.047931
9.272611 -21.848127 -77.354878
13.229319 -19.743118 -59.30813
16.191969 -17.177378 -41.158723
18.30626 -14.347127 -21.850694
19.819922 -11.378456 -0.132892
20.888258 -8.341346 24.121804
21.382304 -5.254991 50.025311
21.20271 -2.110957 78.933452
20.573602 0.824172 109.449739
19.645346 3.349132 138.490169
18.425336 5.320014 164.691884
17.008943 6.799476 -172.212752
15.433572 7.913442 -151.624908
13.668188 8.635643 -132.175961
11.909598 9.026822 -114.626232
10.360801 9.168044 -99.955479
9.080936 9.104585 -87.952205
8.058367 8.875328 -78.03988
7.194505 8.566692 -69.901101
6.457426 8.116769 -62.733191
5.865196 7.603816 -56.538787
5.366543 7.092812 -51.34477
4.997574 6.598975 -47.038193
4.704124 6.239031 -43.826628
4.478562 5.798913 -40.77639
4.27143 5.248524 -37.607407
4.113871 4.672477 -34.680907
4.005142 4.128789 -32.2196
3.900654 3.51819 -29.809551
3.905998 2.864161 -27.473613
4.08315 2.061607 -24.981309
4.345118 1.210856 -22.489656
4.588628 0.308498 -20.049199
4.766154 -0.70144 -17.350693
5.068128 -1.568674 -15.237266
5.290311 -2.24476 -13.759421
5.486826 -2.959424 -12.191675
5.783192 -3.8224 -10.317212
5.941986 -4.717795 -8.327485
5.8362 -5.53159 -6.651995
5.808449 -6.388554 -5.002626
6.113826 -7.08612 -3.862937
6.513839 -7.603308 -3.238934
6.883478 -8.07514 -2.640599
7.150844 -8.58025 -1.915759
7.541361 -8.991617 -1.295624
7.992634 -9.28832 -0.811447
8.312174 -9.465657 -0.443302
8.522079 -9.599871 -0.196622
8.650389 -9.72038 0.013077
8.756019 -9.877048 0.3374
8.941494 -10.109332 0.860371
9.08414 -10.389509 1.579701
9.127772 -10.755786 2.442374
9.15924 -11.215683 3.439451
9.128472 -11.716783 4.356115
9.326483 -12.256028 5.318287
9.676195 -12.744769 6.234263
9.812168 -13.320804 7.274678
9.622553 -14.027918 8.457594
9.538332 -14.88288 9.940884
9.598359 -15.625646 11.069286
9.712742 -16.184561 11.721716
9.773499 -16.769322 12.402297
9.620948 -17.428627 13.145181
9.527708 -17.973709 13.658016
9.166092 -18.25152 13.421258
9.233144 -18.455317 13.256347
9.029248 -18.77422 13.154296
9.402737 -19.291372 13.85631
10.033286 -19.788429 14.601196
10.435917 -20.150799 15.042284
10.708952 -20.495137 15.503958
11.021145 -20.798488 15.821509
11.526107 -20.915609 15.872951
11.833044 -20.932909 15.741644
11.950899 -21.093904 15.818782
11.984136 -21.273151 15.818622
11.971748 -21.489238 15.633393
12.032875 -21.615572 15.298473
12.036816 -21.701439 14.830172
12.046827 -21.963683 14.787436
12.040229 -22.14211 14.582248
11.990464 -21.894586 13.65998
11.907717 -21.542202 12.623057
12.134338 -21.352089 12.169877
12.028055 -21.054344 11.379675
11.246227 -20.453978 9.699579
10.629645 -19.822167 8.04712
10.632769 -19.372845 6.955
10.918556 -19.012972 6.143885
11.204274 -18.676545 5.409111
11.490493 -18.293456 4.680189
11.70813 -17.792371 3.727311
12.012597 -17.089337 2.396649
12.017148 -16.231306 0.574968
11.873781 -15.261325 -1.475874
11.68986 -14.280487 -3.477891
11.366474 -13.289342 -5.449214
11.020861 -12.354384 -7.191121
10.621167 -11.46124 -8.862989
10.224599 -10.594442 -10.523809
9.89808 -9.773702 -12.115296
9.701748 -8.963529 -13.722267
9.573737 -8.174226 -15.325755
9.527211 -7.472092 -16.886022
9.496643 -6.796234 -18.408374
9.468241 -6.173687 -19.801296
9.362762 -5.649222 -20.910921
9.17787 -5.208047 -21.739279
9.010697 -4.777966 -22.491325
8.904601 -4.355571 -23.245058
8.846695 -3.947448 -23.996441
8.954196 -3.532317 -24.82109
9.197806 -3.132255 -25.695754
9.464371 -2.970316 -26.201577
9.628301 -3.106792 -26.118947
9.643474 -3.37004 -25.776978
9.698615 -3.733234 -25.186734
9.76032 -4.151759 -24.472469
9.928867 -4.554906 -23.865862
10.24643 -4.923788 -23.33846
10.622037 -5.391006 -22.650041
10.943865 -6.051653 -21.525973
11.164287 -6.811216 -20.084282
11.393814 -7.514149 -18.708877
11.654568 -8.105283 -17.44841
11.951151 -8.66008 -16.22142
12.356815 -9.212782 -15.001225
12.814969 -9.8119 -13.731757
13.315334 -10.403432 -12.436321
13.778692 -11.044714 -11.029466
14.196997 -11.620703 -9.668082
14.652977 -12.129961 -8.44211
15.163741 -12.54761 -7.329823
15.785918 -12.927199 -6.263017
16.439804 -13.247105 -5.275351
17.095013 -13.446806 -4.494615
17.758688 -13.565328 -3.845462
18.391655 -13.668296 -3.187317
18.923803 -13.791004 -2.427953
19.421235 -14.014896 -1.487261
8.003866 -25.279337 2.28832
8.471201 -24.344754 0.983423
8.105683 -23.205239 -0.971529
7.529105 -22.107352 -2.818012
7.277745 -20.877768 -4.598027
7.049777 -19.492625 -6.50484
6.807571 -18.084986 -8.337945
6.498375 -16.673173 -10.094696
6.219488 -15.212214 -11.822529
6.006918 -13.734637 -13.631513
5.850818 -12.280234 -15.476141
5.803594 -10.833277 -17.405057
5.867233 -9.37023 -19.489652
6.028198 -7.889546 -21.790236
6.358589 -6.424447 -24.247754
6.875525 -5.029122 -26.935775
7.624935 -3.743731 -29.896783
8.647378 -2.600432 -33.038979
9.909338 -1.669897 -36.204597
11.23486 -1.035903 -38.942871
12.411945 -0.688811 -40.996945
13.257574 -0.52435 -42.200799
13.813199 -0.508724 -42.649632
14.070962 -0.608384 -42.362469
14.184458 -0.928687 -41.404306
14.260358 -1.2585 -40.173639
14.429235 -1.576557 -39.005977
14.800661 -2.060374 -37.616814
15.314991 -2.778247 -35.824538
15.802924 -3.561734 -33.814965
16.109764 -4.319781 -31.692143
16.04379 -5.098836 -29.21788
15.717197 -5.933283 -26.487734
15.284904 -6.82146 -23.684696
14.904796 -7.699842 -21.048435
14.72584 -8.464386 -18.791843
14.857681 -9.107642 -16.997325
15.220146 -9.664567 -15.517679
15.680429 -10.151891 -14.31925
16.175266 -10.582931 -13.34194
16.637818 -10.939147 -12.611321
17.097202 -11.247153 -12.00757
17.570185 -11.552639 -11.490833
18.060888 -11.855177 -10.976957
18.652023 -12.124158 -10.557852
19.328534 -12.393913 -10.141903
20.041521 -12.666062 -9.642885
20.70147 -12.959609 -9.040116
21.29406 -13.287999 -8.334764
21.769574 -13.6963 -7.486387
22.043213 -14.154207 -6.512311
22.266461 -14.676889 -5.494065
22.472789 -15.268885 -4.337034
22.711292 -16.02214 -2.959042
23.162977 -16.683166 -1.669071
23.546458 -17.352712 -0.307169
23.69688 -18.263457 1.45275
23.545167 -19.24762 3.02742
22.923431 -20.444506 4.472835
22.615075 -21.6321 6.073464
22.950555 -23.041457 8.490279
23.653623 -24.204384 10.616849
23.884047 -25.157658 11.922498
23.535841 -25.985754 12.70463
22.575028 -27.287643 13.917817
21.069159 -28.518363 14.68319
19.987021 -28.665804 14.146862
19.256094 -28.1536 12.981778
19.01588 -27.589021 12.01478
18.979592 -27.225549 11.35499
18.893307 -26.878892 10.722034
18.710091 -26.426269 9.849573
18.390556 -25.892467 8.748159
18.167536 -25.451363 7.855351
18.052895 -25.124548 7.208832
18.018971 -24.935489 6.823577
18.014483 -24.850463 6.659372
17.932125 -24.831464 6.534095
17.783703 -24.850336 6.449286
17.467494 -24.946112 6.429685
17.102784 -25.132171 6.56785
16.646307 -25.329914 6.615167
16.246574 -25.555363 6.688425
15.92014 -25.750806 6.729925
15.695846 -25.875219 6.717142
15.501597 -25.982081 6.660443
15.312883 -26.07204 6.605417
15.118239 -26.114775 6.475872
14.935852 -26.14114 6.322655
14.805142 -26.194648 6.228429
14.731159 -26.261911 6.191585
14.716577 -26.313504 6.133329
13.711461 -27.02695 -0.211233
13.367304 -27.129149 -0.309289
13.023226 -27.204508 -0.429731
12.676889 -27.251715 -0.533673
12.410071 -27.258951 -0.631292
12.228846 -27.324426 -0.599504
12.101386 -27.378293 -0.56256
12.047912 -27.391598 -0.566968
12.022805 -27.410061 -0.544264
12.055575 -27.421728 -0.571308
12.106236 -27.447748 -0.580638
12.151741 -27.475136 -0.610923
12.20867 -27.522516 -0.609196
12.250363 -27.5328 -0.648728
12.24451 -27.562437 -0.704011
12.182786 -27.584767 -0.786553
12.083567 -27.602167 -0.889608
11.950456 -27.600375 -1.045161
11.788156 -27.571134 -1.207734
11.582793 -27.54956 -1.390778
11.376829 -27.537898 -1.582861
11.210642 -27.545279 -1.738579
11.133075 -27.571525 -1.810686
11.05108 -27.603224 -1.856698
10.961437 -27.57876 -1.955566
10.908826 -27.549416 -2.069543
10.917566 -27.505627 -2.191671
10.938027 -27.500825 -2.231109
10.927711 -27.500235 -2.29122
10.939404 -27.503789 -2.338351
10.944594 -27.51178 -2.391333
10.911117 -27.518183 -2.439481
10.848527 -27.530788 -2.484029
10.763648 -27.553588 -2.513587
10.691039 -27.561069 -2.618699
3.734974 2.214351 -52.907806
3.853233 2.890175 -53.650992
3.924409 3.492628 -54.280517
3.983789 3.99482 -54.761709
4.014481 4.416161 -55.104343
4.036547 4.756186 -55.321654
4.000219 5.010281 -55.375884
3.919282 5.171214 -55.277442
3.764602 5.345168 -55.10639
3.640315 5.453278 -54.973474
7.406084 2.346712 -54.413962
6.877937 3.372611 -55.382612
6.127086 4.208317 -55.965291
4.945166 4.625881 -55.942032
3.720542 4.605812 -55.590115
2.572239 4.466639 -55.223905
1.53477 4.561678 -54.99588
0.804173 5.103551 -55.108292
0.494453 5.813483 -55.408475
0.452439 6.319909 -55.669283
0.50964 6.622996 -55.840334
0.568382 6.763193 -55.893019
0.761838 6.842332 -55.954866
1.025493 6.88835 -55.999344
17.199763 5.156905 -67.097519
16.29696 4.564919 -65.750584
15.486013 4.018762 -64.501434
14.793792 3.594468 -63.400777
14.276061 3.239785 -62.3677
13.917287 2.911853 -61.430166
13.641275 2.528094 -60.492775
13.304875 2.148147 -59.631473
12.711313 1.731256 -58.704305
11.831316 1.312782 -57.777257
10.40469 1.132353 -56.969788
8.380173 1.318632 -56.484916
6.405201 1.863583 -56.563146
4.738312 2.21637 -56.551899
3.747102 2.2185 -56.061527
3.162121 1.918118 -55.429833
2.36239 1.624784 -54.855231
1.602555 1.109962 -54.237814
1.194582 0.569524 -53.654036
1.070354 0.295598 -53.29115
1.162844 0.411059 -53.197958
1.368086 0.825627 -53.378371
1.562804 1.173271 -53.584909
1.650974 1.385664 -53.699306
1.705138 1.512889 -53.773128
1.799488 1.652225 -53.910483
1.930032 1.845254 -54.108291
2.04263 1.997269 -54.224288
2.128492 2.112366 -54.356785
2.086389 2.168003 -54.352792
1.902333 2.180706 -54.236268
1.625611 2.257812 -54.125086
1.319646 2.390538 -54.008413
