5.752883 1.053288 -61.03253
5.747289 1.044371 -61.068053
5.742989 1.02532 -61.048722
5.750868 1.016701 -61.088759
5.771607 1.010018 -61.104168
5.794348 0.989173 -61.124509
5.809393 0.97595 -61.154763
5.803872 0.968402 -61.169563
5.816915 0.969341 -61.22489
5.807561 0.989101 -61.24978
5.7814 0.989621 -61.20847
5.728738 1.035897 -61.197548
5.681738 1.041709 -61.131543
5.662563 1.034869 -61.091901
5.65067 1.068049 -61.023315
5.690064 1.06749 -61.059895
5.74116 1.034727 -61.085105
5.735467 1.028188 -61.059957
5.684436 1.015315 -60.993865
5.576142 1.076181 -60.968413
5.369043 1.268575 -60.953119
5.184122 1.440581 -60.928425
5.156582 1.484913 -60.871447
5.315795 1.376666 -60.894103
5.613508 1.233265 -60.92037
5.92966 1.034231 -60.846039
5.800301 0.89874 -60.654597
5.171733 1.047515 -60.313503
4.457664 1.468873 -60.13504
3.997694 2.268327 -60.411784
3.928899 3.296569 -61.097333
4.394402 4.42047 -62.314378
5.468162 5.995908 -64.653194
7.152333 7.604425 -67.900005
9.833171 8.882936 -72.295221
13.505989 9.205619 -77.847441
17.327873 8.315317 -83.618536
20.539815 6.446511 -88.702223
23.071354 4.088439 -92.937003
24.793501 1.397395 -95.323156
25.83433 -0.886736 -96.214095
26.634108 -2.598394 -96.401805
26.696054 -3.823902 -94.271809
26.529498 -4.359317 -91.40865
26.436724 -4.531824 -88.785809
25.933753 -4.401441 -85.109664
24.9359 -3.576793 -81.249267
23.723425 -2.399966 -78.016664
22.320093 -1.300167 -74.918858
20.796375 -0.405154 -72.060434
19.222647 0.194281 -69.381125
17.729285 0.495468 -66.872781
16.378434 0.416902 -64.454938
15.275557 0.063394 -62.171492
14.669575 -0.379006 -60.523321
14.918795 -0.607279 -60.060235
15.465556 -0.536517 -60.166156
16.087788 -0.308913 -60.592934
16.664783 0.053979 -61.191171
17.096871 0.467527 -61.791592
17.373156 0.851683 -62.352872
17.560538 1.268834 -63.05714
17.676389 1.811199 -63.928371
17.772224 2.601765 -65.197271
17.885173 3.826453 -67.028636
17.999801 5.35382 -69.311196
18.066962 7.01535 -71.780428
17.943303 8.709741 -74.293728
17.483289 10.278661 -76.577676
16.798722 11.662119 -78.624415
16.072003 12.878143 -80.369114
15.613704 13.985732 -81.966859
15.434136 14.992903 -83.458663
15.377523 15.902754 -84.8073
15.198493 16.830146 -86.114292
14.81839 17.737027 -87.356639
14.177387 18.671027 -88.454328
13.244011 19.629078 -89.387869
11.999555 20.577144 -90.010876
10.692755 21.494548 -90.527422
9.499102 22.377878 -90.899958
8.108366 23.159331 -90.95894
6.466217 23.771773 -90.641824
4.772272 24.295756 -90.150975
3.106181 24.734794 -89.552536
1.611586 25.246529 -89.156394
0.24308 25.812978 -88.870461
-0.635863 26.368608 -88.703157
-1.051321 26.72056 -88.604296
-1.8948 26.537598 -87.311577
-3.157073 26.191238 -86.096331
-4.766395 26.06915 -84.903603
-6.367749 26.046786 -83.815218
-7.754105 26.111309 -82.863319
-8.944428 26.567339 -82.473147
-10.068685 26.427203 -81.765825
-9.211163 26.665116 -82.301664
-8.12141 26.993815 -82.83131
-7.277125 26.928758 -82.775532
-8.104651 26.131402 -81.412581
-9.036517 25.468382 -80.481284
-9.581178 24.810582 -79.586002
-9.57992 24.082915 -78.810891
-9.600545 23.534094 -78.09547
-9.465959 23.011834 -77.565901
-9.08251 23.015309 -77.59138
-8.807433 22.566258 -77.238862
-8.756638 22.056365 -76.635366
-8.530293 21.752667 -76.369468
-8.280621 21.852956 -76.528502
-7.636224 21.976881 -76.906279
-7.155446 22.503153 -77.463278
-7.941549 22.59088 -77.027752
-8.241687 21.911679 -76.20544
-7.955118 21.322651 -75.679548
-7.948816 21.940654 -76.155047
-8.66318 22.033245 -75.876187
-9.436793 22.226855 -75.618075
-10.222453 22.482161 -75.511166
-10.89413 22.311448 -75.024185
-11.567784 22.621782 -74.880039
-12.035999 23.015652 -74.932981
-11.539454 23.560055 -75.729534
-10.370528 23.905344 -76.705892
-9.084682 24.133872 -77.77611
-8.045909 24.345824 -78.715687
-7.722718 24.959329 -79.895361
-7.573785 25.51712 -81.007793
-6.484587 25.203546 -81.730451
-4.861095 25.205885 -83.04254
-3.378008 24.895815 -84.017482
-2.752695 24.24407 -84.050371
-2.98454 23.772604 -83.956239
-3.386528 23.481022 -84.529844
-3.112313 23.041405 -85.396572
-3.135827 23.139992 -87.05151
-1.650911 23.760708 -90.915933
0.444118 24.130783 -95.201991
2.452291 24.422382 -99.837945
4.681654 24.804813 -105.357857
6.851618 25.076408 -111.181633
8.801084 25.254662 -117.198561
10.802693 25.331234 -123.85898
13.158803 25.244688 -131.498777
15.809281 24.903128 -140.082157
18.699242 24.392453 -149.906147
21.566126 23.567785 -160.295302
24.243028 22.363411 -170.893734
26.663068 20.838074 178.433554
28.721408 19.06749 167.958661
30.551095 17.139973 157.529687
32.290996 14.73692 146.31639
33.709546 11.247948 134.059378
34.905618 6.615259 119.431698
35.633288 0.831174 102.92216
35.861318 -5.380394 85.187573
35.521433 -11.217122 67.576168
34.94424 -16.156138 50.483173
33.559896 -20.213146 33.227546
31.374563 -23.48039 15.059576
28.112845 -26.248785 -4.963901
23.829135 -28.479853 -25.433544
18.382484 -30.138066 -45.82655
12.362775 -31.244834 -64.819589
6.312637 -32.001118 -81.739442
0.848373 -32.476397 -95.349224
-3.553057 -32.762829 -105.202969
-6.256598 -33.04063 -111.226453
-8.705426 -33.098779 -116.994917
-11.092787 -32.900677 -122.511492
-13.837859 -32.502599 -128.939434
-16.813762 -31.889158 -135.877426
-19.590498 -31.107212 -142.821126
-22.062755 -30.25038 -149.672008
-23.886116 -29.539134 -154.856832
-25.024701 -29.212813 -157.205762
-25.844035 -29.252158 -158.722605
-25.976209 -29.637016 -158.555068
-25.421603 -30.230876 -156.960963
-24.543198 -30.853207 -154.869436
-23.359075 -31.300869 -152.45132
-22.439178 -31.47813 -150.835985
-22.08507 -31.381204 -150.249316
-22.317393 -31.100449 -151.106087
-22.951796 -30.73295 -152.570522
-23.90382 -30.343233 -155.078914
-24.934291 -30.05903 -157.786638
-25.655607 -30.141811 -158.552057
-25.964992 -30.46262 -158.277025
-25.708434 -30.962773 -157.015924
-25.095982 -31.481311 -155.199257
-24.374619 -31.943252 -153.519732
-23.638413 -32.237995 -152.326476
-23.117407 -32.383092 -152.076341
-23.026054 -32.404601 -152.780917
-23.219856 -32.327593 -154.113511
-23.525364 -32.187768 -155.984904
-23.948234 -32.105868 -157.653017
-24.278154 -32.155248 -158.51402
-24.454214 -32.271525 -159.300658
-24.493654 -32.456037 -160.007194
-24.335028 -32.699504 -159.945974
-24.223971 -32.925544 -160.15176
-24.067944 -33.126554 -160.468774
-23.992429 -33.293567 -160.945452
-23.99397 -33.382716 -161.694109
-24.107652 -33.442963 -162.837956
-24.287266 -33.558272 -163.708842
-24.411535 -33.704118 -164.558385
-24.373377 -33.883242 -165.157342
-24.259451 -34.055522 -165.811361
-24.049436 -34.216528 -166.17722
-23.871385 -34.369726 -166.379619
-23.779518 -34.459317 -166.814954
-23.897273 -34.490194 -167.736854
-24.177374 -34.474459 -168.661315
-24.565946 -34.464158 -169.546381
-24.917057 -34.489237 -170.109865
-25.13788 -34.583179 -170.370165
-25.164566 -34.732914 -170.285398
-25.007854 -34.933705 -170.103289
-24.713225 -35.156362 -169.880638
-24.375698 -35.361605 -169.695937
-24.108853 -35.546347 -169.866644
-23.979825 -35.66436 -170.316496
-24.04016 -35.721398 -171.415193
-24.234532 -35.696278 -172.865437
-24.524551 -35.629093 -174.367703
-24.85954 -35.593989 -175.376084
-25.051018 -35.616219 -175.553512
-25.093853 -35.710886 -175.448502
-24.986746 -35.839656 -175.233324
-24.758937 -35.962768 -174.952108
-24.538927 -36.035992 -174.880599
-24.393844 -36.047468 -174.944206
-24.314706 -36.027228 -175.027455
-24.332018 -36.002388 -174.904499
-24.346818 -35.988678 -174.740873
-24.294472 -36.029725 -174.200288
-24.124912 -36.125892 -173.444031
-23.823305 -36.258036 -172.675784
-23.429254 -36.411654 -171.773136
-22.963878 -36.547239 -170.725756
-22.465319 -36.643428 -169.822229
-22.098471 -36.678711 -169.235117
-21.907809 -36.670546 -168.911877
-21.859115 -36.634653 -168.979632
-21.990468 -36.581003 -169.746365
-22.121158 -36.535165 -170.421099
-22.138125 -36.516751 -170.617027
-22.063022 -36.52415 -170.43976
-21.948233 -36.522208 -170.138998
-21.785396 -36.51219 -169.827655
-21.604679 -36.439072 -169.711205
-21.57442 -36.35962 -170.076239
-21.631901 -36.28178 -170.410672
-21.754719 -36.159074 -171.03806
-21.694437 -36.03699 -171.234425
-21.763251 -35.949808 -171.620796
-21.848847 -35.921904 -171.497839
-21.932365 -35.93125 -170.916676
-21.866912 -35.979435 -169.810057
-21.719597 -36.042488 -168.832284
-21.564566 -36.104237 -168.286604
-21.514899 -36.083669 -168.251731
-21.686927 -36.071493 -168.842142
-21.791157 -36.06773 -169.265963
-21.943601 -36.083526 -170.053758
-22.037083 -36.092709 -170.652837
-22.136037 -36.097115 -170.873646
-22.153145 -36.114838 -170.631129
-22.129654 -36.165017 -170.30302
-21.993227 -36.218128 -169.873151
-21.887244 -36.283811 -169.608638
-21.875435 -36.290146 -169.799689
-22.054112 -36.283554 -170.489884
-22.357417 -36.290102 -171.330611
-22.685701 -36.290898 -172.504381
-22.972573 -36.28137 -173.889523
-23.202286 -36.346989 -174.887505
-23.282789 -36.45852 -175.072346
-23.075523 -36.608884 -174.706199
-22.717334 -36.722054 -174.495109
-22.429598 -36.806433 -174.205637
-22.310172 -36.821747 -174.34594
-22.360473 -36.754453 -175.165627
-22.613502 -36.648409 -176.229466
-22.992679 -36.545426 -177.351588
-23.349046 -36.494881 -178.274516
-23.723307 -36.46581 -179.286937
-23.907652 -36.449469 179.995095
-24.024644 -36.473287 179.479424
-24.037359 -36.517105 179.503612
-24.00037 -36.573352 179.725303
-23.934133 -36.584456 179.675393
-23.970552 -36.549836 179.272746
-24.072945 -36.493473 178.85646
-24.168611 -36.431225 178.540835
-24.196628 -36.421209 178.526154
-24.19184 -36.450196 178.734644
-24.054673 -36.524396 179.291622
-23.850406 -36.612265 179.927258
-23.640121 -36.70581 -179.56236
-23.452371 -36.751247 -179.234648
-23.355153 -36.759932 -179.169374
-23.412385 -36.750879 -179.418971
-23.537313 -36.743855 -179.910038
-23.664206 -36.760225 179.555769
-23.720257 -36.807946 179.245347
-23.668513 -36.906061 179.249557
-23.503496 -37.045117 179.437883
-23.201186 -37.194205 179.800667
-22.817838 -37.320119 -179.742996
-22.413751 -37.416051 -179.251317
-22.078961 -37.510745 -178.832672
-21.836376 -37.570961 -178.613672
-21.559091 -37.633663 -178.379864
-21.237673 -37.66267 -178.032266
-20.770565 -37.673677 -177.35123
-20.20571 -37.693837 -176.330856
-19.535667 -37.718526 -174.926493
-18.853501 -37.722141 -173.56564
-18.099455 -37.735072 -172.061294
-17.331928 -37.702711 -170.58858
-16.503839 -37.697061 -168.970487
-15.730051 -37.671769 -167.39339
-14.617506 -37.581035 -165.05068
-13.06734 -37.42544 -160.364117
-11.703999 -37.316264 -155.755011
-10.33025 -37.186172 -151.691902
-8.880456 -37.004764 -147.862962
-7.381014 -36.811778 -143.912586
-5.771497 -36.589874 -139.587418
-4.025003 -36.309158 -135.083297
-2.172648 -35.943758 -130.414571
-0.347588 -35.498419 -125.789509
1.606084 -34.912923 -120.186357
3.777139 -34.138617 -112.37251
6.078504 -33.273154 -102.22065
8.744272 -32.301416 -88.052178
11.679024 -31.504077 -69.360597
14.702716 -31.361656 -46.036784
17.733917 -32.361181 -18.164068
20.795808 -34.074005 15.941065
23.344469 -33.16812 48.074013
25.450476 -29.214471 78.977804
26.88871 -24.87201 108.880636
28.040291 -22.093997 131.379271
29.38792 -20.042948 145.971206
30.673731 -18.312031 154.802133
31.793256 -16.623003 161.4719
32.519552 -14.776389 169.198878
33.054564 -13.168294 175.403407
33.438029 -11.491814 -178.527025
33.75746 -9.827605 -173.536018
33.924522 -8.022611 -168.825051
33.752474 -5.908657 -163.673927
33.593104 -3.441658 -158.983229
33.583177 -1.087723 -155.87425
33.474148 0.752543 -153.719751
32.90654 2.514789 -150.438492
32.666866 3.993138 -148.645458
32.769319 5.048613 -148.20997
32.921546 6.017122 -147.967219
33.054537 7.015839 -147.705744
33.150629 8.152245 -147.284231
33.296801 9.523097 -146.7094
33.405005 10.951702 -145.996389
33.230694 12.465887 -144.689936
32.770377 13.988518 -142.892799
32.281484 15.176817 -141.242835
31.738824 16.440135 -139.541179
31.122662 17.870073 -137.950225
30.526375 19.265875 -136.592735
29.8666 20.577499 -135.355107
29.086739 22.019644 -134.093532
28.342594 23.355806 -132.951791
27.619996 24.538027 -131.958615
27.123045 25.494774 -131.440349
26.682141 26.232206 -131.037939
26.386836 26.750956 -130.798384
26.237879 27.110436 -130.721919
26.096124 27.356509 -130.46545
25.974839 27.620435 -130.034776
25.791058 27.93305 -129.303294
25.472293 28.229087 -128.244757
24.859353 28.392243 -126.784312
24.051326 28.528793 -125.02227
22.954853 28.815152 -123.136465
21.498765 29.342548 -121.035476
19.750518 29.893479 -118.764857
18.018152 30.38198 -116.608741
16.547207 30.736336 -114.827708
15.782434 30.957062 -114.062182
15.537811 31.02801 -113.901337
15.466481 31.03663 -113.929563
15.322189 31.033533 -113.926983
15.129642 30.960799 -113.770687
15.015186 30.841097 -113.669104
15.075217 30.728341 -113.73782
14.992758 30.681015 -113.583995
14.982831 30.795783 -113.593046
15.016595 30.922939 -113.715936
14.849228 30.976094 -113.534902
14.28632 31.013925 -112.892506
13.875654 31.021303 -112.485605
13.623736 31.039668 -112.293537
13.264447 31.057408 -112.009894
13.040412 30.933018 -111.816643
13.003948 30.710263 -111.801147
13.155418 30.566687 -112.037242
12.987264 30.577237 -111.922519
12.985119 30.644751 -112.044061
12.710687 30.767357 -111.754582
12.181176 30.578285 -110.884765
12.509384 30.484105 -111.165699
12.155556 30.857658 -110.982563
12.350696 30.749397 -111.258168
12.096782 30.314788 -110.647049
11.9457 30.006256 -110.262438
11.762901 29.84515 -110.028553
11.543107 29.795461 -109.860274
11.205249 29.796466 -109.571503
11.00344 29.709004 -109.404644
11.125853 29.527983 -109.588154
11.5335 29.307197 -110.030697
12.176668 29.157105 -110.803781
12.838464 28.826013 -111.390343
13.244664 28.372426 -111.53641
13.277948 28.002435 -111.263306
13.057759 27.754963 -110.799151
12.635011 27.567911 -110.175458
11.733891 27.447468 -109.000655
10.797283 27.419543 -107.808143
10.420456 27.318429 -107.270154
10.484888 27.162156 -107.218137
10.641996 26.979933 -107.403314
10.684144 26.737643 -107.490565
10.818247 26.522226 -107.766756
10.832845 26.362294 -107.978852
10.907433 26.185593 -108.204363
10.995994 25.980753 -108.424107
11.111926 25.769473 -108.623315
11.294873 25.545418 -108.867036
11.315863 25.341466 -108.894
11.273391 25.206125 -108.820831
11.351244 25.086194 -109.020305
11.374193 24.888691 -109.079512
11.255986 24.563251 -108.822168
11.132709 24.242479 -108.560097
10.957353 24.101134 -108.359476
10.335459 24.204746 -107.750703
9.812746 24.445703 -107.419658
9.483378 24.709782 -107.32675
9.438893 24.90364 -107.470288
9.40874 25.148303 -107.556787
9.480988 25.456497 -107.794769
9.338464 25.786785 -107.817063
9.294633 26.02273 -107.836526
10.090402 26.077857 -108.787608
11.278343 26.014289 -110.003923
12.620248 25.906606 -111.235196
14.096163 25.714548 -112.486225
15.535618 25.45353 -113.576351
16.845951 25.132749 -114.406037
17.996267 24.765277 -114.889606
19.012548 24.473074 -115.126374
19.905484 24.29207 -115.126735
20.671038 24.289347 -114.997426
21.445977 24.378824 -114.833603
22.522415 24.470658 -114.808663
23.859486 24.527552 -114.945877
25.199223 24.610062 -115.022405
26.520662 24.734157 -115.101309
27.960972 24.849123 -115.417541
29.397837 25.00763 -115.966731
30.584501 25.306102 -116.462536
31.508295 25.767622 -116.849018
32.226563 26.392992 -117.186862
32.925866 27.114944 -117.562127
33.827416 27.748341 -118.113159
35.061699 28.265815 -118.991287
36.461362 28.60633 -120.09294
37.951148 28.570895 -121.283739
39.217105 28.203977 -122.337688
39.986402 27.709116 -122.996022
40.165646 27.194426 -123.060305
39.426211 26.739924 -122.03322
38.412304 26.345022 -120.59169
37.451751 25.933532 -119.047107
36.625583 25.466145 -117.424636
35.770314 24.953921 -115.563829
34.914714 24.438813 -113.539713
34.1035 23.926939 -111.468291
33.309075 23.47435 -109.448753
32.442978 23.080644 -107.501796
31.49713 22.772479 -105.715085
30.479402 22.537605 -104.115027
29.435925 22.330379 -102.635755
28.309641 22.109595 -101.163659
27.174915 21.830389 -99.685345
26.187815 21.489026 -98.355855
25.504686 21.096103 -97.231135
25.193629 20.69992 -96.425684
25.204821 20.320368 -95.988061
25.332821 20.015805 -95.738671
25.428863 19.743399 -95.496157
25.297762 19.425858 -95.051154
24.849788 19.033226 -94.142062
24.305517 18.580804 -92.890476
23.79008 18.090339 -91.421196
23.476725 17.572035 -89.947136
23.402534 17.091853 -88.664498
23.486553 16.635859 -87.644692
23.421942 16.171231 -86.637357
23.06647 15.617184 -85.418283
22.44966 14.922891 -84.04323
21.717041 14.100051 -82.59708
21.041644 13.178056 -81.137569
20.431928 12.189563 -79.555261
20.064065 11.101537 -77.966234
19.742634 10.091917 -76.331119
19.401977 9.115348 -74.670796
19.139139 8.163935 -73.069213
18.854872 7.262877 -71.436923
18.492899 6.484221 -69.922945
17.992173 5.777119 -68.504194
17.199763 5.156905 -67.097519
16.29696 4.564919 -65.750584
15.486013 4.018762 -64.501434
14.793792 3.594468 -63.400777
14.276061 3.239785 -62.3677
13.917287 2.911853 -61.430166
13.641275 2.528094 -60.492775
13.304875 2.148147 -59.631473
12.711313 1.731256 -58.704305
11.831316 1.312782 -57.777257
10.40469 1.132353 -56.969788
8.380173 1.318632 -56.484916
6.405201 1.863583 -56.563146
4.738312 2.21637 -56.551899
3.747102 2.2185 -56.061527
3.162121 1.918118 -55.429833
2.36239 1.624784 -54.855231
1.602555 1.109962 -54.237814
1.194582 0.569524 -53.654036
1.070354 0.295598 -53.29115
1.162844 0.411059 -53.197958
1.368086 0.825627 -53.378371
1.562804 1.173271 -53.584909
1.650974 1.385664 -53.699306
1.705138 1.512889 -53.773128
1.799488 1.652225 -53.910483
1.930032 1.845254 -54.108291
2.04263 1.997269 -54.224288
2.128492 2.112366 -54.356785
2.086389 2.168003 -54.352792
1.902333 2.180706 -54.236268
1.625611 2.257812 -54.125086
1.319646 2.390538 -54.008413
