3.973059 -12.205927 -40.989597
3.871827 -12.359189 -40.967392
3.585229 -13.096035 -40.170049
3.274296 -14.199684 -38.961008
3.194788 -15.523526 -37.546782
3.361957 -16.796879 -36.181628
3.966815 -17.921115 -34.892342
4.989121 -18.817508 -33.793754
6.306413 -19.48077 -32.779207
7.752565 -19.897716 -31.954383
9.195877 -20.044022 -31.461748
10.466649 -19.787093 -31.596939
11.578119 -19.01907 -32.516629
12.587803 -17.914869 -33.996226
13.702083 -16.727966 -35.547119
15.022923 -15.634327 -36.827211
16.496072 -14.712196 -37.819588
17.965485 -13.949285 -38.600112
19.231865 -13.260937 -39.473209
20.091752 -12.482786 -40.762588
20.392857 -11.518733 -42.712743
20.172974 -10.292063 -45.244347
19.640852 -8.854633 -48.056393
19.061549 -7.323868 -50.826609
18.632665 -5.805106 -53.303503
18.406745 -4.397035 -55.373573
18.337245 -3.114409 -57.13845
18.36594 -1.920332 -58.708153
18.363419 -0.821875 -60.051905
18.063628 0.198931 -61.264854
17.180082 1.089366 -62.235999
15.814749 1.635948 -62.770709
14.27506 2.069526 -63.120163
12.814676 2.562226 -63.530003
11.597285 3.186052 -64.050927
10.710856 3.788588 -64.435114
10.187951 4.719923 -64.987138
9.261055 5.457665 -65.452657
7.939707 5.453802 -65.187264
6.768052 5.210902 -64.728984
6.958824 5.716122 -64.843016
7.300618 5.728116 -64.47665
8.048436 6.131359 -64.361202
8.689542 6.93978 -64.845905
8.475581 6.320115 -63.986863
8.044384 5.631462 -63.066794
7.412453 5.057944 -62.304356
6.672993 4.632499 -61.580464
5.947998 4.069746 -60.837277
5.184507 3.449422 -60.116623
4.550524 2.823309 -59.314279
4.386308 2.344409 -58.566073
4.630595 2.700168 -58.576153
5.073328 3.150635 -58.715543
5.821451 3.656161 -58.858796
6.661265 4.484692 -59.285771
7.53722 5.461382 -59.893481
8.364282 6.398131 -60.462153
9.421569 6.817958 -60.345356
10.136572 6.500759 -59.609556
9.72792 5.372853 -58.125526
9.408311 4.218598 -56.702889
9.32077 3.276646 -55.540244
8.35848 2.723821 -54.846616
7.135106 2.388125 -54.482471
6.098689 1.442716 -53.638028
5.431099 0.331976 -52.512076
4.373508 -0.226705 -51.899051
4.10188 0.351082 -52.268089
3.612051 0.705546 -52.717719
3.076716 1.110513 -53.522235
2.849481 0.592834 -53.169202
1.367029 0.19831 -53.167322
1.311293 1.352988 -54.500831
1.555826 2.533464 -56.228534
1.981717 3.467436 -57.895685
2.290677 4.034352 -59.354373
2.380091 4.462482 -60.789982
2.226379 5.176871 -62.994141
2.227142 6.036032 -65.600544
2.437118 6.772546 -68.223663
2.691663 7.419522 -70.917514
3.026145 8.224497 -74.307549
3.710824 9.033764 -78.36255
4.647926 9.575263 -82.432917
5.726869 9.910932 -86.56938
6.886934 10.264314 -91.45526
7.982424 10.428807 -96.268699
8.827418 10.39443 -100.680226
9.723103 10.383415 -106.07695
10.723951 10.436712 -112.917073
11.819928 10.073256 -119.431389
12.144229 9.578376 -123.392379
12.973834 8.939921 -129.776486
13.984261 8.020559 -137.445489
14.662078 6.881308 -144.263744
15.370554 5.652474 -153.251823
16.049831 4.568489 -165.072175
16.946076 3.436945 178.887096
18.045179 2.341793 160.091655
19.062199 0.483334 139.281329
19.562054 -1.974952 118.246101
19.78247 -4.816467 94.730578
19.467058 -7.811295 70.90177
18.656279 -10.48548 49.472951
17.365449 -12.911806 30.003755
16.103297 -14.824139 14.807016
15.159074 -16.681216 4.712299
13.456942 -18.339192 -8.029861
12.30869 -19.29709 -12.349182
10.938017 -20.37162 -21.461396
10.417392 -20.872111 -23.269609
9.940168 -21.223452 -26.591918
10.266727 -21.339611 -25.191204
11.064272 -21.303412 -21.363284
12.411649 -20.942073 -14.55598
14.370095 -20.171331 -4.516734
16.631222 -18.81711 7.637707
18.799937 -16.852435 20.555564
20.506717 -14.520214 32.088973
21.756223 -11.791973 44.480353
22.33037 -9.111444 55.857974
22.563747 -6.923502 64.778433
22.762891 -5.023513 71.784138
22.964934 -3.183841 77.844337
23.108672 -1.612689 82.255571
23.149501 -0.201304 85.837366
23.076728 1.119332 89.209731
23.096057 2.49439 92.714952
23.118572 3.678578 95.279156
23.112651 4.588194 96.832586
23.063708 5.351594 97.847365
23.006845 6.125616 98.873589
22.943117 7.052359 100.305261
22.836821 7.915796 101.676264
22.463979 8.923698 104.368341
21.960812 9.791228 107.266694
21.459911 10.465254 109.633193
21.011863 11.120875 112.077493
20.779123 11.715387 113.814238
20.718058 12.222315 114.838209
20.626199 12.492465 115.178886
20.31032 12.582014 115.680986
19.941097 12.588863 116.141836
19.663103 12.524597 115.907896
19.376665 12.525362 116.045974
19.376453 12.616927 115.338071
19.534349 12.908638 114.879601
19.685177 13.155886 114.40167
19.604449 13.155018 113.930396
19.157083 12.944204 114.527768
18.869478 12.912815 114.789426
18.836522 13.132465 114.931831
18.979284 13.309076 114.557936
19.166605 13.208037 113.320483
19.265728 12.874454 111.548712
19.184087 12.513772 110.043592
18.914558 12.199909 109.57937
18.930474 11.912187 108.162663
19.057935 11.621217 106.527891
19.475283 10.986695 103.428443
19.947044 10.204 99.748855
20.490881 9.343299 95.246268
21.074663 8.502334 90.305914
21.767732 7.637139 85.161487
22.249268 6.866865 80.820382
22.722848 6.401496 77.416416
23.091584 6.112542 74.776126
23.129147 5.844171 73.088673
23.090137 5.593613 71.767128
23.105228 5.415811 70.902902
23.107475 5.271402 70.321875
23.13093 5.151862 69.82736
23.240917 5.188591 69.591548
23.345919 5.331284 69.513174
23.388305 5.566653 69.805589
23.393556 5.869965 70.473091
23.331681 6.234307 71.655104
23.173951 6.599936 73.269661
22.896979 6.958939 75.305396
22.616942 7.287182 77.305446
22.4122 7.571971 79.010828
22.191987 7.88406 80.64957
22.046979 8.169944 81.983206
21.928275 8.4964 83.372092
21.803312 8.887845 85.106615
21.669659 9.244599 86.868336
21.476298 9.526664 88.589129
21.179079 9.877507 90.832982
20.84331 10.277057 93.343324
20.521452 10.646495 95.48989
20.314892 10.966518 97.141504
20.103382 11.405444 99.088429
19.916976 11.879804 101.161775
19.671637 12.358346 103.252932
19.303612 12.936319 106.29476
18.822552 13.513496 109.768008
18.299393 14.046517 113.100469
17.576116 14.619399 117.648384
16.91392 15.123665 121.64264
16.323033 15.718632 125.886005
15.756184 16.254938 130.028995
15.271094 16.514103 133.046956
14.49912 16.526239 137.336777
13.462457 16.855385 143.505784
12.511975 17.540868 149.368874
11.439269 18.20206 155.355835
10.301633 18.677183 161.453247
9.154144 18.768327 167.787046
7.97361 19.09771 174.361871
7.231792 19.448491 179.545249
7.190894 19.698352 -177.639612
7.134142 19.831451 -174.378942
7.431629 19.521784 -171.907346
7.494348 18.882836 -167.56236
7.401953 18.402628 -162.713542
7.121582 17.983323 -157.468324
6.932317 17.185968 -152.041101
6.52919 16.474636 -146.272269
5.817181 16.161179 -140.863937
4.910774 16.00498 -135.644733
4.101521 15.792898 -130.923609
3.841914 15.389226 -127.584197
3.698287 14.785291 -123.816766
3.564374 14.280522 -120.16902
3.626934 14.10429 -118.019446
3.431854 13.959367 -115.460291
3.174002 13.710654 -112.753609
2.956329 13.368339 -109.997927
2.770519 13.130715 -107.606588
2.761877 12.923552 -105.820635
2.778462 12.412229 -103.614406
2.982872 11.504329 -101.048113
3.050189 10.759238 -98.786702
1.941752 10.119881 -95.093927
1.060369 9.769237 -92.502678
0.304272 9.622529 -90.447573
0.117193 9.579111 -89.253089
0.617957 9.415391 -88.681804
1.796707 9.281022 -88.880626
1.694049 9.045376 -87.605692
2.017649 8.638486 -86.752063
1.25062 7.627714 -83.988438
0.51804 6.324029 -80.960504
-0.78711 3.023545 -73.78121
-1.169679 2.455926 -72.374866
-1.158812 1.871252 -71.276137
-0.956373 1.515434 -70.648286
-0.760292 1.394346 -70.417839
-0.482169 1.489778 -70.620932
-0.179742 1.66235 -71.111344
0.263071 1.60394 -71.380749
0.660537 1.342567 -71.252245
0.921375 1.143251 -71.047802
1.116564 1.019647 -70.913726
1.42559 0.954547 -71.030229
1.84895 0.923443 -71.321613
2.731677 0.359638 -71.143843
3.468448 -0.751596 -69.953063
3.799938 -1.988358 -68.202121
3.850996 -3.135499 -66.30456
3.63442 -3.968065 -64.657147
2.729464 -4.520295 -63.052238
1.437843 -4.934167 -61.608778
0.283085 -5.236994 -60.534249
-0.226198 -5.327608 -60.165314
-0.422229 -5.247646 -60.249497
-0.440413 -5.047125 -60.699107
-0.514833 -4.905266 -61.051823
-0.686733 -4.852147 -61.218776
-0.84346 -4.867358 -61.290992
-0.826893 -5.045333 -61.229626
-0.648689 -5.370298 -60.897542
-0.616081 -5.50734 -60.706152
-0.62822 -5.184575 -61.101208
-0.61163 -4.475882 -62.066461
-0.418429 -3.581641 -63.433529
-0.050221 -2.64965 -64.964719
0.256761 -1.742612 -66.47372
0.593881 -0.905986 -67.857451
0.78309 -0.024414 -69.234022
0.942672 0.911693 -70.683329
1.158145 1.882507 -72.208751
1.432713 2.897874 -73.940654
1.921475 3.848329 -75.866498
2.619644 4.608849 -77.856831
3.415112 5.201217 -79.797971
4.320453 5.701209 -81.792327
5.409935 6.134002 -83.948756
6.59831 6.56346 -86.248504
7.758643 6.994951 -88.494858
8.773008 7.389199 -90.543518
9.615952 7.597409 -92.116067
10.319766 7.489302 -93.063655
11.007596 7.165451 -93.675588
11.750966 6.725359 -94.136572
12.586466 6.302265 -94.695478
13.544478 6.002287 -95.518968
14.515199 5.700299 -96.22403
15.293729 5.218176 -96.184304
15.753865 4.578001 -95.233942
15.942443 3.887325 -93.658549
15.946694 3.169579 -91.667812
15.825902 2.363212 -89.319542
15.770463 1.451516 -86.885353
15.921218 0.507722 -84.587932
16.242928 -0.426838 -82.453
16.289559 -1.390561 -79.832246
16.056441 -2.455549 -76.778698
15.582172 -3.606301 -73.378622
14.950094 -4.801138 -69.868986
14.248357 -5.925593 -66.536681
13.616447 -6.887507 -63.685076
13.315578 -7.555327 -61.653355
13.222953 -8.011178 -60.188432
13.23179 -8.415077 -58.979634
13.311198 -8.862128 -57.775799
13.522786 -9.41002 -56.527746
13.729626 -10.133685 -55.038432
13.997902 -11.025374 -53.31093
14.420336 -11.94635 -51.501838
14.861846 -12.804991 -49.753283
15.128548 -13.687648 -47.989077
15.085841 -14.587277 -46.229302
14.835084 -15.48375 -44.573028
14.622254 -16.313739 -43.117334
14.561865 -17.066491 -41.770103
14.749642 -17.690396 -40.533852
15.071865 -18.145751 -39.379146
15.468207 -18.406058 -38.491035
15.833228 -18.62649 -37.736833
16.014486 -18.898272 -37.198244
11.553981 -21.043814 -41.684912
11.152751 -21.290312 -41.203763
10.448149 -21.310091 -40.959463
9.498056 -21.245528 -40.782046
8.419331 -21.186881 -40.685704
7.659047 -21.203131 -40.424259
7.209818 -21.340606 -40.04471
7.064695 -21.619759 -39.487875
7.160971 -21.807323 -39.013389
7.354333 -21.757841 -38.85061
7.626662 -21.483354 -39.014304
7.803635 -21.167107 -39.256687
7.731975 -20.903681 -39.534772
7.345358 -20.69937 -39.821859
6.857666 -20.425049 -40.190621
6.316149 -20.14283 -40.528106
5.620909 -19.899669 -40.780931
4.752607 -19.705232 -40.898544
3.905367 -19.604074 -40.859342
3.245379 -19.561877 -40.655912
2.738405 -19.545206 -40.370359
2.426385 -19.531593 -40.101037
2.381741 -19.525537 -39.818115
2.342331 -19.41147 -39.578418
2.330342 -19.418336 -39.271236
2.267135 -19.641083 -38.822672
6.658324 -18.79942 -43.833726
6.127017 -18.436149 -43.696367
5.95149 -17.706766 -43.908855
5.945093 -17.108222 -43.929096
5.812411 -16.635539 -43.81496
5.683287 -16.255059 -43.752351
5.655463 -16.057127 -43.574119
5.796365 -16.046189 -43.252458
5.915449 -16.064972 -42.924975
5.85137 -16.098991 -42.561379
31.298673 9.148831 -30.054306
31.294355 8.703258 -29.468801
31.361113 8.131391 -28.702402
31.625751 7.559427 -27.970806
31.854446 6.892225 -27.048519
31.968298 6.030679 -25.803114
31.996107 5.145407 -24.601103
32.244845 4.617814 -24.01768
32.487243 4.307909 -23.800338
32.619714 4.195499 -23.887909
32.58265 4.186543 -24.170949
32.326238 4.110559 -24.271335
31.981701 3.896099 -24.122862
31.585807 3.774744 -24.208667
30.988217 3.711931 -24.318169
29.671777 3.479514 -24.230778
28.791442 3.045051 -24.087083
27.46476 2.128469 -23.394691
26.168725 1.114047 -22.637953
24.560788 -0.111876 -21.704205
22.771953 -1.312346 -20.91133
21.132908 -2.556785 -20.195634
19.739962 -3.642053 -19.597063
18.886899 -4.642502 -18.964893
18.347551 -5.045254 -18.756669
18.256494 -4.803162 -19.139823
18.338349 -4.447243 -19.54721
18.443835 -3.968989 -20.105406
18.503368 -3.656228 -20.502141
18.321404 -3.464106 -20.781253
18.036922 -3.405147 -20.956208
17.564218 -3.379433 -21.077131
17.046966 -3.449385 -21.145122
16.680202 -3.54031 -21.131729
16.438067 -3.485842 -21.253107
16.274471 -3.39343 -21.394908
16.263907 -3.359299 -21.460892
16.364894 -3.337442 -21.493469
16.545855 -3.326612 -21.598811
16.737365 -3.283222 -21.666006
16.86963 -3.239067 -21.756659
16.863782 -3.249512 -21.770117
16.697331 -3.214387 -21.832297
16.580985 -3.138286 -21.877613
16.465157 -3.041005 -21.991743
16.339571 -2.934048 -22.079634
16.255606 -2.878058 -22.131556
16.201954 -2.830657 -22.167929
16.149196 -2.807519 -22.192187
16.10689 -2.772344 -22.230385
16.114777 -2.746046 -22.222646
16.182457 -2.740459 -22.263657
30.451573 2.765809 -19.792677
28.921547 2.28471 -19.926812
27.814064 0.962375 -18.883174
26.363751 -0.638958 -17.802027
25.452916 -2.264438 -16.603364
24.314509 -3.452787 -15.787003
23.039693 -3.662782 -15.978517
22.30837 -3.170175 -16.723555
21.776517 -2.723438 -17.35722
21.487582 -2.563952 -17.652448
21.50837 -2.378876 -17.967929
21.300442 -2.102483 -18.360983
20.952175 -1.920584 -18.687198
20.626647 -2.013463 -18.755753
20.276143 -2.181383 -18.780128
20.233449 -2.193352 -18.970616
20.391169 -2.217259 -19.146433
20.53589 -2.326554 -19.230656
20.519558 -2.426112 -19.301703
20.116409 -2.429261 -19.508135
31.317624 13.31517 -30.657082
31.158476 12.561746 -29.310343
30.970727 11.54119 -27.670353
30.691923 10.44749 -25.961333
30.421373 9.301068 -24.296846
30.146294 8.181932 -22.71579
29.912119 7.103658 -21.236578
29.756052 6.075941 -19.910551
29.55451 5.08221 -18.700788
29.354873 4.13646 -17.581306
29.853396 3.879198 -17.416645
30.232743 4.244552 -17.979426
30.360375 4.6385 -18.584688
30.255333 4.826245 -18.897837
29.352799 5.050029 -19.355202
28.241651 4.625516 -19.094409
27.779503 3.59784 -18.190671
27.521829 3.026629 -17.769377
26.499164 2.471289 -17.570209
25.216225 1.435132 -16.772273
24.292937 0.287632 -16.029621
23.177707 -0.321986 -15.986787
22.192708 -0.937794 -15.912634
21.240367 -1.838892 -15.489253
20.198622 -2.759492 -15.050505
19.473884 -3.568211 -14.684209
19.374458 -3.976765 -14.604155
19.001902 -3.918316 -14.960336
18.659208 -3.50902 -15.660279
18.333002 -3.105075 -16.337025
17.903543 -2.701192 -17.097727
17.480526 -2.41907 -17.637122
16.90314 -2.160174 -18.151793
16.357374 -1.998331 -18.540713
16.141214 -1.912571 -18.879853
15.970203 -1.872122 -19.074913
15.643115 -1.739813 -19.368128
15.402647 -1.677395 -19.603167
15.137073 -1.688808 -19.747321
14.857568 -1.623581 -20.033607
14.688853 -1.560328 -20.203118
14.644737 -1.573162 -20.265066
14.690814 -1.579148 -20.355673
14.673669 -1.511916 -20.498994
14.595389 -1.422056 -20.724685
14.489994 -1.388546 -20.868225
14.397301 -1.407124 -20.958943
14.192586 -1.385884 -21.021142
14.067878 -1.349394 -21.175868
14.065351 -1.375165 -21.25023
14.093146 -1.420823 -21.365796
14.098998 -1.388419 -21.532955
14.134788 -1.35781 -21.669591
14.099542 -1.283514 -21.858209
14.052141 -1.110681 -22.130315
14.026481 -0.950706 -22.39478
14.093718 -0.932231 -22.498809
14.191679 -0.938927 -22.54123
14.238963 -0.879989 -22.652825
14.307569 -0.912963 -22.654496
14.356128 -0.967116 -22.65793
14.44435 -0.952014 -22.749487
14.492539 -0.919069 -22.849663
14.381048 -0.962536 -22.929302
14.100156 -1.102101 -22.938601
13.768665 -1.273561 -22.887418
13.586382 -1.372894 -22.925451
13.584042 -1.368374 -23.033392
17.954928 -0.480723 -17.172414
17.374351 -0.340176 -17.564252
16.792014 -0.276539 -17.903316
16.16899 -0.310288 -18.045169
15.601887 -0.409539 -18.163806
15.331149 -0.454197 -18.283319
15.181473 -0.503719 -18.394492
15.235942 -0.472006 -18.572057
15.326365 -0.38027 -18.844706
