2.693477 -2.963823 -44.304022
3.002956 -3.452616 -43.584628
3.202513 -3.339744 -43.62131
3.852241 -2.767611 -45.784831
4.384223 -2.145629 -48.280692
4.209133 -1.752027 -49.273351
3.494937 -1.514213 -49.092708
2.550094 -1.345344 -48.647126
1.746309 -1.327885 -48.446028
1.089247 -1.486064 -48.345681
0.542329 -1.654713 -48.259773
0.197107 -1.970029 -48.053432
0.513039 -2.201405 -48.427708
1.129694 -2.427866 -48.950636
1.731673 -2.594086 -49.504973
2.319409 -2.691807 -50.189969
2.642977 -2.63489 -51.037363
2.97015 -2.505099 -52.085849
3.33339 -2.426671 -53.074185
3.716457 -2.476813 -53.743841
4.090437 -2.648843 -53.959619
4.484034 -2.918036 -53.854329
4.855359 -3.129467 -53.728393
5.142616 -3.178553 -53.793037
5.276094 -3.042183 -54.215081
5.304652 -2.791418 -54.892746
5.297676 -2.51838 -55.598104
5.294561 -2.311835 -56.119997
5.325976 -2.099693 -56.629655
5.356996 -1.798617 -57.251133
5.414206 -1.295088 -58.291526
5.386311 -0.490152 -59.93914
5.237393 0.506251 -61.968667
4.88302 1.728049 -64.490424
4.389641 2.992268 -67.118237
3.677819 4.292158 -69.798001
2.768925 5.534119 -72.386633
1.799709 6.576218 -74.477256
0.910743 7.347166 -75.915025
0.074941 7.860134 -76.682255
-0.810813 8.235967 -77.105327
-1.761775 8.596006 -77.457909
-2.885323 8.995169 -77.84919
-4.275866 9.433638 -78.425363
-5.877821 9.683798 -78.707734
-7.522563 9.872831 -78.747791
-9.093274 10.09622 -78.91309
-10.342609 10.535159 -79.270771
-11.265984 10.963034 -79.626074
-12.160374 11.25473 -79.920195
-13.458768 11.240583 -80.104635
-14.419291 11.000007 -79.986463
-15.016361 10.723412 -79.658856
-15.57703 10.154606 -78.725922
-15.993197 9.308503 -77.647281
-16.59883 8.312657 -76.155564
-17.260773 7.345936 -74.856145
-18.06412 6.468876 -73.807402
-19.012206 5.656835 -72.948547
-19.911419 4.768914 -72.217256
-20.029024 3.782072 -71.380047
-19.978136 3.544503 -71.342296
-20.261074 3.717236 -71.361583
-21.253818 3.688592 -71.31465
-21.624903 4.099826 -71.499324
-21.530642 2.97402 -70.267748
-21.690829 1.836327 -69.244844
-22.035351 0.720335 -68.472769
-22.566168 -0.134107 -67.993618
-22.715406 0.423474 -68.3214
-22.356215 0.70547 -68.440343
-21.722857 0.316214 -68.10605
-21.349668 -0.716108 -67.242718
-21.262454 -1.560355 -66.571073
-21.122262 -2.199548 -65.647775
-21.835369 -1.884665 -66.053133
-21.796114 -2.786961 -65.032037
-22.20193 -3.732168 -64.212698
-23.049869 -4.201787 -64.162059
-23.478098 -3.603928 -64.683782
-23.436836 -2.998106 -64.972771
-23.131614 -2.613864 -64.99633
-22.517171 -2.941896 -64.377355
-21.799241 -2.969324 -63.823355
-21.922793 -3.857842 -63.048927
-21.831818 -2.917087 -63.468662
-21.946185 -2.480288 -63.605748
-22.48248 -2.233751 -64.010413
-22.663533 -3.379072 -63.114136
-23.154982 -3.356501 -63.11397
-23.594847 -3.2901 -63.33729
-22.611572 -3.112023 -62.990952
-22.360185 -3.604343 -62.594161
-22.917082 -3.737564 -62.799871
-22.540829 -2.935484 -63.247243
-21.857008 -2.513398 -63.336955
-20.792698 -2.642532 -62.774098
-20.630666 -2.335419 -62.900776
-20.504893 -2.354157 -62.852708
-20.019172 -3.187548 -61.865287
-19.086579 -3.798202 -60.887125
-17.679267 -4.060174 -59.723829
-16.72915 -4.539819 -58.621838
-16.891947 -4.428261 -58.770101
-15.998408 -4.441707 -58.003653
-16.430004 -5.361991 -57.395458
-17.624 -5.485422 -58.119573
-18.879818 -4.65906 -60.091063
-20.140543 -2.987504 -63.54162
-20.767795 -0.832183 -67.751739
-21.191511 1.57033 -73.060325
-21.354637 4.171 -79.502013
-21.18521 7.028065 -87.379664
-20.552727 10.229002 -97.171451
-19.236182 13.881597 -109.769289
-16.555726 18.241414 -127.269901
-10.332767 22.999932 -153.361989
3.837428 25.681409 163.41244
24.09535 14.676902 97.614802
24.256722 -16.499556 22.045161
2.007291 -26.743381 -49.317338
-13.982292 -23.530104 -98.885001
-21.16805 -18.609571 -131.376739
-24.691583 -14.334379 -155.148334
-26.785112 -10.730085 -173.462691
-28.109577 -7.534579 171.458293
-29.022933 -4.678417 158.914072
-29.646624 -2.046479 148.099928
-29.962891 0.604184 138.209999
-30.062373 3.454097 129.285011
-29.863627 6.094783 121.57626
-29.437154 8.201538 115.040398
-28.903125 10.064179 108.904005
-28.454155 11.176762 104.570085
-28.139699 12.3812 100.799502
-27.931006 13.011032 98.286503
-27.672451 13.705768 95.531111
-27.454041 14.512644 92.98571
-27.335187 15.46505 90.816726
-27.151174 16.640017 88.427022
-26.787614 17.796985 85.664559
-26.240493 18.84762 82.551914
-25.596058 19.901401 79.299248
-24.990346 20.902462 76.417561
-24.443345 21.83315 74.002255
-23.945249 22.761691 72.052705
-23.741139 23.344805 71.175995
-23.46237 23.710775 70.183966
-23.212283 23.668702 69.360431
-22.970907 23.639326 68.766541
-22.767306 23.966838 68.467096
-22.342944 24.61185 67.838321
-21.868772 25.327762 67.348368
-21.378574 25.794641 67.105192
-21.038746 25.927734 67.083583
-20.73417 25.817837 67.053823
-20.512685 25.632944 67.348829
-20.281172 25.73954 67.946932
-20.273546 25.624661 69.174126
-20.275439 25.609381 70.51347
-20.274803 26.09356 72.177724
-20.367072 26.763508 74.401496
-20.218528 27.195029 75.816174
-19.829891 27.206703 76.352837
-19.112543 27.148954 76.10274
-18.70083 26.92944 76.449414
-18.311214 26.819967 76.942887
-18.540082 26.699898 79.002039
-18.304905 26.929558 80.313291
-17.793342 27.191847 80.959346
-17.199636 27.438781 81.329105
-16.714451 27.600122 81.768314
-16.286813 27.791914 82.283151
-15.743701 28.024293 82.437214
-15.197821 28.209192 82.253458
-14.657293 28.381184 81.831294
-13.990352 28.617803 81.085741
-13.337791 28.828631 80.184081
-12.707502 28.938962 79.360456
-12.312255 28.935549 79.08456
-12.169736 28.822752 79.48818
-12.016626 28.710852 79.927944
-11.7407 28.663746 80.036128
-11.490918 28.588323 80.018812
-11.159995 28.553512 79.687067
-10.858862 28.552234 79.392139
-10.576093 28.561709 79.081437
-10.370685 28.576916 78.934201
-10.163884 28.622407 78.761191
-9.980946 28.664879 78.639782
-9.806432 28.653402 78.47193
-9.658148 28.594875 78.32408
-9.559271 28.513045 78.307128
-9.449191 28.489763 78.308257
-9.407926 28.585426 78.523039
-9.352815 28.673904 78.486472
-9.203653 28.703231 78.109377
-8.940435 28.670941 77.399371
-8.645535 28.516341 76.554077
-8.451357 28.465001 76.235204
-8.382202 28.630453 76.632399
-8.352724 28.891965 77.270004
-8.328352 28.978516 77.570467
-8.366082 29.064641 77.722715
-8.503979 29.077529 77.855171
-8.62573 28.920603 77.602803
-8.809141 28.834285 77.622854
-9.065256 28.861438 77.998139
-9.271799 28.849561 78.254
-9.285128 28.854698 78.139671
-9.146992 28.634409 77.457
-8.9526 28.551629 76.708963
-8.766895 28.645198 76.121111
-8.61268 28.731272 75.494919
-8.505102 28.931669 75.117091
-8.374765 29.212969 74.936867
-8.184471 29.358633 74.522872
-7.965797 29.379186 73.966052
-7.915828 29.292648 73.676174
-8.089445 29.122972 73.807835
-8.290029 28.893443 74.009234
-8.401142 28.691785 74.09517
-8.263307 28.735888 73.81337
-8.006782 28.903793 73.251228
-7.736193 29.10351 72.517095
-7.43774 29.362354 71.832101
-7.137159 29.559731 71.178987
-6.901525 29.658618 70.618364
-6.690876 29.756502 70.14202
-6.63567 29.839082 69.973519
-6.626033 29.920346 69.893502
-6.729321 30.052806 70.073863
-6.896012 30.166814 70.31515
-7.171554 30.303305 70.785778
-7.433507 30.393963 71.147228
-7.638914 30.460904 71.408937
-7.719937 30.556469 71.507169
-7.767172 30.713509 71.617655
-7.897813 30.974188 71.947202
-7.982062 31.26788 72.18717
-8.120623 31.473803 72.431749
-8.337455 31.603136 72.78219
-8.657277 31.679114 73.484797
-9.106224 31.626711 74.595487
-9.542062 31.54566 75.933121
-9.694852 31.533379 76.763505
-9.659165 31.529894 77.19839
-9.43516 31.585879 77.457423
-9.137818 31.667338 77.577576
-8.723433 31.716725 77.626375
-8.329487 31.621138 77.703732
-7.774893 31.442787 77.440885
-6.621672 31.377438 76.344527
-5.149292 31.337747 75.021251
-3.870728 31.130533 74.013959
-3.079595 30.757403 73.373041
-2.293151 30.381408 73.009098
-1.742404 30.033683 73.845195
-1.229823 29.871501 75.672909
-0.600376 29.805076 77.304867
-0.127598 29.748 78.95675
-0.022512 29.320549 80.442309
-0.152398 28.731756 81.950219
-0.114706 28.258481 83.253189
0.289679 28.115134 84.534992
0.767168 28.093458 86.116419
1.327794 27.878727 86.781424
1.291771 27.275608 88.226759
1.777654 26.998123 89.626601
2.562454 27.014024 91.812931
3.554553 27.028031 94.143517
4.776032 26.969802 95.903003
6.201939 26.986617 97.800938
8.045213 26.812973 99.076148
10.120529 26.39219 99.996463
12.681651 25.533292 100.029903
16.189109 24.127492 98.236869
20.741435 21.275434 92.898357
25.166366 15.635462 84.090378
28.10705 5.634226 70.816803
27.264759 -7.364645 54.311789
21.29636 -18.538521 34.586437
11.405361 -25.138296 12.858293
0.855313 -27.256192 -6.390371
-8.799803 -26.427356 -23.544006
-15.881751 -23.680126 -36.76438
-20.280163 -20.106495 -45.759645
-23.214316 -15.981408 -52.990224
-25.306365 -11.926566 -58.594198
-26.305955 -7.693096 -63.532993
-26.696852 -4.169682 -66.779023
-26.94029 -1.855973 -67.816925
-27.244993 -0.265061 -68.232828
-27.652949 0.602335 -67.705171
-28.064158 1.274864 -67.291773
-28.444641 1.760401 -67.041632
-28.268203 2.15016 -66.875176
-27.711491 2.023189 -65.778468
-27.029894 2.462517 -65.49954
-26.392905 2.991468 -65.258705
-26.253563 3.861215 -65.561481
-26.056754 4.854768 -66.107603
-25.452242 5.6987 -66.469309
-24.767673 6.14313 -66.199456
-24.504282 6.19424 -65.415391
-24.812553 6.457846 -65.012156
-25.132391 6.7891 -64.920631
-24.807427 6.9151 -64.742272
-24.497688 6.431062 -63.650123
-24.1956 6.58545 -63.677233
-23.939672 6.856342 -63.893238
-23.567733 7.163625 -64.124334
-23.153013 7.322449 -64.043068
-23.046308 7.57687 -63.956788
-23.090355 8.018966 -64.12974
-23.019595 8.478427 -64.319029
-22.548188 8.833141 -64.593366
-21.991977 9.047755 -64.711241
-21.478009 9.110863 -64.572225
-21.137195 9.203485 -64.40585
-20.831394 9.265522 -64.153301
-20.534595 9.392453 -63.903892
-20.429186 9.596186 -63.778225
-20.653772 9.754134 -63.547855
-21.304409 9.802218 -63.036765
-22.129244 9.625179 -62.287936
-21.560533 9.603511 -62.507961
-21.062884 9.544324 -62.609301
-20.74776 9.466056 -62.624011
-20.586359 9.452611 -62.636511
-20.538791 9.405503 -62.690612
-20.465389 9.086014 -62.334344
-20.369791 8.61741 -61.653477
-20.266999 8.360623 -61.260672
-20.031241 8.400485 -61.309622
-19.807043 8.53628 -61.392457
-19.828199 8.558556 -61.177474
-20.294253 8.434406 -60.544839
-20.865498 8.337677 -60.088989
-21.431079 8.408668 -59.994226
-21.623749 8.30795 -59.844664
-21.307809 8.145108 -59.79151
-20.886855 8.081737 -59.904356
-20.59752 8.084734 -60.020557
-20.410198 7.993836 -59.973444
-20.398248 7.785205 -59.741948
-20.658697 7.649885 -59.553936
-20.853694 7.566734 -59.561144
-20.641883 7.495607 -59.728565
-20.172291 7.483284 -60.045447
-19.689875 7.44825 -60.305637
-19.093653 7.454687 -60.585371
-18.671291 7.361645 -60.664084
-18.539302 7.160845 -60.48103
-18.724972 6.819054 -59.930893
-19.102075 6.1884 -59.135038
-19.363521 5.492658 -58.295456
-19.223548 5.239594 -58.185736
-19.123379 5.209318 -58.353867
-19.084733 5.296763 -58.71982
-19.127629 5.405197 -59.098032
-19.095597 5.451608 -59.467768
-19.044988 5.336926 -59.581309
-18.873767 4.924728 -59.279641
-18.647064 4.132077 -58.283392
-18.630919 3.326342 -57.106421
-18.753871 3.178826 -56.663113
-18.472803 3.661846 -57.254794
-17.721353 4.451513 -58.476233
-16.7697 5.336714 -60.051656
-15.635618 6.1938 -61.678026
-14.477615 7.03881 -63.300584
-13.627183 7.819279 -64.701459
-12.840005 8.469679 -65.70309
-11.9847 9.023833 -66.493127
-11.002188 9.675102 -67.597071
-9.885495 10.327278 -68.869336
-8.637936 11.012625 -70.365727
-7.303142 11.538711 -71.628813
-5.868212 11.788623 -72.435725
-4.325885 11.7799 -72.861521
-2.905648 11.589708 -72.744153
-1.776382 11.247012 -71.949708
-1.048496 10.791783 -70.362108
-0.82061 10.245642 -67.969384
-0.907571 9.793705 -65.443971
-1.153353 9.707026 -63.488855
-1.431388 9.935639 -62.188484
-1.502342 10.157099 -61.313584
-1.205008 9.973603 -60.571004
-0.855845 9.530583 -59.763196
-0.536165 8.959769 -58.895453
-0.208792 8.397923 -58.076632
0.169613 7.907012 -57.423357
0.583408 7.548498 -56.981448
0.97157 7.259152 -56.553911
1.213392 6.976667 -55.962885
1.368755 6.6076 -55.22805
1.510712 6.153405 -54.432814
1.726237 5.631781 -53.661439
2.020604 5.086803 -52.967354
2.325431 4.526386 -52.220371
2.529729 3.989455 -51.449835
2.563281 3.437637 -50.437717
2.485667 2.814733 -49.168726
2.437883 2.177689 -47.790396
2.585654 1.556488 -46.521875
2.98544 1.043798 -45.582911
3.382571 0.570546 -44.730433
3.650822 0.05762 -43.806881
3.772492 -0.544587 -42.658662
3.840422 -1.215736 -41.36698
3.921544 -1.854085 -40.070605
4.102857 -2.385881 -38.920686
4.307737 -2.722576 -38.077971
4.537293 -2.923485 -37.521562
4.642249 -3.084898 -37.027596
4.617431 -3.299441 -36.378163
4.57405 -3.628646 -35.52248
4.663406 -4.026032 -34.61509
4.963481 -4.429756 -33.845215
5.307635 -4.787913 -33.257338
5.555496 -5.116454 -32.761893
5.767722 -5.455917 -32.203637
5.705473 -5.588743 -31.83389
5.777832 -5.795016 -31.357279
5.891656 -6.164732 -30.650534
5.847977 -6.60132 -29.725123
5.689449 -7.060337 -28.672456
5.332988 -7.41929 -27.710902
4.750052 -7.677283 -26.924094
4.076334 -8.03431 -25.924629
3.413936 -8.476921 -24.627005
2.835481 -8.593729 -23.722954
2.650873 -8.488663 -23.515192
3.006909 -8.205603 -23.929548
3.534249 -7.698497 -24.897503
3.254068 -7.326194 -25.391907
2.466523 -7.932534 -24.284188
1.957407 -8.774885 -22.852464
1.903033 -9.469211 -21.740079
2.226748 -9.801109 -21.241062
2.745552 -9.768599 -21.434354
3.301806 -9.676642 -21.922891
3.838559 -9.478134 -22.638526
4.225575 -8.989678 -23.830491
4.410371 -8.26996 -25.350235
4.237069 -7.424862 -26.936006
3.613355 -6.67667 -28.335968
2.625673 -6.463845 -28.858957
1.511206 -6.726112 -28.677956
0.525319 -7.109949 -28.256364
-0.15449 -7.455881 -27.810902
-0.770671 -7.587298 -27.574291
-1.367737 -7.508487 -27.59433
-1.887668 -7.273541 -27.803868
-2.245077 -6.974157 -28.065948
-2.556945 -6.644983 -28.387177
-2.790778 -6.381131 -28.640905
-2.952401 -6.082081 -28.839543
-2.917231 -5.745175 -29.056111
-2.803828 -5.382402 -29.281221
-2.762051 -5.048804 -29.484028
-2.848233 -4.848591 -29.528023
-3.05305 -4.744628 -29.486301
6.164283 0.824186 -46.061342
6.493146 0.503342 -45.186338
6.714838 0.146679 -44.283716
6.884427 -0.272678 -43.346432
7.064553 -0.715975 -42.384759
7.221547 -1.224789 -41.352487
7.326202 -1.794889 -40.135525
7.556462 -2.344633 -38.929083
7.865372 -2.893793 -37.672828
7.967647 -3.383047 -36.381204
8.110225 -3.980413 -35.040212
8.188176 -4.658216 -33.607535
8.216679 -5.306245 -32.242623
8.194717 -5.861566 -31.090303
8.072502 -6.36785 -30.101195
7.769194 -6.865233 -29.221581
7.367542 -7.546588 -28.106281
6.994036 -8.47638 -26.506763
6.835719 -9.191074 -24.843004
6.671453 -9.348763 -24.051398
5.659258 -9.505184 -23.796694
4.899745 -10.279374 -23.041122
4.502114 -11.108784 -22.206059
4.331401 -11.70669 -21.628636
4.3413 -12.158428 -21.300093
4.288983 -12.381355 -21.321948
4.092699 -12.196705 -21.793101
3.905251 -11.774034 -22.549849
3.566271 -11.123614 -23.811873
3.334767 -9.891311 -25.83062
2.976671 -8.829083 -27.424656
2.535535 -8.181929 -28.54067
1.79761 -8.19661 -28.832248
1.004471 -8.878602 -28.351638
0.339602 -9.684761 -27.740502
-0.265975 -10.230499 -27.351698
-0.881446 -10.185612 -27.345985
-1.342742 -9.557034 -27.718236
-1.493314 -8.845542 -28.093214
-1.496608 -8.360638 -28.354408
-1.530147 -8.058765 -28.482892
-1.570723 -7.80885 -28.534566
-1.634266 -7.535823 -28.579962
-1.76607 -7.283478 -28.60609
-1.879175 -7.044299 -28.646855
-1.944562 -6.798967 -28.704537
-1.959073 -6.566186 -28.828353
-1.968788 -6.354071 -28.945424
-2.044777 -6.116651 -29.075131
-2.20488 -5.812377 -29.277558
-2.442478 -5.413972 -29.574681
-2.807033 -4.878247 -29.931462
-3.165987 -4.365495 -30.318387
-3.433348 -4.057371 -30.49148
-3.575294 -3.939484 -30.516068
-3.613933 -3.895787 -30.450548
-3.610485 -3.781248 -30.454281
-3.527094 -3.571812 -30.627766
-3.445853 -3.345905 -30.813315
-3.371338 -3.110803 -30.957706
-3.30594 -2.937558 -31.091911
-3.286405 -2.778435 -31.205546
-3.317144 -2.651186 -31.269403
-3.447929 -2.512263 -31.359476
-3.61903 -2.471806 -31.344722
-3.644148 -2.467319 -31.328354
-3.626664 -2.429705 -31.302631
-3.561202 -2.369751 -31.404589
-3.541187 -2.258012 -31.505972
-3.521018 -2.147073 -31.578803
-3.534321 -1.978964 -31.746941
-3.554998 -1.835448 -31.840099
-3.555297 -1.725867 -31.918437
-3.567085 -1.621937 -31.992078
-3.552056 -1.563333 -32.035485
-3.492163 -1.530156 -32.083573
-3.447352 -1.51192 -32.103972
3.162121 1.918118 -55.429833
2.36239 1.624784 -54.855231
1.602555 1.109962 -54.237814
1.194582 0.569524 -53.654036
1.070354 0.295598 -53.29115
1.162844 0.411059 -53.197958
1.368086 0.825627 -53.378371
1.562804 1.173271 -53.584909
1.650974 1.385664 -53.699306
1.705138 1.512889 -53.773128
1.799488 1.652225 -53.910483
1.930032 1.845254 -54.108291
2.04263 1.997269 -54.224288
2.128492 2.112366 -54.356785
2.086389 2.168003 -54.352792
1.902333 2.180706 -54.236268
1.625611 2.257812 -54.125086
1.319646 2.390538 -54.008413
