16.653916 -12.560425 -35.885158
17.136377 -10.879301 -38.26612
17.535935 -9.096083 -40.868643
17.845904 -7.368831 -43.403076
17.950841 -5.848514 -45.761788
17.896951 -4.607132 -47.812238
17.625212 -3.480526 -49.831311
17.079384 -2.366447 -52.047525
16.242061 -1.155977 -54.460593
15.198357 0.088788 -56.953107
14.081507 1.220795 -59.236195
13.062719 2.139749 -61.067326
12.225965 2.818351 -62.422289
11.525143 3.268457 -63.297103
11.157558 3.649126 -63.831652
10.250708 3.900797 -64.34097
9.110054 4.018512 -64.770869
7.667094 3.863745 -64.975825
6.051324 3.672856 -65.20872
4.41643 3.54169 -65.58191
2.84776 3.411024 -66.002514
1.559692 3.37697 -66.52553
-0.206453 3.332945 -67.104769
-1.336896 3.990331 -68.078289
-1.493627 5.101727 -69.196384
-1.680239 6.113246 -70.23738
-2.356001 6.991671 -71.263943
-2.750096 7.710981 -71.854477
-2.621558 8.357182 -71.98298
-1.441329 7.396622 -70.360765
-0.434951 6.319528 -68.632225
-0.162915 5.295708 -67.212998
0.045544 4.438756 -65.950644
0.722125 3.684618 -64.468698
1.781672 3.579059 -63.338695
2.780143 3.863641 -62.66615
3.807078 4.076644 -61.905563
4.673492 4.208456 -60.836379
5.614608 4.388669 -59.832659
6.009186 3.052583 -57.390586
6.518587 1.850891 -55.546577
7.165752 0.884494 -53.700962
7.72231 0.086318 -51.860341
8.032757 0.185893 -50.727491
7.59909 1.098014 -50.977454
6.847866 2.226186 -51.738888
7.041892 2.775603 -51.814495
6.426498 2.973582 -51.908871
6.141178 3.474327 -52.286595
5.887717 3.32194 -52.122228
5.463391 3.870855 -52.746435
5.900631 5.120995 -54.118934
6.342569 6.543276 -56.374454
6.91622 8.277681 -59.943195
7.462358 10.089065 -64.75384
8.136201 11.888145 -70.98584
9.420446 13.066144 -77.328372
11.211606 14.106297 -85.323923
13.447655 14.924775 -95.870807
16.124074 15.097975 -108.834771
19.108441 14.360208 -124.469092
22.587015 12.851101 -147.131849
26.321073 10.518948 179.160388
29.8506 6.727684 133.083532
32.344121 -0.652216 80.625502
32.455069 -9.933946 32.954323
29.62122 -18.247021 -6.478723
23.098884 -24.830306 -39.937693
13.46126 -28.789857 -68.92058
3.383837 -30.426113 -93.032319
-4.736881 -30.607977 -111.41698
-9.823965 -30.248531 -123.514309
-13.173754 -29.743553 -133.171651
-14.889722 -29.320442 -139.368771
-15.696585 -29.10529 -142.059693
-16.367888 -28.945931 -143.739083
-16.810607 -28.793624 -144.851028
-16.791057 -28.612685 -145.137577
-16.140447 -28.744854 -143.507669
-14.418299 -29.191879 -138.808514
-11.870991 -29.684119 -132.847179
-9.061053 -30.012256 -126.106711
-6.924996 -30.143771 -121.230745
-5.417001 -30.200333 -117.475129
-4.543711 -30.296632 -114.327933
-4.674896 -30.288962 -113.931386
-5.657365 -30.26411 -116.413285
-6.502602 -30.309305 -118.117772
-6.749682 -30.30707 -117.411073
-6.82451 -30.29981 -116.55205
-6.003371 -30.396965 -112.766188
-5.386271 -30.551996 -109.162606
-4.524817 -30.601331 -106.175604
-3.873709 -30.368379 -105.91647
-4.223098 -29.902904 -108.409857
-4.217831 -29.325348 -107.553241
-5.114318 -29.204432 -108.275325
-5.999956 -29.203172 -108.204975
-6.071671 -29.299248 -106.865031
-5.342144 -29.176095 -106.343386
-3.990611 -29.075843 -104.303748
-2.345643 -28.957331 -99.915951
-1.264729 -28.894907 -96.061965
-1.032537 -28.72446 -95.319098
-1.485599 -28.545696 -96.99203
-1.671346 -28.641933 -96.767197
-1.478298 -28.592282 -96.334319
-1.389198 -28.538117 -96.617628
-1.248133 -28.496385 -96.294143
-1.400946 -28.425873 -96.728692
-1.565233 -28.457997 -96.660031
-1.683073 -28.561761 -96.466739
-1.57297 -28.664515 -96.071573
-1.150579 -28.708623 -95.225459
-0.158564 -28.840138 -92.173949
1.440071 -29.012543 -87.578539
3.268373 -29.135374 -82.414025
5.01474 -29.208767 -77.472465
6.436639 -29.203604 -73.558219
7.604611 -29.132977 -70.336834
8.831235 -29.042361 -66.887672
10.325321 -28.851289 -62.728604
12.048797 -28.61336 -57.530135
13.900345 -28.35379 -51.723141
15.679139 -28.016559 -46.082136
17.245444 -27.644169 -40.701124
18.493155 -27.348083 -36.506752
19.270189 -27.131937 -33.804224
19.567986 -26.992503 -32.92473
19.703621 -26.878179 -32.633517
19.865937 -26.760965 -32.258177
20.081748 -26.615988 -31.199274
20.79333 -26.324729 -28.291983
22.150563 -25.792226 -22.49687
23.621975 -25.210871 -15.835287
24.69548 -24.720028 -10.532313
25.591746 -24.29843 -5.751314
26.357847 -24.002904 -1.972055
27.016657 -23.723709 1.01774
27.389533 -23.448142 3.069776
27.48242 -23.249809 4.316748
27.342668 -23.115604 5.428233
27.187518 -22.892563 7.393745
27.019284 -22.604286 10.603903
27.002968 -22.277397 15.273791
27.231397 -21.88732 21.12324
27.527066 -21.355375 28.633959
27.8184 -20.767414 37.551954
28.085875 -19.904689 49.032447
28.396599 -18.438179 64.391564
28.721529 -16.268714 82.601405
29.031839 -13.564171 102.608583
29.189207 -10.696066 123.304804
29.203923 -7.896262 142.772898
29.07741 -5.097277 159.516388
28.901834 -2.093834 173.245585
28.558353 0.77764 -176.137716
27.530669 3.990335 -164.462929
26.671171 6.687533 -157.084362
25.569941 8.995848 -150.176077
24.410095 10.884894 -143.830245
23.194071 12.393565 -137.735456
21.49354 13.665894 -130.226616
19.824696 14.671758 -123.558949
18.149825 15.47029 -117.662154
16.606137 16.110582 -112.757996
15.221404 16.62321 -108.734631
13.876109 16.917434 -104.858835
12.713613 17.18611 -101.594446
11.875591 17.319296 -99.13405
11.053075 17.287781 -96.490473
10.314936 17.053579 -93.605284
9.667368 16.699738 -90.940193
9.095851 16.311157 -88.446288
8.624178 16.038927 -86.499589
8.197488 15.883011 -85.004895
7.679675 15.87689 -83.688314
6.822517 15.787794 -81.677462
5.913879 15.429212 -79.201437
5.283395 15.012244 -77.032629
4.730631 14.709673 -75.166921
4.046485 14.403336 -73.390191
3.130609 14.035726 -71.681814
2.197719 13.606053 -70.094054
1.360609 13.706582 -69.603796
0.052077 13.706643 -68.702438
-1.085047 13.1691 -67.221903
-1.283821 12.697454 -66.7303
-1.151194 12.671837 -67.116983
-1.266683 12.352293 -66.574467
-1.407317 12.289731 -66.10212
-1.994031 12.297591 -65.104047
-2.370387 12.430491 -64.353727
-2.914913 12.984878 -63.925751
-3.854333 13.10131 -63.13923
-3.733211 12.038389 -62.049816
-2.601017 11.598384 -62.351825
-1.313547 11.493594 -63.101544
-0.07654 10.881282 -63.123764
0.973903 9.550304 -61.78872
1.587062 7.850112 -59.767623
2.411918 6.594593 -58.601325
1.240881 6.281515 -57.225227
1.507108 5.803361 -56.615686
1.94138 5.227834 -55.84192
1.986835 5.021798 -55.229713
2.2546 4.611164 -54.489421
2.486553 4.148857 -53.760789
2.699935 3.982981 -53.508127
3.050808 3.750472 -53.273776
3.387872 3.266405 -52.722359
3.628497 2.760996 -52.089076
3.72205 2.446068 -51.69249
3.74945 2.322345 -51.475038
3.702887 2.292603 -51.369904
3.438329 2.363337 -51.311617
2.981379 2.493192 -51.273597
2.231501 2.833585 -51.368177
1.386304 3.380505 -51.780329
0.784712 3.890779 -52.420817
0.783843 4.374382 -53.417419
1.086744 4.859778 -54.75987
1.36184 5.535421 -56.519871
1.738628 6.286513 -58.601859
2.374577 7.020508 -61.082143
3.284162 7.646444 -63.825817
4.395152 8.279833 -66.815497
5.671923 8.925155 -70.035065
6.933826 9.587547 -73.347952
8.173903 10.270826 -76.736505
9.43893 10.936415 -80.249024
10.967829 11.630527 -84.295575
12.734091 12.291593 -88.958297
14.87598 12.742678 -94.329081
17.416796 12.719833 -100.107933
20.04936 12.131866 -105.618766
22.386944 11.288902 -110.3147
24.521795 10.21981 -114.289978
26.426936 8.922696 -117.437969
28.04312 7.484014 -119.719227
29.46201 6.013112 -121.420641
30.633727 4.613496 -122.333777
31.432439 3.375079 -122.29987
31.684297 2.413577 -120.88875
32.113882 1.706737 -120.47066
32.209721 -0.081784 -119.270649
31.824844 -1.825062 -116.713789
31.144526 -3.494421 -112.817113
30.380436 -5.001522 -108.070148
29.619564 -6.172235 -102.750073
28.799087 -6.96117 -96.994569
27.838859 -7.376329 -90.796867
26.859273 -7.480418 -84.473392
26.025338 -7.391592 -78.747014
25.389285 -7.057472 -74.152677
24.892044 -6.471259 -70.680433
24.500599 -5.837863 -67.935544
24.028388 -5.345598 -65.558849
23.581239 -4.831017 -63.829625
23.230613 -4.234574 -62.766969
22.916928 -3.468517 -62.444126
22.47763 -2.517117 -62.568966
21.756363 -1.465373 -62.798484
20.645681 -0.439884 -62.754205
19.144482 0.397981 -62.161429
17.548337 1.118056 -61.56856
16.058835 2.030999 -61.587613
14.541216 2.710111 -61.567606
13.158416 3.665558 -61.954662
11.770339 5.587479 -63.394592
11.037454 6.35959 -64.193647
11.386278 4.142733 -61.762943
11.761866 0.338866 -57.141915
12.214245 -3.878099 -50.740296
12.611756 -6.285267 -46.326323
12.263481 -6.578704 -45.738707
11.282942 -6.885137 -45.225006
10.124134 -7.39549 -44.076813
9.589471 -7.180231 -43.703234
9.753873 -7.004565 -43.83039
9.420303 -7.256477 -43.632997
8.717784 -7.536824 -43.478438
8.059681 -7.618789 -43.399367
7.498147 -7.414824 -43.540894
7.152346 -7.100748 -43.714234
6.952613 -6.819035 -43.743863
6.79761 -6.475128 -43.889292
6.802925 -6.056817 -44.381652
6.919604 -5.546055 -45.097292
7.116654 -4.977607 -45.963011
7.34272 -4.487988 -46.663653
7.569254 -4.238793 -47.043322
7.71165 -4.288606 -46.919631
7.762498 -4.442087 -46.601389
21.187951 12.954539 -94.535658
20.910454 13.020522 -93.366037
20.445186 13.161457 -92.06567
19.771124 13.218733 -90.396563
19.014436 13.15219 -88.472525
18.33377 13.067859 -86.709732
17.775037 13.073726 -85.333706
17.245579 13.149524 -84.218026
15.755003 13.264478 -82.053062
14.656898 12.944078 -80.207459
13.684658 11.816419 -77.262292
13.823481 7.907575 -68.922842
13.924254 1.993018 -55.742277
13.136544 -3.215941 -43.966517
14.731803 -5.867992 -39.096926
16.191781 -6.233759 -40.053464
14.707166 -5.825054 -42.284273
12.924935 -6.050371 -41.794561
12.778026 -6.520873 -39.608827
14.038289 -6.691907 -38.409198
14.670026 -7.517407 -36.924725
13.72393 -8.686594 -35.311117
12.487938 -10.104051 -33.659824
11.493175 -11.025998 -33.020799
10.864885 -11.826115 -32.669532
10.519155 -12.174518 -32.561337
10.507998 -12.051282 -32.526552
11.335548 -11.303809 -33.089941
12.041341 -10.514405 -33.815615
12.352742 -9.764789 -34.807993
12.386075 -9.138677 -35.86427
12.250142 -8.602409 -36.801161
12.259026 -8.118219 -37.601655
12.511012 -7.715379 -38.259587
12.875982 -7.487336 -38.619267
13.236989 -7.465981 -38.640344
13.461763 -7.66166 -38.245003
13.495447 -7.99598 -37.509554
13.45707 -8.407731 -36.633438
13.392684 -8.840434 -35.716745
13.230988 -9.29052 -34.804076
13.044224 -9.719516 -33.942055
12.799703 -10.094669 -33.184508
12.53927 -10.326087 -32.630073
12.402556 -10.398241 -32.40333
15.117912 -14.865545 -14.184871
15.099203 -13.669806 -17.479517
15.038615 -12.684492 -20.192884
14.653703 -11.745297 -22.612753
13.906985 -11.019842 -23.965898
13.110377 -10.519269 -24.721082
12.604227 -10.122115 -25.422721
12.403323 -9.684447 -26.35916
12.333174 -9.271979 -27.371143
12.176173 -8.99013 -28.147691
11.817856 -8.862352 -28.318994
11.603909 -8.925144 -28.271476
11.587913 -9.089921 -28.141546
11.658491 -9.243546 -28.184772
11.793669 -9.420225 -28.217899
11.892312 -9.658778 -28.101755
12.010056 -9.855089 -28.128776
12.166923 -10.046713 -28.185177
12.345909 -10.264724 -28.105588
12.505526 -10.514422 -27.938685
12.717149 -10.792484 -27.770972
12.914728 -11.075088 -27.569568
13.079702 -11.336094 -27.31564
13.234622 -11.618597 -26.957623
13.408447 -11.869252 -26.694594
13.603912 -12.124314 -26.487612
13.764384 -12.324401 -26.321928
13.920079 -12.515463 -26.189284
14.057885 -12.665039 -26.119354
14.189828 -12.756899 -26.207936
14.281517 -12.803952 -26.315199
14.363788 -12.814717 -26.504179
14.429062 -12.816022 -26.719239
4.604146 -10.235849 -48.446293
4.601031 -10.12497 -48.437504
4.890799 -8.206898 -61.908282
4.331502 -8.766247 -61.158082
3.71687 -9.22938 -60.578835
3.13885 -9.56976 -60.189477
2.628227 -9.767294 -59.986397
2.265127 -9.75928 -59.981175
2.148785 -9.533865 -60.192738
2.417432 -9.197564 -60.541937
3.079054 -8.915973 -60.937635
4.103528 -8.729583 -61.252058
5.345795 -8.634338 -61.457357
6.538569 -8.561372 -61.630276
7.537184 -8.540272 -61.785866
8.217396 -8.57071 -61.908332
8.553367 -8.651931 -61.965273
8.642557 -8.727421 -61.937876
8.540726 -8.791669 -61.792125
8.278387 -8.830976 -61.478362
7.919335 -8.898518 -60.998778
7.598706 -8.957787 -60.43473
7.476708 -9.028968 -59.797236
7.555203 -9.062708 -59.179864
7.744372 -9.032678 -58.66667
7.943234 -8.976715 -58.309513
8.08775 -9.016261 -58.003539
8.21935 -9.267137 -57.61784
8.419898 -9.702111 -57.220411
8.787621 -10.160669 -56.811032
9.317826 -10.601779 -56.442199
9.940137 -10.975 -56.05351
10.566884 -11.337256 -55.674857
11.036003 -11.633746 -55.209089
11.294225 -11.853258 -54.710212
11.393193 -11.960948 -54.325742
11.370681 -11.91038 -54.117521
11.349061 -11.779325 -53.979048
11.410237 -11.774777 -53.74613
11.174011 -11.202748 -54.079273
11.027084 -10.845267 -54.158691
11.048092 -10.664313 -54.195658
10.748187 -10.438465 -54.238737
10.226905 -10.336103 -54.26526
9.449928 -10.520354 -53.825995
8.556942 -10.943455 -53.241821
7.649124 -11.272107 -52.535672
6.818647 -11.367789 -51.973209
6.29944 -11.413897 -51.442082
5.983222 -11.553753 -50.919873
5.80636 -11.707994 -50.441104
5.664181 -11.797094 -50.040018
5.538737 -11.793687 -49.794296
5.469841 -11.732712 -49.654568
5.553857 -11.604951 -49.617121
5.752721 -11.395225 -49.741661
5.993995 -11.197038 -49.85604
6.244926 -11.024531 -49.971587
6.4018 -10.89397 -50.034313
7.037947 -2.538365 -33.606495
7.205416 -2.93189 -32.797148
7.335985 -3.390691 -31.91486
7.376242 -3.923776 -30.85479
7.202234 -4.583393 -29.412687
7.095001 -5.226593 -27.887923
7.015639 -5.747846 -26.552324
6.938371 -6.02282 -25.755897
6.806436 -6.336649 -25.109535
6.673539 -6.907139 -24.142069
6.516537 -7.53372 -23.071433
6.218125 -8.06791 -22.158471
5.918155 -8.625252 -21.243256
5.635762 -9.123657 -20.543052
5.298094 -9.58214 -20.091477
4.809559 -10.078836 -19.763748
4.268458 -10.760155 -19.412928
3.776523 -11.558892 -19.040007
3.482701 -12.3898 -18.441362
3.032887 -12.714609 -18.425181
2.475173 -12.912911 -18.487324
1.78129 -12.786507 -18.918357
0.937107 -12.243003 -19.756092
0.210699 -11.201793 -21.103667
-0.243017 -9.944788 -22.545617
-0.658436 -8.770585 -23.845451
-1.172716 -7.904946 -24.736251
-1.815786 -7.720055 -24.900123
-2.450281 -7.855969 -24.715684
-2.960675 -7.853997 -24.658627
-3.212873 -7.500448 -24.9005
-3.229139 -6.908521 -25.353293
-3.168666 -6.273949 -25.88794
-3.140995 -5.824995 -26.213699
-3.216322 -5.542204 -26.393137
-3.350311 -5.290898 -26.537363
-3.494135 -4.972304 -26.744667
-3.603785 -4.652366 -26.982734
-3.705771 -4.459419 -27.110274
-3.766007 -4.340638 -27.170834
-3.80296 -4.20817 -27.238152
-3.874572 -4.01975 -27.330812
-3.959138 -3.80973 -27.464771
-4.047577 -3.654795 -27.602592
-4.20011 -3.583868 -27.613743
-4.393105 -3.520571 -27.576406
8.216679 -5.306245 -32.242623
8.194717 -5.861566 -31.090303
8.072502 -6.36785 -30.101195
7.769194 -6.865233 -29.221581
7.367542 -7.546588 -28.106281
6.994036 -8.47638 -26.506763
6.835719 -9.191074 -24.843004
6.671453 -9.348763 -24.051398
5.659258 -9.505184 -23.796694
4.899745 -10.279374 -23.041122
4.502114 -11.108784 -22.206059
4.331401 -11.70669 -21.628636
4.3413 -12.158428 -21.300093
4.288983 -12.381355 -21.321948
4.092699 -12.196705 -21.793101
3.905251 -11.774034 -22.549849
3.566271 -11.123614 -23.811873
3.334767 -9.891311 -25.83062
2.976671 -8.829083 -27.424656
2.535535 -8.181929 -28.54067
1.79761 -8.19661 -28.832248
1.004471 -8.878602 -28.351638
0.339602 -9.684761 -27.740502
-0.265975 -10.230499 -27.351698
-0.881446 -10.185612 -27.345985
-1.342742 -9.557034 -27.718236
-1.493314 -8.845542 -28.093214
-1.496608 -8.360638 -28.354408
-1.530147 -8.058765 -28.482892
-1.570723 -7.80885 -28.534566
-1.634266 -7.535823 -28.579962
-1.76607 -7.283478 -28.60609
-1.879175 -7.044299 -28.646855
-1.944562 -6.798967 -28.704537
-1.959073 -6.566186 -28.828353
-1.968788 -6.354071 -28.945424
-2.044777 -6.116651 -29.075131
-2.20488 -5.812377 -29.277558
-2.442478 -5.413972 -29.574681
-2.807033 -4.878247 -29.931462
-3.165987 -4.365495 -30.318387
-3.433348 -4.057371 -30.49148
-3.575294 -3.939484 -30.516068
-3.613933 -3.895787 -30.450548
-3.610485 -3.781248 -30.454281
-3.527094 -3.571812 -30.627766
-3.445853 -3.345905 -30.813315
-3.371338 -3.110803 -30.957706
-3.30594 -2.937558 -31.091911
-3.286405 -2.778435 -31.205546
-3.317144 -2.651186 -31.269403
-3.447929 -2.512263 -31.359476
-3.61903 -2.471806 -31.344722
-3.644148 -2.467319 -31.328354
-3.626664 -2.429705 -31.302631
-3.561202 -2.369751 -31.404589
-3.541187 -2.258012 -31.505972
-3.521018 -2.147073 -31.578803
-3.534321 -1.978964 -31.746941
-3.554998 -1.835448 -31.840099
-3.555297 -1.725867 -31.918437
-3.567085 -1.621937 -31.992078
-3.552056 -1.563333 -32.035485
-3.492163 -1.530156 -32.083573
-3.447352 -1.51192 -32.103972
3.162121 1.918118 -55.429833
2.36239 1.624784 -54.855231
1.602555 1.109962 -54.237814
1.194582 0.569524 -53.654036
1.070354 0.295598 -53.29115
1.162844 0.411059 -53.197958
1.368086 0.825627 -53.378371
1.562804 1.173271 -53.584909
1.650974 1.385664 -53.699306
1.705138 1.512889 -53.773128
1.799488 1.652225 -53.910483
1.930032 1.845254 -54.108291
2.04263 1.997269 -54.224288
2.128492 2.112366 -54.356785
2.086389 2.168003 -54.352792
1.902333 2.180706 -54.236268
1.625611 2.257812 -54.125086
1.319646 2.390538 -54.008413
