-5.270556 26.667637 86.052759
-5.109901 26.770897 86.165439
-4.956954 26.680399 85.867483
-5.195096 26.54681 86.122609
-4.623391 26.398807 86.159555
-3.868281 25.989266 84.949903
-4.209037 25.757173 85.31657
-4.398472 25.52716 84.917941
-4.115821 25.286443 84.246069
-3.979057 25.210233 84.419925
-4.148118 24.760657 84.276414
-4.443258 24.533058 84.991289
-5.099204 24.1378 85.693578
-6.090524 23.663423 86.734839
-7.245685 23.192235 88.111375
-8.404696 22.80549 90.014279
-9.467364 22.192281 91.526051
-10.482113 21.204341 92.314308
-10.966309 20.286206 92.443461
-11.006665 20.06417 93.717556
-11.437802 20.016439 95.070045
-10.961594 20.307871 95.184441
-10.418527 20.706615 95.007789
-9.994826 21.283594 95.408157
-9.597547 21.759471 95.589989
-9.212778 22.103819 95.464414
-8.985403 22.36011 95.333114
-8.793478 22.466486 94.862525
-8.692165 22.279516 93.835426
-9.323707 21.564969 92.671981
-10.673252 21.092083 92.61044
-12.102044 20.685255 92.397443
-13.455572 20.314581 91.936293
-14.642689 19.912479 90.990352
-15.640695 19.43352 89.486535
-16.440155 18.773476 87.361676
-17.039774 17.901326 84.549248
-17.446928 16.828785 81.108276
-17.68664 15.640693 77.334372
-17.766517 14.363725 73.339672
-17.680887 13.015675 69.287294
-17.547871 11.697976 65.711828
-17.485341 10.486879 62.867921
-17.557045 9.410962 60.827745
-17.848974 8.548131 59.72333
-18.277614 7.851208 59.189317
-18.708941 7.262797 58.862748
-18.967612 6.720154 58.243213
-19.05057 6.174991 57.292105
-18.915511 5.592258 55.900024
-18.544624 4.912949 54.020311
-17.936135 4.086938 51.700816
-17.209058 3.127587 49.151734
-16.065048 2.124324 45.927334
-14.738807 1.062972 42.648541
-13.294238 0.007089 39.289757
-11.836572 -1.037026 36.011155
-10.424814 -1.99781 32.9479
-9.320646 -2.911927 30.34041
-8.246666 -3.619969 28.117599
-7.202819 -4.06682 26.373988
-5.961569 -4.221863 24.918881
-4.74485 -3.933951 24.35212
-3.821173 -3.865924 23.570736
-3.889589 -4.171108 23.03814
-4.230473 -4.125909 23.168405
-4.780765 -3.810821 23.88554
-5.161493 -3.071761 25.068891
-5.206718 -2.14446 26.278802
-4.914965 -1.176151 27.23874
-4.40697 -0.229947 28.000517
-3.927214 0.865134 28.970375
-3.500677 1.818007 29.785781
-3.071649 2.181252 29.801625
-4.121925 2.056548 30.18737
-5.269763 2.240537 30.902569
-6.228888 2.932998 32.093959
-6.941511 4.000274 33.647366
-7.061855 5.316431 35.073621
-6.787519 6.425794 35.936082
-6.656275 7.529359 36.964994
-6.516163 8.546444 38.06631
-6.570776 9.466589 39.316894
-6.970912 10.142874 40.681296
-6.873142 10.6471 41.315037
-7.650042 10.871053 42.679116
-8.33019 10.962492 43.844633
-9.036084 10.521084 44.696363
-9.274596 9.628253 44.552682
-9.089015 8.632655 43.662358
-9.35688 7.990988 43.465365
-8.680274 8.375864 43.562963
-8.110999 8.658975 43.743848
-7.217424 9.06219 43.627103
-6.523875 9.942447 44.41448
-6.046234 10.439077 44.999036
-5.903899 10.400048 45.02637
-5.621383 9.696864 43.970767
-5.242956 9.316109 43.080997
-4.59243 9.446883 42.619049
-4.219717 8.313442 40.603424
-4.211606 6.959026 38.482708
-3.864949 5.843396 35.809189
-4.034674 4.916922 34.170713
-3.878536 4.162489 32.371348
-3.337217 2.961562 29.332813
-2.383983 1.83571 25.46755
-1.810408 0.840868 22.31658
-1.288459 -0.296798 18.536854
-0.787687 -1.489292 14.082434
-0.246723 -2.667059 8.882317
0.41339 -3.839601 2.457018
1.330703 -4.904562 -5.409302
2.398879 -5.946288 -15.135854
3.593671 -6.933061 -27.135544
4.974501 -7.949442 -41.891217
6.326325 -8.980711 -59.737686
7.821718 -10.046746 -80.685344
10.553497 -9.463038 -94.346684
-9.703728 -12.028015 127.072857
4.850101 -17.427359 166.365509
5.250318 -18.430457 151.057284
4.344384 -19.482588 135.269873
3.039621 -20.61891 122.907472
1.651193 -21.835003 114.111363
0.603456 -22.747864 108.20633
0.027133 -23.513763 104.772356
-0.423904 -24.268189 102.527602
-0.580775 -24.976288 101.276068
-0.406858 -25.712257 100.877053
-0.243213 -26.430955 100.5083
-0.20732 -27.118018 100.016837
-0.181391 -27.729794 99.461203
-0.275548 -28.267182 98.587381
-0.41945 -28.73649 97.60922
-0.050826 -29.12759 97.514829
0.913695 -29.398154 98.38267
1.886325 -29.589397 99.280596
3.325205 -29.644572 100.777037
5.047284 -29.596442 102.758696
6.804616 -29.53613 104.839207
8.510554 -29.50186 106.953992
10.152207 -29.419928 108.940112
11.615261 -29.382473 110.623488
12.783895 -29.37295 111.795592
13.698128 -29.323402 112.527379
14.570355 -29.204811 113.139613
15.331776 -29.306608 114.049232
16.515269 -29.436026 115.675035
16.653026 -29.103427 115.043096
17.400707 -28.905139 115.969588
18.628583 -28.607819 118.054114
19.773863 -27.942638 119.881383
21.312499 -27.048777 122.699041
22.893138 -26.336911 125.903609
23.893665 -25.536906 127.836639
24.718662 -24.667472 129.367906
25.562962 -23.891377 131.09829
26.144411 -23.172516 132.327944
26.415516 -22.575236 132.936651
26.43754 -22.185131 133.101344
26.242851 -22.001528 132.84861
25.893455 -21.946686 132.304845
25.557007 -21.93544 131.851437
25.310969 -21.963641 131.648932
25.092077 -22.030843 131.554837
24.814905 -22.11317 131.34786
24.583949 -22.297822 131.131057
24.336448 -22.493155 130.78204
23.962931 -22.699025 130.144943
23.524872 -22.94373 129.364207
23.089968 -23.203812 128.600359
22.690035 -23.475359 127.910631
22.33989 -23.731404 127.396876
21.924719 -23.997666 126.767069
21.531903 -24.190863 126.180136
21.202706 -24.351955 125.748851
20.86505 -24.491574 125.276128
20.638087 -24.589706 125.084657
20.4195 -24.672664 124.883934
20.181448 -24.744726 124.627458
19.94047 -24.772757 124.345462
19.69329 -24.813965 124.037873
19.497813 -24.817181 123.821589
19.32269 -24.853357 123.580743
19.124026 -24.880531 123.300065
19.023164 -24.858818 123.151718
18.939615 -24.869651 123.047001
18.908404 -24.863634 123.043015
18.852152 -24.851027 122.926476
18.87371 -24.850704 122.904481
18.852012 -24.86216 122.768675
18.748241 -24.86656 122.423392
18.744653 -24.756561 122.237236
18.749784 -24.611197 122.055558
18.956383 -24.426068 122.376934
19.322441 -24.206056 123.053937
19.725035 -24.015543 123.810499
20.014184 -23.915936 124.251698
20.1486 -23.935425 124.3593
20.236357 -24.04835 124.400512
20.281373 -24.228899 124.390212
20.308338 -24.399485 124.363798
20.324127 -24.498349 124.344994
20.357198 -24.478604 124.40838
20.464989 -24.432258 124.7282
20.701922 -24.355578 125.36035
21.019931 -24.275245 126.173993
21.285819 -24.167228 126.788333
21.511226 -24.038067 127.199706
21.783332 -23.883366 127.629935
22.014841 -23.733627 127.927929
22.194315 -23.617405 128.090831
22.290672 -23.554304 128.103032
22.334555 -23.523511 128.007345
22.342397 -23.525535 127.922355
22.315101 -23.564674 127.845465
22.257805 -23.617207 127.792423
22.220619 -23.662995 127.86069
22.216766 -23.706979 128.111922
22.103338 -23.777946 128.243491
21.845694 -23.871545 128.227303
21.66487 -23.9055 128.473223
21.232815 -23.91187 128.278709
20.955834 -23.722284 128.639978
20.810591 -23.556663 129.400888
20.396712 -23.352843 129.485501
20.048914 -23.057652 129.803304
19.657263 -22.72786 130.299036
19.012484 -22.663643 130.411611
18.134103 -22.874628 130.124374
17.209467 -23.171218 129.80762
16.182804 -23.477516 129.426395
14.979429 -23.712237 128.776503
13.797383 -23.897292 128.233502
12.552315 -23.988983 127.576773
11.490478 -24.01303 127.496351
10.653591 -23.882784 128.021407
10.112401 -23.373271 129.116373
9.708889 -22.673424 130.714638
8.792619 -21.997931 131.167344
7.694114 -21.770152 132.537074
6.629945 -21.413624 134.753405
5.657838 -21.210787 138.058573
5.07798 -21.160768 143.236794
4.397902 -21.006363 148.545976
2.979896 -20.708877 152.014611
-0.206147 -20.133974 150.243673
-5.397153 -18.632847 141.459258
-16.922502 -3.248452 86.993405
16.564114 0.844248 -72.769849
11.876731 -13.054438 -110.556173
8.172163 -14.844315 -113.344066
6.32594 -14.684437 -106.637425
5.226402 -14.076938 -96.67793
4.412838 -13.3402 -85.900711
3.676172 -12.5913 -75.505761
2.851976 -11.899261 -66.202111
1.851317 -11.299346 -58.312573
0.603671 -10.597297 -51.337862
-0.876784 -9.622056 -44.584669
-2.304501 -8.3186 -37.426695
-3.425036 -6.718588 -29.497428
-4.127738 -4.937567 -21.147603
-4.593974 -3.164405 -13.321092
-4.813854 -1.566712 -6.695101
-5.058852 0.022392 -0.755734
-5.194296 1.498415 4.32034
-5.394295 2.789831 8.35633
-5.707975 4.282207 12.813188
-5.668854 5.854525 17.42154
-4.711601 6.886366 20.400063
-4.611162 7.436408 21.698846
-4.451723 8.779095 25.209231
-4.309899 10.35999 29.31878
-4.148281 11.621209 32.493569
-3.772088 12.421605 34.558238
-3.793574 13.19461 36.633183
-3.718454 13.510044 37.497361
-3.618658 13.335712 36.914757
-3.664208 13.192089 36.361755
-3.818079 13.09276 35.673082
-4.330004 13.253473 35.512068
-4.768245 13.486659 35.397319
-5.031419 13.992619 36.032592
-5.267009 14.70338 37.266343
-5.317863 15.522903 38.951059
-5.571194 16.338131 40.826309
-4.97725 16.71612 41.445574
-4.556799 16.443249 40.633877
-4.882812 16.640151 41.468704
-5.422737 16.943309 42.722703
-6.091505 17.22603 43.856658
-6.578277 17.382875 44.676425
-6.518856 17.185023 44.575134
-5.960336 17.672995 46.279196
-5.510711 17.227334 45.558264
-5.47789 16.776048 45.039515
-6.160331 16.471289 44.809947
-6.9032 16.184729 44.531201
-7.287412 15.790028 43.823513
-7.36144 15.388932 43.086851
-7.296203 15.038555 42.42938
-7.51979 14.674099 41.991875
-7.801035 14.198096 41.199678
-8.235552 13.727138 40.164591
-8.853841 13.352757 39.094383
-9.525511 13.051758 37.884722
-10.180632 12.848111 36.704344
-10.753593 12.753474 35.78272
-11.208984 12.703702 35.051684
-11.634517 12.632093 34.283741
-12.011457 12.465869 33.2267
-12.189163 12.272715 32.243838
-12.222232 12.206775 31.692985
-12.180988 12.234321 31.462373
-11.956833 12.409522 31.814679
-11.404565 12.955786 33.210469
-10.673625 14.528079 37.10138
-10.043537 16.238294 41.12076
-9.370768 17.831789 44.935166
-8.644314 19.1781 48.372897
-8.008307 20.307659 51.381935
-7.41953 21.239477 54.018069
-6.936973 22.027817 56.39431
-6.524708 22.716069 58.663185
-6.154971 23.364315 60.78955
-5.852645 23.97646 62.820654
-5.838403 24.617574 64.863588
-6.086066 25.255321 66.832156
-6.423724 25.850227 68.754954
-6.740699 26.329106 70.579972
-7.07969 26.708794 72.402843
-7.508407 27.025571 74.130307
-8.135323 27.28772 75.726644
-9.042286 27.508115 77.266373
-10.078542 27.727804 78.696693
-11.088686 27.989963 79.961667
-11.881936 28.260834 80.946581
-12.232059 28.559247 81.671969
-12.028619 28.863073 82.278958
-11.293244 29.161567 82.862886
-10.250778 29.42902 83.34216
-9.155584 29.66884 83.734304
-8.019536 29.894129 84.068197
-7.006183 30.08585 84.374409
-6.24036 30.282083 84.689341
-5.584606 30.447877 84.894693
-5.305174 30.527595 84.921367
-4.856403 30.603652 84.628825
-3.447367 30.649776 83.811979
-2.081885 30.647949 83.001051
-0.831038 30.2899 81.541369
-0.246714 29.667235 80.105589
0.183706 29.143455 79.004044
0.038007 28.835297 78.243761
-0.690488 28.662239 78.109724
-1.615688 28.397885 77.893384
-2.630602 28.155845 77.719954
-3.412813 27.84224 77.303564
-3.83548 27.419539 76.639025
-3.859184 26.892614 75.515963
-3.775219 26.324163 74.459145
-3.612382 25.907233 74.265544
-3.534451 25.83946 74.741181
-3.630967 25.955396 75.437358
-3.462306 26.011608 75.665333
-3.388943 26.129177 76.26949
-3.253737 26.287008 76.980249
-3.273543 26.342252 77.458203
-3.308697 26.272978 77.462677
-3.471402 26.206759 77.669256
-3.797161 26.124311 78.068275
-4.152109 25.897365 77.854743
-4.627515 25.714291 77.839119
-4.994612 25.462032 77.339836
-5.380244 25.262771 76.991015
-5.733533 25.107987 76.834148
-6.05852 25.039764 76.967595
-6.202947 24.920915 76.911056
-6.080559 24.837849 76.786034
-5.849597 24.907706 77.32296
-5.41036 24.856099 77.041484
-5.016532 24.944178 77.254475
-4.697728 25.019275 77.448302
-4.437948 25.078373 77.529036
-4.143193 25.141593 77.685016
-3.990834 25.02781 77.088895
-3.925308 25.065149 77.293299
-3.875346 25.122951 77.672522
-3.901754 25.059721 77.525798
-3.878518 25.004596 77.450031
-3.877111 24.923177 77.000439
-3.995633 24.908914 77.14102
-4.108349 24.949002 77.366833
-4.333574 24.9687 77.573015
-4.431075 25.034028 77.981279
-4.398377 25.015043 77.908984
-4.307501 25.02252 77.905405
-4.138977 25.135486 78.326297
-3.99679 25.172542 78.587242
-3.807934 25.06041 78.164956
-3.806719 25.117715 78.517074
-3.777543 25.041595 78.164609
-3.74715 24.988004 77.958684
-3.782748 24.985677 78.055254
-3.83583 25.028412 78.206911
-3.860625 25.049741 78.369647
-3.871533 25.117757 78.613563
-3.870421 25.102181 78.620003
-3.857542 25.130593 78.929121
-3.770762 25.060137 78.858479
-3.730825 25.052731 78.958521
-3.847771 25.025123 79.019805
-3.954957 25.040767 79.124789
-3.996562 25.021945 79.160393
-4.022281 25.005989 79.031586
-3.984652 25.04177 79.132776
-3.957706 25.032044 79.09887
-3.882729 24.966052 78.551961
-3.842774 25.022077 78.730085
-3.838974 25.014617 78.78338
-3.919168 25.082408 79.245332
-4.014815 25.030724 79.132367
-4.056555 25.021706 79.208412
-3.985578 25.031462 79.335402
-3.859869 24.988173 79.15954
-3.834071 24.988365 79.198836
-3.966662 25.006052 79.562219
-3.936469 25.067138 79.922677
-3.912399 25.100355 80.054037
-3.878669 25.050483 79.822668
-8.444932 25.363394 83.596068
-4.67373 23.404934 78.496791
-4.585209 23.306227 77.984714
-4.799048 23.386995 78.503127
-5.124336 23.419128 79.000361
-5.49796 23.540841 79.659411
-16.746297 22.675006 99.154995
-16.646206 22.797458 99.337121
-16.396255 22.847281 98.976946
-16.205334 22.820951 98.508499
-16.080418 22.771637 98.140405
-15.90458 22.748894 97.777092
-15.652822 22.769663 97.504047
-15.75413 22.875194 98.220493
-15.788443 22.839565 98.157986
-15.847288 22.824491 98.26029
-15.85361 22.781483 98.110283
-15.978483 22.864089 98.724615
-16.049968 22.913119 99.076425
-16.097567 22.898947 99.149584
-16.023994 22.824843 98.747819
-15.872878 22.773087 98.142479
-15.962696 22.864494 98.631106
-16.110367 22.956939 99.466892
-15.942686 22.840038 98.849959
-15.865501 22.742318 98.643799
-15.729926 22.608961 98.063898
-15.664562 22.593093 97.951608
-15.500102 22.627937 97.751646
-15.595349 22.680638 98.030736
