-12.787487 25.516157 99.565841
-12.886135 25.560338 99.820343
-12.804677 25.562335 99.55003
-12.900944 25.529349 99.434064
-13.033336 25.568103 99.765518
-13.086672 25.656691 100.221329
-12.922782 25.591011 99.721982
-12.894467 25.555559 99.354395
-13.017268 25.521888 99.550494
-12.903104 25.375314 99.066333
-12.690269 25.313035 98.666949
-12.78648 25.414866 98.937066
-12.885232 25.660843 99.630721
-12.412973 25.647426 99.091673
-12.062056 25.360215 98.097923
-12.350751 25.277691 98.211665
-12.5962 25.424846 98.876032
-12.337954 25.713984 99.21443
-11.70077 25.705605 98.693376
-11.974396 25.899641 99.715453
-11.385879 25.875515 98.977166
-11.026374 26.056443 99.216711
-11.435014 25.80522 99.360992
-11.783235 25.232406 99.033354
-11.639805 24.550423 98.178414
-11.491269 23.958251 97.540091
-11.485083 23.313682 96.962828
-11.6508 22.590549 96.332556
-12.018769 21.85687 95.995458
-12.186924 21.844973 97.17002
-12.743878 22.044293 99.12435
-12.993968 22.127821 100.056562
-13.472253 22.581535 102.481674
-14.130669 22.832082 104.471265
-14.193566 22.654691 104.046994
-13.715209 22.8545 103.548011
-13.198048 23.035995 102.976965
-12.603256 23.207668 102.362951
-11.910508 23.271932 101.271865
-11.226267 23.392215 100.282852
-10.605483 23.549749 99.30938
-10.093609 23.717597 98.459275
-9.707944 23.906224 97.688279
-9.525019 24.108239 97.157052
-9.455465 24.237989 96.62543
-9.418299 24.323382 96.088183
-9.466051 24.329744 95.334522
-9.518695 23.803772 93.603878
-10.86929 23.049748 92.757802
-12.351465 22.370952 91.890448
-13.839298 21.626357 90.717419
-15.201147 20.740675 88.952007
-16.366172 19.720405 86.77913
-17.134534 18.529369 83.799251
-17.556736 17.185571 80.331342
-17.578289 15.652859 76.310043
-17.536931 14.108951 72.390541
-17.362262 12.50319 68.351561
-17.354301 11.027051 64.871199
-17.349133 9.586103 61.519066
-17.265924 8.144357 58.15319
-17.113752 6.747881 54.917276
-16.798306 5.327294 51.575201
-16.227679 3.830603 48.000603
-15.347338 2.240211 44.040846
-14.171186 0.608211 39.760962
-12.873158 -0.941791 35.618807
-11.549407 -2.314224 31.856252
-10.322707 -3.524968 28.615428
-9.177824 -4.53971 25.82274
-8.15763 -5.440662 23.398253
-7.184778 -6.241472 21.232694
-6.330707 -6.925715 19.381738
-5.281387 -7.272634 17.85622
-4.294383 -7.56933 16.629375
-3.152093 -7.711267 15.586084
-1.912459 -7.526704 14.870365
-0.710385 -7.118076 14.480073
0.541152 -6.748017 14.054982
1.821145 -6.456446 13.604889
2.936699 -6.224887 13.235877
3.008738 -6.64316 12.546864
3.801969 -6.077172 12.69339
4.286813 -5.398104 13.045859
4.18862 -4.77864 13.634071
3.945257 -4.225266 14.30044
4.522498 -4.1855 13.93364
5.055207 -3.635616 14.19439
4.564613 -3.997438 13.861193
4.061899 -4.554689 13.253935
3.542113 -5.055805 12.718015
3.026672 -5.132202 12.617344
2.288125 -4.773346 13.324075
1.519533 -4.460646 14.06633
1.472475 -3.895495 14.647602
1.41876 -3.402982 15.251173
1.044137 -2.671052 16.292838
0.940948 -1.927684 17.178114
0.855408 -1.24361 18.00378
0.94718 -0.794838 18.450251
0.787591 -0.366271 19.031813
0.654756 0.177136 19.821206
0.535325 0.853376 20.701714
0.141446 1.207869 21.325035
0.757274 1.518659 21.324029
1.173722 1.756211 21.11709
1.038159 2.030216 21.242862
1.170901 2.433425 21.486413
0.533727 1.968972 21.385407
0.288558 1.648882 21.019424
0.736117 2.139674 21.177485
1.193556 1.787795 20.202374
1.616211 1.415572 19.361909
0.878548 0.713877 18.715204
-0.595337 -0.116874 18.49576
-2.208621 -0.910943 18.26796
-3.912073 -2.072266 17.615818
-5.138359 -2.510925 17.181754
-5.60069 -1.541915 19.173068
-6.030256 -0.381283 21.593352
-6.424458 0.784525 23.863665
-6.692231 1.681839 25.622564
-6.745731 2.260229 26.778543
-5.776754 2.110095 25.263554
-5.351427 1.649253 23.920898
-5.457904 1.255735 23.206179
-5.906026 1.03366 23.132057
-6.244179 0.639827 22.46596
-6.313519 0.067646 20.921972
-6.214195 -0.415394 19.291731
-6.02756 -0.612803 18.331556
-5.690563 -0.931621 16.85635
-5.308891 -1.491862 14.429327
-5.072757 -2.10225 11.575092
-5.200303 -2.761942 8.260959
-5.547968 -3.542534 3.348499
-6.115674 -4.167822 -2.627515
-6.860665 -4.616114 -10.233151
-7.896064 -4.832061 -20.113705
-9.245888 -4.806619 -34.96962
-10.843453 -4.47934 -59.994066
-13.180106 -3.87291 -113.772517
-17.276581 -0.378384 128.536252
-17.589198 6.223332 30.030989
-15.504647 11.256351 -14.756235
-11.189529 15.107592 -49.885808
-6.080915 18.101471 -74.843308
-0.20191 19.672947 -95.552649
7.336251 19.424984 -120.230452
14.387313 16.679305 -144.551342
19.157445 12.608695 -162.201451
21.811818 8.491122 -173.29129
22.965113 4.9655 177.727802
23.59851 2.419192 171.957379
23.825042 -0.656666 165.140398
23.798229 -2.895251 160.294776
23.826029 -4.426255 157.445482
23.289964 -6.525037 152.834663
22.644702 -8.221215 148.461517
22.326841 -9.222927 146.010424
22.178451 -10.141406 143.73311
22.059171 -10.750768 141.77033
22.007755 -11.051978 140.708171
22.261321 -11.466832 140.664022
22.369888 -12.15117 139.842914
22.245369 -13.013022 138.024439
22.237212 -13.844967 136.758369
22.271296 -14.643942 135.751589
22.106972 -15.458002 134.179255
21.889246 -16.362114 132.637644
21.681996 -17.284088 131.292204
21.403112 -18.11328 129.897777
20.939761 -18.970317 128.129961
20.91438 -19.683695 127.584369
20.881229 -20.26964 127.002659
20.884442 -20.512923 126.811357
21.058278 -20.765105 127.009534
21.332811 -20.774526 127.571234
21.687912 -20.630932 128.306385
22.148997 -20.373152 129.187362
22.634411 -20.057519 130.097519
23.211932 -19.726366 131.365987
23.787736 -19.422145 132.787869
24.304788 -19.148 133.99946
24.75975 -18.918578 134.892404
25.247025 -18.646878 135.858251
25.696263 -18.266164 136.725972
26.021957 -17.864651 137.265012
26.250641 -17.470873 137.589672
26.277948 -17.174678 137.400568
26.324864 -16.992652 137.351684
26.406168 -17.002562 137.321428
26.421753 -17.177797 137.098272
26.292248 -17.379808 136.524377
26.128693 -17.668227 135.803289
25.951171 -17.97305 135.044132
25.790884 -18.28134 134.372339
25.634174 -18.569182 133.87591
25.505327 -18.796101 133.521844
25.288776 -18.948263 133.107422
24.992691 -19.162832 132.481785
24.719751 -19.398088 132.028787
24.507402 -19.65868 131.704394
24.245425 -19.942848 131.302771
24.052356 -20.172829 131.106291
23.989607 -20.25771 131.190289
24.013928 -20.21199 131.485193
24.10764 -20.09475 131.85661
24.189098 -19.936522 132.165073
24.153379 -19.801435 132.117469
24.106944 -19.674486 132.024956
24.008705 -19.621744 131.743434
23.863216 -19.605097 131.309954
23.814768 -19.579222 131.096192
23.729724 -19.591925 130.801644
23.582233 -19.62988 130.35056
23.302024 -19.725528 129.60948
23.192349 -19.805761 129.322819
23.129595 -19.85191 129.095046
23.203936 -19.833691 129.182773
23.214293 -19.798876 129.037001
23.046519 -19.805198 128.450863
22.646644 -19.862774 127.344937
22.175718 -19.93596 126.05744
21.792564 -20.139255 124.987884
21.564632 -20.257567 124.375454
21.358423 -20.364811 123.859118
21.252621 -20.473962 123.529118
21.173018 -20.344916 123.234651
21.028604 -20.165721 122.731699
21.097338 -19.987097 122.849581
21.268517 -19.795352 123.303471
21.42262 -19.578484 123.735155
21.613248 -19.426705 124.189388
21.756763 -19.278632 124.541663
21.944508 -19.067611 124.92532
22.042691 -18.838589 125.086098
22.140107 -18.741128 125.361012
22.319644 -18.661558 125.887148
22.429219 -18.511458 126.17149
22.586661 -18.243184 126.575415
22.684072 -18.017445 126.825503
22.731355 -17.796997 126.981455
22.768531 -17.518174 127.067899
22.720255 -17.300298 127.009804
22.720352 -17.119881 127.188144
22.71624 -16.901555 127.478858
22.792597 -16.745583 128.155459
22.908622 -16.601617 128.890179
23.013613 -16.536489 129.508198
23.092235 -16.391524 130.001064
23.248606 -16.342835 130.669819
23.526215 -16.284919 131.722489
23.816765 -16.271563 132.935832
24.174206 -16.331486 134.325558
24.497802 -16.37796 135.567766
24.788594 -16.317753 136.724201
25.109569 -16.151419 137.946485
25.465151 -15.837946 139.31583
25.958329 -15.303859 141.206115
26.532497 -14.538185 143.471994
26.955544 -13.763849 145.463941
27.260964 -13.055524 147.334535
27.532486 -12.385498 149.322152
27.61814 -11.908127 150.804776
27.539189 -11.645424 151.855402
27.607791 -11.320033 153.543376
27.508647 -10.882563 154.831975
27.384226 -10.574669 156.195438
27.485806 -10.269977 158.263083
27.575699 -9.836702 160.34673
27.516242 -9.348317 161.985685
27.374036 -8.826596 163.569974
27.250165 -8.226096 165.571095
27.16089 -7.574494 167.982992
27.105413 -6.859199 170.578536
27.139103 -5.996988 173.51778
27.067809 -5.114596 176.169523
26.902215 -4.18967 178.407388
26.829153 -2.77065 -178.253028
26.601885 -0.954665 -174.083221
25.67272 1.552314 -168.068745
24.434685 3.807432 -161.2873
22.928176 6.136102 -151.888359
21.215546 8.639186 -139.572172
19.160533 11.138128 -125.313725
16.700905 13.573545 -108.720955
13.388487 16.220214 -87.829358
8.530456 18.89517 -61.276576
-0.133298 20.705343 -23.787301
-11.707599 17.676912 24.580896
-19.196841 7.608834 74.708638
-19.681615 -3.1462 116.386149
-17.004966 -9.569569 148.621233
-14.165303 -12.307227 172.662253
-11.816603 -13.19814 -167.79333
-9.910072 -13.648237 -149.470802
-8.313622 -13.805484 -133.105698
-7.151886 -13.614239 -118.979915
-6.466039 -13.142861 -106.910744
-5.963803 -12.705783 -96.480191
-5.452788 -12.442088 -87.889789
-4.98576 -12.135216 -80.398981
-4.706936 -11.619838 -73.466707
-4.488182 -11.160462 -67.651942
-4.341514 -10.74045 -62.709661
-4.380072 -10.331947 -58.647447
-4.498182 -10.015228 -55.27653
-4.734234 -9.857157 -53.017447
-5.259401 -9.678985 -51.532484
-6.083378 -9.402617 -50.594652
-6.89446 -8.899584 -48.730773
-7.612265 -8.179421 -45.68644
-8.197259 -7.401544 -42.051956
-8.718027 -6.546003 -37.895795
-9.018081 -5.63088 -32.939037
-9.212583 -4.798222 -28.252794
-9.024826 -3.904213 -22.588504
-8.997277 -3.042501 -17.700598
-9.251243 -2.453983 -14.611756
-9.367212 -2.143651 -12.636537
-9.292439 -1.922169 -10.799693
-9.279476 -1.877984 -9.922536
-9.249128 -1.903858 -9.390893
-9.180882 -1.990022 -9.113874
-9.02729 -2.273872 -9.668952
-9.239014 -2.709435 -11.394643
-9.638295 -2.975437 -12.832719
-10.188737 -2.710866 -12.426395
-10.638483 -2.018775 -10.09512
-10.618122 -1.546087 -7.911138
-10.523761 -1.142634 -6.045264
-10.526849 -0.682354 -4.093101
-10.583069 -0.174491 -2.255506
-10.791411 0.403767 -0.536779
-10.368268 2.179258 5.541114
-10.060929 4.279976 12.264104
-8.87152 6.200225 18.530964
-6.37615 7.391494 22.793206
-4.511184 8.233399 25.899467
-4.001142 8.551871 27.304313
-4.160366 8.226169 26.669944
-4.235745 7.887605 25.63603
-4.762421 8.141164 26.285555
-5.373671 8.719542 28.020636
-5.939011 9.120636 29.384647
-6.656902 9.098922 29.66932
-6.818722 8.748914 29.075593
-6.234718 8.471661 28.665272
-6.249568 7.94044 27.598624
-6.757418 7.366968 26.404172
-7.229039 6.535359 24.179436
-7.903631 5.688838 21.587237
-8.643115 4.91613 18.937356
-9.385662 4.314065 16.492407
-9.909651 3.966141 14.785836
-10.054533 3.88476 13.985058
-9.688274 4.045374 14.28211
-9.460197 4.198754 14.521876
-9.45269 4.243315 14.386078
-9.423958 4.289015 14.252705
-9.222829 4.424975 14.559616
-8.846922 4.766031 15.675575
-8.563786 5.505264 18.018461
-8.954001 6.509878 20.640298
-9.581581 7.613031 23.279145
-10.269612 8.733946 25.95933
-10.888587 9.760769 28.395755
-11.200039 10.553778 30.44009
-11.380242 10.964963 31.718288
-11.478293 11.133743 32.436611
-11.463934 11.558245 33.764513
-11.427756 12.727595 36.944119
-11.5861 14.171741 40.435573
-11.81415 15.722508 44.032527
-12.03599 17.244755 47.647872
-11.973462 18.61295 51.030343
-11.633683 19.734457 54.048178
-11.175652 20.671963 56.838582
-10.744253 21.497169 59.424952
-10.499847 22.249236 61.881782
-10.567305 22.941755 64.149524
-10.859987 23.543498 66.051663
-11.223123 24.027423 67.658215
-11.506722 24.386467 69.036912
-11.752463 24.683193 70.378373
-12.085327 24.925596 71.677356
-12.593821 25.062872 72.837586
-13.228613 25.12172 73.986299
-14.002298 25.139327 75.122972
-14.866972 25.160268 76.289966
-15.853489 25.182574 77.522829
-16.788877 25.203813 78.702534
-17.670625 25.236152 79.864368
-18.483353 25.29659 81.04462
-19.238535 25.377242 82.254221
-19.887418 25.488378 83.5436
-20.44301 25.674692 85.005244
-20.92635 25.977181 86.599883
-21.216528 26.285711 88.031794
-21.672085 26.537363 89.424449
-22.468306 26.646575 90.671015
-23.229573 26.747783 91.687553
-23.289894 26.704075 90.898489
-23.082642 26.9374 91.404484
-22.36684 27.470174 92.697548
-20.896612 28.050549 92.964082
-19.279573 28.406989 92.181933
-17.926694 28.704072 91.693862
-16.763828 28.931082 91.514283
-15.672013 29.003557 91.206595
-14.613849 28.951745 90.628423
-13.619085 28.89499 90.062457
-12.675585 28.751101 89.424885
-12.086346 28.351138 88.413209
-11.967706 27.84666 87.34432
-12.143838 27.384504 86.745315
-12.582553 27.066996 86.799273
-12.990636 26.74962 86.506776
-13.373595 26.479232 86.407127
-13.662723 26.193399 86.191462
-13.858912 25.895635 85.801319
-13.940593 25.58376 85.266631
-13.873534 25.411911 85.154927
-13.668222 25.402885 85.225325
-13.193428 25.437032 85.190709
-12.696982 25.489056 85.326495
-11.993418 25.589366 85.318913
-11.586206 25.676348 85.404183
-11.137882 25.758349 85.590561
-11.01047 25.89719 86.294254
-10.629573 25.948789 86.374464
-10.327163 26.00431 86.484435
-10.25467 26.03867 86.809256
-10.177654 26.087697 87.049867
-9.877636 26.052786 86.705503
-9.74757 26.080552 86.952757
-9.707019 25.934525 86.632025
-9.816786 25.814561 86.627155
-10.022586 25.710554 86.778044
-10.159743 25.55098 86.475456
-10.398988 25.530916 86.869655
-10.617868 25.501846 87.255341
-10.425793 25.263025 86.560089
-10.27834 25.128439 85.888681
-10.242998 25.16078 86.05311
-10.290022 25.196389 86.292971
-10.39515 25.363901 87.158906
-10.309746 25.456407 87.300062
-10.183513 25.649929 88.018113
-9.857174 25.767283 88.356621
-9.633901 25.799189 88.33529
-9.525517 25.885018 88.879673
-9.44194 25.836305 88.766198
-9.407561 25.695436 88.336983
-9.393712 25.562339 87.906005
-9.546837 25.442714 87.815647
-9.69758 25.329175 87.625608
-9.919314 25.219508 87.60311
-10.231524 25.245045 88.152169
-10.373409 25.138813 88.033777
-10.46118 25.050941 87.813635
-10.390844 25.095845 87.816225
-10.382158 25.26497 88.549356
-10.19303 25.267838 88.28047
-10.075022 25.330836 88.311218
-9.949471 25.319364 88.075676
-9.87811 25.396467 88.245739
-9.798821 25.467812 88.453858
-9.784644 25.435437 88.520563
-9.86166 25.41624 88.693969
-9.923666 25.398566 88.902128
-9.870391 25.305791 88.679894
-9.690579 25.239036 88.289659
-9.770166 25.313138 88.803073
-9.86547 25.312482 88.940443
-9.964893 25.384843 89.5616
-10.061754 25.316332 89.607525
-10.061432 25.296125 89.560372
-10.213123 25.296334 89.885655
-10.244369 25.204361 89.672587
-10.295691 25.117121 89.39973
-10.427982 25.125603 89.837992
-10.556706 25.086077 89.728768
-10.400592 25.095774 89.520294
-10.101062 25.165745 89.474227
-9.898429 25.246094 89.575927
-9.822139 25.277607 89.700967
-9.752715 25.301596 89.831911
-9.651494 25.287874 89.676468
-9.643824 25.157889 89.180349
-9.734337 25.04433 88.989813
-9.979441 25.050655 89.414096
-10.220227 24.998503 89.57094
-10.434493 24.980335 89.968643
-10.524975 24.930566 90.125885
-10.740855 24.967381 90.770211
-10.842134 24.948278 91.057232
-10.576756 24.848305 90.346033
-10.368302 24.796045 89.855573
-10.522022 24.841712 90.402324
-10.405793 24.79391 90.13603
