4.150000 21.830000 137.479996 -1176.000000 383.000000 4363.000000
3.990000 22.020000 137.559998 -1085.000000 373.000000 4530.000000
3.810000 22.280001 137.660004 -887.000000 140.000000 4613.000000
3.710000 22.680000 137.789993 -911.000000 85.000000 4642.000000
3.700000 23.230000 137.929993 -1229.000000 2.000000 4444.000000
3.840000 23.799999 138.070007 -1695.000000 129.000000 4382.000000
4.050000 24.200001 138.179993 -1734.000000 190.000000 4566.000000
4.290000 24.389999 138.270004 -1246.000000 293.000000 4555.000000
4.570000 24.459999 138.339996 -626.000000 309.000000 4752.000000
4.860000 24.639999 138.339996 -464.000000 239.000000 4573.000000
5.060000 25.049999 138.270004 -903.000000 -538.000000 4480.000000
5.070000 25.070000 137.660004 -2587.000000 -962.000000 5842.000000
5.700000 24.240000 136.789993 -1020.000000 1072.000000 4805.000000
6.340000 23.190001 136.240005 -370.000000 1122.000000 4992.000000
6.900000 22.320000 135.990005 153.000000 690.000000 4702.000000
7.430000 21.690001 135.479996 35.000000 592.000000 4694.000000
7.920000 21.160000 134.589996 -51.000000 641.000000 4689.000000
8.410000 20.620001 133.559998 80.000000 590.000000 4601.000000
8.920000 20.100000 132.550003 -30.000000 649.000000 4500.000000
9.480000 19.680000 131.500000 -447.000000 802.000000 4285.000000
9.990000 19.309999 130.330002 -734.000000 761.000000 3979.000000
10.490000 18.900000 129.050003 -704.000000 807.000000 3624.000000
11.010000 18.430000 127.730003 -639.000000 1001.000000 3280.000000
11.520000 17.889999 126.339996 -604.000000 1210.000000 3101.000000
11.940000 17.320000 124.839996 -580.000000 1238.000000 3084.000000
12.240000 16.740000 123.230003 -594.000000 1120.000000 3177.000000
12.410000 16.219999 121.489998 -844.000000 961.000000 3308.000000
12.450000 15.790000 119.669998 -1133.000000 784.000000 3454.000000
12.400000 15.430000 117.779999 -1315.000000 650.000000 3428.000000
12.290000 15.080000 115.830002 -1526.000000 608.000000 3278.000000
12.100000 14.720000 113.800003 -1497.000000 582.000000 3005.000000
11.870000 14.330000 111.739998 -1088.000000 621.000000 2562.000000
11.640000 13.930000 109.660004 -848.000000 705.000000 2220.000000
11.380000 13.580000 107.629997 -884.000000 802.000000 2051.000000
11.020000 13.360000 105.720001 -1050.000000 707.000000 2058.000000
10.540000 13.220000 103.889999 -1239.000000 485.000000 2185.000000
9.900000 13.080000 102.150002 -1373.000000 154.000000 2722.000000
9.180000 12.920000 100.529999 -1707.000000 -115.000000 3193.000000
8.380000 12.720000 99.019997 -1928.000000 -464.000000 3472.000000
7.520000 12.570000 97.620003 -2260.000000 -615.000000 3652.000000
6.670000 12.440000 96.320000 -2477.000000 -528.000000 3531.000000
5.790000 12.280000 95.080002 -2503.000000 -486.000000 3550.000000
4.870000 12.060000 93.900002 -2302.000000 -517.000000 3405.000000
3.920000 11.810000 92.779999 -2044.000000 -602.000000 3311.000000
2.970000 11.560000 91.730003 -1936.000000 -623.000000 3416.000000
2.010000 11.350000 90.800003 -1881.000000 -720.000000 3549.000000
1.050000 11.190000 90.000000 -1802.000000 -844.000000 3641.000000
0.110000 11.090000 89.309998 -1778.000000 -946.000000 3725.000000
-0.800000 11.030000 88.699997 -1650.000000 -1009.000000 3684.000000
-1.650000 11.020000 88.150002 -1509.000000 -933.000000 3614.000000
-2.440000 11.080000 87.660004 -1271.000000 -835.000000 3535.000000
-3.170000 11.170000 87.199997 -1164.000000 -784.000000 3556.000000
-3.840000 11.320000 86.790001 -1359.000000 -845.000000 3415.000000
-4.570000 11.420000 86.470001 -1596.000000 -1963.000000 4346.000000
-5.010000 11.510000 86.300003 -1409.000000 -1498.000000 4626.000000
-5.090000 11.760000 86.190002 -1887.000000 -675.000000 4403.000000
-5.180000 11.840000 86.050003 -1679.000000 -796.000000 4769.000000
-5.220000 11.710000 85.900002 -1436.000000 -727.000000 4470.000000
-5.200000 11.470000 85.830002 -1310.000000 -638.000000 4263.000000
-5.040000 11.280000 85.809998 -1251.000000 -258.000000 4025.000000
-4.830000 11.110000 85.809998 -1400.000000 -24.000000 4212.000000
-4.630000 10.820000 85.830002 -1030.000000 -34.000000 4274.000000
-4.490000 10.360000 85.870003 -527.000000 -71.000000 4336.000000
-4.360000 9.830000 85.970001 49.000000 19.000000 4386.000000
-4.280000 9.390000 86.019997 465.000000 -154.000000 4641.000000
-4.180000 9.140000 86.000000 718.000000 -311.000000 4594.000000
-4.020000 9.210000 85.949997 560.000000 -193.000000 4454.000000
-3.840000 9.590000 85.809998 76.000000 -228.000000 4255.000000
-3.660000 10.190000 85.650002 -369.000000 -245.000000 4078.000000
-3.430000 11.060000 85.510002 -1092.000000 -97.000000 3886.000000
-3.250000 11.950000 85.470001 -1656.000000 -90.000000 3804.000000
-3.110000 12.660000 85.480003 -2008.000000 -81.000000 3663.000000
-3.010000 13.060000 85.540001 -1980.000000 -21.000000 3757.000000
-2.900000 13.090000 85.589996 -1514.000000 192.000000 3657.000000
-2.860000 12.740000 85.620003 -919.000000 85.000000 3732.000000
-2.900000 12.230000 85.720001 -325.000000 -58.000000 3747.000000
-2.960000 11.760000 85.849998 145.000000 -210.000000 4039.000000
-2.990000 11.530000 85.940002 202.000000 -219.000000 4101.000000
-2.950000 11.640000 85.980003 -485.000000 -179.000000 4350.000000
-2.850000 12.100000 86.040001 -1289.000000 -69.000000 4243.000000
-2.810000 12.470000 86.110001 -1702.000000 -254.000000 4006.000000
-2.680000 12.500000 86.180000 -1621.000000 22.000000 4299.000000
-2.550000 12.330000 86.269997 -1289.000000 14.000000 4162.000000
-2.460000 12.080000 86.339996 -882.000000 -140.000000 4085.000000
-2.360000 11.840000 86.379997 -662.000000 -148.000000 4235.000000
-2.200000 11.840000 86.430000 -765.000000 -47.000000 4144.000000
-2.040000 12.130000 86.550003 -1126.000000 -71.000000 3866.000000
-1.850000 12.550000 86.709999 -1400.000000 -12.000000 4037.000000
-1.650000 12.980000 86.889999 -1492.000000 75.000000 4146.000000
-1.430000 13.330000 87.110001 -1495.000000 140.000000 4166.000000
-1.280000 13.600000 87.250000 -1442.000000 -131.000000 4388.000000
-1.140000 13.890000 87.440002 -1735.000000 -220.000000 4484.000000
-0.960000 14.250000 87.669998 -1483.000000 168.000000 4406.000000
-0.830000 14.470000 87.870003 -1043.000000 -96.000000 4301.000000
-0.680000 14.740000 88.180000 -758.000000 -77.000000 4297.000000
-0.370000 15.550000 88.559998 -1502.000000 -57.000000 4389.000000
0.060000 16.570000 88.949997 -1638.000000 134.000000 4885.000000
0.510000 17.830000 89.419998 -1408.000000 112.000000 4612.000000
1.110000 19.469999 90.040001 -1482.000000 367.000000 4158.000000
1.740000 21.469999 90.720001 -1722.000000 487.000000 3838.000000
2.420000 23.709999 91.580002 -1969.000000 693.000000 3386.000000
3.130000 26.030001 92.589996 -2293.000000 736.000000 3218.000000
3.860000 28.340000 93.699997 -2502.000000 771.000000 2981.000000
4.590000 30.570000 94.870003 -2683.000000 732.000000 2898.000000
5.390000 32.759998 96.139999 -2591.000000 773.000000 2767.000000
6.260000 34.980000 97.489998 -2358.000000 680.000000 2733.000000
7.220000 37.340000 98.919998 -2572.000000 721.000000 2912.000000
8.370000 39.910000 100.500000 -2579.000000 849.000000 2742.000000
9.660000 42.660000 102.220001 -2706.000000 931.000000 2652.000000
11.070000 45.540001 104.110001 -2858.000000 1030.000000 2352.000000
12.660000 48.459999 106.239998 -2941.000000 977.000000 2136.000000
14.500000 51.369999 108.639999 -3069.000000 1142.000000 1989.000000
16.580000 54.270000 111.290001 -3199.000000 1083.000000 1797.000000
18.940001 57.139999 114.239998 -3261.000000 1066.000000 1550.000000
21.700001 59.919998 117.589996 -3265.000000 1072.000000 1439.000000
24.950001 62.619999 121.410004 -3347.000000 1078.000000 1408.000000
28.799999 65.239998 125.760002 -3512.000000 957.000000 1287.000000
33.380001 67.709999 130.839996 -3630.000000 953.000000 1164.000000
38.910000 70.000000 136.830002 -3634.000000 943.000000 889.000000
45.639999 72.000000 143.970001 -3923.000000 942.000000 542.000000
53.209999 73.540001 151.899994 -4328.000000 859.000000 464.000000
60.820000 74.580002 159.820007 -4606.000000 772.000000 498.000000
67.699997 75.190002 166.949997 -4699.000000 664.000000 484.000000
73.059998 75.500000 172.570007 -4794.000000 630.000000 585.000000
76.379997 75.620003 176.139999 -4657.000000 695.000000 774.000000
77.769997 75.650002 177.809998 -4429.000000 598.000000 991.000000
77.720001 75.629997 178.070007 -4125.000000 477.000000 1131.000000
76.750000 75.589996 177.410004 -3908.000000 345.000000 1148.000000
75.430000 75.529999 176.350006 -3664.000000 319.000000 1120.000000
74.190002 75.489998 175.360001 -3375.000000 217.000000 1169.000000
73.599998 75.500000 174.960007 -3343.000000 192.000000 1150.000000
73.820000 75.580002 175.300003 -3583.000000 117.000000 1212.000000
74.870003 75.720001 176.369995 -3790.000000 193.000000 1103.000000
76.209999 75.900002 177.660004 -3850.000000 189.000000 1120.000000
77.449997 76.110001 178.809998 -3813.000000 162.000000 1049.000000
78.480003 76.309998 179.710007 -3923.000000 273.000000 837.000000
79.110001 76.500000 -179.800003 -3674.000000 88.000000 781.000000
79.449997 76.680000 -179.610001 -3548.000000 238.000000 696.000000
79.610001 76.839996 -179.610001 -3363.000000 318.000000 604.000000
79.750000 76.980003 -179.630005 -3205.000000 399.000000 501.000000
79.680000 77.169998 -179.850006 -3609.000000 172.000000 807.000000
79.500000 77.360001 179.809998 -3640.000000 277.000000 682.000000
79.129997 77.570000 179.259995 -3611.000000 240.000000 945.000000
78.820000 77.779999 178.729996 -3552.000000 332.000000 660.000000
77.919998 77.940002 177.690002 -3101.000000 297.000000 981.000000
77.949997 78.169998 177.490005 -3715.000000 214.000000 311.000000
77.870003 78.370003 177.229996 -3658.000000 336.000000 352.000000
78.180000 78.570000 177.309998 -3635.000000 372.000000 255.000000
78.550003 78.769997 177.440002 -4198.000000 333.000000 212.000000
78.459999 78.930000 177.110001 -3998.000000 361.000000 604.000000
78.730003 79.059998 177.149994 -3947.000000 443.000000 117.000000
78.500000 79.190002 176.740005 -3904.000000 418.000000 357.000000
78.970001 79.339996 176.990005 -4326.000000 515.000000 -148.000000
79.019997 79.489998 176.809998 -3903.000000 457.000000 219.000000
79.029999 79.610001 176.619995 -3891.000000 544.000000 200.000000
78.889999 79.720001 176.300003 -3906.000000 512.000000 176.000000
78.699997 79.820000 175.940002 -3956.000000 529.000000 255.000000
78.500000 79.910004 175.570007 -3855.000000 539.000000 324.000000
78.739998 79.980003 175.679993 -4028.000000 608.000000 143.000000
78.660004 80.040001 175.520004 -3955.000000 570.000000 168.000000
78.730003 80.089996 175.520004 -4022.000000 546.000000 30.000000
78.660004 80.129997 175.380005 -4036.000000 578.000000 56.000000
78.379997 80.150002 175.100006 -3944.000000 519.000000 17.000000
77.989998 80.150002 174.720001 -3918.000000 528.000000 -32.000000
77.669998 80.120003 174.410004 -4018.000000 615.000000 18.000000
77.680000 80.080002 174.429993 -4287.000000 652.000000 0.000000
77.959999 80.059998 174.729996 -4458.000000 750.000000 -141.000000
77.879997 80.050003 174.660004 -4267.000000 807.000000 -183.000000
77.129997 80.050003 173.949997 -4020.000000 783.000000 -139.000000
75.989998 80.040001 172.910004 -4117.000000 822.000000 -163.000000
74.529999 79.989998 171.589996 -4174.000000 859.000000 -289.000000
72.459999 79.900002 169.720001 -4055.000000 863.000000 -233.000000
70.190002 79.779999 167.699997 -3845.000000 892.000000 -289.000000
68.029999 79.629997 165.800003 -3765.000000 933.000000 -252.000000
66.360001 79.480003 164.399994 -3776.000000 994.000000 -436.000000
65.120003 79.339996 163.429993 -3812.000000 1096.000000 -472.000000
64.150002 79.209999 162.740005 -3911.000000 1151.000000 -535.000000
63.299999 79.110001 162.190002 -4001.000000 1196.000000 -640.000000
62.410000 79.029999 161.630005 -3986.000000 1275.000000 -736.000000
61.380001 78.940002 160.929993 -3980.000000 1339.000000 -676.000000
60.160000 78.839996 160.119995 -4040.000000 1517.000000 -1066.000000
58.540001 78.690002 158.990005 -4032.000000 1424.000000 -466.000000
56.529999 78.480003 157.600006 -4046.000000 1318.000000 -138.000000
54.570000 78.220001 156.289993 -3991.000000 1388.000000 -824.000000
52.680000 77.910004 155.080002 -3886.000000 1544.000000 -866.000000
51.169998 77.669998 154.250000 -3922.000000 1452.000000 -1181.000000
49.349998 77.480003 153.139999 -3981.000000 1376.000000 -913.000000
47.060001 77.290001 151.619995 -3998.000000 1281.000000 -766.000000
44.560001 77.000000 149.919998 -3883.000000 1251.000000 -768.000000
41.759998 76.620003 147.990005 -3872.000000 1176.000000 -398.000000
38.889999 76.160004 146.000000 -3809.000000 1173.000000 -371.000000
36.029999 75.589996 144.070007 -3706.000000 1135.000000 -117.000000
33.360001 74.949997 142.350006 -3657.000000 1061.000000 -3.000000
30.780001 74.290001 140.759995 -3581.000000 932.000000 198.000000
28.209999 73.570000 139.210007 -3509.000000 853.000000 553.000000
25.639999 72.830002 137.710007 -3467.000000 828.000000 697.000000
23.160000 72.050003 136.380005 -3278.000000 759.000000 860.000000
20.889999 71.349998 135.350006 -3066.000000 654.000000 770.000000
18.750000 70.830002 134.570007 -3025.000000 360.000000 863.000000
16.879999 70.500000 134.039993 -3107.000000 128.000000 944.000000
15.340000 70.389999 133.710007 -3301.000000 -48.000000 843.000000
13.810000 70.269997 133.300003 -3668.000000 -129.000000 1044.000000
12.260000 70.059998 132.789993 -3842.000000 -57.000000 1118.000000
10.590000 69.680000 132.169998 -3947.000000 -20.000000 1239.000000
8.580000 69.080002 131.240005 -3811.000000 -229.000000 1506.000000
6.290000 68.330002 130.080002 -3500.000000 -574.000000 1765.000000
4.090000 67.599998 129.000000 -2988.000000 -773.000000 1791.000000
2.030000 67.010002 127.980003 -3012.000000 -734.000000 1862.000000
0.140000 66.550003 127.029999 -3264.000000 -688.000000 1835.000000
-1.660000 66.080002 126.150002 -3492.000000 -835.000000 1915.000000
-3.340000 65.470001 125.389999 -3674.000000 -895.000000 2156.000000
-4.900000 64.690002 124.739998 -3715.000000 -1000.000000 2280.000000
-6.290000 63.750000 124.220001 -3694.000000 -977.000000 2262.000000
-7.570000 62.669998 123.760002 -3474.000000 -1011.000000 2287.000000
-8.840000 61.520000 123.290001 -3361.000000 -1089.000000 2356.000000
-10.090000 60.330002 122.750000 -3063.000000 -1221.000000 2480.000000
-11.280000 59.160000 122.199997 -2921.000000 -1267.000000 2533.000000
-12.320000 58.009998 121.720001 -2894.000000 -1367.000000 2811.000000
-13.200000 56.849998 121.349998 -2974.000000 -1411.000000 2997.000000
-13.880000 55.650002 121.150002 -3146.000000 -1307.000000 3027.000000
-14.330000 54.400002 121.180000 -3307.000000 -1131.000000 2906.000000
-14.640000 53.090000 121.410004 -3224.000000 -1021.000000 2714.000000
-14.950000 51.730000 121.680000 -3103.000000 -1085.000000 2621.000000
-15.340000 50.330002 121.889999 -2704.000000 -1338.000000 2748.000000
-15.790000 48.930000 121.980003 -2441.000000 -1489.000000 2925.000000
-16.150000 47.610001 122.059998 -2328.000000 -1461.000000 2975.000000
-16.400000 46.380001 122.199997 -2235.000000 -1417.000000 3091.000000
-16.540001 45.320000 122.419998 -2199.000000 -1425.000000 3210.000000
-16.639999 44.480000 122.629997 -2348.000000 -1571.000000 3406.000000
-16.700001 43.889999 122.790001 -2757.000000 -1621.000000 3464.000000
-16.700001 43.419998 122.930000 -2948.000000 -1498.000000 3468.000000
-16.600000 43.029999 123.089996 -3111.000000 -1265.000000 3235.000000
-16.480000 42.580002 123.279999 -3234.000000 -1099.000000 3109.000000
-16.379999 42.029999 123.459999 -2980.000000 -1095.000000 3251.000000
-16.309999 41.369999 123.610001 -2710.000000 -1088.000000 3213.000000
-16.299999 40.680000 123.760002 -2562.000000 -1162.000000 3234.000000
-16.260000 40.060001 123.930000 -2477.000000 -1058.000000 2891.000000
-16.209999 39.490002 124.120003 -2604.000000 -954.000000 2881.000000
-16.170000 38.959999 124.309998 -2627.000000 -954.000000 2738.000000
-16.129999 38.470001 124.480003 -2699.000000 -819.000000 2598.000000
-16.110001 37.919998 124.620003 -2995.000000 -671.000000 2634.000000
-16.110001 37.250000 124.779999 -3176.000000 -643.000000 2566.000000
-16.129999 36.380001 124.989998 -3082.000000 -648.000000 2686.000000
-16.180000 35.230000 125.220001 -2617.000000 -649.000000 2680.000000
-16.320000 33.849998 125.449997 -1638.000000 -892.000000 2589.000000
-16.389999 32.520000 125.800003 -1491.000000 -1345.000000 3605.000000
-16.250000 31.660000 126.260002 -1513.000000 -1117.000000 3584.000000
-16.049999 31.219999 126.620003 -2430.000000 -624.000000 3483.000000
-15.760000 30.730000 126.940002 -2239.000000 -330.000000 3375.000000
-15.670000 29.940001 127.190002 -1648.000000 -726.000000 3323.000000
-15.710000 29.030001 127.360001 -953.000000 -919.000000 3229.000000
-15.660000 28.450001 127.580002 -1380.000000 -1010.000000 3514.000000
-15.480000 28.170000 127.800003 -1710.000000 -801.000000 3484.000000
-15.300000 27.920000 127.980003 -1905.000000 -697.000000 3561.000000
-15.180000 27.490000 128.139999 -1852.000000 -588.000000 3477.000000
-15.140000 26.900000 128.309998 -1606.000000 -787.000000 3663.000000
-15.170000 26.260000 128.429993 -1657.000000 -833.000000 3717.000000
-15.280000 25.629999 128.509995 -1772.000000 -904.000000 3694.000000
-15.430000 25.030001 128.570007 -1646.000000 -795.000000 3656.000000
-15.660000 24.469999 128.600006 -1202.000000 -997.000000 3776.000000
-15.890000 24.129999 128.570007 -1205.000000 -1092.000000 3677.000000
-16.020000 24.110001 128.529999 -1439.000000 -1110.000000 3781.000000
-16.059999 24.379999 128.479996 -1994.000000 -956.000000 3751.000000
-16.049999 24.780001 128.410004 -2550.000000 -867.000000 3856.000000
-16.070000 25.139999 128.300003 -2719.000000 -862.000000 3836.000000
-16.120001 25.340000 128.169998 -2504.000000 -948.000000 3895.000000
-16.120001 25.430000 128.089996 -2048.000000 -979.000000 3868.000000
-16.059999 25.490000 128.050003 -1911.000000 -797.000000 3713.000000
-16.049999 25.580000 128.000000 -2050.000000 -739.000000 3501.000000
-16.110001 25.639999 127.980003 -2080.000000 -790.000000 3484.000000
-16.250000 25.580000 127.949997 -1680.000000 -1151.000000 3676.000000
-16.430000 25.480000 127.919998 -1477.000000 -1545.000000 4037.000000
-16.580000 25.480000 127.910004 -1507.000000 -1625.000000 3946.000000
-16.680000 25.650000 127.919998 -1906.000000 -1514.000000 3799.000000
-16.719999 25.889999 127.980003 -2125.000000 -1577.000000 3838.000000
-16.690001 26.100000 128.089996 -2259.000000 -1846.000000 4039.000000
-16.580000 26.270000 128.220001 -2475.000000 -1988.000000 4135.000000
-16.360001 26.389999 128.410004 -2503.000000 -1999.000000 4131.000000
-16.040001 26.450001 128.669998 -2428.000000 -2103.000000 4112.000000
-15.660000 26.420000 128.970001 -2216.000000 -2315.000000 4141.000000
-15.200000 26.340000 129.320007 -2015.000000 -2352.000000 4172.000000
-14.630000 26.240000 129.720001 -1912.000000 -2240.000000 4266.000000
-14.000000 26.139999 130.199997 -1858.000000 -2171.000000 4261.000000
-13.360000 26.030001 130.690002 -1894.000000 -2256.000000 4229.000000
-12.710000 25.889999 131.210007 -1973.000000 -2372.000000 4048.000000
-12.060000 25.660000 131.740005 -1765.000000 -2515.000000 4008.000000
-11.390000 25.320000 132.279999 -1552.000000 -2527.000000 3705.000000
-10.710000 24.930000 132.789993 -1361.000000 -2456.000000 3439.000000
-10.000000 24.530001 133.309998 -1346.000000 -2314.000000 3276.000000
-9.270000 24.129999 133.820007 -1348.000000 -2191.000000 3234.000000
-8.530000 23.740000 134.339996 -1316.000000 -2066.000000 3280.000000
-7.810000 23.350000 134.809998 -1397.000000 -1986.000000 3216.000000
-7.110000 22.950001 135.210007 -1371.000000 -1894.000000 3149.000000
-6.470000 22.480000 135.520004 -1308.000000 -1804.000000 3150.000000
-5.850000 21.940001 135.740005 -1031.000000 -1597.000000 2951.000000
-5.200000 21.360001 135.910004 -708.000000 -1244.000000 2734.000000
-4.520000 20.799999 136.050003 -645.000000 -849.000000 2694.000000
-3.790000 20.320000 136.149994 -753.000000 -460.000000 2611.000000
-3.090000 19.940001 136.210007 -893.000000 -263.000000 2569.000000
-2.490000 19.610001 136.169998 -928.000000 -271.000000 2667.000000
-2.000000 19.299999 136.009995 -933.000000 -291.000000 2814.000000
-1.580000 18.980000 135.720001 -912.000000 -221.000000 2900.000000
-1.170000 18.660000 135.350006 -795.000000 -41.000000 3022.000000
-0.720000 18.410000 134.940002 -793.000000 284.000000 3058.000000
-0.280000 18.240000 134.470001 -973.000000 538.000000 3132.000000
0.100000 18.150000 133.929993 -1152.000000 691.000000 3097.000000
0.400000 18.090000 133.309998 -1399.000000 810.000000 3111.000000
0.620000 18.010000 132.639999 -1649.000000 802.000000 3161.000000
0.740000 17.870001 131.929993 -1735.000000 777.000000 3232.000000
0.810000 17.690001 131.169998 -1872.000000 878.000000 3284.000000
0.860000 17.459999 130.429993 -1674.000000 1039.000000 3201.000000
0.890000 17.219999 129.669998 -1541.000000 1227.000000 3275.000000
0.900000 17.030001 128.910004 -1676.000000 1512.000000 3231.000000
0.880000 16.889999 128.169998 -1860.000000 1685.000000 3242.000000
0.780000 16.809999 127.419998 -2121.000000 1655.000000 3311.000000
0.580000 16.740000 126.650002 -2254.000000 1454.000000 3329.000000
0.320000 16.639999 125.870003 -2096.000000 1262.000000 3487.000000
0.080000 16.469999 125.099998 -1885.000000 1381.000000 3559.000000
-0.130000 16.280001 124.379997 -1670.000000 1585.000000 3640.000000
-0.330000 16.120001 123.730003 -1666.000000 1631.000000 3732.000000
-0.560000 16.010000 123.139999 -1671.000000 1539.000000 3740.000000
-0.810000 15.900000 122.610001 -1599.000000 1432.000000 3811.000000
-1.030000 15.880000 122.150002 -1855.000000 1462.000000 3860.000000
-1.240000 15.950000 121.750000 -2118.000000 1435.000000 3846.000000
-1.460000 16.020000 121.419998 -2079.000000 1325.000000 3836.000000
-1.630000 16.049999 121.089996 -1858.000000 1312.000000 3814.000000
-1.770000 16.020000 120.790001 -1643.000000 1421.000000 3764.000000
-1.890000 15.990000 120.540001 -1478.000000 1381.000000 3812.000000
-1.990000 15.980000 120.339996 -1241.000000 1325.000000 3826.000000
-2.080000 16.010000 120.180000 -1113.000000 1284.000000 3822.000000
-2.140000 16.110001 120.070000 -1009.000000 1268.000000 3878.000000
-2.200000 16.320000 120.019997 -1259.000000 1171.000000 3893.000000
-2.260000 16.629999 120.019997 -1346.000000 1057.000000 3907.000000
-2.320000 17.000000 120.040001 -1648.000000 1036.000000 3881.000000
-2.360000 17.350000 120.080002 -1789.000000 1044.000000 3804.000000
-2.410000 17.610001 120.139999 -1796.000000 958.000000 3828.000000
-2.480000 17.760000 120.180000 -1812.000000 845.000000 3902.000000
-2.560000 17.770000 120.199997 -1581.000000 696.000000 3934.000000
-2.640000 17.590000 120.220001 -1233.000000 544.000000 3972.000000
-2.730000 17.370001 120.269997 -1152.000000 421.000000 3846.000000
-2.830000 17.139999 120.320000 -1186.000000 271.000000 4007.000000
-2.910000 16.900000 120.379997 -1053.000000 86.000000 4089.000000
-2.960000 16.730000 120.440002 -824.000000 -72.000000 4408.000000
-2.990000 16.730000 120.510002 -936.000000 -114.000000 4193.000000
-3.010000 16.820000 120.529999 -1223.000000 -191.000000 4087.000000
-3.030000 16.879999 120.510002 -1539.000000 -306.000000 3947.000000
-3.030000 16.820000 120.510002 -1354.000000 -320.000000 3829.000000
-3.020000 16.700001 120.559998 -1321.000000 -333.000000 3957.000000
-2.980000 16.610001 120.680000 -1335.000000 -245.000000 4168.000000
-2.880000 16.540001 120.809998 -1298.000000 -94.000000 4380.000000
-2.770000 16.490000 120.930000 -1296.000000 -91.000000 4562.000000
-2.650000 16.469999 121.040001 -1290.000000 -97.000000 4593.000000
-2.490000 16.490000 121.150002 -1224.000000 -4.000000 4465.000000
-2.310000 16.530001 121.260002 -1102.000000 72.000000 4189.000000
-2.130000 16.610001 121.360001 -1044.000000 79.000000 3986.000000
-1.980000 16.730000 121.449997 -1098.000000 -8.000000 3855.000000
-1.850000 16.879999 121.519997 -1181.000000 -58.000000 3860.000000
-1.730000 17.049999 121.570000 -1322.000000 -89.000000 3815.000000
-1.600000 17.209999 121.610001 -1427.000000 -59.000000 3812.000000
-1.450000 17.330000 121.669998 -1413.000000 -13.000000 3842.000000
-1.310000 17.410000 121.739998 -1444.000000 33.000000 3860.000000
-1.180000 17.450001 121.809998 -1441.000000 31.000000 3861.000000
-1.080000 17.430000 121.889999 -1374.000000 12.000000 3843.000000
-1.000000 17.370001 121.980003 -1296.000000 -36.000000 3929.000000
-0.920000 17.280001 122.059998 -1178.000000 -42.000000 3979.000000
-0.830000 17.180000 122.139999 -1069.000000 15.000000 3945.000000
-0.740000 17.110001 122.209999 -1053.000000 28.000000 3927.000000
-0.670000 17.070000 122.279999 -1050.000000 18.000000 3943.000000
-0.580000 17.110001 122.330002 -1110.000000 25.000000 3897.000000
-0.500000 17.200001 122.389999 -1208.000000 49.000000 3885.000000
-0.400000 17.320000 122.459999 -1247.000000 64.000000 3860.000000
-0.310000 17.450001 122.529999 -1345.000000 78.000000 3850.000000
-0.220000 17.580000 122.599998 -1399.000000 97.000000 3848.000000
-0.140000 17.690001 122.690002 -1400.000000 88.000000 3798.000000
