21.719999 25.450001 131.869995 -1659.000000 1420.000000 3381.000000
21.719999 25.450001 131.869995 -1666.000000 1411.000000 3379.000000
21.709999 25.469999 131.869995 -1703.000000 1366.000000 3389.000000
21.709999 25.480000 131.869995 -1725.000000 1371.000000 3445.000000
21.709999 25.490000 131.880005 -1721.000000 1389.000000 3369.000000
21.700001 25.480000 131.880005 -1680.000000 1375.000000 3398.000000
21.690001 25.480000 131.880005 -1675.000000 1360.000000 3382.000000
21.690001 25.480000 131.880005 -1687.000000 1380.000000 3407.000000
21.690001 25.469999 131.880005 -1704.000000 1384.000000 3405.000000
21.690001 25.469999 131.880005 -1699.000000 1382.000000 3439.000000
21.690001 25.459999 131.889999 -1690.000000 1394.000000 3423.000000
21.690001 25.459999 131.889999 -1675.000000 1423.000000 3393.000000
21.700001 25.459999 131.880005 -1673.000000 1423.000000 3428.000000
21.700001 25.459999 131.899994 -1692.000000 1403.000000 3425.000000
21.709999 25.469999 131.899994 -1708.000000 1406.000000 3418.000000
21.700001 25.469999 131.899994 -1737.000000 1392.000000 3547.000000
21.700001 25.450001 131.899994 -1752.000000 1414.000000 3588.000000
21.690001 25.420000 131.880005 -1796.000000 1387.000000 3619.000000
21.700001 25.389999 131.850006 -1818.000000 1417.000000 3591.000000
21.709999 25.370001 131.839996 -1775.000000 1462.000000 3566.000000
21.750000 25.350000 131.809998 -1783.000000 1527.000000 3546.000000
21.780001 25.309999 131.800003 -1758.000000 1504.000000 3584.000000
21.799999 25.270000 131.789993 -1781.000000 1494.000000 3688.000000
21.830000 25.200001 131.779999 -1886.000000 1472.000000 3723.000000
21.850000 25.070000 131.770004 -1851.000000 1491.000000 3865.000000
21.850000 24.879999 131.740005 -1676.000000 1442.000000 4039.000000
21.860001 24.680000 131.720001 -1531.000000 1412.000000 4105.000000
21.889999 24.530001 131.720001 -1499.000000 1410.000000 4098.000000
21.959999 24.420000 131.710007 -1341.000000 1465.000000 4055.000000
22.090000 24.360001 131.740005 -1276.000000 1592.000000 4019.000000
22.280001 24.370001 131.789993 -1285.000000 1636.000000 3983.000000
22.520000 24.469999 131.889999 -1376.000000 1677.000000 3974.000000
22.820000 24.660000 132.009995 -1311.000000 1704.000000 3969.000000
23.139999 24.920000 132.149994 -1203.000000 1610.000000 4131.000000
23.500000 25.270000 132.330002 -1220.000000 1580.000000 4174.000000
23.930000 25.690001 132.570007 -1103.000000 1616.000000 3985.000000
24.469999 26.139999 132.869995 -1029.000000 1786.000000 3872.000000
25.010000 26.540001 133.089996 -956.000000 1753.000000 3957.000000
25.559999 26.910000 133.259995 -1032.000000 1818.000000 3902.000000
26.160000 27.290001 133.389999 -1270.000000 1870.000000 3789.000000
26.790001 27.639999 133.479996 -1409.000000 1991.000000 3630.000000
27.420000 27.950001 133.520004 -1405.000000 2051.000000 3508.000000
28.049999 28.240000 133.500000 -1412.000000 2009.000000 3391.000000
28.680000 28.520000 133.449997 -1409.000000 1933.000000 3319.000000
29.299999 28.740000 133.309998 -1343.000000 1950.000000 3255.000000
29.900000 28.889999 133.119995 -1223.000000 2022.000000 3253.000000
30.469999 28.990000 132.850006 -1296.000000 2039.000000 3237.000000
31.049999 29.070000 132.500000 -1489.000000 2012.000000 3128.000000
31.600000 29.070000 132.050003 -1531.000000 2077.000000 3062.000000
32.080002 28.950001 131.470001 -1441.000000 2133.000000 3016.000000
32.490002 28.709999 130.740005 -1307.000000 2157.000000 2951.000000
32.840000 28.389999 129.889999 -1240.000000 2196.000000 2875.000000
33.130001 28.010000 128.960007 -1173.000000 2252.000000 2795.000000
33.360001 27.620001 127.940002 -1065.000000 2235.000000 2777.000000
33.540001 27.219999 126.830002 -1135.000000 2231.000000 2829.000000
33.660000 26.840000 125.620003 -1279.000000 2144.000000 2915.000000
33.730000 26.480000 124.339996 -1419.000000 2070.000000 2995.000000
33.759998 26.120001 122.989998 -1552.000000 2052.000000 2881.000000
33.720001 25.730000 121.570000 -1381.000000 2050.000000 2779.000000
33.540001 25.430000 120.050003 -1362.000000 1783.000000 2578.000000
33.380001 25.180000 118.519997 -1498.000000 1782.000000 2499.000000
33.189999 24.940001 116.980003 -1584.000000 1837.000000 2513.000000
32.970001 24.670000 115.430000 -1643.000000 1913.000000 2555.000000
32.689999 24.360001 113.820000 -1794.000000 1990.000000 2719.000000
32.330002 24.010000 112.160004 -1830.000000 1941.000000 2896.000000
31.860001 23.620001 110.459999 -1750.000000 1803.000000 3009.000000
31.309999 23.230000 108.730003 -1768.000000 1653.000000 3061.000000
30.740000 22.879999 107.029999 -1727.000000 1615.000000 3027.000000
30.170000 22.590000 105.379997 -1652.000000 1541.000000 2925.000000
29.580000 22.370001 103.769997 -1686.000000 1468.000000 2838.000000
28.950001 22.209999 102.220001 -1615.000000 1363.000000 2865.000000
28.280001 22.139999 100.730003 -1676.000000 1168.000000 2971.000000
27.620001 22.170000 99.370003 -1864.000000 1058.000000 2912.000000
26.969999 22.260000 98.120003 -2110.000000 1015.000000 3115.000000
26.309999 22.400000 96.959999 -2400.000000 880.000000 3348.000000
25.660000 22.530001 95.860001 -2709.000000 753.000000 3399.000000
25.010000 22.660000 94.839996 -2724.000000 692.000000 3370.000000
24.360001 22.780001 93.889999 -2687.000000 731.000000 3429.000000
23.730000 22.900000 93.000000 -2564.000000 722.000000 3403.000000
23.120001 23.020000 92.180000 -2491.000000 705.000000 3320.000000
22.530001 23.110001 91.389999 -2416.000000 686.000000 3255.000000
21.930000 23.180000 90.660004 -2271.000000 563.000000 3194.000000
21.350000 23.219999 89.989998 -2205.000000 475.000000 3141.000000
20.809999 23.270000 89.410004 -2250.000000 522.000000 3169.000000
20.340000 23.330000 88.930000 -2320.000000 618.000000 3167.000000
19.930000 23.379999 88.519997 -2405.000000 717.000000 3178.000000
19.549999 23.370001 88.169998 -2474.000000 813.000000 3337.000000
19.170000 23.280001 87.839996 -2372.000000 851.000000 3537.000000
18.790001 23.070000 87.489998 -2122.000000 848.000000 3744.000000
18.420000 22.840000 87.139999 -1940.000000 881.000000 3816.000000
18.100000 22.600000 86.800003 -1748.000000 947.000000 3767.000000
17.760000 22.389999 86.470001 -1549.000000 830.000000 3716.000000
17.459999 22.209999 86.169998 -1501.000000 859.000000 3685.000000
17.190001 22.110001 85.919998 -1572.000000 828.000000 3662.000000
16.990000 22.110001 85.730003 -1710.000000 825.000000 3469.000000
16.910000 22.070000 85.610001 -1524.000000 1206.000000 3648.000000
16.870001 22.010000 85.489998 -1473.000000 1210.000000 3580.000000
16.809999 21.950001 85.330002 -1467.000000 1194.000000 3475.000000
16.709999 21.730000 85.139999 -1167.000000 1135.000000 3636.000000
16.490000 21.480000 84.919998 -998.000000 839.000000 3665.000000
16.410000 21.270000 84.750000 -1059.000000 1189.000000 3838.000000
16.389999 21.230000 84.570000 -1267.000000 1207.000000 3734.000000
16.309999 21.170000 84.370003 -1116.000000 1050.000000 3868.000000
16.160000 21.150000 84.139999 -1169.000000 826.000000 3836.000000
16.150000 21.200001 83.959999 -1286.000000 1083.000000 3748.000000
16.139999 21.299999 83.769997 -1346.000000 1071.000000 3772.000000
16.100000 21.309999 83.610001 -1154.000000 1040.000000 3868.000000
16.100000 21.350000 83.500000 -1085.000000 1090.000000 3800.000000
16.129999 21.480000 83.419998 -1075.000000 1143.000000 3744.000000
16.180000 21.740000 83.349998 -1288.000000 1103.000000 3706.000000
16.230000 22.150000 83.339996 -1627.000000 1055.000000 3699.000000
16.299999 22.590000 83.379997 -2011.000000 1012.000000 3519.000000
16.360001 22.910000 83.430000 -2089.000000 1034.000000 3535.000000
16.350000 23.070000 83.379997 -1852.000000 980.000000 3734.000000
16.340000 23.049999 83.300003 -1542.000000 1109.000000 3898.000000
16.379999 22.930000 83.239998 -1321.000000 1178.000000 3829.000000
16.459999 22.809999 83.239998 -1180.000000 1304.000000 3873.000000
16.510000 22.730000 83.209999 -1093.000000 1197.000000 3881.000000
16.620001 22.740000 83.220001 -1065.000000 1353.000000 3765.000000
16.760000 22.910000 83.269997 -1364.000000 1279.000000 3613.000000
16.900000 23.150000 83.330002 -1406.000000 1261.000000 3616.000000
17.010000 23.400000 83.370003 -1232.000000 1270.000000 3623.000000
17.090000 23.740000 83.419998 -1185.000000 1128.000000 3579.000000
17.120001 24.240000 83.510002 -1293.000000 1022.000000 3683.000000
17.190001 24.900000 83.680000 -1507.000000 1021.000000 3833.000000
17.240000 25.780001 83.879997 -1667.000000 848.000000 3689.000000
17.350000 26.790001 84.169998 -2069.000000 848.000000 3899.000000
17.590000 27.820000 84.529999 -2096.000000 1042.000000 3572.000000
17.740000 28.830000 84.879997 -2175.000000 793.000000 3438.000000
18.020000 29.809999 85.309998 -2008.000000 1013.000000 3181.000000
18.410000 30.959999 85.839996 -2569.000000 1183.000000 2739.000000
18.840000 32.049999 86.360001 -2028.000000 1254.000000 2949.000000
19.000000 33.049999 86.720001 -1651.000000 813.000000 3491.000000
19.299999 34.240002 87.300003 -1634.000000 837.000000 3413.000000
20.010000 35.910000 88.169998 -2352.000000 1292.000000 3284.000000
20.750000 37.750000 89.129997 -2539.000000 1167.000000 3009.000000
21.620001 39.630001 90.290001 -2386.000000 1267.000000 2571.000000
22.559999 41.580002 91.540001 -2149.000000 1172.000000 2311.000000
23.639999 43.709999 92.970001 -2243.000000 1250.000000 1992.000000
24.959999 46.009998 94.669998 -2440.000000 1431.000000 1639.000000
26.500000 48.430000 96.669998 -2659.000000 1507.000000 1402.000000
28.299999 50.900002 99.000000 -2796.000000 1501.000000 1284.000000
30.400000 53.369999 101.709999 -3201.000000 1613.000000 951.000000
32.820000 55.759998 104.779999 -3544.000000 1685.000000 706.000000
35.480000 58.049999 108.120003 -3813.000000 1568.000000 622.000000
38.410000 60.189999 111.699997 -3743.000000 1467.000000 769.000000
41.700001 62.209999 115.629997 -3524.000000 1344.000000 776.000000
45.590000 64.129997 120.139999 -3396.000000 1392.000000 721.000000
50.220001 65.930000 125.360001 -3429.000000 1546.000000 614.000000
55.660000 67.629997 131.339996 -4003.000000 1585.000000 -147.000000
61.419998 69.000000 137.570007 -4888.000000 1612.000000 -163.000000
67.029999 69.959999 143.619995 -5232.000000 1622.000000 -477.000000
71.970001 70.570000 148.940002 -5313.000000 1600.000000 -501.000000
75.589996 70.919998 152.919998 -5260.000000 1558.000000 -442.000000
77.720001 71.070000 155.360001 -4884.000000 1540.000000 246.000000
79.000000 71.099998 156.929993 -4276.000000 1510.000000 210.000000
79.589996 71.059998 157.809998 -4126.000000 1518.000000 476.000000
80.339996 71.000000 158.779999 -3714.000000 1702.000000 188.000000
80.790001 70.910004 159.479996 -3239.000000 1690.000000 511.000000
81.589996 70.769997 160.550003 -3069.000000 1772.000000 397.000000
82.830002 70.660004 162.070007 -3447.000000 1775.000000 363.000000
84.320000 70.599998 163.869995 -4155.000000 1769.000000 233.000000
85.589996 70.529999 165.470001 -4646.000000 1833.000000 216.000000
86.559998 70.440002 166.759995 -4628.000000 1783.000000 309.000000
87.040001 70.320000 167.589996 -4351.000000 1756.000000 448.000000
87.239998 70.150002 168.130005 -4055.000000 1717.000000 491.000000
87.440002 69.959999 168.699997 -4052.000000 1731.000000 459.000000
87.699997 69.779999 169.339996 -4235.000000 1808.000000 319.000000
87.589996 69.589996 169.619995 -4363.000000 1801.000000 592.000000
87.360001 69.400002 169.720001 -4298.000000 1664.000000 647.000000
86.860001 69.190002 169.570007 -4181.000000 1692.000000 773.000000
86.389999 68.940002 169.440002 -4080.000000 1734.000000 805.000000
86.059998 68.660004 169.460007 -4074.000000 1746.000000 811.000000
85.940002 68.379997 169.679993 -4002.000000 1776.000000 746.000000
86.040001 68.089996 170.110001 -4013.000000 1843.000000 564.000000
86.160004 67.790001 170.550003 -3957.000000 1813.000000 618.000000
86.449997 67.510002 171.169998 -3968.000000 1696.000000 633.000000
86.779999 67.260002 171.820007 -4223.000000 1636.000000 644.000000
87.059998 67.010002 172.410004 -4359.000000 1660.000000 648.000000
87.139999 66.760002 172.779999 -4363.000000 1628.000000 663.000000
86.959999 66.489998 172.860001 -4162.000000 1590.000000 730.000000
86.699997 66.199997 172.820007 -3885.000000 1573.000000 734.000000
86.489998 65.910004 172.820007 -3748.000000 1562.000000 659.000000
86.440002 65.589996 172.960007 -3700.000000 1630.000000 646.000000
86.669998 65.279999 173.380005 -3659.000000 1649.000000 512.000000
87.029999 64.970001 173.949997 -3714.000000 1663.000000 521.000000
87.459999 64.680000 174.570007 -3829.000000 1630.000000 534.000000
87.870003 64.389999 175.160004 -3946.000000 1644.000000 519.000000
88.239998 64.110001 175.690002 -3992.000000 1601.000000 451.000000
88.459999 63.840000 176.039993 -3928.000000 1573.000000 484.000000
88.620003 63.570000 176.309998 -3889.000000 1536.000000 380.000000
88.730003 63.290001 176.520004 -3762.000000 1569.000000 339.000000
88.870003 63.000000 176.750000 -3631.000000 1620.000000 275.000000
89.029999 62.700001 176.979996 -3466.000000 1631.000000 295.000000
89.290001 62.419998 177.330002 -3374.000000 1565.000000 267.000000
89.680000 62.139999 177.800003 -3451.000000 1537.000000 229.000000
90.129997 61.889999 178.320007 -3572.000000 1547.000000 263.000000
90.580002 61.650002 178.820007 -3629.000000 1559.000000 172.000000
90.910004 61.419998 179.179993 -3570.000000 1558.000000 147.000000
91.099998 61.200001 179.369995 -3459.000000 1557.000000 132.000000
91.190002 60.980000 179.440002 -3307.000000 1586.000000 76.000000
91.230003 60.770000 179.449997 -3152.000000 1571.000000 89.000000
91.300003 60.570000 179.479996 -3081.000000 1559.000000 90.000000
91.459999 60.380001 179.610001 -3009.000000 1580.000000 93.000000
91.769997 60.200001 179.889999 -2999.000000 1602.000000 29.000000
92.150002 60.029999 -179.740005 -3114.000000 1642.000000 -3.000000
92.580002 59.880001 -179.330002 -3229.000000 1635.000000 -100.000000
92.919998 59.759998 -179.009995 -3305.000000 1602.000000 -69.000000
93.139999 59.660000 -178.830002 -3310.000000 1608.000000 -67.000000
93.180000 59.580002 -178.860001 -3275.000000 1583.000000 -19.000000
93.070000 59.509998 -179.050003 -3205.000000 1630.000000 36.000000
92.889999 59.450001 -179.330002 -3088.000000 1644.000000 115.000000
92.790001 59.389999 -179.529999 -3048.000000 1646.000000 139.000000
92.849998 59.330002 -179.529999 -3020.000000 1670.000000 63.000000
93.120003 59.279999 -179.330002 -3001.000000 1666.000000 -41.000000
93.529999 59.240002 -178.949997 -3182.000000 1677.000000 -135.000000
93.980003 59.200001 -178.529999 -3341.000000 1703.000000 -200.000000
94.379997 59.169998 -178.160004 -3441.000000 1757.000000 -209.000000
94.629997 59.150002 -177.940002 -3446.000000 1766.000000 -165.000000
94.730003 59.130001 -177.899994 -3385.000000 1814.000000 -118.000000
94.739998 59.110001 -177.949997 -3321.000000 1837.000000 -111.000000
94.720001 59.080002 -178.020004 -3220.000000 1875.000000 -63.000000
94.769997 59.060001 -178.039993 -3211.000000 1860.000000 -124.000000
94.800003 59.049999 -178.050003 -3207.000000 1876.000000 -57.000000
94.889999 59.040001 -177.990005 -3223.000000 1823.000000 -133.000000
94.959999 59.029999 -177.970001 -3250.000000 1848.000000 -115.000000
95.019997 59.020000 -177.960007 -3330.000000 1910.000000 -134.000000
95.040001 59.009998 -177.990005 -3435.000000 2001.000000 -91.000000
95.010002 59.009998 -178.100006 -3436.000000 2051.000000 -58.000000
94.940002 59.020000 -178.270004 -3322.000000 2056.000000 -48.000000
94.779999 59.040001 -178.529999 -3300.000000 2093.000000 18.000000
94.699997 59.060001 -178.710007 -3182.000000 2060.000000 -132.000000
94.669998 59.080002 -178.830002 -3156.000000 2062.000000 -115.000000
94.699997 59.110001 -178.850006 -3223.000000 2036.000000 -103.000000
94.839996 59.150002 -178.779999 -3354.000000 2010.000000 -221.000000
94.959999 59.180000 -178.740005 -3400.000000 2043.000000 -114.000000
95.070000 59.209999 -178.720001 -3467.000000 2104.000000 -104.000000
95.040001 59.250000 -178.839996 -3518.000000 2177.000000 -18.000000
94.980003 59.290001 -179.000000 -3718.000000 2214.000000 -28.000000
94.919998 59.330002 -179.160004 -3232.000000 2155.000000 -188.000000
94.879997 59.360001 -179.289993 -3227.000000 2132.000000 -199.000000
94.940002 59.410000 -179.309998 -3391.000000 2071.000000 -223.000000
95.050003 59.450001 -179.259995 -3509.000000 2070.000000 -338.000000
95.120003 59.490002 -179.259995 -3476.000000 2086.000000 -269.000000
95.150002 59.520000 -179.300003 -3409.000000 2093.000000 -316.000000
95.120003 59.549999 -179.429993 -3365.000000 2091.000000 -230.000000
95.029999 59.580002 -179.619995 -3403.000000 2106.000000 -98.000000
94.900002 59.619999 -179.860001 -3608.000000 2107.000000 -92.000000
94.730003 59.669998 179.869995 -3689.000000 2105.000000 -113.000000
94.580002 59.720001 179.619995 -3643.000000 2090.000000 -210.000000
94.449997 59.750000 179.369995 -3545.000000 2138.000000 -222.000000
94.370003 59.790001 179.190002 -3453.000000 2131.000000 -260.000000
94.309998 59.820000 179.039993 -3456.000000 2143.000000 -297.000000
94.269997 59.849998 178.919998 -3479.000000 2142.000000 -268.000000
94.260002 59.880001 178.830002 -3511.000000 2107.000000 -294.000000
94.239998 59.910000 178.740005 -3561.000000 2062.000000 -244.000000
94.180000 59.939999 178.619995 -3562.000000 2017.000000 -224.000000
94.029999 59.959999 178.410004 -3547.000000 2002.000000 -135.000000
93.820000 59.970001 178.130005 -3571.000000 2053.000000 -162.000000
93.580002 59.959999 177.839996 -3554.000000 2129.000000 -159.000000
93.470001 59.930000 177.649994 -3533.000000 2186.000000 -243.000000
93.419998 59.900002 177.559998 -3566.000000 2272.000000 -221.000000
93.480003 59.880001 177.570007 -3502.000000 2202.000000 -273.000000
93.559998 59.869999 177.610001 -3526.000000 2166.000000 -261.000000
93.610001 59.860001 177.610001 -3554.000000 2175.000000 -253.000000
93.580002 59.849998 177.509995 -3588.000000 2178.000000 -236.000000
93.449997 59.830002 177.320007 -3543.000000 2189.000000 -149.000000
93.250000 59.799999 177.050003 -3459.000000 2164.000000 -131.000000
93.040001 59.779999 176.759995 -3396.000000 2104.000000 -100.000000
92.839996 59.750000 176.490005 -3338.000000 2116.000000 -105.000000
92.680000 59.720001 176.279999 -3301.000000 2120.000000 -129.000000
92.589996 59.700001 176.139999 -3336.000000 2099.000000 -149.000000
92.589996 59.680000 176.089996 -3373.000000 2106.000000 -238.000000
92.620003 59.669998 176.070007 -3406.000000 2083.000000 -218.000000
92.650002 59.660000 176.070007 -3410.000000 2066.000000 -240.000000
92.639999 59.660000 176.029999 -3427.000000 2029.000000 -217.000000
92.589996 59.660000 175.940002 -3448.000000 2041.000000 -191.000000
92.519997 59.660000 175.850006 -3444.000000 2074.000000 -214.000000
92.440002 59.669998 175.729996 -3408.000000 2065.000000 -237.000000
92.330002 59.680000 175.580002 -3286.000000 2031.000000 -236.000000
92.199997 59.700001 175.410004 -3194.000000 2019.000000 -224.000000
92.070000 59.730000 175.240005 -3189.000000 2005.000000 -214.000000
91.940002 59.759998 175.100006 -3219.000000 1995.000000 -217.000000
91.790001 59.830002 174.949997 -3242.000000 1948.000000 -222.000000
91.620003 59.900002 174.789993 -3163.000000 1933.000000 -308.000000
91.440002 59.970001 174.649994 -3162.000000 1951.000000 -360.000000
91.279999 60.060001 174.539993 -3176.000000 1946.000000 -451.000000
91.120003 60.160000 174.460007 -3200.000000 1936.000000 -486.000000
90.940002 60.290001 174.399994 -3185.000000 1943.000000 -567.000000
90.680000 60.439999 174.279999 -3109.000000 1866.000000 -544.000000
90.309998 60.599998 174.070007 -3084.000000 1888.000000 -569.000000
89.830002 60.779999 173.789993 -3053.000000 1938.000000 -540.000000
89.320000 60.970001 173.490005 -3039.000000 1950.000000 -568.000000
88.730003 61.180000 173.169998 -3031.000000 1983.000000 -540.000000
88.120003 61.400002 172.860001 -3038.000000 2065.000000 -500.000000
87.510002 61.630001 172.580002 -3047.000000 2193.000000 -587.000000
86.879997 61.880001 172.330002 -3117.000000 2249.000000 -543.000000
86.209999 62.150002 172.089996 -3171.000000 2177.000000 -496.000000
85.500000 62.430000 171.880005 -3209.000000 2134.000000 -346.000000
84.720001 62.740002 171.619995 -3483.000000 2160.000000 -298.000000
83.620003 63.090000 171.059998 -3678.000000 2111.000000 -105.000000
82.230003 63.389999 170.220001 -3617.000000 2037.000000 -32.000000
80.610001 63.639999 169.179993 -3500.000000 2013.000000 175.000000
78.900002 63.860001 168.070007 -3436.000000 2076.000000 263.000000
77.180000 64.059998 166.960007 -3396.000000 2182.000000 233.000000
75.470001 64.230003 165.910004 -3447.000000 2205.000000 261.000000
73.790001 64.410004 164.910004 -3582.000000 2165.000000 248.000000
72.120003 64.570000 163.979996 -3630.000000 2170.000000 319.000000
70.529999 64.739998 163.149994 -3752.000000 2188.000000 273.000000
68.980003 64.919998 162.419998 -3743.000000 2152.000000 359.000000
67.500000 65.110001 161.779999 -3800.000000 2095.000000 453.000000
65.940002 65.290001 161.089996 -3793.000000 2028.000000 667.000000
64.389999 65.470001 160.410004 -3740.000000 1950.000000 744.000000
62.759998 65.650002 159.660004 -3757.000000 1886.000000 780.000000
61.029999 65.779999 158.820007 -3742.000000 1894.000000 724.000000
59.259998 65.900002 157.940002 -3599.000000 1791.000000 597.000000
57.480000 66.010002 157.089996 -3469.000000 1599.000000 624.000000
55.740002 66.120003 156.309998 -3395.000000 1408.000000 746.000000
54.119999 66.300003 155.649994 -3523.000000 1287.000000 847.000000
52.590000 66.550003 155.070007 -3712.000000 1177.000000 1010.000000
51.130001 66.830002 154.539993 -3835.000000 1136.000000 1135.000000
49.599998 67.099998 153.889999 -4116.000000 1107.000000 1066.000000
47.799999 67.250000 152.919998 -4363.000000 1127.000000 996.000000
45.730000 67.220001 151.679993 -4484.000000 1147.000000 950.000000
43.470001 67.059998 150.220001 -4403.000000 1080.000000 803.000000
41.020000 66.769997 148.570007 -3985.000000 976.000000 766.000000
38.500000 66.400002 146.850006 -3552.000000 729.000000 972.000000
36.150002 65.970001 145.279999 -3316.000000 825.000000 931.000000
33.869999 65.529999 143.789993 -3465.000000 807.000000 1109.000000
31.650000 65.059998 142.350006 -3513.000000 689.000000 1504.000000
29.549999 64.589996 141.029999 -3539.000000 666.000000 1578.000000
27.430000 64.070000 139.699997 -3534.000000 605.000000 1725.000000
25.360001 63.500000 138.399994 -3528.000000 545.000000 1763.000000
23.360001 62.889999 137.160004 -3468.000000 484.000000 1833.000000
21.469999 62.290001 136.020004 -3398.000000 408.000000 1931.000000
19.700001 61.700001 134.979996 -3343.000000 343.000000 2034.000000
18.090000 61.130001 134.070007 -3384.000000 328.000000 2069.000000
16.559999 60.599998 133.259995 -3427.000000 211.000000 2122.000000
15.110000 60.090000 132.490005 -3552.000000 118.000000 2287.000000
13.810000 59.630001 131.820007 -3598.000000 154.000000 2294.000000
12.550000 59.200001 131.169998 -3778.000000 124.000000 2360.000000
11.370000 58.740002 130.570007 -3893.000000 99.000000 2375.000000
10.200000 58.160000 129.970001 -3820.000000 -58.000000 2478.000000
9.020000 57.439999 129.389999 -3572.000000 -191.000000 2724.000000
7.890000 56.630001 128.820007 -3328.000000 -231.000000 2813.000000
6.860000 55.790001 128.320007 -3105.000000 -241.000000 2885.000000
5.910000 55.020000 127.879997 -3006.000000 -274.000000 2869.000000
5.090000 54.340000 127.529999 -2957.000000 -265.000000 2807.000000
4.370000 53.779999 127.260002 -3026.000000 -204.000000 2753.000000
3.740000 53.320000 127.050003 -3134.000000 -153.000000 2700.000000
3.150000 52.950001 126.860001 -3262.000000 -218.000000 2650.000000
2.590000 52.650002 126.669998 -3395.000000 -311.000000 2547.000000
2.020000 52.330002 126.459999 -3529.000000 -484.000000 2596.000000
1.490000 51.959999 126.279999 -3537.000000 -546.000000 2602.000000
0.990000 51.500000 126.089996 -3405.000000 -573.000000 2694.000000
0.520000 50.939999 125.919998 -3131.000000 -511.000000 2765.000000
0.120000 50.330002 125.779999 -2855.000000 -415.000000 2773.000000
-0.230000 49.720001 125.690002 -2726.000000 -371.000000 2722.000000
-0.560000 49.150002 125.599998 -2668.000000 -386.000000 2691.000000
-0.870000 48.660000 125.529999 -2691.000000 -382.000000 2640.000000
-1.180000 48.270000 125.449997 -2771.000000 -409.000000 2591.000000
-1.470000 47.939999 125.370003 -2769.000000 -394.000000 2561.000000
-1.780000 47.669998 125.250000 -2702.000000 -402.000000 2576.000000
-2.080000 47.439999 125.120003 -2653.000000 -368.000000 2578.000000
-2.360000 47.220001 125.000000 -2659.000000 -358.000000 2671.000000
-2.630000 47.009998 124.910004 -2637.000000 -366.000000 2687.000000
-2.880000 46.830002 124.830002 -2651.000000 -307.000000 2669.000000
-3.150000 46.660000 124.730003 -2579.000000 -363.000000 2663.000000
-3.440000 46.549999 124.620003 -2625.000000 -433.000000 2846.000000
-3.710000 46.529999 124.470001 -2795.000000 -451.000000 2723.000000
-3.930000 46.570000 124.370003 -3143.000000 -342.000000 2813.000000
-4.120000 46.610001 124.279999 -3284.000000 -318.000000 2792.000000
-4.320000 46.630001 124.190002 -3307.000000 -315.000000 2737.000000
-4.490000 46.599998 124.129997 -3160.000000 -295.000000 2675.000000
-4.590000 46.509998 124.120003 -3118.000000 -206.000000 2839.000000
-4.650000 46.299999 124.150002 -3342.000000 -107.000000 2719.000000
-4.700000 45.939999 124.199997 -3359.000000 -179.000000 3039.000000
-4.770000 45.330002 124.220001 -2672.000000 -231.000000 3266.000000
-4.910000 44.639999 124.169998 -2223.000000 -289.000000 3302.000000
-5.040000 44.150002 124.139999 -2109.000000 -366.000000 3168.000000
-5.120000 44.020000 124.129997 -2617.000000 -224.000000 2904.000000
-5.190000 44.099998 124.110001 -3154.000000 -197.000000 2705.000000
-5.260000 44.209999 124.080002 -3410.000000 -159.000000 2612.000000
-5.330000 44.220001 124.059998 -3373.000000 -162.000000 2509.000000
-5.380000 44.090000 124.059998 -3248.000000 -147.000000 2671.000000
-5.410000 43.799999 124.080002 -3022.000000 -118.000000 2836.000000
-5.450000 43.439999 124.110001 -2860.000000 -128.000000 2853.000000
-5.470000 43.049999 124.150002 -2745.000000 -37.000000 2842.000000
-5.480000 42.669998 124.199997 -2758.000000 -49.000000 2969.000000
-5.480000 42.330002 124.290001 -2708.000000 12.000000 3037.000000
-5.470000 42.040001 124.400002 -2578.000000 78.000000 3053.000000
-5.480000 41.820000 124.489998 -2516.000000 64.000000 3048.000000
-5.520000 41.660000 124.580002 -2493.000000 20.000000 3015.000000
-5.550000 41.570000 124.650002 -2613.000000 16.000000 3082.000000
-5.600000 41.529999 124.690002 -2703.000000 -34.000000 3066.000000
-5.690000 41.509998 124.709999 -2945.000000 -99.000000 3116.000000
-5.770000 41.480000 124.709999 -3010.000000 -127.000000 3107.000000
-5.850000 41.400002 124.699997 -2987.000000 -141.000000 3130.000000
-5.910000 41.230000 124.699997 -2837.000000 -85.000000 3133.000000
-5.970000 40.990002 124.709999 -2505.000000 -62.000000 3110.000000
-6.040000 40.730000 124.709999 -2296.000000 -33.000000 3084.000000
-6.120000 40.509998 124.699997 -2271.000000 -97.000000 3019.000000
-6.230000 40.389999 124.680000 -2409.000000 -222.000000 3032.000000
-6.330000 40.340000 124.660004 -2677.000000 -309.000000 3073.000000
-6.430000 40.290001 124.629997 -2856.000000 -314.000000 3066.000000
-6.510000 40.180000 124.629997 -2887.000000 -265.000000 3029.000000
-6.570000 39.980000 124.660004 -2820.000000 -199.000000 3000.000000
-6.610000 39.689999 124.699997 -2727.000000 -154.000000 3057.000000
-6.680000 39.310001 124.750000 -2555.000000 -191.000000 3103.000000
-6.780000 38.900002 124.779999 -2394.000000 -292.000000 3153.000000
-6.890000 38.500000 124.800003 -2328.000000 -328.000000 3139.000000
-7.000000 38.110001 124.800003 -2318.000000 -420.000000 3294.000000
-7.110000 37.740002 124.790001 -2283.000000 -472.000000 3438.000000
-7.220000 37.380001 124.779999 -2248.000000 -542.000000 3538.000000
-7.310000 37.040001 124.760002 -2220.000000 -612.000000 3688.000000
-7.390000 36.730000 124.730003 -2093.000000 -664.000000 3750.000000
-7.460000 36.509998 124.699997 -2109.000000 -732.000000 3643.000000
-7.500000 36.360001 124.680000 -2176.000000 -710.000000 3477.000000
-7.540000 36.250000 124.650002 -2122.000000 -846.000000 3396.000000
-7.580000 36.200001 124.620003 -2157.000000 -995.000000 3360.000000
-7.510000 36.299999 124.620003 -2794.000000 -1370.000000 3877.000000
-7.370000 36.459999 124.629997 -2991.000000 -1465.000000 3884.000000
-7.160000 36.599998 124.650002 -3026.000000 -1571.000000 3899.000000
-6.850000 36.689999 124.739998 -2932.000000 -1561.000000 3954.000000
-6.430000 36.700001 124.910004 -2944.000000 -1485.000000 3916.000000
-5.880000 36.630001 125.160004 -3117.000000 -1435.000000 3858.000000
-5.240000 36.450001 125.489998 -3145.000000 -1481.000000 3815.000000
-4.550000 36.189999 125.849998 -2953.000000 -1660.000000 3816.000000
-3.810000 35.869999 126.230003 -2699.000000 -1810.000000 3812.000000
-3.000000 35.520000 126.629997 -2537.000000 -1913.000000 3777.000000
-2.100000 35.180000 127.080002 -2410.000000 -1931.000000 3684.000000
-1.120000 34.889999 127.550003 -2233.000000 -1923.000000 3568.000000
-0.040000 34.660000 128.070007 -2343.000000 -1844.000000 3440.000000
1.160000 34.419998 128.630005 -2551.000000 -1721.000000 3341.000000
2.450000 34.150002 129.210007 -2544.000000 -1524.000000 3227.000000
3.760000 33.849998 129.740005 -2367.000000 -1302.000000 3062.000000
5.100000 33.480000 130.229996 -2229.000000 -1124.000000 2955.000000
6.470000 33.049999 130.669998 -2100.000000 -992.000000 2777.000000
7.840000 32.549999 131.039993 -2040.000000 -859.000000 2675.000000
9.200000 32.000000 131.369995 -2034.000000 -759.000000 2528.000000
10.590000 31.350000 131.630005 -2103.000000 -516.000000 2481.000000
11.910000 30.650000 131.809998 -1868.000000 -284.000000 2448.000000
13.150000 29.990000 131.910004 -1622.000000 -125.000000 2521.000000
14.360000 29.430000 131.960007 -1598.000000 115.000000 2368.000000
15.580000 28.940001 131.970001 -1596.000000 375.000000 2200.000000
16.799999 28.520000 131.960007 -1453.000000 671.000000 1983.000000
18.000000 28.170000 131.869995 -1169.000000 984.000000 1786.000000
19.080000 27.910000 131.690002 -1056.000000 1012.000000 1894.000000
20.070000 27.750000 131.380005 -1820.000000 831.000000 1703.000000
21.030001 27.370001 130.940002 -2692.000000 897.000000 1402.000000
21.879999 26.780001 130.410004 -2616.000000 1191.000000 1389.000000
22.549999 26.120001 129.759995 -1682.000000 1538.000000 1513.000000
23.059999 25.459999 128.990005 -933.000000 1922.000000 1783.000000
23.450001 24.870001 128.169998 -825.000000 2118.000000 2168.000000
23.840000 24.410000 127.419998 -1116.000000 2322.000000 2201.000000
24.200001 24.090000 126.690002 -1471.000000 2484.000000 2008.000000
24.459999 23.830000 125.910004 -1514.000000 2661.000000 2002.000000
24.610001 23.660000 125.050003 -1325.000000 2685.000000 2097.000000
24.660000 23.540001 124.089996 -1523.000000 2675.000000 1996.000000
24.610001 23.410000 123.089996 -1635.000000 2583.000000 2066.000000
24.490000 23.340000 122.120003 -1479.000000 2611.000000 2053.000000
24.330000 23.370001 121.169998 -1470.000000 2643.000000 2108.000000
24.129999 23.480000 120.250000 -1828.000000 2722.000000 2338.000000
23.910000 23.559999 119.370003 -2311.000000 3030.000000 2253.000000
23.620001 23.490000 118.519997 -2414.000000 3259.000000 2548.000000
23.230000 23.309999 117.650002 -1891.000000 3243.000000 2826.000000
22.730000 23.049999 116.730003 -1582.000000 2954.000000 3078.000000
22.200001 22.750000 115.809998 -1646.000000 2738.000000 3347.000000
21.690001 22.480000 114.940002 -1780.000000 2647.000000 3472.000000
21.240000 22.260000 114.150002 -1865.000000 2741.000000 3594.000000
20.840000 22.100000 113.440002 -1989.000000 2855.000000 3643.000000
20.490000 21.990000 112.790001 -2070.000000 2842.000000 3655.000000
20.180000 21.950001 112.169998 -2051.000000 2813.000000 3511.000000
19.900000 21.940001 111.599998 -1802.000000 2685.000000 3777.000000
19.680000 22.020000 111.089996 -2037.000000 2603.000000 3611.000000
19.559999 22.150000 110.669998 -2347.000000 2501.000000 3349.000000
19.469999 22.250000 110.330002 -2129.000000 2493.000000 3378.000000
19.370001 22.299999 110.010002 -2054.000000 2491.000000 3477.000000
19.320000 22.340000 109.779999 -2152.000000 2603.000000 3441.000000
19.379999 22.400000 109.750000 -1889.000000 2782.000000 3305.000000
19.530001 22.500000 109.910004 -1727.000000 2803.000000 3515.000000
19.680000 22.600000 110.070000 -1931.000000 2907.000000 3761.000000
19.809999 22.650000 110.199997 -2159.000000 2807.000000 3941.000000
19.889999 22.610001 110.309998 -2182.000000 2683.000000 4033.000000
19.980000 22.490000 110.440002 -1727.000000 2687.000000 4143.000000
20.100000 22.250000 110.559998 -1458.000000 2552.000000 4241.000000
20.209999 21.910000 110.650002 -1386.000000 2298.000000 4193.000000
20.320000 21.530001 110.720001 -1091.000000 1983.000000 4075.000000
20.440001 21.180000 110.779999 -783.000000 1751.000000 3864.000000
20.580000 20.940001 110.860001 -832.000000 1570.000000 3632.000000
20.740000 20.830000 110.989998 -998.000000 1381.000000 3488.000000
20.910000 20.830000 111.150002 -1101.000000 1299.000000 3402.000000
21.049999 20.879999 111.339996 -974.000000 1264.000000 3502.000000
21.160000 20.959999 111.540001 -1013.000000 1222.000000 3626.000000
21.290001 21.120001 111.739998 -1220.000000 1190.000000 3661.000000
21.410000 21.340000 111.959999 -1440.000000 1152.000000 3663.000000
21.530001 21.600000 112.190002 -1614.000000 1139.000000 3823.000000
21.660000 21.879999 112.440002 -1682.000000 1186.000000 3782.000000
21.799999 22.170000 112.720001 -1704.000000 1239.000000 3691.000000
21.950001 22.480000 113.010002 -1730.000000 1301.000000 3599.000000
22.120001 22.799999 113.320000 -1732.000000 1368.000000 3476.000000
22.290001 23.120001 113.639999 -1690.000000 1424.000000 3414.000000
22.469999 23.450001 113.980003 -1659.000000 1471.000000 3410.000000
22.650000 23.799999 114.320000 -1715.000000 1539.000000 3364.000000
22.840000 24.129999 114.680000 -1788.000000 1609.000000 3407.000000
23.020000 24.430000 115.029999 -1901.000000 1669.000000 3394.000000
23.180000 24.700001 115.339996 -1940.000000 1676.000000 3351.000000
23.309999 24.920000 115.610001 -1979.000000 1690.000000 3382.000000
23.440001 25.080000 115.849998 -1957.000000 1737.000000 3333.000000
23.540001 25.190001 116.070000 -1958.000000 1699.000000 3303.000000
23.620001 25.250000 116.250000 -1880.000000 1710.000000 3340.000000
23.690001 25.290001 116.419998 -1865.000000 1658.000000 3297.000000
23.730000 25.309999 116.580002 -1825.000000 1604.000000 3306.000000
