-9.390000 33.660000 -91.599998 -2172.000000 -501.000000 3366.000000
-9.390000 33.669998 -91.589996 -2155.000000 -512.000000 3381.000000
-9.410000 33.680000 -91.599998 -2164.000000 -535.000000 3355.000000
-9.420000 33.689999 -91.599998 -2165.000000 -526.000000 3368.000000
-9.430000 33.720001 -91.599998 -2180.000000 -521.000000 3320.000000
-9.440000 33.750000 -91.599998 -2175.000000 -531.000000 3339.000000
-9.450000 33.770000 -91.610001 -2164.000000 -524.000000 3363.000000
-9.460000 33.779999 -91.599998 -2151.000000 -528.000000 3389.000000
-9.470000 33.820000 -91.599998 -2193.000000 -527.000000 3370.000000
-9.470000 33.849998 -91.610001 -2220.000000 -550.000000 3417.000000
-9.490000 33.889999 -91.599998 -2223.000000 -568.000000 3439.000000
-9.500000 33.880001 -91.620003 -2171.000000 -585.000000 3525.000000
-9.500000 33.910000 -91.620003 -2135.000000 -564.000000 3399.000000
-9.460000 33.980000 -91.620003 -2162.000000 -510.000000 3389.000000
-9.400000 34.060001 -91.580002 -2214.000000 -495.000000 3456.000000
-9.400000 34.119999 -91.570000 -2198.000000 -555.000000 3467.000000
-9.410000 34.139999 -91.570000 -2176.000000 -552.000000 3550.000000
-9.410000 34.139999 -91.540001 -2100.000000 -549.000000 3680.000000
-9.410000 34.150002 -91.529999 -2146.000000 -572.000000 3786.000000
-9.430000 34.209999 -91.519997 -2124.000000 -621.000000 3850.000000
-9.460000 34.290001 -91.550003 -2052.000000 -639.000000 3816.000000
-9.490000 34.419998 -91.570000 -2105.000000 -641.000000 3807.000000
-9.570000 34.660000 -91.629997 -2123.000000 -724.000000 3575.000000
-9.660000 35.020000 -91.739998 -2199.000000 -777.000000 3453.000000
-9.700000 35.470001 -91.839996 -2333.000000 -721.000000 3420.000000
-9.720000 35.910000 -91.959999 -2288.000000 -767.000000 3567.000000
-9.650000 36.360001 -92.040001 -2285.000000 -727.000000 3760.000000
-9.510000 36.840000 -92.120003 -2328.000000 -730.000000 3827.000000
-9.310000 37.360001 -92.160004 -2505.000000 -712.000000 3884.000000
-9.010000 37.840000 -92.190002 -2581.000000 -618.000000 3947.000000
-8.590000 38.270000 -92.169998 -2537.000000 -498.000000 3879.000000
-8.060000 38.610001 -92.089996 -2256.000000 -433.000000 3818.000000
-8.030000 39.000000 -92.459999 -3048.000000 -1287.000000 4092.000000
-7.610000 39.110001 -92.750000 -2549.000000 63.000000 3936.000000
-6.830000 38.959999 -92.639999 -1634.000000 -1.000000 3932.000000
-6.190000 38.669998 -92.669998 -1758.000000 -226.000000 3826.000000
-5.550000 38.349998 -92.779999 -1784.000000 -165.000000 3764.000000
-4.890000 38.009998 -92.970001 -1797.000000 -122.000000 3678.000000
-4.230000 37.650002 -93.180000 -1839.000000 -90.000000 3586.000000
-3.600000 37.290001 -93.470001 -1816.000000 -69.000000 3561.000000
-3.020000 36.930000 -93.839996 -1620.000000 -51.000000 3568.000000
-2.470000 36.619999 -94.300003 -1492.000000 -1.000000 3529.000000
-1.960000 36.369999 -94.820000 -1457.000000 69.000000 3488.000000
-1.490000 36.169998 -95.389999 -1582.000000 94.000000 3430.000000
-1.050000 36.020000 -96.019997 -1786.000000 146.000000 3303.000000
-0.680000 35.990002 -96.720001 -1972.000000 143.000000 3051.000000
-0.360000 35.919998 -97.510002 -2003.000000 181.000000 2958.000000
-0.110000 35.810001 -98.330002 -2013.000000 194.000000 2945.000000
0.060000 35.630001 -99.260002 -2124.000000 165.000000 2926.000000
0.110000 35.410000 -100.250000 -2340.000000 100.000000 2932.000000
0.040000 35.119999 -101.349998 -2401.000000 -34.000000 2882.000000
-0.090000 34.750000 -102.489998 -2222.000000 -141.000000 2739.000000
-0.200000 34.349998 -103.639999 -1960.000000 -81.000000 2646.000000
-0.260000 33.980000 -104.739998 -1951.000000 43.000000 2521.000000
-0.360000 33.680000 -105.860001 -2156.000000 49.000000 2417.000000
-0.500000 33.459999 -106.959999 -2358.000000 59.000000 2438.000000
-0.720000 33.279999 -108.059998 -2509.000000 -44.000000 2632.000000
-0.990000 33.099998 -109.180000 -2691.000000 -163.000000 2683.000000
-1.310000 32.930000 -110.320000 -2691.000000 -219.000000 2753.000000
-1.680000 32.799999 -111.410004 -2566.000000 -280.000000 2923.000000
-2.090000 32.709999 -112.480003 -2810.000000 -377.000000 3198.000000
-2.550000 32.669998 -113.519997 -3109.000000 -654.000000 3318.000000
-3.040000 32.680000 -114.510002 -3224.000000 -942.000000 3144.000000
-3.520000 32.720001 -115.430000 -3322.000000 -1018.000000 2927.000000
-3.960000 32.759998 -116.230003 -3262.000000 -973.000000 2738.000000
-4.330000 32.799999 -116.879997 -3079.000000 -834.000000 2688.000000
-4.660000 32.849998 -117.430000 -3041.000000 -754.000000 2601.000000
-4.960000 32.939999 -117.879997 -3091.000000 -710.000000 2617.000000
-5.210000 33.049999 -118.230003 -3158.000000 -638.000000 2637.000000
-5.440000 33.150002 -118.500000 -3150.000000 -626.000000 2697.000000
-5.630000 33.230000 -118.690002 -2989.000000 -565.000000 2809.000000
-5.790000 33.259998 -118.820000 -2847.000000 -483.000000 2928.000000
-5.950000 33.250000 -118.919998 -2672.000000 -470.000000 3071.000000
-6.140000 33.240002 -119.029999 -2663.000000 -556.000000 3158.000000
-6.300000 33.250000 -119.129997 -2577.000000 -483.000000 3127.000000
-6.430000 33.279999 -119.209999 -2353.000000 -421.000000 3045.000000
-6.580000 33.310001 -119.260002 -2116.000000 -404.000000 3045.000000
-6.720000 33.360001 -119.320000 -1910.000000 -395.000000 2908.000000
-6.830000 33.480000 -119.370003 -1934.000000 -350.000000 2921.000000
-7.000000 33.689999 -119.449997 -2284.000000 -516.000000 2920.000000
-7.130000 33.779999 -119.489998 -2430.000000 -645.000000 3416.000000
-7.090000 33.840000 -119.410004 -2284.000000 -413.000000 3513.000000
-7.040000 33.869999 -119.360001 -2203.000000 -396.000000 3560.000000
-6.970000 33.889999 -119.309998 -2077.000000 -370.000000 3543.000000
-6.870000 33.930000 -119.269997 -2052.000000 -342.000000 3554.000000
-6.750000 33.980000 -119.269997 -1804.000000 -331.000000 3319.000000
-6.580000 34.230000 -119.250000 -1792.000000 -152.000000 3092.000000
-6.580000 34.709999 -119.360001 -2460.000000 -283.000000 2795.000000
-6.700000 35.099998 -119.510002 -2898.000000 -625.000000 2870.000000
-6.820000 35.310001 -119.589996 -2677.000000 -665.000000 2951.000000
-6.890000 35.360001 -119.559998 -2622.000000 -583.000000 3106.000000
-6.940000 35.299999 -119.489998 -2594.000000 -550.000000 3168.000000
-6.950000 35.099998 -119.379997 -2514.000000 -465.000000 3289.000000
-6.920000 34.730000 -119.199997 -2235.000000 -414.000000 3459.000000
-6.840000 34.160000 -118.989998 -1669.000000 -339.000000 3505.000000
-6.740000 33.660000 -118.820000 -1139.000000 -225.000000 3642.000000
-6.680000 33.410000 -118.690002 -1186.000000 -257.000000 3569.000000
-6.670000 33.439999 -118.589996 -1603.000000 -304.000000 3518.000000
-6.720000 33.660000 -118.550003 -1655.000000 -364.000000 3371.000000
-6.800000 33.959999 -118.540001 -1607.000000 -397.000000 3376.000000
-6.840000 34.340000 -118.519997 -1668.000000 -361.000000 3501.000000
-6.870000 34.889999 -118.529999 -1922.000000 -346.000000 3470.000000
-6.960000 35.619999 -118.599998 -2405.000000 -461.000000 3387.000000
-7.050000 36.320000 -118.680000 -2498.000000 -513.000000 3410.000000
-7.100000 36.970001 -118.730003 -2333.000000 -371.000000 3241.000000
-7.120000 37.509998 -118.760002 -2120.000000 -268.000000 3142.000000
-7.210000 37.959999 -118.870003 -1822.000000 -342.000000 3075.000000
-7.360000 38.610001 -119.000000 -2226.000000 -379.000000 3082.000000
-7.500000 39.330002 -119.150002 -2561.000000 -446.000000 2893.000000
-7.630000 40.090000 -119.269997 -2528.000000 -395.000000 2930.000000
-7.840000 41.009998 -119.470001 -2266.000000 -364.000000 2645.000000
-8.100000 42.220001 -119.730003 -2497.000000 -294.000000 2229.000000
-8.510000 43.590000 -120.169998 -3257.000000 -403.000000 2323.000000
-9.020000 44.869999 -120.660004 -3441.000000 -672.000000 2587.000000
-9.420000 45.869999 -121.029999 -4449.000000 -814.000000 2737.000000
-9.610000 46.310001 -121.169998 -4616.000000 -843.000000 3063.000000
-9.530000 46.130001 -121.000000 -3884.000000 -526.000000 2994.000000
-9.180000 45.290001 -120.470001 -2632.000000 -304.000000 3460.000000
-8.830000 44.529999 -120.019997 -2147.000000 -43.000000 3569.000000
-8.650000 43.970001 -119.690002 -2268.000000 -223.000000 3477.000000
-8.620000 43.750000 -119.430000 -2543.000000 -344.000000 3369.000000
-8.650000 44.029999 -119.279999 -2912.000000 -329.000000 2787.000000
-8.710000 44.599998 -119.169998 -3486.000000 -347.000000 2574.000000
-8.820000 45.380001 -119.089996 -3982.000000 -538.000000 2622.000000
-8.870000 46.310001 -118.949997 -4397.000000 -608.000000 2705.000000
-8.770000 47.330002 -118.669998 -4802.000000 -458.000000 2682.000000
-8.520000 48.299999 -118.260002 -5110.000000 -396.000000 2754.000000
-8.130000 49.240002 -117.709999 -4728.000000 -428.000000 2768.000000
-7.580000 50.209999 -117.000000 -4181.000000 -141.000000 2667.000000
-6.830000 51.340000 -116.139999 -3851.000000 208.000000 2594.000000
-5.980000 52.799999 -115.199997 -3944.000000 406.000000 2294.000000
-5.100000 54.540001 -114.220001 -4071.000000 514.000000 1986.000000
-4.160000 56.470001 -113.139999 -4067.000000 580.000000 1703.000000
-3.120000 58.560001 -111.870003 -3710.000000 484.000000 1759.000000
-1.760000 60.740002 -110.220001 -3576.000000 633.000000 1758.000000
-0.050000 63.020000 -108.150002 -3744.000000 790.000000 1456.000000
2.100000 65.339996 -105.550003 -3985.000000 930.000000 1094.000000
4.650000 67.589996 -102.489998 -4195.000000 1040.000000 928.000000
7.680000 69.680000 -98.919998 -4293.000000 1116.000000 777.000000
11.370000 71.559998 -94.639999 -4069.000000 1071.000000 692.000000
15.760000 73.279999 -89.639999 -4008.000000 930.000000 677.000000
20.930000 74.849998 -83.889999 -4381.000000 924.000000 750.000000
27.059999 76.250000 -77.150002 -4415.000000 803.000000 658.000000
34.389999 77.370003 -69.190002 -4087.000000 812.000000 711.000000
42.820000 78.190002 -60.080002 -3791.000000 817.000000 690.000000
51.779999 78.699997 -50.380001 -3826.000000 814.000000 673.000000
60.549999 78.919998 -40.759998 -3735.000000 779.000000 606.000000
68.470001 78.949997 -31.900000 -3739.000000 713.000000 665.000000
77.349998 78.790001 -22.010000 -3480.000000 791.000000 307.000000
86.220001 78.419998 -12.040000 -3595.000000 881.000000 105.000000
94.120003 77.889999 -3.030000 -3778.000000 934.000000 -29.000000
100.720001 77.349998 4.640000 -4054.000000 610.000000 -102.000000
105.519997 76.730003 10.480000 -3997.000000 696.000000 -7.000000
108.639999 76.209999 14.580000 -3769.000000 693.000000 177.000000
112.279999 75.709999 19.129999 -3881.000000 441.000000 -201.000000
114.839996 75.290001 22.530001 -3808.000000 332.000000 -127.000000
116.769997 74.870003 25.270000 -4003.000000 314.000000 -399.000000
119.989998 74.360001 29.299999 -4292.000000 250.000000 -191.000000
122.839996 73.809998 32.930000 -4329.000000 341.000000 -51.000000
124.739998 73.370003 35.520000 -4375.000000 394.000000 -223.000000
125.830002 73.040001 37.209999 -4402.000000 316.000000 -153.000000
126.570000 72.669998 38.480000 -4160.000000 415.000000 50.000000
127.290001 72.290001 39.660000 -3975.000000 365.000000 25.000000
127.779999 71.989998 40.570000 -3807.000000 503.000000 -244.000000
128.350006 71.709999 41.520000 -3750.000000 504.000000 -482.000000
129.009995 71.410004 42.590000 -3578.000000 563.000000 -367.000000
129.570007 71.120003 43.570000 -3560.000000 639.000000 -405.000000
130.070007 70.820000 44.439999 -3675.000000 765.000000 -543.000000
130.690002 70.480003 45.389999 -3825.000000 781.000000 -710.000000
131.369995 70.190002 46.400002 -3842.000000 750.000000 -661.000000
131.990005 69.959999 47.320000 -3736.000000 684.000000 -601.000000
132.649994 69.730003 48.230000 -3692.000000 620.000000 -771.000000
133.440002 69.519997 49.240002 -3863.000000 482.000000 -813.000000
133.710007 69.410004 49.770000 -4062.000000 714.000000 -650.000000
133.929993 69.279999 50.220001 -3818.000000 703.000000 -678.000000
134.100006 69.180000 50.570000 -3658.000000 621.000000 -741.000000
133.990005 69.180000 50.610001 -3735.000000 607.000000 -714.000000
133.669998 69.250000 50.430000 -3796.000000 598.000000 -660.000000
133.169998 69.349998 50.029999 -3781.000000 655.000000 -808.000000
132.520004 69.410004 49.480000 -3664.000000 766.000000 -883.000000
131.850006 69.419998 48.930000 -3484.000000 858.000000 -832.000000
131.240005 69.419998 48.450001 -3370.000000 843.000000 -740.000000
130.729996 69.440002 48.040001 -3495.000000 824.000000 -738.000000
130.210007 69.480003 47.619999 -3568.000000 863.000000 -667.000000
129.610001 69.540001 47.130001 -3606.000000 889.000000 -592.000000
128.869995 69.639999 46.500000 -3563.000000 895.000000 -519.000000
128.039993 69.750000 45.759998 -3514.000000 928.000000 -503.000000
127.250000 69.839996 45.049999 -3405.000000 939.000000 -540.000000
126.559998 69.900002 44.400002 -3414.000000 976.000000 -624.000000
126.160004 69.879997 44.080002 -3368.000000 1002.000000 -816.000000
125.949997 69.830002 43.939999 -3319.000000 1017.000000 -763.000000
125.889999 69.779999 43.959999 -3407.000000 1031.000000 -704.000000
125.940002 69.750000 44.099998 -3440.000000 1011.000000 -622.000000
126.089996 69.720001 44.299999 -3466.000000 1019.000000 -655.000000
126.360001 69.660004 44.650002 -3496.000000 1014.000000 -677.000000
126.599998 69.610001 44.950001 -3510.000000 1076.000000 -708.000000
126.870003 69.550003 45.279999 -3551.000000 1086.000000 -748.000000
127.129997 69.519997 45.619999 -3624.000000 1065.000000 -738.000000
127.349998 69.489998 45.910000 -3557.000000 1097.000000 -753.000000
127.620003 69.470001 46.259998 -3472.000000 1036.000000 -808.000000
128.029999 69.400002 46.750000 -3488.000000 1088.000000 -978.000000
128.490005 69.330002 47.299999 -3505.000000 1096.000000 -1032.000000
128.949997 69.239998 47.849998 -3530.000000 1135.000000 -1033.000000
129.440002 69.169998 48.410000 -3634.000000 1079.000000 -1031.000000
129.850006 69.129997 48.889999 -3704.000000 1062.000000 -1028.000000
130.039993 69.120003 49.130001 -3735.000000 1111.000000 -960.000000
130.070007 69.139999 49.209999 -3650.000000 1118.000000 -933.000000
129.970001 69.160004 49.160000 -3592.000000 1155.000000 -888.000000
129.850006 69.190002 49.060001 -3600.000000 1166.000000 -871.000000
129.729996 69.220001 48.990002 -3695.000000 1181.000000 -837.000000
129.669998 69.230003 48.970001 -3706.000000 1189.000000 -847.000000
129.649994 69.230003 48.980000 -3735.000000 1205.000000 -854.000000
129.669998 69.220001 49.040001 -3708.000000 1228.000000 -885.000000
129.679993 69.190002 49.070000 -3623.000000 1222.000000 -865.000000
129.740005 69.150002 49.169998 -3656.000000 1239.000000 -872.000000
129.889999 69.089996 49.349998 -3702.000000 1254.000000 -929.000000
130.139999 69.040001 49.650002 -3791.000000 1216.000000 -975.000000
130.309998 69.010002 49.860001 -3790.000000 1233.000000 -916.000000
130.399994 68.980003 49.970001 -3792.000000 1239.000000 -897.000000
130.350006 68.959999 49.939999 -3731.000000 1287.000000 -826.000000
130.339996 68.910004 49.970001 -3617.000000 1285.000000 -848.000000
130.449997 68.849998 50.119999 -3577.000000 1198.000000 -884.000000
130.820007 68.750000 50.549999 -3653.000000 1142.000000 -982.000000
131.380005 68.580002 51.160000 -3762.000000 1203.000000 -1120.000000
132.000000 68.389999 51.840000 -3868.000000 1208.000000 -1237.000000
132.520004 68.209999 52.430000 -3935.000000 1222.000000 -1090.000000
133.139999 68.010002 53.090000 -3938.000000 1209.000000 -1019.000000
133.619995 67.849998 53.610001 -3806.000000 1148.000000 -1092.000000
133.809998 67.790001 53.790001 -3889.000000 1122.000000 -1114.000000
133.990005 67.720001 53.990002 -3866.000000 1096.000000 -1195.000000
134.059998 67.669998 54.080002 -3777.000000 1076.000000 -1179.000000
134.029999 67.660004 54.070000 -3823.000000 1065.000000 -1113.000000
134.020004 67.650002 54.090000 -3777.000000 1026.000000 -1111.000000
133.919998 67.639999 54.029999 -3703.000000 1064.000000 -1179.000000
133.779999 67.639999 53.930000 -3680.000000 1092.000000 -1130.000000
133.610001 67.610001 53.810001 -3491.000000 1129.000000 -1110.000000
133.520004 67.550003 53.790001 -3507.000000 1157.000000 -1107.000000
133.500000 67.519997 53.820000 -3675.000000 1107.000000 -1078.000000
133.399994 67.519997 53.759998 -3733.000000 1158.000000 -1061.000000
133.220001 67.550003 53.619999 -3534.000000 1130.000000 -1019.000000
132.949997 67.599998 53.389999 -3490.000000 1138.000000 -944.000000
132.619995 67.690002 53.090000 -3581.000000 1156.000000 -911.000000
132.250000 67.820000 52.740002 -3626.000000 1132.000000 -904.000000
131.860001 67.930000 52.389999 -3624.000000 1183.000000 -907.000000
131.550003 68.059998 52.099998 -3568.000000 1144.000000 -1002.000000
131.250000 68.199997 51.810001 -3554.000000 1108.000000 -1057.000000
130.949997 68.360001 51.520000 -3583.000000 1084.000000 -1057.000000
130.610001 68.559998 51.209999 -3714.000000 1055.000000 -924.000000
130.229996 68.750000 50.860001 -3776.000000 1085.000000 -929.000000
129.800003 68.940002 50.470001 -3771.000000 1119.000000 -1044.000000
129.289993 69.099998 50.040001 -3694.000000 1205.000000 -1087.000000
128.830002 69.199997 49.680000 -3543.000000 1301.000000 -1180.000000
128.369995 69.260002 49.349998 -3350.000000 1357.000000 -1247.000000
128.050003 69.290001 49.209999 -3471.000000 1355.000000 -1247.000000
127.760002 69.309998 49.090000 -3575.000000 1382.000000 -1196.000000
127.410004 69.349998 48.939999 -3585.000000 1384.000000 -1216.000000
126.949997 69.419998 48.680000 -3597.000000 1339.000000 -1229.000000
126.300003 69.529999 48.240002 -3581.000000 1407.000000 -1265.000000
125.459999 69.669998 47.610001 -3569.000000 1394.000000 -1243.000000
124.309998 69.860001 46.700001 -3475.000000 1441.000000 -1204.000000
122.870003 70.080002 45.509998 -3348.000000 1487.000000 -1117.000000
121.500000 70.290001 44.430000 -3220.000000 1571.000000 -1233.000000
120.239998 70.519997 43.480000 -3129.000000 1606.000000 -1447.000000
119.029999 70.769997 42.630001 -3094.000000 1543.000000 -1419.000000
118.129997 70.980003 42.139999 -3020.000000 1574.000000 -1437.000000
117.589996 71.169998 42.040001 -2968.000000 1502.000000 -1227.000000
116.919998 71.410004 41.830002 -3163.000000 1489.000000 -1390.000000
116.110001 71.680000 41.520000 -3086.000000 1483.000000 -1361.000000
115.559998 71.940002 41.509998 -3000.000000 1447.000000 -1238.000000
114.889999 72.209999 41.419998 -3046.000000 1375.000000 -979.000000
113.919998 72.540001 41.049999 -3086.000000 1420.000000 -985.000000
112.790001 72.889999 40.560001 -3040.000000 1357.000000 -1006.000000
111.699997 73.230003 40.119999 -3058.000000 1381.000000 -943.000000
110.620003 73.570000 39.700001 -3071.000000 1363.000000 -903.000000
109.540001 73.910004 39.330002 -2873.000000 1350.000000 -760.000000
108.339996 74.250000 38.849998 -2764.000000 1329.000000 -533.000000
106.860001 74.599998 38.080002 -2774.000000 1268.000000 -299.000000
105.199997 74.989998 37.119999 -2821.000000 1239.000000 -176.000000
103.199997 75.419998 35.840000 -2793.000000 1153.000000 -30.000000
100.379997 75.930000 33.689999 -2801.000000 1045.000000 38.000000
97.000000 76.519997 30.959999 -2780.000000 895.000000 41.000000
93.230003 77.230003 27.809999 -2792.000000 660.000000 175.000000
89.769997 78.019997 24.959999 -2929.000000 476.000000 275.000000
86.419998 78.870003 22.200001 -3135.000000 220.000000 469.000000
82.739998 79.750000 19.090000 -3208.000000 -45.000000 598.000000
78.599998 80.620003 15.460000 -3389.000000 -211.000000 622.000000
74.110001 81.480003 11.380000 -3782.000000 -368.000000 509.000000
68.669998 82.290001 6.220000 -4107.000000 -494.000000 449.000000
61.639999 83.019997 -0.690000 -4462.000000 -668.000000 300.000000
50.200001 83.550003 -12.170000 -4532.000000 -844.000000 335.000000
33.720001 83.800003 -28.580000 -4526.000000 -849.000000 323.000000
15.180000 83.720001 -46.470001 -4589.000000 -919.000000 705.000000
-0.020000 83.279999 -60.619999 -4656.000000 -860.000000 818.000000
-10.150000 82.500000 -69.760002 -4657.000000 -854.000000 770.000000
-16.219999 81.489998 -75.050003 -4392.000000 -905.000000 952.000000
-20.299999 80.389999 -78.470001 -4360.000000 -906.000000 1026.000000
-23.030001 79.230003 -80.650002 -4559.000000 -909.000000 1213.000000
-25.030001 78.080002 -82.150002 -4790.000000 -966.000000 1207.000000
-26.520000 76.889999 -83.180000 -4741.000000 -1086.000000 1296.000000
-27.490000 75.690002 -83.699997 -4370.000000 -1115.000000 1451.000000
-28.250000 74.540001 -84.010002 -4256.000000 -1096.000000 1547.000000
-29.020000 73.510002 -84.360001 -4355.000000 -1128.000000 1599.000000
-29.730000 72.589996 -84.680000 -4482.000000 -1107.000000 1601.000000
-30.299999 71.739998 -84.879997 -4481.000000 -1079.000000 1628.000000
-30.780001 70.989998 -85.050003 -4422.000000 -1002.000000 1464.000000
-31.139999 70.300003 -85.099998 -4338.000000 -966.000000 1418.000000
-31.340000 69.639999 -85.010002 -4260.000000 -902.000000 1441.000000
-31.340000 68.949997 -84.760002 -4234.000000 -845.000000 1553.000000
-31.180000 68.230003 -84.379997 -4120.000000 -824.000000 1576.000000
-30.860001 67.440002 -83.830002 -3964.000000 -831.000000 1593.000000
-30.370001 66.629997 -83.129997 -3826.000000 -750.000000 1580.000000
-29.809999 65.800003 -82.360001 -3793.000000 -735.000000 1614.000000
-29.270000 64.949997 -81.610001 -3721.000000 -769.000000 1692.000000
-28.780001 64.099998 -80.940002 -3595.000000 -761.000000 1672.000000
-28.410000 63.220001 -80.379997 -3376.000000 -820.000000 1715.000000
-28.090000 62.340000 -79.910004 -3324.000000 -805.000000 1857.000000
-27.830000 61.549999 -79.529999 -3445.000000 -820.000000 1889.000000
-27.799999 60.820000 -79.360001 -3444.000000 -985.000000 1897.000000
-27.920000 60.180000 -79.360001 -3490.000000 -1064.000000 1887.000000
-28.110001 59.610001 -79.449997 -3445.000000 -1086.000000 1933.000000
-28.400000 59.139999 -79.639999 -3410.000000 -1107.000000 1871.000000
-28.770000 58.770000 -79.919998 -3391.000000 -1136.000000 1794.000000
-29.160000 58.480000 -80.230003 -3358.000000 -1096.000000 1536.000000
-29.540001 58.160000 -80.519997 -3430.000000 -1185.000000 1695.000000
-29.820000 57.810001 -80.730003 -3447.000000 -1207.000000 1811.000000
-30.090000 57.500000 -80.930000 -3523.000000 -1239.000000 1499.000000
-30.209999 57.139999 -80.980003 -3819.000000 -1193.000000 1529.000000
-30.059999 56.650002 -80.750000 -4035.000000 -1153.000000 1517.000000
-29.730000 55.990002 -80.290001 -4054.000000 -1196.000000 1802.000000
-29.340000 55.299999 -79.800003 -3789.000000 -1157.000000 1678.000000
-29.010000 54.619999 -79.400002 -3764.000000 -1218.000000 1762.000000
-28.730000 53.990002 -79.059998 -3876.000000 -1243.000000 1877.000000
-28.469999 53.320000 -78.760002 -3670.000000 -1271.000000 2224.000000
-27.900000 52.430000 -78.239998 -3266.000000 -994.000000 2758.000000
-27.230000 51.369999 -77.580002 -2904.000000 -1079.000000 2876.000000
-26.780001 50.270000 -77.089996 -2300.000000 -1084.000000 2413.000000
-26.510000 49.310001 -76.730003 -1764.000000 -1251.000000 2888.000000
-26.270000 48.730000 -76.519997 -2074.000000 -1113.000000 2754.000000
-26.209999 48.720001 -76.580002 -3069.000000 -1027.000000 2352.000000
-26.400000 49.020000 -76.900002 -3643.000000 -1095.000000 1942.000000
-26.719999 49.279999 -77.360001 -3532.000000 -1223.000000 2200.000000
-27.000000 49.320000 -77.809998 -3043.000000 -1282.000000 2492.000000
-27.280001 49.189999 -78.209999 -2626.000000 -1453.000000 2590.000000
-27.549999 49.150002 -78.650002 -2723.000000 -1557.000000 2592.000000
-27.910000 49.320000 -79.110001 -3020.000000 -1709.000000 2300.000000
-28.190001 49.540001 -79.480003 -3393.000000 -1764.000000 2325.000000
-28.420000 49.700001 -79.760002 -3173.000000 -1859.000000 2401.000000
-28.690001 49.950001 -80.099998 -3244.000000 -2008.000000 2281.000000
-28.920000 50.240002 -80.449997 -3557.000000 -2162.000000 2213.000000
-29.120001 50.540001 -80.739998 -3552.000000 -2395.000000 2023.000000
-29.250000 50.799999 -80.959999 -3428.000000 -2458.000000 1855.000000
-29.260000 50.990002 -81.050003 -3418.000000 -2498.000000 1851.000000
-29.100000 51.099998 -80.919998 -3501.000000 -2506.000000 1925.000000
-28.770000 51.110001 -80.599998 -3632.000000 -2512.000000 1979.000000
-28.280001 50.939999 -80.089996 -3460.000000 -2464.000000 2161.000000
-27.660000 50.639999 -79.449997 -3261.000000 -2272.000000 2153.000000
-26.930000 50.230000 -78.650002 -3121.000000 -2228.000000 2081.000000
-26.120001 49.730000 -77.769997 -3127.000000 -2281.000000 2029.000000
-25.290001 49.130001 -76.870003 -2939.000000 -2274.000000 2125.000000
-24.400000 48.470001 -75.959999 -2795.000000 -2211.000000 2167.000000
-23.450001 47.810001 -74.989998 -2748.000000 -1886.000000 2307.000000
-22.490000 47.220001 -74.050003 -2910.000000 -1579.000000 2364.000000
-21.549999 46.720001 -73.169998 -3085.000000 -1438.000000 2299.000000
-20.660000 46.250000 -72.349998 -3308.000000 -1375.000000 2254.000000
-19.820000 45.669998 -71.570000 -3130.000000 -1360.000000 2405.000000
-19.080000 45.020000 -70.889999 -2732.000000 -1305.000000 2308.000000
-18.440001 44.380001 -70.349998 -2549.000000 -1313.000000 2097.000000
-17.830000 43.779999 -69.830002 -2302.000000 -1168.000000 2155.000000
-17.250000 43.349998 -69.360001 -2443.000000 -1030.000000 2004.000000
-16.690001 42.990002 -68.980003 -2509.000000 -801.000000 2022.000000
-16.049999 42.610001 -68.580002 -2588.000000 -425.000000 2057.000000
-15.290000 42.099998 -68.099998 -2590.000000 73.000000 2272.000000
-14.560000 41.430000 -67.650002 -2653.000000 267.000000 2348.000000
-13.840000 40.540001 -67.250000 -2329.000000 265.000000 2623.000000
-13.230000 39.520000 -66.989998 -1957.000000 338.000000 2800.000000
-12.780000 38.459999 -66.959999 -1687.000000 264.000000 2861.000000
-12.420000 37.509998 -67.059998 -1695.000000 234.000000 2828.000000
-12.110000 36.790001 -67.290001 -1909.000000 416.000000 2710.000000
-11.920000 36.299999 -67.629997 -2352.000000 698.000000 2688.000000
-11.820000 35.930000 -68.040001 -2783.000000 911.000000 2763.000000
-11.810000 35.610001 -68.559998 -2965.000000 727.000000 2878.000000
-11.850000 35.290001 -69.129997 -2821.000000 608.000000 3051.000000
-11.860000 34.939999 -69.739998 -2481.000000 615.000000 3230.000000
-11.880000 34.650002 -70.419998 -2330.000000 649.000000 3297.000000
-11.920000 34.529999 -71.129997 -2546.000000 582.000000 3265.000000
-12.040000 34.580002 -71.879997 -2759.000000 348.000000 3147.000000
-12.180000 34.720001 -72.639999 -2837.000000 350.000000 3054.000000
-12.320000 34.910000 -73.370003 -2867.000000 344.000000 3011.000000
-12.440000 35.130001 -74.070000 -2851.000000 396.000000 2967.000000
-12.570000 35.340000 -74.730003 -2938.000000 473.000000 2905.000000
-12.720000 35.520000 -75.349998 -2986.000000 458.000000 2798.000000
-12.870000 35.610001 -75.949997 -2819.000000 392.000000 2759.000000
-12.980000 35.660000 -76.480003 -2656.000000 437.000000 2683.000000
-13.070000 35.639999 -76.959999 -2540.000000 426.000000 2661.000000
-13.170000 35.570000 -77.419998 -2486.000000 307.000000 2709.000000
-13.280000 35.459999 -77.860001 -2447.000000 219.000000 2813.000000
-13.430000 35.349998 -78.300003 -2449.000000 88.000000 2847.000000
-13.630000 35.220001 -78.739998 -2266.000000 30.000000 2735.000000
-13.830000 34.980000 -79.150002 -2312.000000 -79.000000 3532.000000
-13.970000 34.770000 -79.510002 -2776.000000 -102.000000 3568.000000
-14.080000 34.549999 -79.790001 -3311.000000 -314.000000 3830.000000
-14.110000 34.279999 -79.980003 -3537.000000 -453.000000 3770.000000
-13.960000 33.840000 -80.029999 -3897.000000 -363.000000 3988.000000
-13.630000 33.299999 -79.889999 -3641.000000 -374.000000 3953.000000
-13.270000 32.869999 -79.709999 -2947.000000 -334.000000 3678.000000
-12.900000 32.490002 -79.570000 -2554.000000 -240.000000 3535.000000
-12.530000 32.130001 -79.440002 -2110.000000 -168.000000 3576.000000
-12.260000 31.809999 -79.400002 -1809.000000 -350.000000 3686.000000
-12.060000 31.610001 -79.430000 -1726.000000 -489.000000 3709.000000
-11.900000 31.580000 -79.519997 -1721.000000 -541.000000 3655.000000
-11.800000 31.690001 -79.680000 -1830.000000 -580.000000 3510.000000
-11.740000 31.900000 -79.879997 -1983.000000 -642.000000 3434.000000
-11.740000 32.150002 -80.110001 -2104.000000 -710.000000 3356.000000
-11.780000 32.410000 -80.339996 -2206.000000 -804.000000 3297.000000
-11.820000 32.619999 -80.570000 -2337.000000 -855.000000 3313.000000
-11.870000 32.790001 -80.769997 -2435.000000 -907.000000 3299.000000
-11.910000 32.900002 -80.949997 -2461.000000 -927.000000 3273.000000
-11.950000 32.990002 -81.089996 -2434.000000 -911.000000 3199.000000
-11.980000 33.049999 -81.209999 -2404.000000 -895.000000 3207.000000
-12.000000 33.130001 -81.290001 -2429.000000 -850.000000 3178.000000
-12.020000 33.200001 -81.370003 -2435.000000 -830.000000 3212.000000
-12.030000 33.279999 -81.419998 -2409.000000 -754.000000 3205.000000
-12.020000 33.340000 -81.470001 -2375.000000 -723.000000 3221.000000
-12.010000 33.389999 -81.519997 -2338.000000 -704.000000 3249.000000
-11.990000 33.439999 -81.540001 -2323.000000 -665.000000 3265.000000
-11.960000 33.490002 -81.550003 -2305.000000 -658.000000 3262.000000
-11.940000 33.520000 -81.570000 -2291.000000 -641.000000 3252.000000
-11.920000 33.529999 -81.599998 -2296.000000 -644.000000 3301.000000
-11.900000 33.549999 -81.639999 -2322.000000 -662.000000 3294.000000
-11.890000 33.570000 -81.690002 -2310.000000 -650.000000 3282.000000
-11.880000 33.590000 -81.720001 -2275.000000 -649.000000 3309.000000
-11.870000 33.610001 -81.779999 -2292.000000 -661.000000 3324.000000
-11.870000 33.639999 -81.849998 -2288.000000 -664.000000 3275.000000
-11.880000 33.700001 -81.879997 -2280.000000 -675.000000 3277.000000
-11.900000 33.740002 -81.980003 -2279.000000 -695.000000 3263.000000
-11.930000 33.810001 -82.050003 -2288.000000 -715.000000 3226.000000
-11.960000 33.889999 -82.120003 -2304.000000 -727.000000 3242.000000
-12.000000 33.970001 -82.190002 -2315.000000 -739.000000 3249.000000
-12.040000 34.049999 -82.269997 -2312.000000 -748.000000 3229.000000
-12.090000 34.130001 -82.339996 -2316.000000 -735.000000 3180.000000
-12.130000 34.189999 -82.419998 -2305.000000 -736.000000 3207.000000
-12.170000 34.250000 -82.480003 -2297.000000 -727.000000 3196.000000
-12.210000 34.290001 -82.540001 -2282.000000 -736.000000 3233.000000
-12.230000 34.310001 -82.580002 -2240.000000 -714.000000 3237.000000
-12.240000 34.320000 -82.629997 -2265.000000 -688.000000 3261.000000
-12.270000 34.340000 -82.669998 -2273.000000 -726.000000 3275.000000
-12.290000 34.360001 -82.730003 -2299.000000 -713.000000 3277.000000
-12.310000 34.380001 -82.779999 -2287.000000 -712.000000 3267.000000
-12.310000 34.400002 -82.820000 -2280.000000 -682.000000 3285.000000
-12.320000 34.400002 -82.870003 -2262.000000 -677.000000 3283.000000
-12.320000 34.450001 -82.889999 -2289.000000 -680.000000 3291.000000
-12.330000 34.490002 -82.940002 -2301.000000 -678.000000 3239.000000
-12.350000 34.540001 -82.980003 -2298.000000 -709.000000 3244.000000
-12.380000 34.619999 -83.010002 -2319.000000 -701.000000 3203.000000
-12.410000 34.689999 -83.059998 -2316.000000 -710.000000 3182.000000
-12.440000 34.779999 -83.110001 -2339.000000 -712.000000 3187.000000
-12.460000 34.840000 -83.160004 -2317.000000 -706.000000 3186.000000
-12.490000 34.910000 -83.199997 -2320.000000 -721.000000 3177.000000
-12.510000 34.970001 -83.239998 -2331.000000 -703.000000 3181.000000
-12.530000 35.009998 -83.269997 -2319.000000 -717.000000 3195.000000
-12.540000 35.049999 -83.300003 -2310.000000 -682.000000 3205.000000
-12.530000 35.070000 -83.309998 -2311.000000 -657.000000 3224.000000
-12.520000 35.090000 -83.320000 -2296.000000 -670.000000 3217.000000
-12.520000 35.119999 -83.339996 -2316.000000 -663.000000 3206.000000
-12.530000 35.139999 -83.389999 -2312.000000 -693.000000 3185.000000
-12.530000 35.160000 -83.419998 -2324.000000 -682.000000 3215.000000
-12.540000 35.209999 -83.440002 -2327.000000 -698.000000 3196.000000
-12.550000 35.240002 -83.470001 -2313.000000 -692.000000 3225.000000
-12.570000 35.270000 -83.510002 -2333.000000 -723.000000 3220.000000
-12.590000 35.279999 -83.570000 -2328.000000 -724.000000 3213.000000
-12.610000 35.320000 -83.599998 -2327.000000 -720.000000 3232.000000
-12.630000 35.340000 -83.650002 -2313.000000 -715.000000 3238.000000
-12.650000 35.389999 -83.669998 -2321.000000 -706.000000 3194.000000
-12.660000 35.419998 -83.720001 -2327.000000 -710.000000 3211.000000
-12.680000 35.459999 -83.760002 -2332.000000 -706.000000 3178.000000
-12.670000 35.490002 -83.790001 -2345.000000 -669.000000 3185.000000
-12.670000 35.529999 -83.820000 -2340.000000 -671.000000 3174.000000
-12.660000 35.580002 -83.830002 -2357.000000 -651.000000 3176.000000
-12.660000 35.630001 -83.849998 -2368.000000 -688.000000 3177.000000
-12.660000 35.660000 -83.870003 -2352.000000 -686.000000 3180.000000
-12.670000 35.680000 -83.910004 -2353.000000 -684.000000 3166.000000
-12.670000 35.680000 -83.949997 -2350.000000 -675.000000 3210.000000
-12.670000 35.700001 -83.970001 -2335.000000 -706.000000 3254.000000
-12.680000 35.709999 -83.989998 -2319.000000 -683.000000 3226.000000
-12.680000 35.730000 -84.029999 -2316.000000 -678.000000 3224.000000
-12.680000 35.750000 -84.059998 -2317.000000 -670.000000 3236.000000
-12.690000 35.779999 -84.099998 -2342.000000 -682.000000 3223.000000
-12.710000 35.820000 -84.160004 -2347.000000 -702.000000 3176.000000
-12.730000 35.880001 -84.190002 -2366.000000 -696.000000 3199.000000
-12.750000 35.939999 -84.230003 -2358.000000 -711.000000 3162.000000
-12.760000 35.980000 -84.279999 -2347.000000 -679.000000 3160.000000
-12.780000 36.029999 -84.309998 -2353.000000 -698.000000 3166.000000
-12.800000 36.070000 -84.339996 -2335.000000 -704.000000 3168.000000
-12.800000 36.099998 -84.370003 -2367.000000 -686.000000 3170.000000
-12.810000 36.139999 -84.389999 -2368.000000 -679.000000 3191.000000
-12.810000 36.189999 -84.410004 -2379.000000 -682.000000 3139.000000
-12.820000 36.209999 -84.459999 -2369.000000 -694.000000 3195.000000
-12.820000 36.270000 -84.459999 -2364.000000 -676.000000 3180.000000
-12.810000 36.299999 -84.470001 -2354.000000 -658.000000 3169.000000
-12.800000 36.340000 -84.500000 -2362.000000 -660.000000 3183.000000
-12.790000 36.380001 -84.529999 -2374.000000 -671.000000 3154.000000
-12.790000 36.439999 -84.540001 -2382.000000 -674.000000 3156.000000
