7.420000 22.709999 -51.099998 -2423.000000 194.000000 3457.000000
7.450000 23.000000 -51.139999 -2788.000000 337.000000 3148.000000
7.520000 23.360001 -51.110001 -3273.000000 501.000000 3107.000000
7.580000 23.690001 -51.029999 -4055.000000 365.000000 3685.000000
7.650000 23.830000 -50.900002 -4545.000000 49.000000 4195.000000
7.720000 23.730000 -50.720001 -4266.000000 -169.000000 4802.000000
7.740000 23.540001 -50.400002 -3054.000000 -170.000000 5242.000000
7.830000 23.410000 -49.930000 -2706.000000 -103.000000 5019.000000
8.190000 23.320000 -49.279999 -2657.000000 207.000000 4180.000000
8.810000 23.100000 -48.549999 -2856.000000 662.000000 3251.000000
9.600000 22.610001 -47.730000 -2300.000000 1237.000000 2628.000000
10.420000 21.719999 -46.939999 -1233.000000 1905.000000 2684.000000
11.040000 20.520000 -46.380001 -280.000000 2195.000000 3077.000000
11.470000 19.250000 -46.099998 445.000000 1985.000000 3535.000000
11.790000 18.190001 -46.080002 601.000000 1323.000000 3879.000000
12.140000 17.469999 -46.209999 95.000000 906.000000 4018.000000
12.690000 17.100000 -46.320000 -341.000000 1046.000000 4168.000000
13.410000 16.920000 -46.369999 -790.000000 1238.000000 4212.000000
14.190000 16.680000 -46.459999 -919.000000 1284.000000 4188.000000
14.820000 16.290001 -46.700001 -442.000000 1335.000000 4055.000000
15.360000 15.900000 -47.009998 24.000000 1339.000000 3932.000000
15.950000 15.510000 -47.310001 -71.000000 1288.000000 3633.000000
16.590000 15.160000 -47.590000 -143.000000 1275.000000 3284.000000
17.230000 14.850000 -47.830002 -202.000000 1318.000000 3039.000000
17.900000 14.590000 -48.060001 -282.000000 1409.000000 2744.000000
18.530001 14.330000 -48.310001 -314.000000 1344.000000 2643.000000
19.080000 14.030000 -48.599998 -355.000000 1268.000000 2539.000000
19.540001 13.610000 -48.910000 -316.000000 1251.000000 2729.000000
19.889999 13.120000 -49.240002 -263.000000 1236.000000 2828.000000
20.010000 12.560000 -49.630001 -134.000000 1123.000000 3358.000000
20.020000 12.070000 -50.000000 -484.000000 1111.000000 3580.000000
19.930000 11.760000 -50.400002 -828.000000 1108.000000 4183.000000
19.830000 11.510000 -50.779999 -958.000000 1072.000000 4369.000000
19.730000 11.260000 -51.119999 -891.000000 1021.000000 4490.000000
19.629999 10.960000 -51.450001 -667.000000 1117.000000 4452.000000
19.580000 10.660000 -51.740002 -519.000000 1176.000000 4255.000000
19.559999 10.400000 -51.970001 -538.000000 1261.000000 4051.000000
19.540001 10.190000 -52.250000 -548.000000 1276.000000 3945.000000
19.490000 10.270000 -52.410000 -612.000000 1214.000000 3852.000000
19.540001 10.470000 -52.630001 -766.000000 1184.000000 3665.000000
19.620001 10.670000 -52.799999 -793.000000 1147.000000 3560.000000
19.870001 10.590000 -52.799999 -524.000000 1235.000000 3484.000000
19.980000 10.270000 -52.970001 -152.000000 1367.000000 3638.000000
20.030001 10.000000 -53.160000 -26.000000 1285.000000 3567.000000
20.020000 9.800000 -53.360001 119.000000 1210.000000 3706.000000
20.030001 9.660000 -53.520000 -86.000000 1270.000000 3748.000000
20.049999 9.540000 -53.689999 -122.000000 1319.000000 3785.000000
20.080000 9.390000 -53.880001 -94.000000 1366.000000 3828.000000
20.100000 9.240000 -54.150002 70.000000 1331.000000 3773.000000
19.940001 9.250000 -54.419998 381.000000 675.000000 5154.000000
20.209999 9.370000 -54.549999 -22.000000 1831.000000 4243.000000
20.490000 10.070000 -54.660000 -1045.000000 1661.000000 3871.000000
20.629999 10.780000 -54.820000 -1230.000000 1142.000000 3275.000000
20.540001 11.210000 -55.009998 -781.000000 1042.000000 3772.000000
20.900000 11.560000 -55.029999 -863.000000 2071.000000 3155.000000
20.950001 12.040000 -55.209999 -1171.000000 1143.000000 3463.000000
20.959999 11.980000 -55.279999 -290.000000 1267.000000 3522.000000
21.150000 12.300000 -55.310001 -831.000000 1486.000000 3549.000000
21.219999 12.700000 -55.330002 -956.000000 1364.000000 3506.000000
21.280001 13.060000 -55.360001 -983.000000 1376.000000 3431.000000
21.340000 13.380000 -55.330002 -840.000000 1402.000000 3637.000000
21.389999 13.720000 -55.330002 -1057.000000 1436.000000 3440.000000
21.160000 13.750000 -55.290001 -692.000000 1227.000000 3482.000000
21.070000 13.660000 -55.310001 -223.000000 1296.000000 3412.000000
20.930000 13.580000 -55.349998 -193.000000 1219.000000 3496.000000
20.760000 13.520000 -55.410000 -334.000000 1165.000000 3535.000000
20.549999 13.460000 -55.490002 -525.000000 1222.000000 3722.000000
20.260000 13.420000 -55.650002 -644.000000 1128.000000 3777.000000
20.000000 13.290000 -55.840000 -576.000000 1191.000000 4186.000000
19.740000 13.140000 -56.060001 -430.000000 1092.000000 4573.000000
19.510000 13.090000 -56.279999 -366.000000 946.000000 4693.000000
19.320000 13.170000 -56.520000 -336.000000 953.000000 4610.000000
19.209999 13.390000 -56.740002 -272.000000 981.000000 4429.000000
19.139999 13.800000 -56.930000 -431.000000 979.000000 4260.000000
19.110001 14.370000 -57.080002 -556.000000 1010.000000 4131.000000
19.100000 15.110000 -57.220001 -741.000000 1019.000000 4065.000000
19.170000 15.990000 -57.279999 -826.000000 1093.000000 3909.000000
19.420000 17.190001 -57.380001 -1434.000000 1136.000000 3846.000000
19.760000 18.400000 -57.500000 -1892.000000 1173.000000 3716.000000
20.139999 19.600000 -57.580002 -2138.000000 1263.000000 3563.000000
20.570000 20.740000 -57.639999 -2106.000000 1378.000000 3443.000000
21.010000 21.830000 -57.610001 -1602.000000 1404.000000 3619.000000
21.420000 22.540001 -57.560001 -1069.000000 1510.000000 3979.000000
21.790001 23.389999 -57.490002 -486.000000 1532.000000 4275.000000
22.190001 24.500000 -57.360001 -245.000000 1431.000000 4469.000000
22.719999 25.920000 -57.119999 -408.000000 1463.000000 4532.000000
23.430000 27.740000 -56.689999 -645.000000 1547.000000 4352.000000
24.330000 29.910000 -56.049999 -1020.000000 1644.000000 4256.000000
25.430000 32.389999 -55.180000 -1163.000000 1651.000000 3910.000000
26.719999 35.160000 -54.049999 -1201.000000 1515.000000 3535.000000
28.309999 38.209999 -52.549999 -1324.000000 1405.000000 2846.000000
30.410000 41.599998 -50.439999 -1564.000000 1274.000000 2174.000000
32.939999 45.360001 -47.889999 -2088.000000 1255.000000 1439.000000
36.040001 49.209999 -44.660000 -2573.000000 1196.000000 986.000000
39.910000 53.009998 -40.549999 -3048.000000 1143.000000 467.000000
44.790001 56.549999 -35.340000 -3532.000000 1206.000000 283.000000
50.919998 59.700001 -28.799999 -3862.000000 1348.000000 -196.000000
58.410000 62.290001 -20.840000 -4032.000000 1566.000000 -638.000000
67.059998 64.180000 -11.650000 -4330.000000 1726.000000 -746.000000
76.410004 65.269997 -1.750000 -4577.000000 1951.000000 -1436.000000
85.599998 65.570000 8.090000 -4236.000000 1867.000000 -1272.000000
92.739998 65.209999 15.900000 -3890.000000 1828.000000 -1772.000000
99.300003 64.410004 23.219999 -3204.000000 1732.000000 -1941.000000
106.709999 63.040001 31.500000 -2558.000000 1737.000000 -1547.000000
113.809998 61.070000 39.580002 -2068.000000 1937.000000 -1759.000000
119.010002 58.849998 45.840000 -1697.000000 1971.000000 -2122.000000
122.589996 56.599998 50.580002 -1696.000000 2053.000000 -2521.000000
125.860001 54.119999 55.049999 -1995.000000 2288.000000 -2684.000000
129.179993 51.299999 59.610001 -2431.000000 2586.000000 -2963.000000
131.979996 48.330002 63.680000 -2657.000000 2629.000000 -2978.000000
134.130005 45.480000 67.099998 -2660.000000 2476.000000 -3728.000000
135.779999 42.790001 70.050003 -2480.000000 2106.000000 -3694.000000
137.229996 40.080002 72.809998 -1992.000000 1897.000000 -3962.000000
138.500000 37.349998 75.430000 -1594.000000 1807.000000 -3929.000000
139.490005 34.770000 77.800003 -1580.000000 1899.000000 -3853.000000
140.210007 32.419998 79.919998 -1827.000000 1981.000000 -3523.000000
140.770004 30.219999 81.910004 -2008.000000 2104.000000 -3404.000000
141.160004 28.139999 83.709999 -2068.000000 2255.000000 -3379.000000
141.380005 26.340000 85.190002 -2093.000000 2307.000000 -3412.000000
141.490005 24.790001 86.440002 -2099.000000 2244.000000 -3311.000000
141.589996 23.360001 87.599998 -1998.000000 2136.000000 -3142.000000
141.699997 21.969999 88.699997 -1856.000000 2028.000000 -2932.000000
141.759995 20.730000 89.680000 -1725.000000 2001.000000 -2771.000000
141.789993 19.629999 90.540001 -1606.000000 1977.000000 -2776.000000
141.809998 18.590000 91.320000 -1421.000000 1991.000000 -2981.000000
141.820007 17.610001 92.019997 -1215.000000 2045.000000 -3086.000000
141.830002 16.660000 92.699997 -1129.000000 2124.000000 -3051.000000
141.869995 15.720000 93.410004 -1138.000000 2155.000000 -2861.000000
141.919998 14.850000 94.110001 -1168.000000 2187.000000 -2741.000000
141.949997 14.100000 94.720001 -1238.000000 2214.000000 -2686.000000
141.990005 13.430000 95.279999 -1371.000000 2156.000000 -2571.000000
142.110001 12.790000 95.860001 -1449.000000 2104.000000 -2714.000000
142.220001 12.280000 96.330002 -1477.000000 2093.000000 -2895.000000
142.300003 11.950000 96.660004 -1561.000000 2114.000000 -2952.000000
142.429993 11.620000 96.959999 -1501.000000 2161.000000 -3048.000000
142.600006 11.320000 97.239998 -1412.000000 2159.000000 -3190.000000
142.720001 11.220000 97.330002 -1375.000000 2171.000000 -3174.000000
142.830002 11.260000 97.279999 -1220.000000 2273.000000 -3301.000000
142.979996 11.290000 97.230003 -1088.000000 2315.000000 -3326.000000
143.149994 11.320000 97.190002 -1020.000000 2359.000000 -3392.000000
143.300003 11.450000 97.080002 -1017.000000 2377.000000 -3406.000000
143.419998 11.650000 96.919998 -1013.000000 2394.000000 -3383.000000
143.570007 11.720000 96.830002 -824.000000 2415.000000 -3404.000000
143.750000 11.680000 96.830002 -670.000000 2499.000000 -3349.000000
143.919998 11.640000 96.860001 -519.000000 2536.000000 -3444.000000
144.070007 11.620000 96.889999 -525.000000 2524.000000 -3568.000000
144.220001 11.580000 97.000000 -667.000000 2519.000000 -3614.000000
144.380005 11.480000 97.180000 -813.000000 2515.000000 -3675.000000
144.529999 11.390000 97.370003 -991.000000 2544.000000 -3702.000000
144.639999 11.370000 97.519997 -1076.000000 2589.000000 -3709.000000
144.740005 11.370000 97.639999 -1118.000000 2567.000000 -3684.000000
144.830002 11.350000 97.769997 -1105.000000 2542.000000 -3597.000000
144.889999 11.350000 97.879997 -1077.000000 2532.000000 -3531.000000
144.929993 11.410000 97.940002 -1091.000000 2511.000000 -3513.000000
144.949997 11.520000 97.949997 -1116.000000 2469.000000 -3515.000000
144.960007 11.650000 97.940002 -1078.000000 2446.000000 -3491.000000
144.960007 11.770000 97.910004 -977.000000 2439.000000 -3484.000000
144.949997 11.900000 97.879997 -924.000000 2424.000000 -3503.000000
144.940002 12.030000 97.839996 -858.000000 2344.000000 -3467.000000
144.919998 12.150000 97.820000 -859.000000 2302.000000 -3459.000000
144.899994 12.240000 97.820000 -871.000000 2289.000000 -3442.000000
144.880005 12.320000 97.830002 -876.000000 2251.000000 -3450.000000
144.850006 12.380000 97.849998 -900.000000 2257.000000 -3460.000000
144.820007 12.410000 97.900002 -932.000000 2252.000000 -3426.000000
144.809998 12.430000 97.959999 -952.000000 2226.000000 -3406.000000
144.779999 12.470000 98.010002 -969.000000 2226.000000 -3396.000000
144.759995 12.500000 98.050003 -955.000000 2192.000000 -3417.000000
144.750000 12.540000 98.089996 -935.000000 2189.000000 -3417.000000
144.729996 12.560000 98.139999 -925.000000 2200.000000 -3384.000000
144.720001 12.540000 98.209999 -916.000000 2237.000000 -3423.000000
144.710007 12.540000 98.279999 -933.000000 2231.000000 -3393.000000
144.690002 12.540000 98.339996 -963.000000 2235.000000 -3394.000000
144.669998 12.550000 98.400002 -996.000000 2219.000000 -3371.000000
144.660004 12.550000 98.459999 -988.000000 2200.000000 -3370.000000
144.649994 12.560000 98.510002 -948.000000 2207.000000 -3341.000000
144.639999 12.560000 98.550003 -920.000000 2218.000000 -3351.000000
144.630005 12.570000 98.580002 -940.000000 2224.000000 -3392.000000
144.610001 12.580000 98.599998 -964.000000 2215.000000 -3372.000000
144.600006 12.590000 98.639999 -1017.000000 2219.000000 -3353.000000
144.600006 12.580000 98.660004 -934.000000 2223.000000 -3442.000000
144.589996 12.590000 98.660004 -924.000000 2224.000000 -3409.000000
144.589996 12.580000 98.680000 -884.000000 2205.000000 -3376.000000
144.610001 12.540000 98.720001 -885.000000 2232.000000 -3395.000000
144.610001 12.530000 98.739998 -940.000000 2229.000000 -3383.000000
144.600006 12.550000 98.739998 -999.000000 2229.000000 -3374.000000
144.610001 12.540000 98.760002 -1020.000000 2225.000000 -3347.000000
144.619995 12.510000 98.790001 -1006.000000 2218.000000 -3348.000000
144.619995 12.500000 98.809998 -996.000000 2232.000000 -3388.000000
144.610001 12.510000 98.800003 -1019.000000 2272.000000 -3380.000000
144.610001 12.510000 98.800003 -1022.000000 2248.000000 -3396.000000
144.619995 12.500000 98.820000 -1036.000000 2258.000000 -3404.000000
144.610001 12.540000 98.809998 -1191.000000 2299.000000 -3428.000000
144.570007 12.670000 98.750000 -1410.000000 2307.000000 -3470.000000
144.529999 12.830000 98.669998 -1576.000000 2343.000000 -3482.000000
144.479996 13.070000 98.550003 -1818.000000 2360.000000 -3644.000000
144.350006 13.540000 98.279999 -2163.000000 2414.000000 -3669.000000
144.149994 14.200000 97.839996 -2430.000000 2471.000000 -3805.000000
143.929993 15.040000 97.279999 -2705.000000 2468.000000 -3845.000000
143.630005 16.129999 96.489998 -2947.000000 2498.000000 -3919.000000
143.210007 17.610001 95.379997 -3187.000000 2501.000000 -3915.000000
142.630005 19.490000 93.940002 -3250.000000 2435.000000 -3819.000000
141.899994 21.709999 92.190002 -3228.000000 2416.000000 -3669.000000
140.960007 24.290001 90.080002 -3130.000000 2352.000000 -3570.000000
139.699997 27.150000 87.570000 -2894.000000 2258.000000 -3425.000000
138.149994 30.150000 84.739998 -2615.000000 2121.000000 -3305.000000
136.339996 33.180000 81.680000 -2444.000000 2067.000000 -3158.000000
134.210007 36.220001 78.339996 -2390.000000 2107.000000 -3088.000000
131.630005 39.270000 74.580002 -2361.000000 2160.000000 -3065.000000
128.520004 42.320000 70.320000 -2383.000000 2238.000000 -2997.000000
124.900002 45.250000 65.580002 -2456.000000 2309.000000 -2915.000000
120.610001 48.049999 60.200001 -2445.000000 2317.000000 -2816.000000
115.309998 50.720001 53.840000 -2386.000000 2263.000000 -2699.000000
108.730003 53.110001 46.220001 -2205.000000 2133.000000 -2476.000000
101.089996 54.930000 37.599998 -1875.000000 2090.000000 -2076.000000
92.889999 56.000000 28.530001 -1495.000000 2090.000000 -1718.000000
84.440002 56.270000 19.280001 -1341.000000 2174.000000 -1273.000000
76.029999 55.790001 10.200000 -1324.000000 2151.000000 -916.000000
68.120003 54.630001 1.740000 -1419.000000 2109.000000 -604.000000
60.970001 52.910000 -5.860000 -1479.000000 1970.000000 -282.000000
54.590000 50.689999 -12.570000 -1462.000000 1896.000000 -14.000000
49.110001 48.130001 -18.180000 -1297.000000 1852.000000 290.000000
44.580002 45.509998 -22.610001 -1112.000000 1875.000000 814.000000
40.680000 42.889999 -26.240000 -845.000000 1842.000000 1215.000000
37.070000 40.259998 -29.400000 -781.000000 1799.000000 1992.000000
33.880001 37.810001 -32.009998 -850.000000 1656.000000 2284.000000
31.129999 35.619999 -34.070000 -1083.000000 1611.000000 2583.000000
28.750000 33.669998 -35.689999 -1303.000000 1590.000000 2757.000000
26.639999 31.969999 -36.970001 -1445.000000 1540.000000 2788.000000
24.730000 30.480000 -38.040001 -1661.000000 1509.000000 2981.000000
22.850000 29.150000 -39.009998 -1642.000000 1396.000000 3268.000000
20.969999 28.020000 -39.959999 -1780.000000 1205.000000 3469.000000
19.160000 27.129999 -40.860001 -2169.000000 970.000000 3631.000000
17.440001 26.240000 -41.689999 -2241.000000 921.000000 4001.000000
15.870000 25.190001 -42.410000 -1808.000000 943.000000 4063.000000
14.440000 24.129999 -43.009998 -1756.000000 1001.000000 4205.000000
13.120000 23.190001 -43.549999 -1702.000000 916.000000 4264.000000
11.920000 22.590000 -44.119999 -1895.000000 649.000000 4035.000000
10.890000 22.139999 -44.610001 -2179.000000 508.000000 4001.000000
9.960000 21.760000 -45.020000 -2200.000000 471.000000 4089.000000
9.150000 21.430000 -45.389999 -2013.000000 518.000000 3923.000000
8.390000 21.090000 -45.730000 -1859.000000 521.000000 4058.000000
7.660000 20.760000 -46.049999 -1818.000000 419.000000 4132.000000
6.940000 20.400000 -46.380001 -1818.000000 285.000000 4197.000000
6.340000 20.139999 -46.630001 -1839.000000 270.000000 4313.000000
5.910000 19.950001 -46.810001 -1897.000000 371.000000 4166.000000
5.500000 19.820000 -46.990002 -2359.000000 267.000000 4859.000000
5.260000 19.680000 -47.070000 -2363.000000 356.000000 4765.000000
5.020000 19.530001 -47.150002 -2011.000000 273.000000 4311.000000
4.780000 19.270000 -47.259998 -1795.000000 273.000000 4172.000000
4.660000 18.750000 -47.389999 -1288.000000 415.000000 4099.000000
4.480000 18.219999 -47.450001 -760.000000 365.000000 4506.000000
4.230000 17.879999 -47.599998 -640.000000 51.000000 4472.000000
3.960000 17.760000 -47.779999 -979.000000 -169.000000 4333.000000
3.820000 17.900000 -47.889999 -1479.000000 -10.000000 4107.000000
3.970000 18.080000 -47.860001 -1496.000000 380.000000 3881.000000
4.200000 18.170000 -47.779999 -1510.000000 550.000000 3848.000000
4.350000 18.120001 -47.779999 -1288.000000 403.000000 3893.000000
4.210000 17.799999 -47.910000 -1108.000000 243.000000 3987.000000
4.130000 17.450001 -48.000000 -776.000000 250.000000 3907.000000
4.120000 17.250000 -48.009998 -592.000000 351.000000 3862.000000
4.190000 17.219999 -48.000000 -718.000000 432.000000 3926.000000
4.340000 17.459999 -47.959999 -951.000000 346.000000 3586.000000
4.320000 17.959999 -47.990002 -1407.000000 195.000000 3865.000000
4.350000 18.330000 -48.040001 -1411.000000 274.000000 3608.000000
4.540000 18.309999 -48.000000 -1057.000000 416.000000 3788.000000
4.720000 18.260000 -47.990002 -1015.000000 452.000000 3860.000000
4.720000 18.549999 -48.099998 -1315.000000 330.000000 3813.000000
4.740000 18.980000 -48.119999 -1505.000000 280.000000 3776.000000
4.770000 19.469999 -48.119999 -1631.000000 243.000000 3722.000000
4.840000 19.950001 -48.099998 -1590.000000 306.000000 3687.000000
5.030000 20.410000 -48.049999 -1605.000000 473.000000 3505.000000
5.260000 20.750000 -48.020000 -1479.000000 550.000000 3503.000000
5.490000 21.040001 -47.980000 -1405.000000 519.000000 3457.000000
5.720000 21.290001 -47.970001 -1382.000000 528.000000 3448.000000
5.910000 21.570000 -47.950001 -1481.000000 504.000000 3470.000000
6.100000 21.830000 -47.939999 -1599.000000 538.000000 3473.000000
6.330000 21.980000 -47.919998 -1595.000000 629.000000 3570.000000
6.590000 21.990000 -47.939999 -1505.000000 701.000000 3663.000000
6.820000 21.930000 -47.970001 -1479.000000 661.000000 3713.000000
6.890000 21.910000 -48.099998 -1581.000000 539.000000 3798.000000
6.810000 21.870001 -48.270000 -1609.000000 447.000000 3933.000000
6.710000 21.719999 -48.490002 -1541.000000 457.000000 3959.000000
6.550000 21.510000 -48.720001 -1498.000000 413.000000 4011.000000
6.420000 21.299999 -48.950001 -1474.000000 410.000000 3932.000000
6.460000 21.070000 -49.070000 -1374.000000 478.000000 3867.000000
6.550000 20.850000 -49.130001 -1320.000000 490.000000 3780.000000
6.610000 20.639999 -49.220001 -1327.000000 512.000000 3797.000000
6.660000 20.430000 -49.310001 -1303.000000 537.000000 3807.000000
6.660000 20.200001 -49.430000 -1297.000000 525.000000 3793.000000
6.610000 19.910000 -49.529999 -1198.000000 485.000000 3782.000000
6.630000 19.730000 -49.520000 -1227.000000 468.000000 3799.000000
6.600000 19.610001 -49.619999 -1289.000000 493.000000 3838.000000
6.510000 19.530001 -49.730000 -1303.000000 472.000000 3840.000000
6.460000 19.540001 -49.790001 -1297.000000 463.000000 3771.000000
6.420000 19.610001 -49.830002 -1357.000000 459.000000 3782.000000
6.430000 19.719999 -49.799999 -1382.000000 482.000000 3777.000000
6.390000 19.830000 -49.799999 -1425.000000 456.000000 3781.000000
6.390000 19.889999 -49.820000 -1405.000000 501.000000 3754.000000
6.390000 19.959999 -49.820000 -1412.000000 484.000000 3731.000000
6.370000 20.000000 -49.849998 -1424.000000 480.000000 3753.000000
6.320000 19.969999 -49.930000 -1396.000000 479.000000 3744.000000
