5.482602 7.396165 -61.672416
5.503476 7.38915 -61.689213
5.473173 7.40553 -61.609877
5.423716 7.413866 -61.551311
5.374688 7.434626 -61.526794
5.353393 7.467443 -61.578005
5.335494 7.446703 -61.553288
5.356001 7.439054 -61.601618
5.39778 7.425109 -61.605204
5.4263 7.411975 -61.591396
5.432253 7.406083 -61.602291
5.410072 7.414009 -61.575449
5.386986 7.423508 -61.507057
5.389135 7.409185 -61.503102
5.388745 7.408614 -61.464636
5.409636 7.401678 -61.441427
5.421987 7.402442 -61.427249
5.409637 7.401768 -61.371428
5.408347 7.40276 -61.311392
5.41603 7.408422 -61.346355
5.407101 7.415495 -61.356923
5.403245 7.395164 -61.356501
5.417743 7.381609 -61.328362
5.404963 7.368425 -61.27851
5.377652 7.356984 -61.191254
5.378107 7.331092 -61.163216
5.371724 7.324482 -61.148294
5.356757 7.36396 -61.174478
5.259988 7.451265 -61.156872
4.987209 7.686597 -61.106662
4.661504 7.933963 -61.014278
4.24523 8.154272 -60.861944
3.945108 8.500159 -60.828424
3.593458 8.950052 -60.861736
3.302715 9.612641 -61.204459
2.917394 10.33867 -61.701177
2.711514 11.192846 -62.501491
2.865582 12.19487 -63.780099
3.561548 13.246903 -65.659478
5.013014 14.261775 -68.394944
7.246315 14.99076 -72.169393
10.604411 15.204757 -77.788992
14.538884 13.959029 -84.523861
18.490983 11.565087 -92.577829
22.389376 8.033454 -103.027907
24.894784 2.923179 -113.948697
25.970992 -2.509573 -125.342131
26.400514 -8.068631 -139.123235
25.895865 -13.246701 -153.56903
24.366898 -17.201086 -165.886735
22.397494 -20.114886 -176.856388
20.535989 -22.203672 171.59483
18.805494 -23.609349 160.332248
17.343463 -24.498442 149.629629
16.285152 -25.037484 139.910637
15.846148 -25.279577 132.685527
15.884879 -25.319167 127.146055
16.919735 -24.918475 125.621663
18.340017 -24.241299 127.107422
19.883051 -23.269977 131.342601
21.330167 -22.053081 137.825109
22.616497 -20.613133 145.596853
23.589369 -19.093094 153.807923
24.318644 -17.566843 162.018633
24.781563 -16.127634 170.614182
25.036564 -14.954215 179.29585
25.103892 -14.023017 -171.517823
24.952036 -13.291567 -162.010545
24.780333 -12.666564 -154.983957
24.858787 -12.066829 -152.0879
25.317646 -11.294001 -154.817678
26.14184 -10.278678 -162.374945
27.132574 -9.07819 -172.224595
28.085664 -7.751534 178.210378
28.825282 -6.403352 171.176569
29.396272 -5.02931 165.479616
29.818743 -3.745418 160.617867
30.145791 -2.578815 156.047952
30.49041 -1.586851 150.839977
30.89232 -0.70131 144.759222
31.405453 -0.000926 137.7242
31.987685 0.510148 129.914409
32.632909 0.751589 121.312384
33.351633 0.590091 111.568787
34.287759 0.272374 101.350599
35.423008 -0.818394 89.530293
36.439506 -2.562329 77.296986
37.300972 -4.458821 65.963969
37.907013 -6.183302 56.187991
38.300084 -7.594779 48.231898
38.535484 -8.621114 42.281613
38.728245 -9.062818 39.268932
38.920722 -9.214114 37.61638
39.019972 -9.114349 37.240586
39.0172 -8.752582 38.098746
38.98955 -8.329036 39.187028
38.918283 -7.957816 40.193169
38.888706 -7.795688 40.509915
39.002426 -7.700158 40.788727
38.806441 -7.488681 43.036165
38.707397 -7.485386 44.197174
38.754808 -8.14008 41.588153
38.815397 -9.117498 37.402373
38.886334 -10.206185 32.417378
38.966586 -11.098778 28.147406
39.003628 -11.805333 24.739799
39.082054 -12.282156 22.274806
39.151635 -12.587627 20.714153
39.320758 -12.813014 19.419649
39.674705 -12.667492 19.884473
39.802604 -12.456076 20.925458
39.986628 -12.343519 20.799796
40.231491 -12.049693 21.803576
40.409469 -11.804126 22.102523
40.359789 -11.616312 22.172563
40.346711 -11.290131 22.802734
40.503562 -10.791974 24.301558
40.59876 -10.356914 25.272812
40.539063 -9.96307 26.05761
40.404683 -9.714058 26.219543
40.223847 -9.819181 25.363204
40.058953 -10.22794 23.846326
40.058805 -10.702708 22.58572
40.084857 -11.286303 20.860822
39.911554 -11.86485 18.71771
39.616213 -12.338752 16.244508
39.335551 -12.627027 14.389997
39.144711 -12.525261 13.878949
38.958019 -12.171218 14.41066
38.750921 -11.687514 15.955969
38.428828 -11.622589 15.854605
38.022846 -11.79231 14.76283
37.590839 -12.185802 13.12133
37.025726 -12.841716 10.331923
36.459605 -13.592875 7.00478
36.13281 -14.192564 4.308808
35.970205 -14.567376 2.594038
35.822842 -14.745437 1.473688
35.762014 -14.821819 0.780514
35.728045 -14.903727 0.429892
35.697723 -15.063316 -0.176809
35.542794 -15.262587 -1.058514
35.281674 -15.443635 -2.088018
35.016291 -15.732481 -3.487908
34.715833 -16.185724 -5.490153
34.326033 -16.789108 -8.162009
33.911902 -17.548847 -11.580627
33.398704 -18.348703 -15.631297
32.85062 -19.161195 -19.915252
32.348327 -19.892646 -23.827712
31.866278 -20.536018 -27.201757
31.353293 -21.165768 -30.357258
30.723667 -21.841899 -33.660799
29.96374 -22.570352 -37.312437
29.122629 -23.325494 -41.046863
28.248214 -24.102992 -44.845975
27.252732 -24.921514 -49.057816
26.1448 -25.757943 -53.641939
24.962109 -26.598656 -58.527257
23.690537 -27.430252 -63.766167
22.449664 -28.182927 -68.831207
21.207457 -28.900726 -73.8299
19.97056 -29.55487 -78.564978
18.609442 -30.157386 -83.315675
17.08475 -30.733423 -88.170046
15.332598 -31.3024 -93.406329
13.338598 -31.851486 -99.014445
11.188166 -32.375425 -104.683532
8.881077 -32.888943 -110.523567
6.531952 -33.347077 -116.393386
4.2617 -33.740478 -121.918499
2.129915 -34.062838 -126.954815
0.193181 -34.287202 -131.373389
-1.58536 -34.413839 -135.217011
-3.297181 -34.435849 -138.804277
-4.973669 -34.400491 -142.214545
-6.664213 -34.318885 -145.529695
-8.329575 -34.207806 -148.628115
-9.908142 -34.065852 -151.293042
-11.361158 -33.880945 -153.702117
-12.708995 -33.659509 -155.841217
-13.907518 -33.380623 -157.78387
-15.091689 -33.048768 -159.747084
-16.365749 -32.651925 -161.808444
-17.860084 -32.168661 -164.484805
-19.745482 -31.624704 -167.578852
-21.645264 -30.929879 -170.497845
-23.342716 -30.194624 -172.645186
-24.594064 -29.396852 -173.640593
-25.248942 -28.707704 -173.308518
-25.567048 -28.189485 -171.945853
-25.742872 -27.822586 -170.186187
-25.743428 -27.563175 -167.884569
-25.808936 -27.358941 -165.669788
-25.733764 -27.173725 -162.94234
-25.649153 -26.93159 -160.270611
-25.526745 -26.521839 -157.958586
-25.58498 -26.10015 -155.760176
-25.703782 -25.817926 -153.289141
-25.695978 -25.81262 -150.115265
-25.41915 -25.942235 -146.333146
-24.64308 -26.306465 -141.639994
-23.502701 -26.677746 -136.319017
-22.394118 -27.017397 -131.645333
-21.492746 -27.258183 -127.590849
-20.953508 -27.412368 -124.486718
-20.652344 -27.438436 -122.025412
-20.626567 -27.453232 -120.061121
-20.629768 -27.482132 -118.045805
-20.518684 -27.589731 -115.605235
-20.311381 -27.728769 -112.621888
-20.127299 -27.875041 -110.025887
-19.822156 -28.087702 -107.311254
-19.466154 -28.336194 -104.540005
-18.850751 -28.709933 -101.347441
-17.981223 -29.182704 -97.544226
-17.102282 -29.579079 -94.144013
-15.793121 -30.037561 -89.992933
-14.290818 -30.467217 -85.705886
-12.144643 -30.986998 -80.217425
-9.198219 -31.501544 -73.345621
-5.713835 -31.910915 -65.620369
-2.021074 -32.136559 -57.450552
1.957624 -32.176696 -48.689745
5.795771 -32.013271 -39.999693
9.448872 -31.546636 -31.414179
12.462596 -30.984421 -24.193684
15.065306 -30.347771 -17.673684
17.352752 -29.718133 -11.79983
19.336165 -29.048875 -6.857743
21.215448 -28.258495 -2.347121
23.079775 -27.384839 1.984254
24.954318 -26.282093 6.518176
26.742372 -24.974554 11.08942
28.481976 -23.325759 16.371131
30.067955 -21.330682 22.001166
31.419799 -19.053115 27.780685
32.511463 -16.526658 33.704261
33.333441 -13.996399 39.251228
33.972307 -11.476687 44.537811
34.389989 -8.937611 49.483781
34.618633 -6.498727 54.079609
34.752972 -4.214943 58.139232
34.766791 -2.060511 61.865851
34.691816 -0.148048 65.111239
34.582769 1.56024 68.008051
34.44154 3.077401 70.669881
34.281301 4.340148 72.935021
34.092597 5.412794 74.927947
33.890727 6.344359 76.799933
33.669636 7.18192 78.530181
33.41391 7.97556 80.258462
33.125013 8.730781 81.919657
32.819881 9.540264 83.522451
32.526105 10.368237 85.102657
32.293398 11.082877 86.329507
32.095592 11.677775 87.239306
31.966215 12.18971 87.954058
31.883503 12.601512 88.442056
31.718139 12.929686 89.02556
31.578945 13.173416 89.554824
31.347729 13.408379 90.349777
31.066491 13.629441 91.27981
30.742651 13.889224 92.339554
30.471675 14.22541 93.433862
30.26491 14.615611 94.44748
30.082976 15.030243 95.44886
29.958613 15.449325 96.341433
29.853619 15.85551 97.124704
29.776907 16.131122 97.665755
29.689594 16.327996 98.173845
29.540913 16.487771 98.73734
29.395914 16.644305 99.313967
29.174172 16.797112 100.177985
29.040119 16.955651 100.793269
28.911342 17.111653 101.427564
28.73958 17.285491 102.212663
28.572509 17.520439 103.044374
28.386935 17.800174 103.93731
28.234305 18.108143 104.787446
28.152369 18.386946 105.432506
28.091276 18.634739 105.993199
28.058952 18.811032 106.440579
28.046211 18.933117 106.845576
28.007501 18.99344 107.241797
27.856613 19.025076 107.886795
27.651615 19.102383 108.693913
27.413548 19.246803 109.606405
27.151693 19.427859 110.488669
26.957227 19.666923 111.219619
26.738591 19.940562 111.996905
26.625764 20.205426 112.528351
26.577848 20.390661 112.81158
26.609369 20.471676 112.838601
26.719148 20.496541 112.673059
26.851093 20.403681 112.427441
26.959796 20.255694 112.28359
26.961201 20.127804 112.51168
26.9047 20.013502 112.930781
26.751474 19.953157 113.561508
26.607861 20.003621 114.233901
26.407851 20.220295 115.075234
26.380401 20.393763 115.379068
26.483479 20.623854 115.195788
26.308194 20.68948 115.684617
26.252807 20.457584 115.405045
26.243966 20.583395 115.481779
26.283239 20.682038 115.343816
26.267075 20.584247 115.100136
26.345943 20.501461 114.661868
26.611019 20.524685 113.892009
26.78751 20.464223 113.437099
26.949822 20.32193 113.070451
27.164444 20.187886 112.674744
27.292997 20.088156 112.64797
27.283913 19.971478 112.968791
27.31274 19.870072 113.190117
27.308508 19.824002 113.480261
27.40471 19.923861 113.773751
27.411571 20.012942 114.278299
27.459175 20.394434 115.065032
27.423973 20.776403 115.992966
27.319847 21.227012 117.071568
27.211154 21.7267 118.182614
26.816967 22.347659 120.137353
26.686604 22.717638 120.506018
26.976587 22.929966 119.639624
27.168516 22.920648 118.983081
27.155152 23.01117 119.281399
27.263662 23.34924 119.58636
27.40568 23.607286 119.581804
27.476888 23.825411 119.579356
27.51871 24.183355 119.666766
27.608993 24.654746 119.783178
27.499437 25.103837 120.583881
26.770627 25.60313 123.079215
25.859574 26.293732 126.261672
25.148053 26.845446 128.453539
23.886733 27.330869 132.117406
23.214297 27.849588 133.829247
22.761848 28.344522 135.141336
22.704003 28.527747 135.421698
22.785642 28.670311 135.725705
22.842093 28.901146 136.568566
23.199613 29.003493 136.747696
23.917259 29.013506 136.107427
24.911504 28.957173 134.858736
26.205123 28.798124 133.208873
27.569616 28.461908 131.693067
29.050094 27.828874 130.324744
30.578938 26.911672 129.030746
32.368609 25.590933 127.29261
34.275549 23.959106 125.468575
36.11509 21.984093 123.838225
37.73379 19.741269 122.976834
39.012894 17.260843 123.000809
39.851881 14.727064 124.487242
40.5024 12.36635 127.172317
41.119973 10.203202 130.612429
41.711662 8.298139 134.789949
42.305632 6.509055 139.699155
42.830357 4.968494 145.703636
43.238514 3.806772 153.018164
43.470218 3.055626 161.785751
43.442627 2.71121 171.902909
43.150597 2.761334 -177.236989
42.595928 3.215656 -166.239474
41.795713 4.050904 -155.764798
40.772525 5.140039 -146.095021
39.547534 6.33893 -137.307026
38.060353 7.399317 -129.064055
36.340432 8.219963 -121.366945
34.640851 8.808386 -114.573329
32.936983 9.226518 -108.636607
31.239259 9.515276 -103.637311
29.785439 9.800749 -99.784465
28.536874 10.035465 -96.898207
27.361032 10.205668 -94.755717
26.367756 10.36482 -93.331292
25.519134 10.515405 -92.41735
24.663503 10.537781 -91.619999
23.783299 10.434048 -90.748534
23.010752 10.219466 -89.910825
22.590265 9.936454 -89.14106
22.571258 9.586705 -88.468322
22.86465 9.217447 -87.93009
23.40918 8.888713 -87.588988
24.073283 8.650557 -87.428131
24.640373 8.516318 -87.350073
24.947634 8.410316 -87.05769
24.967053 8.302791 -86.489661
24.854311 8.152012 -85.699954
24.663182 7.91924 -84.685695
24.407664 7.515936 -83.437847
24.159157 6.915791 -81.963864
24.228836 6.286751 -80.662382
24.253314 5.649631 -79.329089
24.22454 5.061538 -78.014584
24.244966 4.48264 -76.733439
24.243865 3.979257 -75.499739
24.115517 3.588568 -74.289821
23.759796 3.22299 -73.01762
23.214063 2.858608 -71.690869
22.477267 2.493157 -70.334688
21.631477 1.999812 -68.93308
20.786804 1.360479 -67.512312
20.031514 0.6869 -66.129297
19.408568 -0.011138 -64.80237
18.817943 -0.679903 -63.506032
18.278584 -1.314592 -62.219977
17.634106 -1.903824 -60.88112
16.841237 -2.385862 -59.523003
15.825927 -2.794839 -58.156154
14.557547 -3.142937 -56.910505
13.082425 -3.265591 -55.921871
11.32931 -2.955943 -55.68713
9.580105 -2.730925 -55.561763
8.295654 -2.16395 -55.86753
7.781459 -1.554262 -56.145467
7.52752 -1.393813 -56.012103
7.380912 -1.509053 -55.730616
7.261869 -1.498462 -55.509362
7.168078 -1.267467 -55.444306
7.224133 -0.78758 -55.609941
7.494101 -0.231728 -56.05188
7.871399 0.298136 -56.545753
8.214093 0.657658 -56.90486
8.412144 0.905349 -57.123212
8.388287 1.114898 -57.23559
8.203584 1.347877 -57.294117
7.913604 1.632522 -57.372829
7.547656 2.028236 -57.501295
7.078347 2.412225 -57.542447
6.582201 2.789274 -57.537792
6.092165 3.109575 -57.48329
5.644158 3.42622 -57.362808
5.304254 3.714398 -57.263259
5.093589 3.970613 -57.15244
5.037815 4.22037 -57.12027
5.040362 4.388011 -57.072091
5.128654 4.49958 -57.043751
