4.740000 21.420000 69.830002 -10.130000 -25.730000 0.000000 1795.000000 -851.000000 3836.000000 -183.000000 -1993.000000 3868.000000 
4.740000 21.400000 69.769997 -10.110000 -25.790001 0.000000 1791.000000 -866.000000 3886.000000 -203.000000 -2006.000000 3897.000000 
4.730000 21.410000 69.790001 -10.110000 -25.809999 0.000000 1779.000000 -870.000000 3888.000000 -225.000000 -2012.000000 3943.000000 
4.740000 21.400000 69.860001 -10.110000 -25.799999 0.000000 1751.000000 -879.000000 3869.000000 -262.000000 -2015.000000 3950.000000 
4.760000 21.270000 69.870003 -10.070000 -25.860001 0.000000 1848.000000 -820.000000 3903.000000 -142.000000 -2036.000000 3930.000000 
4.840000 21.020000 69.919998 -10.030000 -25.930000 0.000000 1863.000000 -810.000000 3821.000000 -212.000000 -2153.000000 4124.000000 
4.870000 20.709999 70.010002 -10.040000 -25.889999 0.000000 1952.000000 -941.000000 3854.000000 -31.000000 -2059.000000 4143.000000 
4.870000 20.520000 70.139999 -10.050000 -25.959999 0.000000 1948.000000 -846.000000 3344.000000 24.000000 -2126.000000 4136.000000 
4.660000 20.299999 70.139999 -10.660000 -26.490000 0.000000 1512.000000 -1189.000000 3494.000000 170.000000 -2510.000000 4102.000000 
4.430000 20.559999 70.279999 -11.170000 -27.430000 0.000000 1980.000000 -1080.000000 3823.000000 788.000000 -2757.000000 3738.000000 
3.770000 20.910000 70.150002 -11.790000 -27.830000 0.000000 2149.000000 -1115.000000 3378.000000 689.000000 -2460.000000 4804.000000 
3.050000 21.370001 69.930000 -12.400000 -28.250000 0.000000 2150.000000 -1101.000000 3624.000000 -142.000000 -2760.000000 4937.000000 
2.530000 22.100000 69.769997 -13.100000 -28.230000 0.000000 2453.000000 -1447.000000 4147.000000 455.000000 -2482.000000 4512.000000 
2.140000 23.040001 69.580002 -13.720000 -28.280001 0.000000 2300.000000 -1601.000000 4801.000000 611.000000 -2587.000000 4636.000000 
1.720000 24.059999 69.290001 -14.210000 -28.370001 0.000000 2707.000000 -1769.000000 5243.000000 346.000000 -2620.000000 4758.000000 
1.480000 25.020000 69.029999 -14.570000 -28.480000 0.000000 2865.000000 -2140.000000 6228.000000 229.000000 -2729.000000 5001.000000 
0.840000 26.240000 68.489998 -14.700000 -28.610001 0.000000 3938.000000 -1943.000000 5500.000000 492.000000 -2814.000000 5336.000000 
0.780000 27.850000 68.099998 -14.670000 -28.850000 0.000000 3250.000000 -1734.000000 5048.000000 1023.000000 -2631.000000 5065.000000 
0.470000 29.420000 67.540001 -14.490000 -29.209999 0.000000 3587.000000 -1897.000000 5130.000000 780.000000 -2329.000000 4617.000000 
0.070000 31.250000 66.709999 -14.180000 -29.730000 0.000000 2994.000000 -1645.000000 5072.000000 698.000000 -2184.000000 4338.000000 
0.510000 32.779999 66.400002 -13.700000 -30.400000 0.000000 2891.000000 -1430.000000 4689.000000 212.000000 -2370.000000 4450.000000 
1.270000 34.169998 66.269997 -13.260000 -30.980000 0.000000 2636.000000 -1641.000000 3700.000000 -80.000000 -2548.000000 4952.000000 
1.350000 34.150002 65.830002 -12.450000 -31.450001 0.000000 2583.000000 -255.000000 1263.000000 118.000000 -2716.000000 4990.000000 
1.690000 33.889999 65.419998 -11.960000 -31.770000 0.000000 3693.000000 -500.000000 1883.000000 1276.000000 -2871.000000 5332.000000 
2.300000 33.770000 65.010002 -11.850000 -32.189999 0.000000 3364.000000 -828.000000 3802.000000 1436.000000 -3169.000000 5597.000000 
2.590000 33.610001 63.970001 -12.050000 -32.880001 0.000000 4067.000000 -1742.000000 4564.000000 1515.000000 -2834.000000 4248.000000 
3.350000 33.200001 62.810001 -12.130000 -33.779999 0.000000 4164.000000 -1467.000000 4483.000000 1127.000000 -2983.000000 4008.000000 
5.150000 32.750000 62.029999 -12.010000 -34.820000 0.000000 4276.000000 -1415.000000 3859.000000 765.000000 -3118.000000 3840.000000 
7.130000 32.279999 61.250000 -11.730000 -35.820000 0.000000 3627.000000 -1323.000000 3194.000000 625.000000 -3102.000000 3570.000000 
9.150000 31.809999 60.560001 -11.390000 -36.759998 0.000000 3335.000000 -1266.000000 3003.000000 482.000000 -2971.000000 3014.000000 
11.190000 31.440001 59.889999 -11.070000 -37.590000 0.000000 3226.000000 -1355.000000 3070.000000 311.000000 -2754.000000 2500.000000 
12.970000 31.200001 59.160000 -10.760000 -38.529999 0.000000 2979.000000 -1412.000000 3274.000000 243.000000 -2440.000000 2114.000000 
14.270000 31.190001 58.139999 -10.460000 -39.419998 0.000000 2631.000000 -1372.000000 3295.000000 416.000000 -2276.000000 1992.000000 
15.120000 31.540001 56.799999 -10.160000 -40.320000 0.000000 2583.000000 -1378.000000 3204.000000 586.000000 -2086.000000 1609.000000 
15.980000 32.310001 55.410000 -9.880000 -41.270000 0.000000 2240.000000 -1257.000000 2721.000000 224.000000 -2198.000000 1354.000000 
16.910000 33.790001 54.020000 -9.670000 -42.369999 0.000000 1970.000000 -1258.000000 2344.000000 -651.000000 -2371.000000 1144.000000 
17.690001 35.500000 52.549999 -9.610000 -43.389999 0.000000 1490.000000 -1215.000000 2329.000000 -1252.000000 -2404.000000 1034.000000 
18.250000 37.230000 50.990002 -9.670000 -44.410000 0.000000 1001.000000 -1213.000000 2447.000000 -1335.000000 -2153.000000 716.000000 
18.660000 38.820000 49.330002 -9.670000 -45.650002 0.000000 583.000000 -1136.000000 2450.000000 -969.000000 -2077.000000 436.000000 
18.889999 40.240002 47.529999 -9.860000 -46.919998 0.000000 799.000000 -1143.000000 2313.000000 -1091.000000 -2297.000000 510.000000 
18.860001 41.560001 45.560001 -10.140000 -48.290001 0.000000 809.000000 -1137.000000 2579.000000 -1555.000000 -2816.000000 511.000000 
18.420000 42.799999 43.340000 -10.520000 -49.630001 0.000000 659.000000 -1306.000000 2887.000000 -2029.000000 -3321.000000 526.000000 
17.830000 44.119999 41.070000 -10.990000 -50.830002 0.000000 530.000000 -1570.000000 3293.000000 -2315.000000 -3757.000000 602.000000 
17.180000 45.540001 38.849998 -11.480000 -51.869999 0.000000 187.000000 -1834.000000 3734.000000 -2685.000000 -3945.000000 466.000000 
16.610001 47.040001 36.770000 -11.910000 -52.779999 0.000000 -147.000000 -1824.000000 3837.000000 -2895.000000 -3495.000000 65.000000 
16.030001 48.529999 34.730000 -12.280000 -53.680000 0.000000 -376.000000 -1755.000000 3920.000000 -2748.000000 -3204.000000 -296.000000 
15.480000 49.959999 32.770000 -12.600000 -54.500000 0.000000 -539.000000 -1666.000000 3946.000000 -2946.000000 -2824.000000 -544.000000 
14.970000 51.270000 30.879999 -12.870000 -55.259998 0.000000 -768.000000 -1636.000000 4051.000000 -3358.000000 -2533.000000 -606.000000 
14.450000 52.500000 29.049999 -13.080000 -55.930000 0.000000 -1160.000000 -1429.000000 3802.000000 -3407.000000 -2292.000000 -580.000000 
13.860000 53.650002 27.280001 -13.270000 -56.520000 0.000000 -1439.000000 -1297.000000 3647.000000 -3417.000000 -1843.000000 -769.000000 
13.100000 54.709999 25.490000 -13.520000 -57.040001 0.000000 -1737.000000 -1213.000000 3589.000000 -3426.000000 -1461.000000 -886.000000 
11.970000 55.680000 23.590000 -13.890000 -57.570000 0.000000 -1843.000000 -1183.000000 3678.000000 -3248.000000 -1395.000000 -877.000000 
10.380000 56.549999 21.469999 -14.420000 -58.189999 0.000000 -1902.000000 -1293.000000 3774.000000 -3378.000000 -1493.000000 -944.000000 
8.210000 57.310001 19.070000 -15.040000 -58.980000 0.000000 -1989.000000 -1309.000000 3816.000000 -3398.000000 -1323.000000 -1386.000000 
5.390000 57.970001 16.330000 -15.750000 -60.130001 0.000000 -1877.000000 -1442.000000 4044.000000 -3295.000000 -1346.000000 -1932.000000 
1.870000 58.500000 13.210000 -16.540001 -61.799999 0.000000 -1599.000000 -1585.000000 4243.000000 -3621.000000 -1853.000000 -2148.000000 
-2.160000 58.939999 9.880000 -17.350000 -64.040001 0.000000 -1165.000000 -1727.000000 4685.000000 -3823.000000 -2833.000000 -1581.000000 
-6.460000 59.439999 6.450000 -18.299999 -66.629997 0.000000 -539.000000 -1931.000000 5244.000000 -3725.000000 -3711.000000 -934.000000 
-10.930000 60.060001 2.990000 -18.780001 -69.220001 0.000000 -593.000000 -1984.000000 5411.000000 -3604.000000 -4120.000000 -480.000000 
-15.480000 60.779999 -0.510000 -18.690001 -71.709999 0.000000 -625.000000 -1809.000000 5128.000000 -3400.000000 -3810.000000 -453.000000 
-20.090000 61.549999 -4.080000 -18.469999 -74.099998 0.000000 -553.000000 -1659.000000 4906.000000 -2831.000000 -3475.000000 -466.000000 
-24.740000 62.290001 -7.730000 -18.190001 -76.540001 0.000000 -453.000000 -1469.000000 4415.000000 -2505.000000 -3152.000000 -650.000000 
-29.430000 62.860001 -11.430000 -17.760000 -79.010002 0.000000 -604.000000 -1317.000000 3978.000000 -2653.000000 -3124.000000 -688.000000 
-34.020000 63.119999 -15.090000 -17.290001 -81.470001 0.000000 -732.000000 -1210.000000 3688.000000 -2597.000000 -3260.000000 -679.000000 
-38.259998 63.160000 -18.420000 -16.990000 -83.820000 0.000000 -634.000000 -1226.000000 3753.000000 -2551.000000 -3358.000000 -611.000000 
-41.980000 62.980000 -21.320000 -16.690001 -85.980003 0.000000 -722.000000 -1192.000000 3746.000000 -2708.000000 -3464.000000 -548.000000 
-45.209999 62.669998 -23.780001 -16.510000 -88.029999 0.000000 -775.000000 -1215.000000 3674.000000 -2800.000000 -3386.000000 -720.000000 
-47.980000 62.320000 -25.850000 -16.400000 -90.040001 0.000000 -819.000000 -1256.000000 3670.000000 -3015.000000 -3283.000000 -957.000000 
-50.410000 61.860001 -27.570000 -16.450001 -91.970001 0.000000 -731.000000 -1307.000000 3733.000000 -3079.000000 -3221.000000 -1037.000000 
-52.590000 61.250000 -29.010000 -16.639999 -93.820000 0.000000 -460.000000 -1517.000000 4279.000000 -2835.000000 -3259.000000 -1010.000000 
-54.400002 60.459999 -30.150000 -16.820000 -95.620003 0.000000 -235.000000 -1746.000000 5005.000000 -2500.000000 -3307.000000 -980.000000 
-55.919998 59.720001 -31.190001 -16.860001 -97.510002 0.000000 53.000000 -1639.000000 4789.000000 -2445.000000 -3347.000000 -978.000000 
-57.340000 59.029999 -32.180000 -16.760000 -98.809998 0.000000 403.000000 -1360.000000 3981.000000 -2232.000000 -8772.000000 4131.000000 
-59.070000 58.169998 -33.520000 -16.670000 -100.320000 0.000000 269.000000 -1177.000000 3750.000000 -2091.000000 -2704.000000 -1372.000000 
-59.950001 57.529999 -34.279999 -16.690001 -102.690002 0.000000 -59.000000 -1172.000000 3876.000000 -2542.000000 -598.000000 -2801.000000 
-60.860001 57.939999 -35.220001 -16.959999 -103.860001 0.000000 851.000000 -1531.000000 4295.000000 -2379.000000 -4942.000000 485.000000 
-62.189999 57.980000 -36.520000 -17.270000 -105.269997 0.000000 -182.000000 -1424.000000 4006.000000 -2445.000000 -3302.000000 -796.000000 
-63.619999 57.590000 -37.869999 -17.730000 -107.120003 0.000000 -511.000000 -1514.000000 4038.000000 -2588.000000 -2170.000000 -1539.000000 
-64.839996 57.759998 -39.049999 -18.250000 -108.389999 0.000000 -754.000000 -1688.000000 4265.000000 -2861.000000 -2991.000000 -1093.000000 
-65.989998 58.000000 -40.160000 -18.730000 -109.639999 0.000000 -466.000000 -1588.000000 3683.000000 -3202.000000 -2834.000000 -1305.000000 
-66.930000 58.130001 -41.049999 -19.000000 -110.919998 0.000000 -934.000000 -1824.000000 4548.000000 -3097.000000 -2545.000000 -1636.000000 
-68.080002 58.430000 -42.110001 -19.070000 -112.120003 0.000000 -1196.000000 -1957.000000 4795.000000 -3312.000000 -2279.000000 -1713.000000 
-69.169998 58.750000 -43.049999 -18.940001 -113.349998 0.000000 -1036.000000 -1691.000000 4019.000000 -3108.000000 -1954.000000 -1873.000000 
-70.430000 59.040001 -44.070000 -18.840000 -113.599998 0.000000 -644.000000 -1405.000000 3243.000000 4650.000000 -8666.000000 2903.000000 
-71.779999 58.790001 -45.090000 -18.610001 -115.050003 0.000000 -552.000000 -1266.000000 3236.000000 -3018.000000 -2702.000000 -1664.000000 
-72.080002 58.279999 -45.290001 -18.719999 -116.220001 0.000000 -123.000000 -1777.000000 4517.000000 -2428.000000 -2429.000000 -1693.000000 
-72.199997 58.240002 -45.459999 -18.700001 -117.940002 0.000000 -393.000000 -1787.000000 4393.000000 -1943.000000 -1850.000000 -2030.000000 
-72.059998 58.049999 -45.470001 -18.809999 -119.650002 0.000000 -571.000000 -1735.000000 3800.000000 -3209.000000 -3123.000000 -1464.000000 
-73.169998 57.849998 -46.590000 -18.760000 -121.220001 0.000000 -1885.000000 -1838.000000 3885.000000 -3341.000000 -3360.000000 -1392.000000 
-74.760002 58.009998 -48.130001 -19.000000 -123.059998 0.000000 -1028.000000 -2095.000000 4395.000000 -3016.000000 -2177.000000 -2083.000000 
-76.419998 58.349998 -49.730000 -18.889999 -124.690002 0.000000 -1146.000000 -1834.000000 4036.000000 -3025.000000 -2296.000000 -1882.000000 
-78.110001 58.619999 -51.299999 -18.850000 -125.820000 0.000000 -737.000000 -1669.000000 3550.000000 -2747.000000 -2566.000000 -1155.000000 
-80.010002 58.779999 -52.980000 -17.920000 -127.180000 0.000000 -1169.000000 -1431.000000 4017.000000 -2864.000000 -2037.000000 -1630.000000 
-81.900002 59.020000 -54.590000 -17.150000 -128.440002 0.000000 -886.000000 -1402.000000 3733.000000 -2896.000000 -2088.000000 -1678.000000 
-83.739998 59.250000 -56.130001 -16.320000 -129.520004 0.000000 -1151.000000 -1381.000000 4203.000000 -2887.000000 -2086.000000 -1634.000000 
-85.570000 59.439999 -57.619999 -15.570000 -130.529999 0.000000 -1122.000000 -1339.000000 4228.000000 -2897.000000 -1989.000000 -1726.000000 
-87.320000 59.540001 -59.049999 -15.090000 -131.539993 0.000000 -1001.000000 -1325.000000 4169.000000 -2849.000000 -1856.000000 -1768.000000 
-88.970001 59.599998 -60.439999 -14.500000 -132.160004 0.000000 -1034.000000 -1202.000000 4229.000000 -2970.000000 -2422.000000 -1498.000000 
-90.279999 59.590000 -61.580002 -14.210000 -132.860001 0.000000 -726.000000 -1183.000000 4291.000000 -2920.000000 -2130.000000 -1664.000000 
-90.790001 59.470001 -62.110001 -14.090000 -133.490005 0.000000 -688.000000 -1224.000000 4056.000000 -3012.000000 -1941.000000 -1778.000000 
-91.570000 59.470001 -62.900002 -14.270000 -134.110001 0.000000 -1042.000000 -1354.000000 3966.000000 -2993.000000 -1927.000000 -1880.000000 
-92.669998 59.529999 -64.000000 -14.360000 -134.679993 0.000000 -1509.000000 -1305.000000 3806.000000 -2987.000000 -1845.000000 -1826.000000 
-93.830002 59.580002 -65.129997 -14.520000 -135.210007 0.000000 -1432.000000 -1395.000000 3918.000000 -2952.000000 -1770.000000 -1947.000000 
-94.959999 59.509998 -66.160004 -14.530000 -135.630005 0.000000 -1454.000000 -1333.000000 3861.000000 -3007.000000 -1835.000000 -1941.000000 
-95.870003 59.299999 -66.989998 -14.400000 -135.910004 0.000000 -1458.000000 -1329.000000 3875.000000 -3004.000000 -1958.000000 -1887.000000 
-96.620003 59.119999 -67.699997 -14.200000 -135.869995 0.000000 -1310.000000 -1398.000000 4169.000000 -3419.000000 -2418.000000 -1828.000000 
-97.220001 59.020000 -68.320000 -14.060000 -135.789993 0.000000 -1440.000000 -1443.000000 4233.000000 -3238.000000 -2084.000000 -1981.000000 
-97.699997 59.000000 -68.919998 -13.880000 -135.600006 0.000000 -1503.000000 -1362.000000 4071.000000 -3026.000000 -1805.000000 -2022.000000 
-97.980003 59.250000 -69.379997 -13.750000 -135.570007 0.000000 -1518.000000 -1412.000000 4046.000000 -2918.000000 -1374.000000 -2155.000000 
-98.239998 59.650002 -69.849998 -13.590000 -135.710007 0.000000 -1653.000000 -1374.000000 3912.000000 -3002.000000 -1320.000000 -2127.000000 
-98.570000 60.060001 -70.339996 -13.450000 -136.029999 0.000000 -1566.000000 -1361.000000 3953.000000 -3009.000000 -1443.000000 -2022.000000 
-98.930000 60.360001 -70.769997 -13.150000 -136.479996 0.000000 -1541.000000 -1267.000000 3883.000000 -2928.000000 -1489.000000 -1992.000000 
-99.290001 60.590000 -71.169998 -12.960000 -137.110001 0.000000 -1512.000000 -1228.000000 3870.000000 -3019.000000 -1349.000000 -2046.000000 
-99.599998 60.799999 -71.489998 -12.780000 -137.800003 0.000000 -1811.000000 -1224.000000 3845.000000 -3228.000000 -1308.000000 -2137.000000 
-99.910004 60.990002 -71.769997 -12.730000 -138.429993 0.000000 -1896.000000 -1258.000000 3763.000000 -3325.000000 -1335.000000 -2118.000000 
-100.129997 61.250000 -71.930000 -12.650000 -138.970001 0.000000 -1923.000000 -1233.000000 3742.000000 -3323.000000 -1287.000000 -2156.000000 
-100.209999 61.529999 -71.930000 -12.530000 -139.309998 0.000000 -1817.000000 -1249.000000 3840.000000 -3347.000000 -1312.000000 -2142.000000 
-100.220001 61.820000 -71.800003 -12.480000 -139.440002 0.000000 -1647.000000 -1284.000000 3990.000000 -3329.000000 -1452.000000 -2160.000000 
-100.150002 62.119999 -71.540001 -12.410000 -139.490005 0.000000 -1592.000000 -1320.000000 4141.000000 -3373.000000 -1508.000000 -2208.000000 
-100.169998 62.400002 -71.300003 -12.370000 -139.539993 0.000000 -1606.000000 -1318.000000 4226.000000 -3365.000000 -1509.000000 -2217.000000 
-100.349998 62.639999 -71.160004 -12.340000 -139.559998 0.000000 -1638.000000 -1308.000000 4153.000000 -3418.000000 -1541.000000 -2217.000000 
-100.669998 62.860001 -71.080002 -12.230000 -139.550003 0.000000 -1689.000000 -1300.000000 4229.000000 -3512.000000 -1575.000000 -2257.000000 
-101.089996 63.029999 -71.080002 -12.080000 -139.440002 0.000000 -1748.000000 -1262.000000 4271.000000 -3524.000000 -1656.000000 -2256.000000 
-101.570000 63.240002 -71.110001 -11.850000 -139.250000 0.000000 -1745.000000 -1236.000000 4254.000000 -3518.000000 -1616.000000 -2219.000000 
-102.050003 63.500000 -71.089996 -11.610000 -139.020004 0.000000 -1784.000000 -1202.000000 4303.000000 -3511.000000 -1552.000000 -2222.000000 
-102.440002 63.759998 -70.989998 -11.300000 -138.830002 0.000000 -1802.000000 -1175.000000 4392.000000 -3521.000000 -1513.000000 -2276.000000 
-102.800003 64.029999 -70.870003 -10.970000 -138.750000 0.000000 -1884.000000 -1156.000000 4510.000000 -3543.000000 -1475.000000 -2311.000000 
-103.209999 64.269997 -70.750000 -10.770000 -138.850006 0.000000 -1862.000000 -1189.000000 4541.000000 -3570.000000 -1445.000000 -2304.000000 
-103.699997 64.510002 -70.720001 -10.500000 -139.160004 0.000000 -1823.000000 -1149.000000 4529.000000 -3624.000000 -1445.000000 -2258.000000 
-104.290001 64.760002 -70.750000 -10.280000 -139.600006 0.000000 -1895.000000 -1141.000000 4456.000000 -3761.000000 -1501.000000 -2196.000000 
-105.000000 65.000000 -70.879997 -9.940000 -140.110001 0.000000 -1915.000000 -1049.000000 4364.000000 -3731.000000 -1399.000000 -2175.000000 
-105.769997 65.260002 -71.070000 -9.640000 -140.520004 0.000000 -1978.000000 -1015.000000 4239.000000 -3738.000000 -1419.000000 -2043.000000 
-106.589996 65.559998 -71.269997 -9.220000 -140.860001 0.000000 -1975.000000 -917.000000 4214.000000 -3727.000000 -1327.000000 -1982.000000 
-107.449997 65.889999 -71.470001 -8.730000 -141.110001 0.000000 -1917.000000 -861.000000 4131.000000 -3691.000000 -1243.000000 -2016.000000 
-108.279999 66.209999 -71.639999 -8.310000 -141.220001 0.000000 -1989.000000 -835.000000 4045.000000 -3707.000000 -1246.000000 -1985.000000 
-109.150002 66.550003 -71.830002 -7.810000 -141.259995 0.000000 -1986.000000 -809.000000 4113.000000 -3622.000000 -1171.000000 -2016.000000 
-110.029999 66.930000 -72.000000 -7.440000 -141.139999 0.000000 -1946.000000 -775.000000 4045.000000 -3630.000000 -1220.000000 -1902.000000 
-110.860001 67.330002 -72.089996 -7.060000 -140.910004 0.000000 -1846.000000 -764.000000 4107.000000 -3594.000000 -1257.000000 -1937.000000 
-111.669998 67.739998 -72.099998 -6.800000 -140.660004 0.000000 -1826.000000 -779.000000 4173.000000 -3568.000000 -1231.000000 -1925.000000 
-112.510002 68.160004 -72.120003 -6.600000 -140.380005 0.000000 -1763.000000 -769.000000 4146.000000 -3484.000000 -1210.000000 -1889.000000 
-113.349998 68.570000 -72.129997 -6.450000 -140.100006 0.000000 -1785.000000 -764.000000 4104.000000 -3470.000000 -1223.000000 -1858.000000 
-114.209999 68.949997 -72.120003 -6.360000 -139.809998 0.000000 -1696.000000 -768.000000 4095.000000 -3418.000000 -1243.000000 -1807.000000 
-115.110001 69.279999 -72.129997 -6.290000 -139.559998 0.000000 -1625.000000 -746.000000 4149.000000 -3368.000000 -1292.000000 -1827.000000 
-116.089996 69.580002 -72.209999 -6.270000 -139.369995 0.000000 -1541.000000 -771.000000 4168.000000 -3321.000000 -1336.000000 -1793.000000 
-117.190002 69.800003 -72.370003 -6.340000 -139.300003 0.000000 -1550.000000 -781.000000 4090.000000 -3324.000000 -1360.000000 -1788.000000 
-118.379997 69.989998 -72.660004 -6.420000 -139.300003 0.000000 -1530.000000 -790.000000 4036.000000 -3288.000000 -1387.000000 -1765.000000 
-119.639999 70.160004 -72.980003 -6.380000 -139.369995 0.000000 -1535.000000 -744.000000 4032.000000 -3292.000000 -1389.000000 -1704.000000 
-120.949997 70.300003 -73.360001 -6.300000 -139.449997 0.000000 -1539.000000 -709.000000 3911.000000 -3211.000000 -1361.000000 -1641.000000 
-122.180000 70.449997 -73.680000 -6.120000 -139.559998 0.000000 -1558.000000 -651.000000 3859.000000 -3227.000000 -1311.000000 -1649.000000 
-123.419998 70.629997 -74.000000 -6.030000 -139.660004 0.000000 -1540.000000 -676.000000 3724.000000 -3138.000000 -1245.000000 -1630.000000 
-124.500000 70.790001 -74.139999 -5.860000 -139.699997 0.000000 -1509.000000 -624.000000 3753.000000 -3131.000000 -1259.000000 -1575.000000 
-125.519997 70.879997 -74.220001 -5.800000 -139.720001 0.000000 -1454.000000 -645.000000 3740.000000 -3086.000000 -1259.000000 -1573.000000 
-126.510002 70.930000 -74.269997 -5.770000 -139.750000 0.000000 -1462.000000 -646.000000 3779.000000 -3099.000000 -1222.000000 -1541.000000 
-127.480003 70.940002 -74.330002 -5.770000 -139.830002 0.000000 -1457.000000 -646.000000 3796.000000 -3050.000000 -1232.000000 -1590.000000 
-128.550003 70.919998 -74.480003 -5.790000 -139.970001 0.000000 -1445.000000 -658.000000 3767.000000 -3055.000000 -1201.000000 -1547.000000 
-129.699997 70.870003 -74.709999 -5.740000 -140.160004 0.000000 -1434.000000 -598.000000 3737.000000 -3030.000000 -1196.000000 -1471.000000 
-131.009995 70.830002 -75.089996 -5.610000 -140.419998 0.000000 -1384.000000 -544.000000 3673.000000 -3017.000000 -1163.000000 -1400.000000 
-132.320007 70.830002 -75.410004 -5.440000 -140.679993 0.000000 -1371.000000 -511.000000 3587.000000 -2935.000000 -1154.000000 -1329.000000 
-133.410004 70.809998 -75.570000 -5.320000 -140.919998 0.000000 -1280.000000 -496.000000 3434.000000 -2885.000000 -1228.000000 -1346.000000 
-134.020004 70.790001 -75.230003 -5.270000 -141.089996 0.000000 -1232.000000 -526.000000 3488.000000 -2902.000000 -1270.000000 -1360.000000 
-134.380005 70.709999 -74.690002 -5.340000 -141.199997 0.000000 -1231.000000 -581.000000 3559.000000 -2886.000000 -1385.000000 -1426.000000 
-134.570007 70.570000 -73.959999 -5.490000 -141.240005 0.000000 -1241.000000 -632.000000 3604.000000 -2871.000000 -1445.000000 -1445.000000 
-134.529999 70.400002 -73.000000 -5.680000 -141.270004 0.000000 -1268.000000 -681.000000 3590.000000 -2795.000000 -1391.000000 -1440.000000 
-134.720001 70.169998 -72.309998 -5.940000 -141.389999 0.000000 -1254.000000 -720.000000 3558.000000 -2732.000000 -1304.000000 -1520.000000 
-134.789993 69.910004 -71.449997 -6.200000 -141.529999 0.000000 -1149.000000 -775.000000 3556.000000 -2645.000000 -1301.000000 -1459.000000 
-134.660004 69.599998 -70.430000 -6.510000 -141.759995 0.000000 -1110.000000 -795.000000 3527.000000 -2595.000000 -1365.000000 -1475.000000 
-134.419998 69.209999 -69.309998 -6.810000 -142.080002 0.000000 -1059.000000 -792.000000 3567.000000 -2602.000000 -1390.000000 -1467.000000 
-134.229996 68.809998 -68.290001 -7.120000 -142.550003 0.000000 -1053.000000 -796.000000 3538.000000 -2631.000000 -1388.000000 -1470.000000 
-133.919998 68.410004 -67.150002 -7.420000 -143.080002 0.000000 -1112.000000 -810.000000 3537.000000 -2637.000000 -1463.000000 -1480.000000 
-133.320007 68.029999 -65.779999 -7.730000 -143.559998 0.000000 -1134.000000 -810.000000 3447.000000 -2664.000000 -1513.000000 -1419.000000 
-132.649994 67.680000 -64.339996 -8.020000 -143.990005 0.000000 -1134.000000 -787.000000 3399.000000 -2626.000000 -1500.000000 -1422.000000 
-132.119995 67.320000 -63.119999 -8.300000 -144.279999 0.000000 -1156.000000 -779.000000 3343.000000 -2562.000000 -1501.000000 -1401.000000 
-131.270004 67.000000 -61.610001 -8.640000 -144.509995 0.000000 -1102.000000 -796.000000 3259.000000 -2520.000000 -1448.000000 -1393.000000 
-130.399994 66.660004 -60.130001 -8.970000 -144.729996 0.000000 -1111.000000 -828.000000 3283.000000 -2405.000000 -1398.000000 -1485.000000 
-129.320007 66.370003 -58.520000 -9.350000 -144.869995 0.000000 -1066.000000 -849.000000 3235.000000 -2420.000000 -1496.000000 -1455.000000 
-127.940002 66.089996 -56.590000 -9.790000 -144.970001 0.000000 -1085.000000 -919.000000 3335.000000 -2464.000000 -1590.000000 -1493.000000 
-126.379997 65.849998 -54.500000 -10.260000 -145.009995 0.000000 -1076.000000 -955.000000 3408.000000 -2499.000000 -1731.000000 -1497.000000 
-124.800003 65.599998 -52.480000 -10.800000 -145.050003 0.000000 -1029.000000 -1016.000000 3430.000000 -2466.000000 -1703.000000 -1564.000000 
-123.099998 65.330002 -50.349998 -11.400000 -145.070007 0.000000 -1087.000000 -1074.000000 3430.000000 -2446.000000 -1703.000000 -1609.000000 
-121.419998 64.989998 -48.279999 -12.030000 -145.139999 0.000000 -1042.000000 -1161.000000 3435.000000 -2413.000000 -1706.000000 -1711.000000 
-119.709999 64.599998 -46.200001 -12.680000 -145.229996 0.000000 -1028.000000 -1243.000000 3433.000000 -2433.000000 -1734.000000 -1745.000000 
-117.980003 64.220001 -44.169998 -13.300000 -145.300003 0.000000 -1005.000000 -1283.000000 3502.000000 -2436.000000 -1837.000000 -1724.000000 
-116.169998 63.919998 -42.090000 -13.950000 -145.350006 0.000000 -955.000000 -1312.000000 3564.000000 -2487.000000 -1928.000000 -1736.000000 
-114.330002 63.669998 -39.990002 -14.580000 -145.380005 0.000000 -922.000000 -1323.000000 3612.000000 -2505.000000 -1954.000000 -1704.000000 
-112.519997 63.430000 -37.970001 -15.160000 -145.399994 0.000000 -858.000000 -1351.000000 3686.000000 -2505.000000 -1953.000000 -1684.000000 
-110.809998 63.099998 -36.099998 -15.700000 -145.419998 0.000000 -820.000000 -1356.000000 3717.000000 -2513.000000 -2091.000000 -1712.000000 
-109.209999 62.669998 -34.360001 -16.190001 -145.419998 0.000000 -800.000000 -1389.000000 3732.000000 -2522.000000 -2129.000000 -1733.000000 
-107.669998 62.290001 -32.709999 -16.740000 -145.449997 0.000000 -851.000000 -1467.000000 3713.000000 -2512.000000 -2105.000000 -1834.000000 
-106.139999 61.990002 -31.110001 -17.270000 -145.479996 0.000000 -893.000000 -1496.000000 3744.000000 -2554.000000 -2182.000000 -1884.000000 
-104.589996 61.779999 -29.520000 -17.809999 -145.460007 0.000000 -930.000000 -1544.000000 3752.000000 -2642.000000 -2225.000000 -1915.000000 
-102.919998 61.580002 -27.780001 -18.340000 -145.399994 0.000000 -940.000000 -1586.000000 3812.000000 -2648.000000 -2250.000000 -1948.000000 
-101.209999 61.330002 -26.120001 -18.809999 -145.300003 0.000000 -899.000000 -1616.000000 3914.000000 -2667.000000 -2290.000000 -2016.000000 
-99.570000 60.939999 -24.549999 -19.230000 -145.199997 0.000000 -846.000000 -1689.000000 4037.000000 -2645.000000 -2380.000000 -1973.000000 
-98.089996 60.430000 -23.150000 -19.639999 -145.080002 0.000000 -802.000000 -1723.000000 4058.000000 -2633.000000 -2409.000000 -2005.000000 
-96.870003 59.849998 -22.000000 -20.020000 -145.029999 0.000000 -844.000000 -1791.000000 4039.000000 -2663.000000 -2308.000000 -2165.000000 
-95.769997 59.419998 -21.059999 -20.379999 -144.960007 0.000000 -980.000000 -1833.000000 4122.000000 -2750.000000 -2388.000000 -2092.000000 
-94.940002 59.240002 -20.379999 -20.719999 -144.919998 0.000000 -1058.000000 -1803.000000 4013.000000 -2843.000000 -2258.000000 -2207.000000 
-93.900002 59.240002 -19.379999 -21.030001 -144.830002 0.000000 -1193.000000 -1826.000000 3952.000000 -2938.000000 -2212.000000 -2187.000000 
-93.110001 59.250000 -18.610001 -21.260000 -144.610001 0.000000 -1216.000000 -1812.000000 3969.000000 -2912.000000 -2278.000000 -2132.000000 
-92.139999 59.290001 -17.740000 -21.430000 -144.309998 0.000000 -1158.000000 -1775.000000 4004.000000 -2909.000000 -2249.000000 -2123.000000 
-91.150002 59.330002 -16.809999 -21.540001 -143.919998 0.000000 -1167.000000 -1774.000000 4038.000000 -2924.000000 -2217.000000 -2141.000000 
-90.099998 59.369999 -15.720000 -21.660000 -143.449997 0.000000 -1143.000000 -1772.000000 4014.000000 -2814.000000 -2205.000000 -2075.000000 
-89.089996 59.299999 -14.630000 -21.780001 -142.899994 0.000000 -1061.000000 -1732.000000 3918.000000 -2711.000000 -2226.000000 -2061.000000 
-88.220001 59.080002 -13.710000 -21.920000 -142.360001 0.000000 -1018.000000 -1734.000000 3958.000000 -2704.000000 -2241.000000 -2105.000000 
-87.419998 58.900002 -12.850000 -22.049999 -141.770004 0.000000 -1060.000000 -1738.000000 4026.000000 -2729.000000 -2285.000000 -2064.000000 
-86.639999 58.779999 -12.050000 -22.219999 -141.210007 0.000000 -1041.000000 -1737.000000 4068.000000 -2745.000000 -2308.000000 -2074.000000 
-85.849998 58.570000 -11.240000 -22.400000 -140.649994 0.000000 -1062.000000 -1736.000000 4006.000000 -2736.000000 -2294.000000 -2003.000000 
-85.129997 58.340000 -10.470000 -22.540001 -140.139999 0.000000 -1050.000000 -1734.000000 3991.000000 -2790.000000 -2294.000000 -2021.000000 
-84.440002 58.029999 -9.750000 -22.660000 -139.690002 0.000000 -1008.000000 -1775.000000 4043.000000 -2745.000000 -2248.000000 -2078.000000 
-83.870003 57.740002 -9.190000 -22.809999 -139.210007 0.000000 -921.000000 -1811.000000 4001.000000 -2720.000000 -2249.000000 -1971.000000 
-83.440002 57.570000 -8.780000 -22.930000 -138.860001 0.000000 -900.000000 -1844.000000 4029.000000 -2738.000000 -2224.000000 -1990.000000 
-83.129997 57.360001 -8.520000 -23.010000 -138.550003 0.000000 -891.000000 -1835.000000 4034.000000 -2741.000000 -2256.000000 -1967.000000 
-83.019997 57.220001 -8.470000 -23.049999 -138.300003 0.000000 -970.000000 -1799.000000 4030.000000 -2826.000000 -2261.000000 -1992.000000 
-82.970001 57.240002 -8.490000 -23.110001 -138.070007 0.000000 -1056.000000 -1805.000000 3946.000000 -2862.000000 -2205.000000 -1973.000000 
-83.010002 57.330002 -8.600000 -23.110001 -137.880005 0.000000 -1133.000000 -1744.000000 3859.000000 -2879.000000 -2150.000000 -1943.000000 
-83.000000 57.439999 -8.620000 -23.120001 -137.729996 0.000000 -1149.000000 -1752.000000 3826.000000 -2895.000000 -2116.000000 -1988.000000 
-83.089996 57.520000 -8.660000 -23.139999 -137.550003 0.000000 -1174.000000 -1762.000000 3800.000000 -2846.000000 -2067.000000 -1986.000000 
-83.099998 57.570000 -8.640000 -23.150000 -137.369995 0.000000 -1136.000000 -1789.000000 3860.000000 -2779.000000 -2059.000000 -2015.000000 
-83.199997 57.480000 -8.710000 -23.139999 -137.179993 0.000000 -1109.000000 -1812.000000 3914.000000 -2750.000000 -2087.000000 -2048.000000 
-83.349998 57.340000 -8.790000 -23.120001 -137.009995 0.000000 -1055.000000 -1784.000000 3908.000000 -2672.000000 -2056.000000 -2044.000000 
-83.580002 57.189999 -8.930000 -23.129999 -136.919998 0.000000 -1108.000000 -1773.000000 3849.000000 -2652.000000 -2041.000000 -2010.000000 
-83.809998 57.049999 -9.110000 -23.150000 -136.899994 0.000000 -1176.000000 -1744.000000 3856.000000 -2719.000000 -2026.000000 -2029.000000 
-84.089996 56.970001 -9.350000 -23.230000 -136.919998 0.000000 -1222.000000 -1747.000000 3767.000000 -2738.000000 -2027.000000 -2028.000000 
-84.400002 56.880001 -9.620000 -23.270000 -136.960007 0.000000 -1253.000000 -1739.000000 3772.000000 -2781.000000 -1978.000000 -1987.000000 
-84.699997 56.810001 -9.880000 -23.309999 -136.979996 0.000000 -1218.000000 -1714.000000 3753.000000 -2752.000000 -1982.000000 -1978.000000 
-84.870003 56.790001 -10.030000 -23.360001 -136.990005 0.000000 -1190.000000 -1718.000000 3809.000000 -2789.000000 -1994.000000 -1978.000000 
-84.989998 56.740002 -10.130000 -23.400000 -137.029999 0.000000 -1199.000000 -1745.000000 3861.000000 -2840.000000 -2041.000000 -2003.000000 
-85.169998 56.720001 -10.270000 -23.440001 -137.070007 0.000000 -1207.000000 -1724.000000 3818.000000 -2868.000000 -2032.000000 -1968.000000 
-85.349998 56.700001 -10.410000 -23.480000 -137.119995 0.000000 -1241.000000 -1721.000000 3812.000000 -2882.000000 -2026.000000 -1962.000000 
-85.529999 56.650002 -10.550000 -23.459999 -137.110001 0.000000 -1231.000000 -1762.000000 3980.000000 -2959.000000 -2245.000000 -1984.000000 
-85.989998 56.639999 -10.970000 -23.440001 -137.089996 0.000000 -1301.000000 -1761.000000 3991.000000 -3152.000000 -2283.000000 -1927.000000 
-86.400002 56.650002 -11.360000 -23.370001 -137.070007 0.000000 -1337.000000 -1751.000000 3991.000000 -2998.000000 -2173.000000 -2022.000000 
-86.720001 56.730000 -11.660000 -23.330000 -137.029999 0.000000 -1385.000000 -1820.000000 4099.000000 -3161.000000 -2223.000000 -2120.000000 
-87.019997 56.830002 -11.970000 -23.260000 -136.979996 0.000000 -1493.000000 -1850.000000 4166.000000 -3252.000000 -2240.000000 -2172.000000 
-87.269997 57.000000 -12.240000 -23.400000 -136.619995 0.000000 -1068.000000 -1954.000000 3823.000000 -1969.000000 -3186.000000 -2224.000000 
-86.610001 56.840000 -11.720000 -23.459999 -136.479996 0.000000 -2437.000000 -2022.000000 4309.000000 -4687.000000 -2533.000000 -2180.000000 
-87.309998 57.099998 -12.400000 -23.250000 -136.470001 0.000000 -1735.000000 -1714.000000 3599.000000 -2597.000000 -1335.000000 -2461.000000 
-87.709999 57.660000 -12.760000 -22.990000 -136.350006 0.000000 -1286.000000 -1657.000000 3744.000000 -2868.000000 -2136.000000 -1771.000000 
-88.029999 57.480000 -12.970000 -22.660000 -136.270004 0.000000 -1102.000000 -1517.000000 3683.000000 -2633.000000 -1943.000000 -1787.000000 
-88.320000 57.480000 -13.150000 -22.379999 -136.199997 0.000000 -1172.000000 -1489.000000 3692.000000 -2710.000000 -1821.000000 -1720.000000 
-88.510002 57.700001 -13.350000 -22.230000 -136.199997 0.000000 -1359.000000 -1450.000000 3428.000000 -2616.000000 -1563.000000 -1811.000000 
-88.639999 57.880001 -13.520000 -22.170000 -136.220001 0.000000 -1285.000000 -1445.000000 3323.000000 -2513.000000 -1569.000000 -1774.000000 
-88.820000 57.930000 -13.680000 -22.120001 -136.229996 0.000000 -1238.000000 -1453.000000 3450.000000 -2553.000000 -1569.000000 -1754.000000 
-88.949997 57.849998 -13.800000 -22.650000 -135.820007 0.000000 1892.000000 -1789.000000 1288.000000 -1272.000000 -3027.000000 -1882.000000 
-88.879997 57.560001 -13.770000 -22.850000 -136.029999 0.000000 -1994.000000 -1606.000000 3716.000000 -3344.000000 -1404.000000 -2124.000000 
-89.330002 57.639999 -14.180000 -23.270000 -136.169998 0.000000 -1144.000000 -1912.000000 3335.000000 -3018.000000 -1612.000000 -2037.000000 
-90.040001 57.840000 -14.770000 -23.299999 -136.300003 0.000000 -1567.000000 -1591.000000 3638.000000 -3041.000000 -1530.000000 -1703.000000 
-90.610001 57.750000 -15.220000 -23.309999 -136.320007 0.000000 -1380.000000 -1545.000000 3538.000000 -2949.000000 -1887.000000 -1757.000000 
-91.070000 57.650002 -15.500000 -23.360001 -136.279999 0.000000 -1367.000000 -1568.000000 3574.000000 -3022.000000 -1950.000000 -1651.000000 
-91.449997 57.560001 -15.760000 -23.410000 -136.160004 0.000000 -1331.000000 -1563.000000 3595.000000 -2942.000000 -1875.000000 -1676.000000 
-91.599998 57.480000 -15.850000 -23.500000 -135.979996 0.000000 -1264.000000 -1519.000000 3398.000000 -2710.000000 -1737.000000 -1666.000000 
-91.809998 57.290001 -15.970000 -23.719999 -135.660004 0.000000 -1163.000000 -1589.000000 3493.000000 -2716.000000 -1829.000000 -1664.000000 
-91.860001 57.040001 -15.990000 -24.040001 -135.300003 0.000000 -1085.000000 -1680.000000 3632.000000 -2612.000000 -1885.000000 -1726.000000 
-91.910004 56.740002 -16.010000 -24.360001 -135.119995 0.000000 -1154.000000 -1737.000000 3789.000000 -2634.000000 -1725.000000 -1766.000000 
-92.050003 56.430000 -16.160000 -24.730000 -134.960007 0.000000 -1113.000000 -2101.000000 4391.000000 -2812.000000 -2762.000000 -1889.000000 
-91.580002 56.060001 -15.890000 -24.790001 -135.270004 0.000000 -1409.000000 -1900.000000 4248.000000 -2729.000000 -2364.000000 -1887.000000 
-91.790001 55.849998 -16.260000 -25.000000 -135.919998 0.000000 -1822.000000 -1694.000000 3142.000000 -2319.000000 -1158.000000 -2001.000000 
-92.389999 55.689999 -16.980000 -25.389999 -136.899994 0.000000 -2166.000000 -2109.000000 3475.000000 -3363.000000 -584.000000 -2770.000000 
-92.910004 55.330002 -17.469999 -25.680000 -137.699997 0.000000 -1349.000000 -2135.000000 3905.000000 -3361.000000 -1941.000000 -2133.000000 
-93.339996 55.130001 -17.850000 -25.889999 -138.419998 0.000000 -1378.000000 -2098.000000 3733.000000 -3192.000000 -1804.000000 -2042.000000 
-93.910004 54.860001 -18.350000 -26.020000 -138.929993 0.000000 -1229.000000 -1959.000000 3461.000000 -2932.000000 -2005.000000 -1804.000000 
-94.309998 54.630001 -18.740000 -26.040001 -139.339996 0.000000 -1126.000000 -1885.000000 3493.000000 -2682.000000 -1811.000000 -1911.000000 
-94.660004 54.509998 -19.070000 -26.030001 -139.820007 0.000000 -1679.000000 -2081.000000 3957.000000 -3572.000000 -1706.000000 -2214.000000 
-95.180000 54.410000 -19.520000 -25.850000 -140.210007 0.000000 -1610.000000 -1971.000000 3875.000000 -3407.000000 -1954.000000 -1983.000000 
-95.660004 54.490002 -19.959999 -25.540001 -140.460007 0.000000 -1443.000000 -1845.000000 3732.000000 -2926.000000 -1688.000000 -1932.000000 
-95.940002 54.570000 -20.230000 -25.260000 -140.550003 0.000000 -1425.000000 -1843.000000 3718.000000 -2667.000000 -1538.000000 -1924.000000 
-96.089996 54.540001 -20.420000 -24.980000 -140.389999 0.000000 -1392.000000 -1890.000000 3791.000000 -2740.000000 -1830.000000 -1893.000000 
-96.110001 54.439999 -20.469999 -24.799999 -139.990005 0.000000 -1364.000000 -1952.000000 3726.000000 -2794.000000 -2073.000000 -1852.000000 
-96.120003 54.250000 -20.549999 -24.690001 -139.240005 0.000000 -1291.000000 -2001.000000 3706.000000 -2644.000000 -2266.000000 -1715.000000 
-96.129997 54.000000 -20.670000 -24.650000 -137.979996 0.000000 -1344.000000 -2066.000000 3618.000000 -2746.000000 -2832.000000 -1274.000000 
-96.129997 53.730000 -20.820000 -24.639999 -136.490005 0.000000 -1448.000000 -2116.000000 3560.000000 -3123.000000 -3088.000000 -1397.000000 
-95.989998 53.490002 -20.879999 -24.629999 -134.850006 0.000000 -1480.000000 -2243.000000 3617.000000 -3296.000000 -2714.000000 -1801.000000 
-95.889999 53.340000 -20.969999 -24.600000 -133.300003 0.000000 -1657.000000 -2382.000000 3718.000000 -3186.000000 -2196.000000 -2280.000000 
-95.820000 53.200001 -21.059999 -24.520000 -131.759995 0.000000 -1628.000000 -2579.000000 3829.000000 -3156.000000 -1927.000000 -2608.000000 
-95.790001 53.000000 -21.180000 -24.330000 -130.210007 0.000000 -2318.000000 -2521.000000 3156.000000 -3044.000000 -1828.000000 -2815.000000 
-95.839996 52.700001 -21.230000 -25.170000 -128.580002 0.000000 -4687.000000 -3554.000000 2768.000000 -3060.000000 -1979.000000 -2446.000000 
-96.470001 52.650002 -21.580000 -26.320000 -127.110001 0.000000 -446.000000 -3917.000000 6572.000000 -2278.000000 -1888.000000 -3835.000000 
-95.860001 52.400002 -20.690001 -26.299999 -124.849998 0.000000 -346.000000 -3318.000000 5245.000000 -3064.000000 -2989.000000 -2232.000000 
-95.029999 52.040001 -19.690001 -25.940001 -122.000000 0.000000 -1032.000000 -2829.000000 4063.000000 -2750.000000 -4390.000000 -1317.000000 
-94.199997 51.880001 -18.969999 -25.559999 -118.949997 0.000000 -764.000000 -2833.000000 3941.000000 -2304.000000 -4359.000000 -1115.000000 
-93.199997 51.900002 -18.240000 -25.280001 -116.339996 0.000000 -574.000000 -2897.000000 4134.000000 -2626.000000 -4000.000000 -1485.000000 
-92.080002 51.990002 -17.510000 -25.129999 -114.309998 0.000000 -881.000000 -2913.000000 3996.000000 -2898.000000 -3764.000000 -1822.000000 
-90.919998 52.070000 -16.740000 -25.090000 -112.580002 0.000000 -1238.000000 -2968.000000 3801.000000 -3075.000000 -3581.000000 -1837.000000 
-90.190002 52.200001 -16.299999 -25.110001 -111.050003 0.000000 -1586.000000 -3006.000000 3698.000000 -3079.000000 -2810.000000 -2085.000000 
-88.970001 52.430000 -15.350000 -25.040001 -108.389999 0.000000 -2235.000000 -2827.000000 3483.000000 -2760.000000 -3791.000000 -1472.000000 
-87.910004 52.459999 -14.490000 -24.990000 -106.489998 0.000000 -1903.000000 -2982.000000 3500.000000 -3329.000000 -3920.000000 -1608.000000 
-87.150002 52.450001 -13.810000 -24.950001 -105.239998 0.000000 -1620.000000 -3185.000000 3800.000000 -3292.000000 -3729.000000 -1495.000000 
-86.519997 52.580002 -13.220000 -24.850000 -103.699997 0.000000 -1817.000000 -3248.000000 3875.000000 -3169.000000 -3935.000000 -1503.000000 
-85.739998 52.790001 -12.510000 -24.670000 -101.879997 0.000000 -2070.000000 -3235.000000 3681.000000 -3254.000000 -3988.000000 -1470.000000 
-84.889999 53.000000 -11.650000 -24.379999 -99.959999 0.000000 -2098.000000 -3170.000000 3567.000000 -3216.000000 -4001.000000 -1391.000000 
-83.940002 53.310001 -10.710000 -23.980000 -97.470001 0.000000 -2042.000000 -3097.000000 3580.000000 -3024.000000 -4291.000000 -884.000000 
-82.760002 53.669998 -9.600000 -23.440001 -94.150002 0.000000 -1816.000000 -2949.000000 3838.000000 -3014.000000 -4582.000000 -190.000000 
-81.370003 54.119999 -8.360000 -22.719999 -90.339996 0.000000 -1470.000000 -2783.000000 3987.000000 -2946.000000 -4457.000000 -85.000000 
-79.550003 54.669998 -6.820000 -21.860001 -86.559998 0.000000 -1233.000000 -2511.000000 3875.000000 -2625.000000 -3935.000000 -363.000000 
-77.610001 55.380001 -5.260000 -20.840000 -83.040001 0.000000 -1028.000000 -2222.000000 3487.000000 -2209.000000 -3323.000000 -651.000000 
-75.510002 56.130001 -3.570000 -19.850000 -79.769997 0.000000 -1050.000000 -1981.000000 3060.000000 -1857.000000 -2979.000000 -783.000000 
-73.269997 56.900002 -1.780000 -18.879999 -76.750000 0.000000 -1119.000000 -1893.000000 2890.000000 -1877.000000 -2738.000000 -675.000000 
-70.820000 57.750000 0.220000 -17.790001 -73.830002 0.000000 -1741.000000 -1830.000000 3052.000000 -2151.000000 -2739.000000 -328.000000 
-67.860001 58.619999 2.760000 -16.629999 -70.949997 0.000000 -1930.000000 -1603.000000 2618.000000 -2421.000000 -2726.000000 -117.000000 
-64.309998 59.410000 5.860000 -15.300000 -67.839996 0.000000 -1908.000000 -1146.000000 2019.000000 -2510.000000 -2434.000000 34.000000 
-60.049999 60.060001 9.660000 -13.800000 -64.480003 0.000000 -1683.000000 -499.000000 1678.000000 -2214.000000 -1933.000000 190.000000 
-55.139999 60.450001 14.020000 -12.260000 -60.950001 0.000000 -1188.000000 -287.000000 1938.000000 -1854.000000 -1521.000000 333.000000 
-49.730000 60.509998 18.740000 -10.590000 -57.439999 0.000000 -637.000000 -145.000000 2222.000000 -1624.000000 -1303.000000 487.000000 
-44.230000 60.250000 23.480000 -9.080000 -53.230000 0.000000 -648.000000 -156.000000 2784.000000 -1623.000000 -1405.000000 1005.000000 
-39.040001 59.680000 27.870001 -7.680000 -49.470001 0.000000 -183.000000 -160.000000 2953.000000 -1537.000000 -1572.000000 1274.000000 
-34.389999 58.919998 31.680000 -6.370000 -46.349998 0.000000 -95.000000 -139.000000 2974.000000 -1524.000000 -1509.000000 1263.000000 
-30.420000 58.080002 34.790001 -5.140000 -43.869999 0.000000 -21.000000 -95.000000 3158.000000 -1559.000000 -1359.000000 1168.000000 
-26.809999 57.220001 37.480000 -3.790000 -41.250000 0.000000 59.000000 178.000000 2939.000000 -1449.000000 -990.000000 1136.000000 
-23.520000 56.340000 39.770000 -2.500000 -38.660000 0.000000 -265.000000 473.000000 2736.000000 -1530.000000 -859.000000 1433.000000 
-20.410000 55.380001 41.790001 -1.360000 -36.419998 0.000000 -453.000000 711.000000 2687.000000 -1801.000000 -714.000000 1626.000000 
-17.410000 54.340000 43.660000 -0.320000 -34.470001 0.000000 -356.000000 974.000000 2545.000000 -1988.000000 -423.000000 1593.000000 
-14.660000 53.209999 45.270000 0.610000 -32.740002 0.000000 -140.000000 1095.000000 2425.000000 -1986.000000 -241.000000 1568.000000 
-12.370000 52.009998 46.520000 1.340000 -31.299999 0.000000 -245.000000 1013.000000 2568.000000 -1988.000000 -152.000000 1354.000000 
-10.610000 50.730000 47.389999 1.770000 -30.129999 0.000000 -409.000000 793.000000 2812.000000 -2010.000000 -222.000000 1351.000000 
-9.390000 49.400002 47.869999 2.070000 -29.110001 0.000000 -220.000000 774.000000 2977.000000 -2005.000000 -418.000000 1675.000000 
-8.450000 48.029999 48.119999 2.350000 -28.040001 0.000000 -123.000000 977.000000 2702.000000 -1972.000000 -394.000000 2008.000000 
-7.650000 46.650002 48.230000 2.520000 -26.940001 0.000000 27.000000 1118.000000 2670.000000 -1882.000000 -315.000000 2136.000000 
-7.040000 45.320000 48.180000 2.490000 -26.080000 0.000000 100.000000 1040.000000 2979.000000 -1886.000000 -326.000000 2093.000000 
-6.720000 44.060001 47.990002 2.160000 -25.590000 0.000000 -102.000000 811.000000 3536.000000 -2113.000000 -485.000000 2218.000000 
-6.770000 42.900002 47.680000 1.560000 -25.510000 0.000000 -49.000000 533.000000 3982.000000 -2395.000000 -879.000000 2684.000000 
-7.180000 41.889999 47.299999 0.810000 -25.740000 0.000000 143.000000 308.000000 4078.000000 -2597.000000 -1318.000000 3245.000000 
-7.940000 41.040001 46.919998 0.080000 -25.860001 0.000000 253.000000 341.000000 3718.000000 -2693.000000 -1408.000000 3463.000000 
-9.000000 40.320000 46.549999 -0.710000 -25.860001 0.000000 484.000000 386.000000 3594.000000 -2417.000000 -1208.000000 3484.000000 
-10.210000 39.610001 46.209999 -1.680000 -25.459999 0.000000 684.000000 196.000000 4377.000000 -2076.000000 -855.000000 3537.000000 
-11.320000 38.810001 45.980000 -2.530000 -24.700001 0.000000 971.000000 262.000000 5177.000000 -1768.000000 -601.000000 3894.000000 
-11.980000 37.900002 45.990002 -3.150000 -24.480000 0.000000 1452.000000 463.000000 5461.000000 -1435.000000 -873.000000 4807.000000 
-12.040000 36.950001 46.259998 -3.640000 -24.690001 0.000000 1827.000000 542.000000 5754.000000 -1228.000000 -1198.000000 6011.000000 
-11.580000 35.990002 46.689999 -4.030000 -24.969999 0.000000 1706.000000 602.000000 5873.000000 -1219.000000 -1396.000000 6595.000000 
-10.870000 35.160000 47.220001 -4.350000 -25.200001 0.000000 1896.000000 553.000000 5643.000000 -1295.000000 -1474.000000 6610.000000 
-10.080000 34.549999 47.750000 -4.660000 -25.740000 0.000000 1914.000000 240.000000 5827.000000 -1545.000000 -1611.000000 6424.000000 
-9.330000 34.150002 48.299999 -4.890000 -25.760000 0.000000 1694.000000 33.000000 5834.000000 -1864.000000 -1567.000000 5955.000000 
-8.580000 33.910000 48.900002 -4.990000 -25.549999 0.000000 1551.000000 -72.000000 5488.000000 -1799.000000 -1414.000000 5313.000000 
-7.940000 33.779999 49.520000 -5.010000 -25.290001 0.000000 1364.000000 -200.000000 5353.000000 -1588.000000 -1289.000000 4829.000000 
-7.420000 33.680000 50.099998 -4.970000 -24.990000 0.000000 1194.000000 -256.000000 5304.000000 -1469.000000 -1209.000000 4590.000000 
-7.070000 33.549999 50.610001 -4.910000 -24.889999 0.000000 1109.000000 -269.000000 5168.000000 -1455.000000 -1200.000000 4459.000000 
-6.730000 33.299999 51.150002 -4.890000 -25.080000 0.000000 1007.000000 -394.000000 5291.000000 -1469.000000 -1287.000000 4547.000000 
-6.320000 32.910000 51.750000 -4.840000 -25.430000 0.000000 1208.000000 -354.000000 5107.000000 -1178.000000 -1290.000000 4597.000000 
-5.790000 32.380001 52.430000 -4.780000 -25.950001 0.000000 1322.000000 -375.000000 4895.000000 -1040.000000 -1333.000000 4647.000000 
-5.130000 31.719999 53.189999 -4.760000 -26.629999 0.000000 1425.000000 -475.000000 4769.000000 -881.000000 -1489.000000 4757.000000 
-4.440000 30.969999 54.009998 -4.720000 -27.260000 0.000000 1572.000000 -540.000000 4724.000000 -833.000000 -1598.000000 4899.000000 
-3.780000 30.190001 54.840000 -4.600000 -27.840000 0.000000 1520.000000 -527.000000 4453.000000 -652.000000 -1624.000000 4859.000000 
-3.050000 29.420000 55.680000 -4.520000 -27.830000 0.000000 1594.000000 -612.000000 4262.000000 -386.000000 -1535.000000 4611.000000 
-2.360000 28.750000 56.509998 -4.470000 -28.240000 0.000000 1559.000000 -680.000000 4001.000000 -215.000000 -1420.000000 4136.000000 
-1.790000 28.200001 57.230000 -4.470000 -28.670000 0.000000 1432.000000 -791.000000 3917.000000 -185.000000 -1323.000000 3695.000000 
-1.350000 27.600000 57.910000 -4.290000 -29.020000 0.000000 6793.000000 613.000000 11060.000000 -319.000000 -1315.000000 3292.000000 
-1.560000 26.530001 58.049999 -3.810000 -29.180000 0.000000 -1676.000000 -268.000000 1306.000000 -475.000000 -1074.000000 2841.000000 
-2.170000 26.020000 57.860001 -3.830000 -29.959999 0.000000 2252.000000 -2607.000000 4683.000000 2202.000000 -7286.000000 12172.000000 
-2.870000 25.100000 57.529999 -3.360000 -29.660000 0.000000 1218.000000 -715.000000 4413.000000 598.000000 -1401.000000 3107.000000 
-2.860000 24.270000 57.599998 -3.410000 -30.170000 0.000000 1002.000000 -1358.000000 3759.000000 -66.000000 -2176.000000 4875.000000 
-1.960000 23.510000 58.070000 -3.050000 -30.870001 0.000000 1377.000000 -966.000000 4015.000000 160.000000 -2033.000000 4010.000000 
-0.470000 23.040001 58.790001 -2.970000 -31.740000 0.000000 1336.000000 -1266.000000 3673.000000 66.000000 -1860.000000 3367.000000 
0.730000 22.490000 59.459999 -2.980000 -32.340000 0.000000 1371.000000 -1262.000000 3620.000000 -47.000000 -1914.000000 3554.000000 
1.400000 21.760000 59.900002 -3.070000 -32.590000 0.000000 1437.000000 -1250.000000 3911.000000 -105.000000 -1950.000000 3921.000000 
1.710000 21.280001 60.299999 -3.070000 -31.950001 0.000000 1880.000000 -1097.000000 3963.000000 -38.000000 -1861.000000 4157.000000 
1.730000 21.120001 60.669998 -3.010000 -31.070000 0.000000 1219.000000 -1004.000000 4078.000000 -101.000000 -1795.000000 4264.000000 
1.640000 21.150000 60.980000 -2.880000 -30.510000 0.000000 1445.000000 -791.000000 4029.000000 -281.000000 -1704.000000 4183.000000 
1.740000 21.350000 61.389999 -2.770000 -30.270000 0.000000 1423.000000 -720.000000 3993.000000 -269.000000 -1637.000000 4107.000000 
2.090000 21.530001 61.869999 -2.740000 -30.150000 0.000000 1455.000000 -714.000000 3989.000000 -266.000000 -1626.000000 4065.000000 
2.490000 21.610001 62.349998 -2.780000 -30.490000 0.000000 1500.000000 -712.000000 4010.000000 -227.000000 -1655.000000 4085.000000 
2.720000 21.610001 62.759998 -2.890000 -31.000000 0.000000 1476.000000 -734.000000 3982.000000 -224.000000 -1701.000000 4083.000000 
2.720000 21.590000 63.070000 -3.080000 -30.730000 0.000000 1489.000000 -814.000000 4023.000000 -184.000000 -1745.000000 4052.000000 
2.620000 21.520000 63.349998 -3.290000 -31.299999 0.000000 1477.000000 -834.000000 4039.000000 -157.000000 -1788.000000 3997.000000 
2.520000 21.459999 63.619999 -3.530000 -31.700001 0.000000 1455.000000 -888.000000 3974.000000 -170.000000 -1811.000000 3979.000000 
2.480000 21.360001 63.900002 -3.750000 -31.309999 0.000000 1491.000000 -902.000000 3993.000000 -144.000000 -1803.000000 3996.000000 
2.480000 21.219999 64.209999 -3.970000 -31.709999 0.000000 1475.000000 -918.000000 4002.000000 -119.000000 -1813.000000 3955.000000 
2.450000 21.090000 64.489998 -4.190000 -32.080002 0.000000 1514.000000 -941.000000 3996.000000 -105.000000 -1836.000000 3983.000000 
2.390000 20.959999 64.730003 -4.400000 -32.230000 0.000000 1500.000000 -959.000000 3973.000000 -166.000000 -1829.000000 3948.000000 
2.340000 20.850000 64.980003 -4.610000 -31.959999 0.000000 1474.000000 -964.000000 3980.000000 -160.000000 -1829.000000 3970.000000 
2.310000 20.770000 65.230003 -4.780000 -31.420000 0.000000 1432.000000 -962.000000 3994.000000 -191.000000 -1817.000000 3951.000000 
2.310000 20.730000 65.459999 -4.930000 -31.490000 0.000000 1406.000000 -964.000000 3976.000000 -242.000000 -1828.000000 3944.000000 
2.320000 20.740000 65.709999 -5.010000 -31.629999 0.000000 1430.000000 -905.000000 3994.000000 -162.000000 -1783.000000 4024.000000 
