4.230000 20.440001 125.610001 -589.000000 373.000000 4503.000000
4.290000 21.160000 125.919998 -480.000000 612.000000 4619.000000
4.420000 21.969999 126.190002 -206.000000 635.000000 4971.000000
4.590000 22.870001 126.389999 -254.000000 646.000000 5117.000000
4.810000 23.860001 126.570000 -366.000000 538.000000 5104.000000
5.070000 24.770000 126.620003 -757.000000 575.000000 5004.000000
5.400000 25.400000 126.449997 -860.000000 699.000000 4853.000000
5.740000 25.780001 126.150002 -1149.000000 692.000000 4678.000000
6.100000 25.969999 125.709999 -1456.000000 707.000000 4423.000000
6.490000 25.889999 125.120003 -1529.000000 759.000000 4285.000000
6.870000 25.450001 124.360001 -1098.000000 680.000000 4144.000000
7.240000 24.780001 123.470001 -786.000000 761.000000 3969.000000
7.630000 23.969999 122.480003 -612.000000 856.000000 3789.000000
8.020000 23.120001 121.419998 -521.000000 950.000000 3546.000000
8.390000 22.250000 120.279999 -619.000000 963.000000 3418.000000
8.710000 21.389999 119.080002 -728.000000 876.000000 3298.000000
8.980000 20.559999 117.800003 -824.000000 826.000000 3327.000000
9.210000 19.780001 116.480003 -902.000000 765.000000 3339.000000
9.430000 19.040001 115.120003 -919.000000 782.000000 3288.000000
9.630000 18.330000 113.730003 -955.000000 848.000000 3355.000000
9.770000 17.650000 112.279999 -1091.000000 803.000000 3565.000000
9.820000 16.980000 110.790001 -1146.000000 668.000000 3799.000000
9.750000 16.400000 109.239998 -1527.000000 496.000000 4007.000000
9.590000 15.890000 107.690002 -1660.000000 302.000000 3915.000000
9.370000 15.420000 106.150002 -1433.000000 243.000000 3808.000000
9.110000 15.030000 104.660004 -1434.000000 209.000000 3626.000000
8.820000 14.750000 103.169998 -1452.000000 195.000000 3361.000000
8.520000 14.580000 101.739998 -1551.000000 230.000000 3159.000000
8.210000 14.480000 100.349998 -1728.000000 236.000000 3091.000000
7.870000 14.390000 98.989998 -1884.000000 173.000000 3232.000000
7.470000 14.220000 97.680000 -2102.000000 -110.000000 3397.000000
7.020000 14.000000 96.430000 -1927.000000 -381.000000 3407.000000
6.570000 13.730000 95.220001 -1662.000000 -377.000000 3338.000000
6.100000 13.470000 94.089996 -1614.000000 -366.000000 3352.000000
5.620000 13.250000 93.089996 -1579.000000 -481.000000 3408.000000
5.170000 13.110000 92.230003 -1484.000000 -227.000000 3578.000000
4.710000 13.060000 91.430000 -1738.000000 -318.000000 3660.000000
4.220000 13.090000 90.720001 -1946.000000 -541.000000 3810.000000
3.730000 13.140000 90.110001 -2102.000000 -581.000000 3829.000000
3.270000 13.180000 89.550003 -1900.000000 -531.000000 3806.000000
2.840000 13.220000 89.050003 -1749.000000 -441.000000 3743.000000
2.430000 13.250000 88.610001 -1640.000000 -437.000000 3930.000000
2.030000 13.290000 88.199997 -1648.000000 -440.000000 3928.000000
1.660000 13.340000 87.839996 -1611.000000 -419.000000 3858.000000
1.340000 13.400000 87.510002 -1652.000000 -319.000000 3767.000000
1.050000 13.440000 87.220001 -1608.000000 -198.000000 3633.000000
0.790000 13.430000 86.949997 -1376.000000 -114.000000 3619.000000
0.560000 13.330000 86.680000 -1092.000000 -44.000000 3604.000000
0.320000 13.240000 86.430000 -1043.000000 -16.000000 3436.000000
-0.040000 13.190000 86.220001 -1332.000000 -439.000000 3521.000000
-0.390000 13.090000 86.080002 -1481.000000 -607.000000 3853.000000
-0.620000 12.870000 85.959999 -1496.000000 -548.000000 4079.000000
-0.690000 12.320000 85.849998 -328.000000 -295.000000 4267.000000
-0.540000 12.230000 85.800003 -679.000000 466.000000 4009.000000
-0.520000 12.420000 85.750000 -1357.000000 167.000000 3768.000000
-0.560000 12.610000 85.750000 -1666.000000 91.000000 3466.000000
-0.580000 12.560000 85.699997 -1340.000000 114.000000 3423.000000
-0.580000 12.190000 85.580002 -834.000000 179.000000 3629.000000
-0.610000 11.670000 85.470001 -639.000000 137.000000 4156.000000
-0.650000 10.970000 85.410004 69.000000 56.000000 4485.000000
-0.710000 10.250000 85.320000 656.000000 -59.000000 4833.000000
-0.750000 9.690000 85.190002 941.000000 -92.000000 5105.000000
-0.800000 9.390000 85.029999 880.000000 -187.000000 5111.000000
-0.860000 9.300000 84.790001 322.000000 -132.000000 4700.000000
-0.940000 9.340000 84.500000 237.000000 -246.000000 4718.000000
-0.990000 9.640000 84.250000 -24.000000 -88.000000 4192.000000
-0.990000 10.290000 83.980003 -900.000000 181.000000 3816.000000
-1.010000 11.000000 83.739998 -1360.000000 55.000000 3725.000000
-1.060000 11.570000 83.470001 -1312.000000 -47.000000 3668.000000
-1.160000 11.940000 83.160004 -1051.000000 -258.000000 3899.000000
-1.300000 12.200000 82.879997 -1037.000000 -435.000000 3809.000000
-1.420000 12.330000 82.580002 -852.000000 -437.000000 3917.000000
-1.450000 12.400000 82.309998 -612.000000 -218.000000 3847.000000
-1.440000 12.500000 82.070000 -591.000000 -12.000000 3865.000000
-1.440000 12.670000 81.820000 -634.000000 -25.000000 3943.000000
-1.510000 12.940000 81.559998 -680.000000 -177.000000 3837.000000
-1.600000 13.420000 81.309998 -1179.000000 -244.000000 3757.000000
-1.680000 13.960000 81.099998 -1639.000000 -314.000000 3857.000000
-1.770000 14.440000 80.889999 -1641.000000 -529.000000 3984.000000
-1.850000 14.820000 80.680000 -1466.000000 -607.000000 4148.000000
-1.850000 15.220000 80.500000 -1409.000000 -454.000000 4107.000000
-1.800000 15.770000 80.400002 -1599.000000 -339.000000 3911.000000
-1.690000 16.440001 80.360001 -1857.000000 -210.000000 3782.000000
-1.520000 17.139999 80.400002 -1985.000000 10.000000 3689.000000
-1.330000 17.840000 80.500000 -2185.000000 60.000000 3833.000000
-1.130000 18.500000 80.680000 -2446.000000 118.000000 3925.000000
-0.900000 19.080000 80.910004 -2593.000000 224.000000 4076.000000
-0.640000 19.570000 81.180000 -2364.000000 281.000000 4154.000000
-0.360000 19.969999 81.449997 -2004.000000 279.000000 4112.000000
-0.050000 20.320000 81.760002 -1628.000000 319.000000 3908.000000
0.280000 20.750000 82.110001 -1465.000000 340.000000 3647.000000
0.590000 21.379999 82.550003 -1709.000000 312.000000 3371.000000
0.870000 22.150000 83.080002 -2178.000000 264.000000 3208.000000
1.150000 22.950001 83.690002 -2637.000000 280.000000 3116.000000
1.450000 23.690001 84.339996 -3053.000000 322.000000 3189.000000
1.780000 24.250000 85.040001 -3042.000000 357.000000 3379.000000
2.130000 24.639999 85.790001 -2626.000000 426.000000 3536.000000
2.550000 24.870001 86.540001 -2066.000000 512.000000 3585.000000
3.000000 25.049999 87.330002 -1774.000000 610.000000 3544.000000
3.460000 25.230000 88.160004 -1690.000000 630.000000 3510.000000
3.910000 25.459999 89.000000 -1619.000000 614.000000 3566.000000
4.330000 25.760000 89.879997 -1618.000000 606.000000 3546.000000
4.730000 26.150000 90.779999 -1550.000000 539.000000 3415.000000
5.110000 26.660000 91.699997 -1829.000000 517.000000 3312.000000
5.460000 27.160000 92.669998 -1981.000000 497.000000 3364.000000
5.820000 27.620001 93.650002 -2001.000000 515.000000 3413.000000
6.160000 28.020000 94.610001 -2031.000000 487.000000 3472.000000
6.490000 28.320000 95.559998 -1904.000000 452.000000 3536.000000
6.810000 28.500000 96.489998 -1616.000000 470.000000 3541.000000
7.090000 28.580000 97.419998 -1283.000000 405.000000 3588.000000
7.360000 28.660000 98.320000 -1056.000000 430.000000 3698.000000
7.620000 28.870001 99.230003 -921.000000 410.000000 3747.000000
7.850000 29.250000 100.190002 -804.000000 325.000000 3781.000000
8.100000 29.840000 101.180000 -875.000000 383.000000 3818.000000
8.360000 30.639999 102.190002 -955.000000 379.000000 3893.000000
8.650000 31.690001 103.239998 -1022.000000 384.000000 3894.000000
8.970000 33.009998 104.339996 -1168.000000 424.000000 3926.000000
9.320000 34.590000 105.480003 -1282.000000 407.000000 3943.000000
9.700000 36.400002 106.669998 -1258.000000 421.000000 3747.000000
10.100000 38.430000 107.889999 -1230.000000 330.000000 3538.000000
10.570000 40.689999 109.190002 -1243.000000 302.000000 3163.000000
11.180000 43.220001 110.629997 -1340.000000 416.000000 2836.000000
11.970000 46.060001 112.250000 -1434.000000 476.000000 2376.000000
12.990000 49.310001 114.089996 -1935.000000 586.000000 2068.000000
14.190000 52.799999 116.150002 -2668.000000 579.000000 2121.000000
15.610000 56.330002 118.440002 -2930.000000 412.000000 1993.000000
17.410000 59.830002 121.089996 -2860.000000 434.000000 1788.000000
19.750000 63.310001 124.220001 -3121.000000 505.000000 1224.000000
22.760000 66.739998 127.980003 -3145.000000 378.000000 1075.000000
26.879999 70.070000 132.809998 -3380.000000 357.000000 619.000000
32.610001 73.190002 139.160004 -3492.000000 370.000000 347.000000
40.779999 75.989998 147.839996 -3509.000000 326.000000 316.000000
52.650002 78.339996 160.000000 -3531.000000 188.000000 524.000000
69.900002 80.000000 177.289993 -3188.000000 30.000000 621.000000
93.139999 80.629997 -159.500000 -3127.000000 -3.000000 374.000000
116.300003 79.930000 -135.759995 -3385.000000 111.000000 17.000000
133.199997 78.059998 -117.830002 -3733.000000 118.000000 -526.000000
143.979996 75.510002 -106.000000 -3877.000000 64.000000 -856.000000
151.080002 72.500000 -97.970001 -4042.000000 110.000000 -1845.000000
155.949997 69.239998 -92.309998 -4233.000000 120.000000 -2245.000000
159.360001 66.120003 -88.279999 -4602.000000 158.000000 -2095.000000
161.440002 63.520000 -85.739998 -4288.000000 56.000000 -2424.000000
163.149994 60.680000 -83.540001 -4234.000000 126.000000 -2004.000000
165.139999 57.200001 -80.970001 -4041.000000 140.000000 -1724.000000
166.440002 53.950001 -79.150002 -3715.000000 246.000000 -2144.000000
167.089996 51.540001 -78.169998 -3625.000000 -7.000000 -2447.000000
167.539993 49.349998 -77.430000 -4487.000000 386.000000 -2634.000000
167.860001 47.090000 -76.809998 -4012.000000 431.000000 -2725.000000
168.050003 45.130001 -76.379997 -3917.000000 315.000000 -2890.000000
168.199997 43.459999 -76.000000 -3722.000000 206.000000 -3046.000000
168.339996 41.630001 -75.680000 -3046.000000 146.000000 -3143.000000
168.449997 39.570000 -75.370003 -2589.000000 347.000000 -3263.000000
168.509995 37.599998 -75.129997 -2485.000000 416.000000 -3715.000000
168.479996 35.919998 -75.010002 -2414.000000 510.000000 -3898.000000
168.500000 34.430000 -74.849998 -2988.000000 493.000000 -3790.000000
168.529999 33.180000 -74.650002 -3529.000000 487.000000 -3588.000000
168.520004 32.320000 -74.570000 -3571.000000 468.000000 -3505.000000
168.470001 31.760000 -74.589996 -3166.000000 558.000000 -3645.000000
168.389999 31.260000 -74.699997 -2524.000000 685.000000 -3633.000000
168.339996 30.799999 -74.809998 -2223.000000 767.000000 -3553.000000
168.300003 30.410000 -74.900002 -1993.000000 796.000000 -3512.000000
168.250000 30.219999 -75.000000 -2108.000000 713.000000 -3539.000000
168.220001 30.150000 -75.070000 -2270.000000 625.000000 -3677.000000
168.149994 29.920000 -75.169998 -1865.000000 754.000000 -3759.000000
168.119995 29.610001 -75.230003 -1909.000000 785.000000 -3682.000000
168.100006 29.370001 -75.250000 -2164.000000 705.000000 -3577.000000
168.080002 29.219999 -75.269997 -2295.000000 681.000000 -3512.000000
168.050003 29.070000 -75.290001 -2352.000000 685.000000 -3484.000000
168.020004 28.959999 -75.330002 -2492.000000 732.000000 -3528.000000
167.990005 28.920000 -75.360001 -2456.000000 743.000000 -3662.000000
167.949997 28.910000 -75.430000 -2148.000000 801.000000 -3671.000000
167.889999 28.850000 -75.519997 -1638.000000 904.000000 -3691.000000
167.830002 28.840000 -75.610001 -1636.000000 903.000000 -3728.000000
167.779999 28.840000 -75.699997 -1883.000000 879.000000 -3659.000000
167.740005 28.809999 -75.750000 -2018.000000 816.000000 -3642.000000
167.679993 28.840000 -75.820000 -2138.000000 837.000000 -3619.000000
167.610001 28.850000 -75.889999 -2018.000000 831.000000 -3558.000000
167.539993 28.790001 -75.959999 -1859.000000 882.000000 -3538.000000
167.449997 28.770000 -76.040001 -1986.000000 882.000000 -3483.000000
167.360001 28.790001 -76.120003 -1947.000000 886.000000 -3508.000000
167.289993 28.820000 -76.190002 -1981.000000 846.000000 -3527.000000
167.210007 28.860001 -76.269997 -2011.000000 865.000000 -3528.000000
167.149994 28.940001 -76.349998 -2067.000000 807.000000 -3530.000000
167.110001 28.990000 -76.419998 -1955.000000 777.000000 -3519.000000
167.050003 29.040001 -76.500000 -1941.000000 835.000000 -3535.000000
166.979996 29.100000 -76.610001 -1959.000000 849.000000 -3576.000000
166.919998 29.139999 -76.690002 -1911.000000 850.000000 -3570.000000
166.860001 29.150000 -76.790001 -1956.000000 890.000000 -3547.000000
166.800003 29.180000 -76.860001 -1992.000000 871.000000 -3539.000000
166.740005 29.180000 -76.949997 -1867.000000 871.000000 -3532.000000
166.690002 29.129999 -77.040001 -1794.000000 880.000000 -3592.000000
166.639999 29.100000 -77.120003 -1915.000000 863.000000 -3464.000000
166.600006 29.040001 -77.180000 -1950.000000 867.000000 -3392.000000
166.559998 28.990000 -77.230003 -1914.000000 864.000000 -3353.000000
166.520004 29.010000 -77.290001 -1931.000000 821.000000 -3402.000000
166.490005 29.090000 -77.370003 -1969.000000 827.000000 -3520.000000
166.470001 29.150000 -77.419998 -2025.000000 833.000000 -3619.000000
166.460007 29.190001 -77.480003 -1993.000000 824.000000 -3664.000000
166.449997 29.250000 -77.529999 -1977.000000 819.000000 -3706.000000
166.429993 29.280001 -77.589996 -1860.000000 858.000000 -3646.000000
166.399994 29.260000 -77.629997 -1714.000000 898.000000 -3551.000000
166.360001 29.270000 -77.669998 -1814.000000 900.000000 -3427.000000
166.330002 29.270000 -77.699997 -1842.000000 845.000000 -3393.000000
166.309998 29.290001 -77.739998 -1895.000000 823.000000 -3431.000000
166.300003 29.350000 -77.779999 -2004.000000 811.000000 -3554.000000
166.289993 29.410000 -77.809998 -2037.000000 852.000000 -3632.000000
166.279999 29.440001 -77.849998 -2013.000000 877.000000 -3630.000000
166.259995 29.490000 -77.879997 -1975.000000 888.000000 -3664.000000
166.240005 29.559999 -77.930000 -1924.000000 876.000000 -3577.000000
166.220001 29.610001 -77.949997 -1892.000000 863.000000 -3439.000000
166.210007 29.629999 -77.970001 -1798.000000 825.000000 -3313.000000
166.199997 29.629999 -77.989998 -1792.000000 875.000000 -3301.000000
166.199997 29.650000 -77.989998 -1880.000000 848.000000 -3343.000000
166.199997 29.690001 -78.010002 -1972.000000 854.000000 -3509.000000
166.199997 29.740000 -78.050003 -2070.000000 903.000000 -3649.000000
166.199997 29.770000 -78.059998 -2085.000000 913.000000 -3752.000000
166.199997 29.830000 -78.059998 -2174.000000 890.000000 -3736.000000
166.190002 29.910000 -78.089996 -2118.000000 921.000000 -3637.000000
166.169998 29.980000 -78.110001 -2096.000000 912.000000 -3530.000000
166.139999 30.090000 -78.150002 -2145.000000 903.000000 -3499.000000
166.119995 30.209999 -78.199997 -2089.000000 891.000000 -3551.000000
166.110001 30.340000 -78.239998 -2158.000000 912.000000 -3748.000000
166.100006 30.520000 -78.290001 -2454.000000 910.000000 -4095.000000
166.029999 30.900000 -78.400002 -2853.000000 1048.000000 -4252.000000
165.919998 31.400000 -78.550003 -2929.000000 1102.000000 -4143.000000
165.800003 32.080002 -78.720001 -3011.000000 1050.000000 -3855.000000
165.610001 33.000000 -78.970001 -2909.000000 1036.000000 -3815.000000
165.330002 34.130001 -79.309998 -2813.000000 1098.000000 -3806.000000
165.009995 35.290001 -79.699997 -2544.000000 1162.000000 -3706.000000
164.660004 36.480000 -80.129997 -2210.000000 1189.000000 -3675.000000
164.270004 37.779999 -80.580002 -2154.000000 1195.000000 -3829.000000
163.800003 39.080002 -81.059998 -2008.000000 1284.000000 -3828.000000
163.339996 40.279999 -81.449997 -2369.000000 1382.000000 -3053.000000
162.839996 41.619999 -81.860001 -3018.000000 1465.000000 -2842.000000
162.250000 43.150002 -82.339996 -3042.000000 1405.000000 -2862.000000
161.550003 44.639999 -82.989998 -2227.000000 1182.000000 -3618.000000
160.860001 45.889999 -83.540001 -2129.000000 1426.000000 -3589.000000
160.350006 46.799999 -83.860001 -2432.000000 1627.000000 -3666.000000
159.789993 47.880001 -84.209999 -3203.000000 1634.000000 -3771.000000
159.029999 49.259998 -84.769997 -3723.000000 1497.000000 -3771.000000
158.270004 50.630001 -85.330002 -3756.000000 1433.000000 -3669.000000
157.369995 52.139999 -86.029999 -3855.000000 1583.000000 -3134.000000
156.210007 53.959999 -87.040001 -3838.000000 1547.000000 -2955.000000
154.729996 56.040001 -88.400002 -3863.000000 1371.000000 -2930.000000
152.970001 58.240002 -90.110001 -3678.000000 1376.000000 -2829.000000
150.839996 60.520000 -92.199997 -3361.000000 1391.000000 -2753.000000
148.240005 62.860001 -94.809998 -3433.000000 1231.000000 -2645.000000
145.190002 65.150002 -97.870003 -3616.000000 1115.000000 -2701.000000
141.539993 67.320000 -101.550003 -3322.000000 1258.000000 -2576.000000
137.029999 69.449997 -106.129997 -2998.000000 1394.000000 -2168.000000
131.369995 71.529999 -111.870003 -3002.000000 1151.000000 -1583.000000
124.309998 73.389999 -119.029999 -3052.000000 920.000000 -1060.000000
115.250000 74.970001 -128.259995 -3199.000000 1067.000000 -754.000000
103.699997 76.120003 -139.960007 -3010.000000 871.000000 -464.000000
90.779999 76.669998 -152.910004 -3265.000000 810.000000 -487.000000
77.900002 76.620003 -165.660004 -3260.000000 960.000000 -64.000000
66.309998 75.940002 -177.070007 -2437.000000 1209.000000 -87.000000
56.049999 74.690002 172.949997 -1635.000000 1204.000000 205.000000
48.040001 73.250000 165.190002 -2200.000000 962.000000 263.000000
41.580002 71.709999 159.009995 -3144.000000 710.000000 292.000000
36.299999 70.050003 153.960007 -3652.000000 644.000000 541.000000
31.799999 68.190002 149.639999 -3195.000000 712.000000 818.000000
27.959999 66.139999 145.970001 -2639.000000 730.000000 1232.000000
24.889999 64.070000 143.039993 -2630.000000 869.000000 1506.000000
22.320000 62.020000 140.710007 -2656.000000 922.000000 1635.000000
20.100000 60.000000 138.789993 -2558.000000 861.000000 1732.000000
18.080000 58.060001 137.130005 -2606.000000 765.000000 1779.000000
16.260000 56.230000 135.720001 -2638.000000 735.000000 1874.000000
14.570000 54.470001 134.490005 -2548.000000 661.000000 1996.000000
12.920000 52.849998 133.309998 -2661.000000 336.000000 2008.000000
11.390000 51.389999 132.289993 -2897.000000 336.000000 2166.000000
9.920000 49.990002 131.360001 -2770.000000 289.000000 2151.000000
8.480000 48.590000 130.460007 -2629.000000 142.000000 2188.000000
7.070000 47.160000 129.600006 -2855.000000 25.000000 2347.000000
5.700000 45.580002 128.809998 -2701.000000 -34.000000 2525.000000
4.380000 43.849998 128.039993 -2244.000000 -93.000000 2572.000000
3.090000 42.060001 127.320000 -1571.000000 -256.000000 2499.000000
1.880000 40.490002 126.680000 -1532.000000 -393.000000 2579.000000
0.740000 39.189999 126.099998 -1808.000000 -548.000000 2735.000000
-0.330000 38.060001 125.559998 -2215.000000 -735.000000 2762.000000
-1.330000 36.939999 125.050003 -2375.000000 -663.000000 2983.000000
-2.240000 35.700001 124.599998 -2307.000000 -678.000000 3381.000000
-3.100000 34.270000 124.160004 -1862.000000 -678.000000 3681.000000
-3.920000 32.750000 123.739998 -1397.000000 -810.000000 3614.000000
-4.720000 31.290001 123.330002 -1172.000000 -980.000000 3507.000000
-5.510000 29.930000 122.949997 -899.000000 -1139.000000 3566.000000
-6.260000 28.809999 122.580002 -874.000000 -1229.000000 3563.000000
-6.970000 28.030001 122.230003 -1488.000000 -1257.000000 3498.000000
-7.620000 27.410000 121.910004 -1980.000000 -1249.000000 3334.000000
-8.200000 26.680000 121.629997 -2251.000000 -1257.000000 3475.000000
-8.720000 25.620001 121.430000 -1728.000000 -1232.000000 3714.000000
-9.220000 24.360001 121.309998 -1283.000000 -1332.000000 3968.000000
-9.680000 23.070000 121.239998 -1011.000000 -1343.000000 4154.000000
-10.110000 21.910000 121.209999 -645.000000 -1350.000000 4339.000000
-10.550000 21.030001 121.180000 -795.000000 -1331.000000 4181.000000
-10.980000 20.379999 121.139999 -1118.000000 -1256.000000 3938.000000
-11.390000 19.840000 121.129997 -1289.000000 -1226.000000 3825.000000
-11.780000 19.219999 121.139999 -1388.000000 -1350.000000 3969.000000
-12.130000 18.500000 121.199997 -1238.000000 -1428.000000 4012.000000
-12.460000 17.740000 121.279999 -1223.000000 -1669.000000 4284.000000
-12.650000 16.969999 121.410004 -2026.000000 -1660.000000 4107.000000
-12.710000 15.800000 121.660004 -1014.000000 -1292.000000 4426.000000
-12.710000 14.390000 121.910004 480.000000 -904.000000 4613.000000
-12.740000 13.250000 122.089996 307.000000 -1015.000000 4674.000000
-12.810000 12.480000 122.220001 -352.000000 -1291.000000 4563.000000
-12.870000 11.870000 122.330002 -746.000000 -1275.000000 4723.000000
-12.880000 11.340000 122.430000 -802.000000 -1159.000000 4788.000000
-12.870000 10.900000 122.500000 -590.000000 -1101.000000 4431.000000
-12.840000 10.560000 122.519997 -561.000000 -957.000000 4140.000000
-12.820000 10.300000 122.540001 -646.000000 -888.000000 3881.000000
-12.830000 10.040000 122.570000 -756.000000 -915.000000 3807.000000
-12.890000 9.780000 122.639999 -921.000000 -968.000000 3754.000000
-12.970000 9.510000 122.720001 -808.000000 -985.000000 3775.000000
-13.080000 9.260000 122.769997 -518.000000 -984.000000 3621.000000
-13.200000 9.050000 122.779999 -502.000000 -1307.000000 3791.000000
-13.200000 8.900000 122.769997 -482.000000 -721.000000 3575.000000
-13.210000 8.770000 122.750000 -542.000000 -829.000000 3803.000000
-13.190000 8.670000 122.720001 -487.000000 -730.000000 3991.000000
-13.180000 8.610000 122.680000 -502.000000 -664.000000 3947.000000
-13.220000 8.600000 122.629997 -479.000000 -852.000000 3887.000000
-13.280000 8.680000 122.559998 -718.000000 -913.000000 3921.000000
-13.370000 8.790000 122.489998 -626.000000 -921.000000 3879.000000
-13.480000 8.940000 122.419998 -527.000000 -911.000000 3819.000000
-13.600000 9.170000 122.330002 -732.000000 -868.000000 3646.000000
-13.730000 9.430000 122.250000 -840.000000 -777.000000 3537.000000
-13.890000 9.640000 122.169998 -1456.000000 -1192.000000 3711.000000
-13.910000 9.550000 122.160004 -929.000000 -1020.000000 4517.000000
-13.920000 9.150000 122.199997 91.000000 -753.000000 4521.000000
-13.990000 8.930000 122.209999 -464.000000 -1080.000000 4417.000000
-14.070000 8.870000 122.199997 -955.000000 -1158.000000 4222.000000
-14.130000 8.720000 122.220001 -737.000000 -1152.000000 4322.000000
-14.190000 8.440000 122.290001 -476.000000 -1129.000000 4248.000000
-14.270000 8.080000 122.410004 -292.000000 -1116.000000 4188.000000
-14.380000 7.660000 122.580002 -117.000000 -1299.000000 4185.000000
-14.480000 7.210000 122.769997 11.000000 -1422.000000 4303.000000
-14.610000 6.800000 122.959999 201.000000 -1547.000000 4437.000000
-14.760000 6.550000 123.150002 32.000000 -1781.000000 4446.000000
-14.920000 6.450000 123.339996 -136.000000 -1958.000000 4581.000000
-15.090000 6.530000 123.519997 -301.000000 -2132.000000 4467.000000
-15.240000 6.730000 123.709999 -327.000000 -2232.000000 4330.000000
-15.330000 6.890000 123.900002 104.000000 -2335.000000 4395.000000
-15.350000 7.080000 124.080002 394.000000 -2440.000000 4385.000000
-15.260000 7.360000 124.260002 447.000000 -2620.000000 4468.000000
-15.010000 7.740000 124.459999 219.000000 -2813.000000 4756.000000
-14.610000 8.210000 124.699997 -62.000000 -3038.000000 4841.000000
-14.050000 8.790000 124.949997 -270.000000 -3173.000000 4689.000000
-13.370000 9.500000 125.199997 -171.000000 -3083.000000 4372.000000
-12.590000 10.330000 125.480003 -219.000000 -2896.000000 4162.000000
-11.740000 11.210000 125.830002 -304.000000 -2593.000000 3878.000000
-10.850000 12.070000 126.230003 -314.000000 -2348.000000 3717.000000
-9.940000 12.850000 126.680000 -375.000000 -2184.000000 3593.000000
-9.040000 13.530000 127.160004 -327.000000 -2146.000000 3467.000000
-8.150000 14.100000 127.660004 -414.000000 -2196.000000 3413.000000
-7.270000 14.580000 128.149994 -755.000000 -2281.000000 3410.000000
-6.390000 15.010000 128.630005 -745.000000 -2058.000000 3191.000000
-5.510000 15.450000 129.070007 -593.000000 -1442.000000 3099.000000
-4.590000 15.950000 129.470001 -505.000000 -835.000000 3018.000000
-3.680000 16.500000 129.820007 -580.000000 -553.000000 2962.000000
-2.850000 17.059999 130.070007 -746.000000 -542.000000 2911.000000
-2.110000 17.580000 130.220001 -1009.000000 -666.000000 2915.000000
-1.460000 18.020000 130.289993 -1255.000000 -860.000000 2926.000000
-0.900000 18.340000 130.309998 -1025.000000 -913.000000 2678.000000
-0.380000 18.620001 130.289993 -829.000000 -615.000000 2554.000000
0.180000 18.950001 130.259995 -1009.000000 -61.000000 2468.000000
0.750000 19.379999 130.179993 -1244.000000 363.000000 2529.000000
1.300000 19.889999 130.029999 -1570.000000 583.000000 2533.000000
1.810000 20.360001 129.759995 -1653.000000 749.000000 2502.000000
2.240000 20.690001 129.350006 -1583.000000 775.000000 2652.000000
2.560000 20.900000 128.820007 -1431.000000 533.000000 2748.000000
2.750000 21.059999 128.179993 -1467.000000 244.000000 2684.000000
2.880000 21.219999 127.489998 -1586.000000 276.000000 2682.000000
3.010000 21.430000 126.779999 -1622.000000 715.000000 2498.000000
3.140000 21.680000 126.059998 -1866.000000 1278.000000 2575.000000
3.230000 21.959999 125.300003 -2207.000000 1545.000000 2614.000000
3.280000 22.160000 124.470001 -2369.000000 1537.000000 2653.000000
3.290000 22.190001 123.550003 -2434.000000 1502.000000 2975.000000
3.240000 22.020000 122.570000 -2338.000000 1302.000000 3301.000000
3.120000 21.750000 121.550003 -2306.000000 979.000000 3580.000000
2.940000 21.480000 120.519997 -2039.000000 764.000000 3438.000000
2.770000 21.320000 119.529999 -2017.000000 889.000000 3227.000000
2.640000 21.290001 118.599998 -2058.000000 1358.000000 3121.000000
2.540000 21.420000 117.730003 -2211.000000 1853.000000 3150.000000
2.440000 21.629999 116.910004 -2566.000000 1963.000000 3210.000000
2.330000 21.830000 116.089996 -2892.000000 1875.000000 3300.000000
2.200000 21.889999 115.269997 -3209.000000 1788.000000 3793.000000
2.060000 21.809999 114.470001 -3027.000000 1492.000000 3850.000000
1.950000 21.620001 113.699997 -2453.000000 1413.000000 3747.000000
1.890000 21.389999 112.959999 -2152.000000 1455.000000 3598.000000
1.880000 21.160000 112.260002 -2211.000000 1491.000000 3446.000000
1.920000 20.969999 111.610001 -2234.000000 1664.000000 3397.000000
2.000000 20.809999 111.019997 -2134.000000 1888.000000 3385.000000
2.110000 20.670000 110.519997 -1993.000000 2029.000000 3353.000000
2.210000 20.559999 110.080002 -1746.000000 2104.000000 3260.000000
2.300000 20.480000 109.690002 -1559.000000 2145.000000 3346.000000
2.360000 20.389999 109.339996 -1516.000000 1991.000000 3331.000000
2.380000 20.360001 109.040001 -1439.000000 1854.000000 3141.000000
2.380000 20.350000 108.760002 -1511.000000 1726.000000 3157.000000
2.350000 20.320000 108.510002 -1696.000000 1540.000000 3548.000000
2.290000 20.230000 108.300003 -2198.000000 1238.000000 4547.000000
2.320000 19.980000 108.110001 -3611.000000 1003.000000 6229.000000
2.510000 19.469999 107.910004 -5570.000000 988.000000 7146.000000
2.810000 18.940001 107.860001 -3761.000000 817.000000 5964.000000
