6.01448 -1.403673 -60.378124
6.008466 -1.409676 -60.372998
6.023916 -1.435907 -60.347388
6.003787 -1.426925 -60.323219
6.015558 -1.415968 -60.333413
6.019692 -1.382728 -60.399195
6.027244 -1.387717 -60.369131
6.013112 -1.372733 -60.33007
6.013112 -1.372732 -60.320076
6.019358 -1.365674 -60.325243
6.028795 -1.398702 -60.313925
5.996622 -1.402554 -60.318892
5.971525 -1.413495 -60.273692
5.951822 -1.404052 -60.238432
5.912315 -1.401891 -60.253546
5.886135 -1.399756 -60.163661
5.86257 -1.422574 -60.132744
5.859355 -1.3825 -60.189176
5.832344 -1.365502 -60.175192
5.847002 -1.377611 -60.174952
5.890753 -1.41569 -60.18359
5.907479 -1.438302 -60.097083
5.934551 -1.491582 -60.048873
5.876999 -1.458018 -59.962449
5.793824 -1.3354 -59.939261
5.748737 -1.296835 -59.71321
5.818876 -1.539739 -59.389666
5.962485 -1.954037 -58.942051
6.062011 -2.432166 -58.404991
6.166145 -2.895774 -57.946534
6.320631 -3.032701 -57.821404
6.535296 -2.935962 -57.980953
6.911628 -2.449665 -58.680689
7.789563 -1.686536 -60.038572
9.261966 -1.202908 -61.68292
10.976988 -1.018266 -63.342025
13.012324 -1.375825 -64.903743
14.66105 -1.709183 -66.284187
16.425515 -2.156972 -67.922757
18.588132 -2.894248 -69.966098
20.319571 -3.67234 -71.706435
20.25798 -3.980431 -71.417544
20.303572 -3.427116 -72.025843
19.473102 -2.128306 -72.032867
18.100217 -1.001806 -71.05307
16.774276 -0.093122 -69.967097
15.493836 0.388511 -68.629434
14.319512 0.342694 -66.967909
13.211573 -0.006415 -65.173891
12.268352 -0.73557 -63.327951
11.573006 -1.742108 -61.628271
11.016225 -2.805523 -60.141785
10.531461 -3.857836 -58.942124
10.085708 -4.76959 -58.02587
9.697899 -5.505741 -57.423994
9.318833 -5.997336 -57.168281
9.035194 -6.232499 -57.153306
8.779972 -6.175963 -57.339581
8.796749 -5.658979 -57.787429
9.271825 -4.934482 -58.400847
9.913121 -4.410952 -58.908089
10.6934 -4.207219 -59.113348
11.585599 -4.148732 -59.134495
12.475262 -4.108983 -59.071431
13.259796 -3.967228 -59.083513
13.86196 -3.644999 -59.256504
14.300629 -3.126882 -59.72954
14.591312 -2.364503 -60.387845
14.885918 -1.38687 -61.378545
15.186933 -0.256892 -62.535317
15.446208 0.970166 -63.736734
15.579587 2.268457 -65.01357
15.443862 3.639584 -66.275395
14.923768 5.132532 -67.57664
13.969676 6.661926 -68.792971
12.764021 8.178198 -69.838905
11.602242 9.737898 -70.879824
10.740763 11.364189 -71.924515
10.180268 12.927502 -72.953869
9.869344 14.390943 -73.920591
9.657413 15.69742 -74.79899
9.382492 16.867215 -75.572253
8.88526 17.949908 -76.221493
7.97156 18.982263 -76.773912
6.69156 19.917095 -77.123901
5.346917 20.784633 -77.358175
4.093768 21.751163 -77.563295
3.850595 22.869894 -78.537093
4.553337 23.580103 -79.716392
5.248517 24.074397 -80.60866
5.472166 24.270888 -80.901016
5.14008 24.073172 -80.396202
3.095718 23.941083 -78.986845
1.16033 24.008989 -77.893585
-0.535865 24.111892 -77.089709
-1.617462 24.197009 -76.69415
-2.240065 24.773179 -77.001819
-3.267058 24.774553 -76.41469
-4.075159 24.443252 -75.742123
-3.915783 24.15136 -75.568533
-4.919919 24.735419 -75.2424
-5.471712 24.375387 -74.8909
-4.877243 24.512981 -75.228955
-5.468111 24.865795 -75.36472
-5.670594 24.368135 -74.947917
-6.070821 23.874914 -74.405063
-7.060255 23.590228 -73.524586
-6.210368 23.559329 -73.636337
-5.626672 23.988657 -73.646639
-6.522169 23.450557 -72.854532
-5.768433 23.395024 -72.972835
-5.641944 23.854613 -72.82444
-6.802393 23.977996 -72.126043
-7.614325 23.621659 -71.343729
-8.27322 23.18632 -70.657648
-7.922901 22.621718 -70.262781
-7.074676 22.381817 -70.251238
-6.731879 21.938023 -70.404622
-6.637395 21.462793 -69.655042
-7.049261 21.10705 -69.161773
-7.479612 20.792837 -68.589399
-8.177986 20.872964 -67.973086
-7.826848 21.465141 -67.832609
-7.624128 22.085072 -67.807912
-7.468866 22.666395 -67.698118
-7.722566 23.219315 -67.522503
-6.736348 23.427926 -67.731757
-6.135685 23.778863 -67.660775
-6.621373 23.670296 -67.288435
-7.245627 23.517543 -66.602222
-7.793224 23.582668 -65.966817
-8.338237 23.576368 -65.251976
-8.826856 23.558795 -64.528578
-9.293976 23.444549 -63.72432
-9.817237 23.114198 -62.97677
-10.384703 22.880499 -62.245848
-10.893342 22.766077 -61.564947
-11.425825 22.55024 -60.907622
-11.973013 22.360822 -60.312819
-12.495759 22.289285 -60.002819
-12.970881 22.656345 -59.798051
-13.117179 23.286157 -60.070313
-13.03625 24.019867 -60.715414
-12.6137 24.793788 -61.722433
-11.879409 25.558068 -62.986379
-10.891018 26.29717 -64.644586
-9.780727 27.030036 -66.417516
-8.51322 27.699877 -68.436932
-7.186504 28.274235 -70.737993
-5.886842 28.811281 -73.328015
-4.526518 29.419274 -76.423893
-3.009295 30.070061 -80.057169
-1.180346 30.688734 -84.413753
0.988024 31.198289 -89.553208
3.655836 31.635639 -95.741692
6.840856 31.967653 -103.062594
10.490821 32.087723 -111.358427
14.551295 31.944044 -120.624519
18.974186 31.487846 -131.229375
23.743322 30.624106 -143.328718
28.5914 29.108483 -156.855542
33.197401 26.650351 -171.84568
37.267081 22.797618 171.473488
40.441152 16.849466 152.644533
42.244133 7.938162 131.420734
42.274732 -4.366433 106.957588
39.968018 -18.079233 78.408848
34.588505 -28.414508 44.977224
25.436693 -33.03684 6.648124
12.797683 -33.972133 -34.433092
-1.386197 -33.049031 -75.154686
-13.944805 -30.971407 -111.445614
-23.306932 -27.680157 -141.854715
-29.435694 -23.135395 -166.523675
-33.106022 -17.35415 173.101173
-34.914433 -10.781361 156.192483
-35.290311 -4.046404 141.974782
-34.681923 2.172718 129.850585
-33.417038 7.563686 119.389939
-31.719476 11.985379 110.333855
-29.764125 15.477813 102.505953
-27.785756 18.034906 95.986245
-25.826721 20.038582 90.279454
-24.109317 21.748543 85.619154
-22.115018 23.12952 80.771373
-20.571022 23.951011 77.10976
-18.763866 24.753857 73.192448
-17.105441 25.271887 69.66289
-15.325133 25.596228 66.171357
-13.76267 25.935311 63.288775
-12.285622 26.197363 60.675278
-11.005821 26.331247 58.489679
-9.821159 26.510955 56.557091
-8.586823 26.894814 54.912238
-7.319382 27.166138 53.221869
-6.150912 27.342692 51.704248
-5.049651 27.522336 50.26665
-3.958714 27.699257 48.952979
-2.79815 27.77669 47.419713
-1.68857 27.817963 45.971796
-0.524233 27.918584 44.697351
0.619784 28.049608 43.501163
1.358713 28.199846 42.76598
2.016011 28.3147 42.345271
2.498626 28.504104 42.193463
3.228313 28.190489 40.861654
4.217689 27.842058 39.449494
5.074494 27.681075 38.823009
5.861471 27.697587 38.631991
6.50588 27.467399 37.978198
7.12423 27.253876 37.381031
7.461699 27.21182 37.402931
7.643956 27.333362 37.768414
7.74507 27.301267 37.67241
7.71564 27.311211 37.761694
7.606671 27.383067 38.1392
7.410887 27.37146 38.595321
7.238733 27.230208 38.723394
7.192533 27.057878 38.614274
7.256374 26.988589 38.739658
7.349512 27.002011 38.929785
7.42763 26.944497 38.88754
7.541453 26.895264 38.782319
7.491899 26.949402 39.075557
7.450181 27.015578 39.328544
7.451381 26.98584 39.452988
7.511228 26.92995 39.465071
7.454386 26.895796 39.704331
7.340034 26.88491 40.001703
7.165177 26.769765 40.253427
6.93267 26.624771 40.433941
6.82834 26.510586 40.600884
6.791868 26.433425 40.761009
6.715639 26.349733 40.974569
6.554269 26.313986 41.26918
6.400879 26.356095 41.591962
6.216648 26.435323 41.944742
6.038845 26.467703 42.225797
5.844076 26.476372 42.498662
5.536322 26.501686 42.89421
5.288463 26.522082 43.210496
5.037445 26.511018 43.424925
4.835509 26.474914 43.531451
4.695339 26.465353 43.588621
4.641544 26.470448 43.563796
4.650476 26.459838 43.45103
4.732358 26.419136 43.249051
4.787051 26.362793 43.165044
4.774803 26.327772 43.239836
4.833694 26.296509 43.206936
4.916424 26.243213 43.186628
5.06669 26.167114 43.073729
5.236639 26.138055 42.995123
5.43924 26.117851 42.835305
5.720147 26.113163 42.619401
6.042105 26.066274 42.38744
6.292104 26.005637 42.288132
6.440806 25.941487 42.31751
6.52835 25.869079 42.361841
6.463971 25.793941 42.596859
6.414015 25.738225 42.789785
6.360017 25.742996 43.001496
6.407974 25.774726 43.07223
6.429936 25.803366 43.20554
6.420886 25.797661 43.357271
6.542322 25.79346 43.382797
6.609534 25.792386 43.470838
6.670886 25.774308 43.548685
6.761757 25.773113 43.642817
6.867268 25.766884 43.721359
6.943238 25.758559 43.813712
6.964256 25.760859 44.008753
6.905202 25.796668 44.236315
6.851713 25.860364 44.45014
6.748355 25.901084 44.657496
6.696326 25.96624 44.790792
6.673001 26.020553 44.93228
6.679001 26.029117 45.02392
6.668947 25.99199 45.07853
6.718598 25.926266 45.095819
6.768461 25.888409 45.130621
6.773753 25.85599 45.217649
6.749023 25.814284 45.354576
6.751406 25.838994 45.545039
6.810633 25.898718 45.641541
6.849325 25.997962 45.816641
6.903141 26.058845 45.878209
6.966827 26.078978 45.917669
6.994801 26.094833 46.001142
7.015906 26.095502 46.064267
7.050695 26.072519 46.120901
7.147409 26.02764 46.073501
7.285427 25.957615 45.970424
7.411562 25.92837 45.949514
7.495819 25.879974 45.958699
7.559519 25.819501 45.964369
7.496424 25.736939 46.081584
7.419601 25.721718 46.272108
7.254523 25.771021 46.535618
7.294352 25.826541 46.580752
7.37587 25.854405 46.547313
7.445548 25.875254 46.551229
7.529202 25.858751 46.550516
7.648604 25.839722 46.492832
7.706496 25.815061 46.538135
7.751483 25.773124 46.574169
7.782481 25.773578 46.677229
7.84551 25.795308 46.733128
7.872704 25.814555 46.802782
7.854498 25.840633 46.897969
7.846551 25.869503 46.98829
7.863052 25.870797 47.043357
7.873014 25.84553 47.093461
7.871576 25.809001 47.189207
7.905556 25.775543 47.225566
7.874591 25.740574 47.373118
7.858903 25.728014 47.495952
7.878333 25.72334 47.577029
7.857622 25.711127 47.638645
7.834332 25.729878 47.699329
7.767587 25.769879 47.856483
7.742471 25.79886 47.960406
7.863405 25.799269 47.853448
7.975931 25.772323 47.812651
8.042613 25.766915 47.820683
8.077383 25.758965 47.89774
8.095409 25.743194 47.971715
8.072594 25.736974 48.08187
8.013484 25.719441 48.199768
7.955236 25.699006 48.275596
7.926035 25.712421 48.363762
7.98804 25.717134 48.296744
7.945043 25.740765 48.413732
8.030265 25.77357 48.396463
8.112233 25.758501 48.397333
8.172539 25.745562 48.412365
8.150809 25.729148 48.532931
8.160044 25.713054 48.583396
8.205627 25.710052 48.576025
8.233392 25.707428 48.615177
8.214106 25.71105 48.705132
8.17178 25.712708 48.887554
8.157022 25.704665 48.997758
8.051281 25.70986 49.251141
8.00278 25.771897 49.429416
7.869844 25.805482 49.68407
7.818305 25.855962 49.890328
7.767194 25.927101 50.139405
7.535204 26.022062 50.619676
7.373369 26.196079 51.067848
7.086248 26.235519 51.578421
6.772121 26.234424 52.055527
6.627168 26.185922 52.365604
6.421036 26.001953 52.646793
6.046354 25.665156 53.047904
5.554884 25.299254 53.633473
4.822095 24.919986 54.55376
4.06366 24.568072 55.540053
3.381501 24.37453 56.486673
2.686941 24.376162 57.661977
1.814097 24.511055 59.22148
0.887472 24.609588 60.788796
-0.114857 24.615923 62.406101
-0.830457 24.848557 64.089495
-1.310413 24.872321 65.347319
-2.852347 24.962718 68.192211
-4.887442 25.025443 71.954411
-7.01898 24.694896 75.513454
-8.898349 24.261874 78.6986
-11.061173 23.864532 82.658222
-13.541559 23.330392 87.443862
-16.15749 22.425866 92.709682
-18.818871 21.167063 98.366287
-21.691783 19.344208 104.804073
-24.744498 16.632411 112.191805
-27.556682 12.781741 120.187679
-29.858514 7.609231 128.813929
-31.225837 1.024643 137.681661
-31.469568 -6.457236 146.867174
-30.203512 -13.668353 155.215317
-27.53664 -19.770912 162.393546
-23.761391 -24.819629 168.665029
-19.258964 -28.635818 173.110604
-14.354072 -31.588694 175.148727
-9.525347 -33.595198 172.968373
-5.156341 -34.399897 165.485244
-1.24841 -33.584057 152.956199
2.189171 -31.40384 135.074565
5.26361 -29.367333 112.039959
7.96351 -29.100861 90.084276
10.335706 -30.169179 71.228879
12.474719 -31.703848 54.095836
14.199267 -32.755731 40.137377
15.314034 -33.010504 29.784481
15.894839 -32.848228 22.728857
15.997041 -32.414607 17.288857
15.893779 -31.840041 12.461856
15.670323 -31.07411 7.840656
15.47176 -30.326099 3.677931
15.331507 -29.67938 0.202214
15.124957 -29.289621 -2.410934
14.822261 -29.010479 -4.666837
14.402285 -28.816093 -6.670218
13.899115 -28.774801 -8.391007
13.39332 -28.907718 -9.884246
12.588905 -29.001263 -11.416082
11.297824 -28.988103 -12.892293
9.591959 -28.861941 -14.22878
7.713169 -28.597412 -15.538278
6.001399 -28.250671 -16.898897
4.66583 -27.919386 -18.350719
3.795723 -27.691573 -19.808378
3.217441 -27.667429 -21.148113
2.647278 -27.756527 -22.420375
1.907402 -27.906894 -23.516007
0.904969 -27.904969 -24.634579
-0.388377 -27.679841 -25.785215
-1.835847 -27.266293 -26.831478
-3.261368 -26.747478 -27.778726
-4.479485 -26.17044 -28.653839
-5.340408 -25.643658 -29.491012
-5.836802 -25.257873 -30.195117
-6.148221 -25.063273 -30.849453
-6.577722 -24.999924 -31.497243
-7.243513 -24.961108 -32.053781
-8.195052 -24.811398 -32.600844
-9.302144 -24.464708 -33.066912
-10.426417 -23.794883 -33.47819
-11.46139 -22.887277 -33.721567
-12.263544 -21.81359 -33.929444
-12.806721 -20.774896 -34.078534
-13.123292 -20.008062 -34.222253
-13.120334 -19.629016 -34.336139
-12.870336 -19.591018 -34.428232
-12.46733 -19.893815 -34.506822
-12.135214 -20.345937 -34.589647
-11.906062 -20.828401 -34.686702
-11.746042 -21.223849 -34.841847
-11.740011 -21.462654 -34.967045
-11.931218 -21.502988 -35.129086
-12.251888 -21.391011 -35.230386
-12.514732 -21.163859 -35.28734
-12.774815 -20.857566 -35.345406
-13.164288 -20.64321 -35.392045
-13.446642 -20.628087 -35.416209
-13.519946 -20.705274 -35.373967
-13.560566 -20.680916 -35.335538
-13.775087 -20.327468 -35.353952
-13.75814 -20.01693 -35.385097
-13.349626 -20.028965 -35.233427
-12.878244 -20.126156 -35.032055
-12.331192 -20.052131 -34.989996
-11.695362 -20.412383 -34.92356
-11.306302 -20.793319 -34.898259
-11.154565 -21.039426 -34.995443
-11.00628 -21.163833 -35.161806
-10.442933 -21.343797 -35.354364
-9.654055 -21.028667 -35.627851
-10.142726 -20.423798 -35.890489
-11.125203 -20.403626 -35.910647
-11.825466 -20.57138 -35.932443
-12.216561 -20.440571 -35.965396
-12.240013 -19.77351 -36.047075
-12.647074 -19.318115 -36.108909
-13.093335 -19.233558 -36.095857
-13.169838 -19.218981 -36.07409
-12.840911 -19.125423 -36.116524
-12.692838 -19.075531 -36.082919
-12.752611 -19.083563 -36.023163
-12.913833 -19.101729 -36.019554
-13.044434 -19.058365 -36.092817
-13.05441 -19.028317 -36.143108
-13.15395 -18.959681 -36.252163
-13.340555 -18.844262 -36.387576
-13.180134 -18.889836 -36.508173
-12.783146 -18.98543 -36.608602
-12.411992 -19.022386 -36.774474
-12.287416 -18.983415 -36.965944
-12.182714 -18.919254 -37.116403
-12.193299 -18.674445 -37.319109
-12.481755 -18.226228 -37.578431
-12.91027 -17.757237 -37.813107
-13.00349 -17.584452 -38.002453
-12.344243 -17.014283 -38.375722
-11.649196 -16.523632 -38.761952
-11.4907 -16.481858 -39.006769
-11.834048 -16.852266 -39.134128
-12.202495 -17.05473 -39.293956
-12.466888 -16.97297 -39.51973
-12.69508 -16.766476 -39.673132
-13.062678 -16.447058 -39.889219
-13.40908 -16.109931 -40.04691
-13.537213 -15.727238 -40.189751
-13.364478 -15.310365 -40.398182
-12.927645 -14.985737 -40.66923
-12.148404 -14.71805 -40.927848
-11.133787 -14.343816 -41.22684
-9.946998 -13.73558 -41.577888
-9.008112 -12.857947 -41.965286
-8.002141 -12.17325 -42.284954
-6.956761 -11.715585 -42.5722
-5.692587 -11.606211 -42.778837
-4.443065 -11.649215 -42.961713
-3.34321 -11.585797 -43.237523
-2.428273 -11.37498 -43.596741
-1.618804 -11.018367 -44.031717
-0.870982 -10.568817 -44.46619
-0.179661 -10.012155 -44.902382
0.480604 -9.34404 -45.385815
1.141416 -8.589264 -45.916274
1.862051 -7.813834 -46.44303
2.633193 -7.023898 -46.974872
3.46464 -6.259178 -47.527173
4.396149 -5.517961 -48.133495
5.471209 -4.845406 -48.816147
6.658253 -4.355526 -49.444961
7.92299 -3.956582 -50.078857
9.188854 -3.46692 -50.740462
10.331077 -2.776952 -51.491717
11.320488 -1.954178 -52.191267
12.01511 -0.885289 -52.926941
12.632868 0.289662 -53.651486
13.33724 1.28175 -54.336761
14.153817 2.087976 -55.050556
15.07227 2.779586 -55.872776
16.004673 3.253615 -56.598563
17.130687 3.358337 -57.307418
18.362959 3.144353 -57.956726
19.645941 2.815311 -58.582926
20.731103 2.440816 -59.066326
21.531005 2.040477 -59.359603
21.981716 1.606199 -59.305854
22.022233 1.097808 -58.779421
21.687812 0.622247 -57.877791
21.43618 0.15991 -56.927239
21.415439 -0.414815 -55.927657
21.409198 -1.076788 -54.819362
21.307374 -1.734944 -53.521477
21.260771 -2.354533 -52.318409
21.087536 -2.869149 -51.296178
20.550013 -3.206966 -50.396385
19.763069 -3.324911 -49.792408
18.891348 -3.325489 -49.394964
18.009032 -3.310489 -49.012001
17.170498 -3.344485 -48.479017
16.729797 -3.530278 -47.896116
16.812195 -3.922236 -47.306457
17.245027 -4.44355 -46.684409
17.876927 -5.038398 -46.155084
18.459934 -5.582433 -45.779383
18.782444 -6.000154 -45.606035
18.776604 -6.31005 -45.577358
18.415536 -6.572715 -45.493548
17.799223 -6.869779 -45.144566
17.317582 -7.378461 -44.338937
17.164211 -8.139507 -42.866941
17.546417 -9.208362 -40.758615
18.5932 -10.480251 -38.231425
20.12155 -11.779595 -35.541533
21.80666 -13.004065 -32.890665
23.3752 -14.108915 -30.438033
24.637172 -15.034626 -28.379321
25.522692 -15.754656 -26.787661
26.073721 -16.280487 -25.740798
26.218402 -16.620189 -25.16852
25.944816 -16.793876 -24.989781
25.5347 -16.818525 -25.169606
24.872947 -16.698155 -25.708793
23.852904 -16.435723 -26.598413
22.614768 -16.176945 -27.48553
21.152903 -15.966661 -28.33779
15.974655 -17.406313 -24.868651
15.924597 -17.381634 -24.852046
15.791845 -17.14118 -25.155891
15.620939 -16.748387 -25.710042
15.367215 -16.26178 -26.421218
14.9819 -15.770847 -27.170963
14.585483 -15.410605 -27.739644
14.227759 -15.125578 -28.135158
13.82019 -14.88657 -28.519045
13.404093 -14.752153 -28.620849
12.946286 -14.608524 -28.751517
12.547736 -14.517291 -28.743859
12.148907 -14.490374 -28.615223
11.803984 -14.504717 -28.386378
11.267591 -14.510372 -28.162395
10.928229 -14.584436 -27.922259
10.632474 -14.594919 -27.73186
10.283748 -14.174611 -28.056272
10.118489 -13.522724 -28.796093
10.05937 -12.7444 -29.873052
10.103536 -11.676496 -31.400638
10.323889 -10.701183 -32.747472
9.892662 -10.269946 -33.255506
8.789138 -10.635239 -32.940856
7.869005 -11.22774 -32.439454
7.201127 -11.630905 -32.083975
6.764091 -11.653193 -32.067766
6.608124 -11.223324 -32.626258
6.593466 -10.577569 -33.505978
6.258922 -9.876716 -34.429182
5.418213 -9.072399 -35.397038
4.641326 -8.221989 -36.469207
4.143057 -7.313393 -37.553013
3.896157 -6.249443 -38.705367
3.876583 -5.062646 -39.991805
4.030708 -3.870746 -41.240026
4.221101 -2.883199 -42.222595
4.385741 -2.252791 -42.867484
4.459545 -1.810134 -43.379934
4.531941 -1.359971 -43.919056
4.649205 -1.048706 -44.324655
4.756219 -0.868421 -44.60963
4.834148 -0.78493 -44.779943
4.834013 -0.719315 -44.896537
4.812322 -0.711381 -44.942195
