19.900000 46.840000 77.089996 -18.389999 -64.699997 0.000000 4801.000000 -1520.000000 3253.000000 -2363.000000 -4586.000000 1852.000000 
18.370001 47.759998 76.589996 -18.660000 -65.699997 0.000000 5013.000000 -1519.000000 3322.000000 -2327.000000 -5371.000000 2220.000000 
16.820000 48.799999 76.180000 -18.870001 -66.779999 0.000000 4789.000000 -1785.000000 3681.000000 -2752.000000 -5725.000000 2180.000000 
15.240000 49.799999 75.849998 -18.879999 -67.550003 0.000000 5413.000000 -1777.000000 4223.000000 -2912.000000 -5587.000000 2514.000000 
14.240000 50.939999 75.919998 -18.820000 -68.239998 0.000000 5349.000000 -2246.000000 4181.000000 -1535.000000 -6135.000000 2824.000000 
12.900000 52.230000 75.709999 -18.379999 -68.129997 0.000000 4751.000000 -1481.000000 3088.000000 -973.000000 -5653.000000 3640.000000 
11.050000 53.810001 75.019997 -17.570000 -67.660004 0.000000 4615.000000 -434.000000 2293.000000 -159.000000 -6023.000000 3843.000000 
9.160000 55.380001 74.000000 -16.709999 -66.870003 0.000000 5095.000000 -46.000000 2242.000000 861.000000 -5062.000000 3734.000000 
7.590000 56.220001 72.680000 -15.780000 -65.879997 0.000000 4605.000000 295.000000 1561.000000 426.000000 -5264.000000 3719.000000 
7.120000 56.320000 71.269997 -14.870000 -64.510002 0.000000 4231.000000 368.000000 820.000000 -538.000000 -5690.000000 3697.000000 
8.440000 55.299999 70.660004 -14.170000 -62.820000 0.000000 4084.000000 78.000000 825.000000 -884.000000 -4705.000000 3035.000000 
10.540000 53.459999 70.500000 -13.680000 -61.070000 0.000000 4180.000000 -96.000000 1042.000000 97.000000 -3457.000000 2231.000000 
12.750000 51.439999 70.129997 -13.460000 -59.439999 0.000000 4279.000000 -449.000000 1702.000000 728.000000 -2733.000000 2033.000000 
14.780000 49.570000 69.500000 -13.480000 -58.119999 0.000000 4171.000000 -759.000000 2203.000000 782.000000 -2760.000000 2281.000000 
16.379999 48.049999 68.459999 -13.670000 -57.090000 0.000000 3795.000000 -950.000000 2222.000000 455.000000 -2833.000000 2358.000000 
17.480000 46.889999 67.019997 -14.040000 -56.310001 0.000000 3102.000000 -1037.000000 2160.000000 46.000000 -2834.000000 1981.000000 
18.219999 46.150002 65.320000 -14.530000 -55.570000 0.000000 2599.000000 -1014.000000 2052.000000 -233.000000 -2744.000000 1859.000000 
18.240000 46.169998 63.090000 -15.010000 -54.869999 0.000000 2176.000000 -785.000000 1938.000000 -399.000000 -2824.000000 1594.000000 
17.639999 46.360001 60.430000 -15.550000 -54.110001 0.000000 1982.000000 -777.000000 1739.000000 -812.000000 -2770.000000 1505.000000 
16.930000 46.500000 57.540001 -15.410000 -53.369999 0.000000 2146.000000 174.000000 1588.000000 -1011.000000 -3004.000000 1268.000000 
16.559999 46.480000 54.830002 -15.590000 -52.669998 0.000000 1840.000000 -413.000000 1276.000000 -1327.000000 -2985.000000 997.000000 
16.430000 46.250000 52.230000 -15.980000 -51.950001 0.000000 1903.000000 -576.000000 1282.000000 -1563.000000 -2777.000000 666.000000 
16.540001 45.980000 49.790001 -16.650000 -51.200001 0.000000 1975.000000 -846.000000 1613.000000 -1581.000000 -2629.000000 623.000000 
16.820000 45.790001 47.540001 -17.520000 -50.410000 0.000000 1894.000000 -1067.000000 2108.000000 -1572.000000 -2572.000000 636.000000 
17.120001 45.810001 45.380001 -18.610001 -49.619999 0.000000 1541.000000 -1403.000000 2623.000000 -1632.000000 -2435.000000 334.000000 
17.030001 46.139999 43.049999 -19.680000 -48.869999 0.000000 1228.000000 -1800.000000 3126.000000 -1865.000000 -2273.000000 -33.000000 
16.580000 46.650002 40.619999 -20.549999 -48.220001 0.000000 625.000000 -1913.000000 3239.000000 -2184.000000 -2244.000000 -292.000000 
15.850000 47.250000 38.130001 -21.360001 -47.630001 0.000000 71.000000 -2072.000000 2993.000000 -2455.000000 -2471.000000 -272.000000 
14.830000 47.840000 35.580002 -22.120001 -47.029999 0.000000 -527.000000 -2116.000000 2844.000000 -2784.000000 -2690.000000 -143.000000 
13.460000 48.279999 32.939999 -22.920000 -46.400002 0.000000 -733.000000 -2332.000000 3084.000000 -3066.000000 -3255.000000 220.000000 
11.850000 48.470001 30.209999 -23.750000 -45.570000 0.000000 -455.000000 -2364.000000 3337.000000 -3380.000000 -3532.000000 302.000000 
10.190000 48.360001 27.580000 -24.600000 -44.590000 0.000000 -94.000000 -2416.000000 3303.000000 -3308.000000 -3313.000000 -2.000000 
8.650000 47.990002 25.150000 -25.580000 -43.599998 0.000000 422.000000 -2591.000000 3330.000000 -3135.000000 -3078.000000 -101.000000 
7.260000 47.470001 22.969999 -26.620001 -42.799999 0.000000 689.000000 -2704.000000 3533.000000 -3125.000000 -3072.000000 204.000000 
5.990000 46.840000 21.030001 -27.709999 -42.230000 0.000000 522.000000 -2919.000000 3774.000000 -2950.000000 -3228.000000 674.000000 
4.700000 46.200001 19.280001 -28.820000 -41.810001 0.000000 326.000000 -3157.000000 3997.000000 -2600.000000 -3331.000000 786.000000 
3.250000 45.560001 17.670000 -29.809999 -41.490002 0.000000 -124.000000 -3140.000000 4064.000000 -2400.000000 -3239.000000 734.000000 
1.420000 44.880001 16.049999 -30.740000 -41.349998 0.000000 228.000000 -3669.000000 4387.000000 -2120.000000 -3113.000000 725.000000 
-0.730000 44.139999 14.420000 -31.500000 -41.450001 0.000000 587.000000 -3558.000000 4168.000000 -1902.000000 -3313.000000 1108.000000 
-3.040000 43.330002 12.840000 -32.189999 -41.750000 0.000000 1170.000000 -3283.000000 3730.000000 -1615.000000 -3537.000000 1758.000000 
-5.310000 42.470001 11.390000 -32.959999 -42.160000 0.000000 1668.000000 -2977.000000 3335.000000 -1293.000000 -3690.000000 2283.000000 
-7.390000 41.459999 10.140000 -33.779999 -42.599998 0.000000 2195.000000 -2780.000000 3174.000000 -1081.000000 -3971.000000 2939.000000 
-9.090000 40.220001 9.130000 -34.490002 -43.119999 0.000000 2761.000000 -2761.000000 3222.000000 -975.000000 -4279.000000 3461.000000 
-10.310000 38.860001 8.460000 -35.139999 -43.689999 0.000000 3185.000000 -2701.000000 3047.000000 -950.000000 -4441.000000 3756.000000 
-11.260000 37.619999 7.930000 -35.849998 -44.250000 0.000000 3527.000000 -2613.000000 2794.000000 -751.000000 -4364.000000 3763.000000 
-12.090000 36.580002 7.450000 -36.639999 -44.750000 0.000000 3439.000000 -2790.000000 3165.000000 -614.000000 -4071.000000 3526.000000 
-12.660000 35.610001 7.020000 -37.410000 -45.259998 0.000000 3223.000000 -2683.000000 3114.000000 -719.000000 -3572.000000 3002.000000 
-12.840000 34.580002 6.830000 -38.189999 -45.950001 0.000000 2635.000000 -2703.000000 3100.000000 -858.000000 -3125.000000 2415.000000 
-12.180000 33.610001 7.230000 -38.369999 -46.730000 0.000000 2794.000000 -3859.000000 5891.000000 -873.000000 -2948.000000 2252.000000 
-11.480000 32.599998 7.400000 -37.900002 -46.939999 0.000000 1190.000000 -3939.000000 7169.000000 -5431.000000 -8317.000000 8026.000000 
-11.950000 31.830000 7.080000 -37.549999 -47.450001 0.000000 3390.000000 -3113.000000 2906.000000 2049.000000 -3122.000000 649.000000 
-12.590000 32.369999 6.930000 -37.720001 -48.209999 0.000000 1954.000000 -2711.000000 2320.000000 -2967.000000 -4082.000000 1484.000000 
-13.290000 33.169998 6.740000 -38.090000 -48.770000 0.000000 1878.000000 -2789.000000 2507.000000 -683.000000 -2883.000000 1988.000000 
-13.800000 33.700001 6.710000 -38.459999 -48.830002 0.000000 2367.000000 -2399.000000 2289.000000 -1284.000000 -3400.000000 2571.000000 
-13.510000 33.779999 7.060000 -37.750000 -48.119999 0.000000 2235.000000 -1962.000000 2658.000000 -840.000000 -2921.000000 2997.000000 
-11.720000 33.150002 8.190000 -37.580002 -47.320000 0.000000 2398.000000 -1880.000000 2430.000000 -565.000000 -2625.000000 3154.000000 
-9.940000 32.230000 9.250000 -37.259998 -46.650002 0.000000 3312.000000 -1811.000000 2920.000000 -258.000000 -2708.000000 3194.000000 
-8.440000 31.290001 10.170000 -37.020000 -46.000000 0.000000 2319.000000 -2012.000000 2483.000000 -397.000000 -2792.000000 3253.000000 
-7.140000 30.559999 11.030000 -36.980000 -45.439999 0.000000 2701.000000 -2029.000000 2470.000000 -603.000000 -2826.000000 3146.000000 
-6.130000 29.950001 11.910000 -36.980000 -44.930000 0.000000 2997.000000 -1990.000000 2421.000000 -249.000000 -2828.000000 3174.000000 
-5.930000 29.070000 12.580000 -36.470001 -44.590000 0.000000 2012.000000 -2329.000000 6215.000000 -59.000000 -3143.000000 3373.000000 
-6.630000 28.900000 12.800000 -36.279999 -44.509998 0.000000 3353.000000 -1719.000000 2433.000000 -604.000000 -3031.000000 2968.000000 
-6.460000 29.049999 13.400000 -36.220001 -44.540001 0.000000 2926.000000 -1944.000000 2390.000000 -511.000000 -3061.000000 2860.000000 
-5.580000 29.230000 14.210000 -35.660000 -44.470001 0.000000 2776.000000 -1907.000000 2620.000000 -509.000000 -3066.000000 2908.000000 
-4.990000 29.490000 14.890000 -35.500000 -44.099998 0.000000 2575.000000 -3827.000000 6380.000000 -302.000000 -2946.000000 3031.000000 
-4.830000 29.600000 15.450000 -35.549999 -43.889999 0.000000 2639.000000 -2191.000000 2797.000000 -441.000000 -3082.000000 3111.000000 
-4.340000 29.139999 16.180000 -35.430000 -43.689999 0.000000 2721.000000 -1950.000000 2586.000000 -429.000000 -2959.000000 3033.000000 
-3.490000 29.090000 16.830000 -35.040001 -43.740002 0.000000 2787.000000 -1977.000000 2794.000000 -600.000000 -3186.000000 3112.000000 
-2.680000 28.760000 17.680000 -34.799999 -43.490002 0.000000 2616.000000 -1903.000000 2631.000000 -283.000000 -3005.000000 3144.000000 
-1.810000 28.459999 18.430000 -34.759998 -43.250000 0.000000 2700.000000 -1902.000000 2559.000000 -366.000000 -3006.000000 3184.000000 
-1.070000 28.070000 19.209999 -34.169998 -42.740002 0.000000 2095.000000 -1223.000000 2846.000000 -125.000000 -2912.000000 3487.000000 
-0.410000 27.500000 19.860001 -34.779999 -42.549999 0.000000 3345.000000 -2261.000000 2683.000000 88.000000 -2872.000000 3265.000000 
0.110000 27.010000 20.580000 -35.200001 -42.799999 0.000000 2933.000000 -2104.000000 2652.000000 -745.000000 -3120.000000 3185.000000 
0.400000 27.370001 21.110001 -36.009998 -43.189999 0.000000 2712.000000 -2295.000000 2596.000000 -526.000000 -2955.000000 2881.000000 
0.510000 28.129999 21.469999 -36.529999 -43.720001 0.000000 1957.000000 -2313.000000 2799.000000 -1098.000000 -3089.000000 2671.000000 
0.410000 28.900000 21.740000 -37.099998 -44.020000 0.000000 3140.000000 -2707.000000 3375.000000 -756.000000 -3781.000000 3818.000000 
-0.230000 29.420000 21.790001 -38.029999 -44.549999 0.000000 2742.000000 -2330.000000 2447.000000 -681.000000 -3290.000000 2918.000000 
-1.120000 29.650000 21.700001 -37.820000 -45.150002 0.000000 3384.000000 -2570.000000 3431.000000 -511.000000 -3688.000000 3189.000000 
-1.970000 29.639999 21.549999 -38.369999 -45.509998 0.000000 3298.000000 -3698.000000 3981.000000 -684.000000 -4224.000000 3851.000000 
-2.750000 29.450001 21.370001 -37.660000 -46.099998 0.000000 3448.000000 -3035.000000 3987.000000 -702.000000 -4503.000000 3468.000000 
-3.360000 30.030001 21.120001 -37.299999 -46.570000 0.000000 3428.000000 -3272.000000 3933.000000 -1271.000000 -4848.000000 3584.000000 
-4.030000 30.790001 20.879999 -36.889999 -47.040001 0.000000 3828.000000 -3460.000000 4054.000000 -1453.000000 -4908.000000 3217.000000 
-4.540000 31.900000 20.770000 -36.330002 -47.419998 0.000000 3120.000000 -3828.000000 4287.000000 -1732.000000 -5232.000000 3363.000000 
-5.040000 33.130001 20.629999 -35.560001 -47.840000 0.000000 2933.000000 -4067.000000 4864.000000 -1822.000000 -5270.000000 3101.000000 
-5.580000 34.560001 20.440001 -34.509998 -48.299999 0.000000 2542.000000 -4010.000000 5100.000000 -2020.000000 -5403.000000 2903.000000 
-6.080000 36.240002 20.270000 -33.500000 -48.810001 0.000000 2909.000000 -4134.000000 5224.000000 -2102.000000 -4850.000000 2535.000000 
-6.660000 38.110001 20.059999 -32.240002 -49.310001 0.000000 2693.000000 -4087.000000 5397.000000 -2597.000000 -5003.000000 2601.000000 
-7.320000 40.200001 19.740000 -30.910000 -49.840000 0.000000 2322.000000 -4050.000000 5370.000000 -2735.000000 -4807.000000 2297.000000 
-7.960000 42.590000 19.440001 -29.510000 -50.430000 0.000000 1989.000000 -3953.000000 5264.000000 -2992.000000 -4617.000000 2020.000000 
-8.670000 45.270000 19.180000 -28.120001 -51.110001 0.000000 1705.000000 -3852.000000 5120.000000 -3219.000000 -4475.000000 1755.000000 
-9.650000 48.459999 18.920000 -26.670000 -51.900002 0.000000 1471.000000 -3741.000000 5096.000000 -3250.000000 -4219.000000 1541.000000 
-10.880000 51.799999 18.610001 -25.270000 -52.790001 0.000000 1366.000000 -3610.000000 5010.000000 -3306.000000 -4070.000000 1453.000000 
-12.400000 55.310001 18.160000 -23.840000 -53.779999 0.000000 1324.000000 -3428.000000 4908.000000 -3153.000000 -3829.000000 1411.000000 
-14.250000 59.020000 17.469999 -22.309999 -54.869999 0.000000 1377.000000 -3225.000000 4763.000000 -3262.000000 -3560.000000 1297.000000 
-16.580000 62.910000 16.440001 -20.629999 -56.040001 0.000000 1399.000000 -2963.000000 4583.000000 -3087.000000 -3198.000000 1246.000000 
-19.680000 66.959999 14.820000 -18.750000 -57.299999 0.000000 1356.000000 -2616.000000 4259.000000 -3225.000000 -2858.000000 1131.000000 
-24.100000 71.099998 12.010000 -16.600000 -58.520000 0.000000 1375.000000 -2189.000000 4000.000000 -3023.000000 -2470.000000 1200.000000 
-31.049999 75.190002 6.820000 -14.200000 -59.639999 0.000000 1430.000000 -1745.000000 3658.000000 -2866.000000 -2045.000000 1124.000000 
-43.509998 78.970001 -3.740000 -11.600000 -60.419998 0.000000 1450.000000 -1329.000000 3250.000000 -2727.000000 -1637.000000 1131.000000 
-69.440002 81.769997 -27.770000 -8.860000 -60.900002 0.000000 1577.000000 -992.000000 2909.000000 -2390.000000 -1213.000000 1046.000000 
-112.970001 82.239998 -70.040001 -5.990000 -61.380001 0.000000 1558.000000 -634.000000 2574.000000 -2361.000000 -814.000000 936.000000 
-144.919998 79.919998 -100.330002 -3.020000 -62.049999 0.000000 1636.000000 -425.000000 2357.000000 -2315.000000 -540.000000 788.000000 
-160.279999 76.019997 -113.379997 0.080000 -63.029999 0.000000 1589.000000 -209.000000 2249.000000 -2406.000000 -358.000000 681.000000 
-168.289993 71.470001 -118.800003 3.340000 -64.559998 0.000000 1423.000000 -16.000000 2097.000000 -2522.000000 -281.000000 543.000000 
-172.979996 66.690002 -120.669998 6.880000 -66.099998 0.000000 1535.000000 264.000000 1954.000000 -2125.000000 -380.000000 521.000000 
-175.820007 61.799999 -120.639999 10.690000 -69.260002 0.000000 1537.000000 507.000000 1855.000000 -1733.000000 -421.000000 632.000000 
-177.690002 56.860001 -119.669998 14.660000 -89.489998 0.000000 1726.000000 503.000000 1877.000000 -1776.000000 -330.000000 562.000000 
-179.080002 51.860001 -118.290001 18.840000 130.970001 0.000000 1697.000000 527.000000 1751.000000 -2018.000000 -128.000000 314.000000 
179.690002 46.830002 -116.769997 23.450001 123.510002 0.000000 1148.000000 889.000000 1292.000000 -2096.000000 -28.000000 226.000000 
178.350006 41.779999 -115.209999 28.389999 122.410004 0.000000 1187.000000 1139.000000 1261.000000 -2342.000000 303.000000 -75.000000 
177.020004 36.750000 -113.459999 33.730000 122.239998 0.000000 846.000000 1297.000000 1068.000000 -2713.000000 543.000000 -303.000000 
175.720001 31.980000 -111.449997 39.560001 121.830002 0.000000 337.000000 1538.000000 787.000000 -2763.000000 535.000000 -360.000000 
174.649994 27.580000 -109.199997 45.840000 121.300003 0.000000 -156.000000 1725.000000 388.000000 -2665.000000 533.000000 -433.000000 
173.779999 23.379999 -106.839996 52.349998 120.559998 0.000000 -399.000000 1805.000000 243.000000 -2265.000000 523.000000 -440.000000 
173.080002 19.200001 -104.400002 58.849998 119.959999 0.000000 -464.000000 1823.000000 283.000000 -2070.000000 617.000000 -588.000000 
172.440002 15.170000 -101.930000 65.220001 119.519997 0.000000 -653.000000 1847.000000 381.000000 -1952.000000 767.000000 -740.000000 
171.770004 11.480000 -99.459999 71.519997 119.250000 0.000000 -909.000000 1995.000000 202.000000 -1956.000000 985.000000 -890.000000 
171.050003 8.140000 -97.059998 77.570000 119.040001 0.000000 -1174.000000 2171.000000 114.000000 -2015.000000 1168.000000 -915.000000 
170.289993 5.190000 -94.750000 83.459999 119.099998 0.000000 -1838.000000 2286.000000 -199.000000 -2494.000000 1451.000000 -1318.000000 
169.529999 2.700000 -92.620003 89.080002 119.239998 0.000000 -2388.000000 2429.000000 -568.000000 -2659.000000 1583.000000 -1558.000000 
168.919998 0.690000 -90.699997 94.089996 119.339996 0.000000 -2534.000000 2484.000000 -491.000000 -2343.000000 1693.000000 -1613.000000 
168.589996 -0.930000 -88.959999 98.570000 119.449997 0.000000 -2723.000000 2381.000000 -469.000000 -2329.000000 1895.000000 -1707.000000 
168.509995 -2.220000 -87.400002 102.510002 119.629997 0.000000 -2824.000000 2333.000000 -402.000000 -2427.000000 2021.000000 -1875.000000 
168.470001 -3.260000 -85.900002 106.080002 119.779999 0.000000 -3096.000000 2415.000000 -489.000000 -2256.000000 2143.000000 -1748.000000 
168.449997 -4.130000 -84.459999 109.300003 120.040001 0.000000 -3202.000000 2453.000000 -511.000000 -2448.000000 2045.000000 -1780.000000 
168.449997 -4.900000 -83.070000 112.169998 120.389999 0.000000 -3423.000000 2424.000000 -490.000000 -2621.000000 2075.000000 -1946.000000 
168.419998 -5.570000 -81.779999 114.629997 120.669998 0.000000 -3639.000000 2447.000000 -350.000000 -2682.000000 2090.000000 -1745.000000 
168.440002 -6.100000 -80.620003 116.809998 120.980003 0.000000 -3773.000000 2421.000000 -383.000000 -2693.000000 2096.000000 -1803.000000 
168.589996 -6.510000 -79.639999 118.629997 121.290001 0.000000 -3815.000000 2389.000000 -247.000000 -2532.000000 2149.000000 -1759.000000 
168.919998 -6.900000 -78.750000 120.220001 121.739998 0.000000 -3662.000000 2303.000000 -166.000000 -2550.000000 2196.000000 -2058.000000 
169.419998 -7.340000 -77.970001 121.699997 122.180000 0.000000 -3596.000000 2192.000000 -234.000000 -2337.000000 2307.000000 -2002.000000 
170.039993 -7.800000 -77.279999 123.239998 122.790001 0.000000 -3715.000000 2235.000000 -380.000000 -2404.000000 2391.000000 -2270.000000 
170.710007 -8.190000 -76.669998 124.870003 123.500000 0.000000 -3833.000000 2231.000000 -556.000000 -2375.000000 2482.000000 -2432.000000 
171.380005 -8.500000 -76.089996 126.610001 124.260002 0.000000 -4139.000000 2315.000000 -848.000000 -2238.000000 2714.000000 -2518.000000 
172.029999 -8.710000 -75.500000 128.300003 125.080002 0.000000 -4271.000000 2335.000000 -916.000000 -2379.000000 2897.000000 -2796.000000 
172.589996 -8.790000 -74.949997 129.940002 125.930000 0.000000 -4549.000000 2310.000000 -950.000000 -2435.000000 3008.000000 -2978.000000 
173.080002 -8.780000 -74.459999 131.419998 126.730003 0.000000 -4614.000000 2330.000000 -980.000000 -2380.000000 3051.000000 -3042.000000 
173.539993 -8.780000 -73.980003 132.699997 127.419998 0.000000 -4505.000000 2286.000000 -962.000000 -2266.000000 3107.000000 -3061.000000 
173.949997 -8.720000 -73.510002 133.770004 128.009995 0.000000 -4467.000000 2321.000000 -985.000000 -2294.000000 3104.000000 -3053.000000 
174.309998 -8.570000 -73.080002 134.699997 128.490005 0.000000 -4426.000000 2373.000000 -1041.000000 -2188.000000 3078.000000 -2879.000000 
174.690002 -8.320000 -72.730003 135.479996 128.899994 0.000000 -4317.000000 2374.000000 -1131.000000 -2153.000000 3047.000000 -2797.000000 
175.070007 -8.010000 -72.440002 136.160004 129.289993 0.000000 -4320.000000 2432.000000 -1164.000000 -2134.000000 3039.000000 -2832.000000 
175.429993 -7.590000 -72.199997 136.740005 129.630005 0.000000 -4276.000000 2424.000000 -1238.000000 -2059.000000 3064.000000 -2773.000000 
175.779999 -7.180000 -71.930000 137.089996 129.970001 0.000000 -4071.000000 2398.000000 -1145.000000 -1843.000000 3088.000000 -2856.000000 
176.100006 -6.960000 -71.500000 137.339996 130.259995 0.000000 -3958.000000 2320.000000 -1116.000000 -1842.000000 3049.000000 -2739.000000 
176.320007 -7.010000 -71.120003 137.509995 130.500000 0.000000 -3791.000000 2259.000000 -1041.000000 -1708.000000 3044.000000 -2700.000000 
176.410004 -7.210000 -70.750000 137.639999 130.669998 0.000000 -3710.000000 2162.000000 -960.000000 -1690.000000 3069.000000 -2696.000000 
176.380005 -7.410000 -70.360001 137.779999 130.789993 0.000000 -3589.000000 2178.000000 -947.000000 -1611.000000 3107.000000 -2686.000000 
176.259995 -7.580000 -69.919998 137.949997 130.899994 0.000000 -3522.000000 2202.000000 -981.000000 -1590.000000 3111.000000 -2748.000000 
176.100006 -7.740000 -69.540001 138.169998 130.919998 0.000000 -3574.000000 2240.000000 -1074.000000 -1544.000000 3124.000000 -2649.000000 
175.970001 -7.810000 -69.209999 138.410004 130.910004 0.000000 -3602.000000 2258.000000 -1113.000000 -1543.000000 3060.000000 -2614.000000 
175.889999 -7.830000 -68.809998 138.660004 130.850006 0.000000 -3631.000000 2229.000000 -1194.000000 -1527.000000 2991.000000 -2555.000000 
175.860001 -7.940000 -68.480003 138.929993 130.850006 0.000000 -3630.000000 2215.000000 -1229.000000 -1435.000000 2939.000000 -2656.000000 
175.860001 -8.160000 -68.220001 139.139999 130.800003 0.000000 -3567.000000 2164.000000 -1243.000000 -1485.000000 2915.000000 -2532.000000 
175.820007 -8.420000 -67.900002 139.339996 130.770004 0.000000 -3528.000000 2158.000000 -1258.000000 -1465.000000 2898.000000 -2524.000000 
175.710007 -8.670000 -67.699997 139.509995 130.699997 0.000000 -3473.000000 2152.000000 -1313.000000 -1294.000000 2969.000000 -2458.000000 
175.559998 -8.910000 -67.489998 139.580002 130.649994 0.000000 -3291.000000 2177.000000 -1247.000000 -1285.000000 2962.000000 -2476.000000 
175.369995 -9.170000 -67.220001 139.669998 130.539993 0.000000 -3243.000000 2134.000000 -1272.000000 -1188.000000 2948.000000 -2364.000000 
175.220001 -9.430000 -66.959999 139.729996 130.449997 0.000000 -3171.000000 2123.000000 -1267.000000 -1183.000000 2884.000000 -2388.000000 
175.080002 -9.740000 -66.790001 139.839996 130.339996 0.000000 -3128.000000 2077.000000 -1270.000000 -1138.000000 2877.000000 -2365.000000 
174.960007 -10.060000 -66.529999 139.919998 130.220001 0.000000 -3136.000000 2065.000000 -1280.000000 -1045.000000 2872.000000 -2352.000000 
174.820007 -10.330000 -66.300003 140.000000 130.100006 0.000000 -3102.000000 2081.000000 -1303.000000 -1034.000000 2871.000000 -2341.000000 
174.729996 -10.550000 -66.070000 140.130005 130.029999 0.000000 -3089.000000 2059.000000 -1324.000000 -952.000000 2881.000000 -2404.000000 
174.710007 -10.740000 -65.760002 140.220001 129.960007 0.000000 -3038.000000 2064.000000 -1298.000000 -1024.000000 2879.000000 -2394.000000 
174.729996 -10.870000 -65.529999 140.309998 129.919998 0.000000 -3129.000000 2097.000000 -1349.000000 -1044.000000 2882.000000 -2418.000000 
174.690002 -10.930000 -65.300003 140.330002 129.770004 0.000000 -3168.000000 2076.000000 -1323.000000 -1086.000000 2886.000000 -2345.000000 
174.490005 -11.060000 -64.709999 140.279999 129.660004 0.000000 -3143.000000 2094.000000 -1290.000000 -1146.000000 2887.000000 -2316.000000 
174.419998 -11.170000 -64.410004 140.149994 129.550003 0.000000 -3110.000000 2100.000000 -1250.000000 -1124.000000 2857.000000 -2261.000000 
174.380005 -11.280000 -64.230003 140.000000 129.429993 0.000000 -3045.000000 2100.000000 -1151.000000 -1077.000000 2858.000000 -2253.000000 
174.309998 -11.370000 -63.950001 139.809998 129.320007 0.000000 -2991.000000 2112.000000 -1101.000000 -1077.000000 2867.000000 -2250.000000 
174.240005 -11.410000 -63.680000 139.619995 129.220001 0.000000 -3009.000000 2116.000000 -1133.000000 -1113.000000 2860.000000 -2260.000000 
174.130005 -11.460000 -63.419998 139.449997 129.119995 0.000000 -3028.000000 2104.000000 -1135.000000 -1142.000000 2866.000000 -2251.000000 
174.050003 -11.550000 -63.220001 139.320007 129.020004 0.000000 -2965.000000 2074.000000 -1061.000000 -1202.000000 2876.000000 -2241.000000 
174.000000 -11.720000 -62.950001 139.220001 128.919998 0.000000 -3007.000000 2063.000000 -1061.000000 -1120.000000 2838.000000 -2206.000000 
173.979996 -11.930000 -62.720001 139.169998 128.860001 0.000000 -3062.000000 2127.000000 -1106.000000 -1171.000000 2832.000000 -2214.000000 
174.000000 -12.040000 -62.490002 139.169998 128.789993 0.000000 -3085.000000 2159.000000 -1115.000000 -1200.000000 2844.000000 -2190.000000 
173.990005 -12.050000 -62.250000 139.190002 128.800003 0.000000 -3156.000000 2152.000000 -1106.000000 -1286.000000 2861.000000 -2269.000000 
173.990005 -11.990000 -62.099998 139.220001 128.830002 0.000000 -3179.000000 2159.000000 -1108.000000 -1195.000000 2895.000000 -2299.000000 
174.050003 -11.900000 -61.930000 139.289993 128.869995 0.000000 -3222.000000 2148.000000 -1101.000000 -1246.000000 2893.000000 -2333.000000 
174.149994 -11.860000 -61.799999 139.339996 128.919998 0.000000 -3345.000000 2139.000000 -1125.000000 -1315.000000 2881.000000 -2333.000000 
174.229996 -11.780000 -61.619999 139.369995 129.000000 0.000000 -3355.000000 2148.000000 -1103.000000 -1429.000000 2889.000000 -2394.000000 
174.289993 -11.630000 -61.380001 139.350006 129.080002 0.000000 -3368.000000 2153.000000 -1076.000000 -1427.000000 2928.000000 -2424.000000 
174.289993 -11.460000 -61.230000 139.309998 129.169998 0.000000 -3338.000000 2138.000000 -1038.000000 -1451.000000 2924.000000 -2466.000000 
174.279999 -11.380000 -61.099998 139.240005 129.250000 0.000000 -3328.000000 2120.000000 -1035.000000 -1424.000000 2929.000000 -2458.000000 
174.309998 -11.390000 -61.009998 139.149994 129.270004 0.000000 -3316.000000 2111.000000 -1005.000000 -1391.000000 2872.000000 -2378.000000 
174.369995 -11.400000 -60.930000 139.070007 129.289993 0.000000 -3278.000000 2120.000000 -1004.000000 -1374.000000 2863.000000 -2377.000000 
174.419998 -11.410000 -60.779999 139.000000 129.320007 0.000000 -3317.000000 2094.000000 -1032.000000 -1375.000000 2854.000000 -2379.000000 
174.460007 -11.430000 -60.680000 138.990005 129.369995 0.000000 -3301.000000 2107.000000 -1067.000000 -1416.000000 2873.000000 -2429.000000 
174.500000 -11.520000 -60.639999 138.940002 129.399994 0.000000 -3315.000000 2125.000000 -1030.000000 -1363.000000 2920.000000 -2418.000000 
174.529999 -11.610000 -60.540001 138.919998 129.440002 0.000000 -3317.000000 2147.000000 -1043.000000 -1327.000000 2945.000000 -2464.000000 
174.559998 -11.730000 -60.419998 138.919998 129.479996 0.000000 -3367.000000 2162.000000 -1110.000000 -1410.000000 2957.000000 -2493.000000 
174.559998 -11.810000 -60.330002 138.919998 129.509995 0.000000 -3406.000000 2218.000000 -1142.000000 -1371.000000 3004.000000 -2503.000000 
174.520004 -11.790000 -60.189999 138.949997 129.520004 0.000000 -3520.000000 2245.000000 -1205.000000 -1397.000000 3081.000000 -2558.000000 
174.460007 -11.680000 -60.070000 138.899994 129.490005 0.000000 -3582.000000 2321.000000 -1244.000000 -1434.000000 3169.000000 -2562.000000 
174.360001 -11.540000 -59.919998 138.809998 129.369995 0.000000 -3755.000000 2422.000000 -1374.000000 -1421.000000 3292.000000 -2523.000000 
174.190002 -11.330000 -59.910000 138.690002 129.210007 0.000000 -4214.000000 2585.000000 -1695.000000 -1466.000000 3447.000000 -2575.000000 
173.929993 -10.920000 -59.910000 138.270004 129.039993 0.000000 -4077.000000 2799.000000 -1873.000000 -1364.000000 3576.000000 -2631.000000 
173.660004 -10.250000 -59.889999 137.600006 128.910004 0.000000 -4194.000000 2970.000000 -2077.000000 -1324.000000 3587.000000 -2667.000000 
173.589996 -9.260000 -59.980000 136.669998 128.779999 0.000000 -4431.000000 3173.000000 -2412.000000 -1216.000000 3693.000000 -2637.000000 
173.720001 -7.880000 -60.119999 135.320007 128.669998 0.000000 -4482.000000 3394.000000 -2626.000000 -1040.000000 3863.000000 -2662.000000 
174.029999 -6.170000 -60.349998 133.389999 128.619995 0.000000 -4137.000000 3444.000000 -2619.000000 -1031.000000 4048.000000 -2726.000000 
174.449997 -4.220000 -60.619999 130.830002 128.589996 0.000000 -4054.000000 3552.000000 -2529.000000 -877.000000 4253.000000 -2754.000000 
174.740005 -2.160000 -60.919998 127.470001 128.509995 0.000000 -3663.000000 3586.000000 -2420.000000 -865.000000 4435.000000 -2697.000000 
174.820007 -0.040000 -61.180000 123.389999 128.350006 0.000000 -3612.000000 3687.000000 -2549.000000 -888.000000 4589.000000 -2634.000000 
174.800003 2.170000 -61.400002 118.480003 128.130005 0.000000 -3407.000000 3669.000000 -2471.000000 -914.000000 4487.000000 -2576.000000 
174.639999 4.600000 -61.549999 112.760002 127.769997 0.000000 -3477.000000 3593.000000 -2463.000000 -960.000000 4243.000000 -2284.000000 
174.330002 7.320000 -61.650002 106.209999 127.349998 0.000000 -3074.000000 3518.000000 -2314.000000 -1075.000000 3765.000000 -2098.000000 
173.990005 10.330000 -61.779999 99.089996 126.709999 0.000000 -3110.000000 3298.000000 -2195.000000 -1412.000000 3099.000000 -1599.000000 
173.929993 13.570000 -62.000000 91.470001 125.879997 0.000000 -2775.000000 3056.000000 -1926.000000 -2021.000000 2522.000000 -1281.000000 
174.339996 16.830000 -62.299999 83.580002 125.000000 0.000000 -3391.000000 2836.000000 -1991.000000 -2732.000000 2553.000000 -1242.000000 
175.059998 20.270000 -62.779999 75.290001 124.449997 0.000000 -3514.000000 2749.000000 -2177.000000 -2788.000000 2857.000000 -1664.000000 
175.779999 24.040001 -63.549999 66.669998 123.959999 0.000000 -372.000000 2339.000000 -1410.000000 -2477.000000 2914.000000 -2041.000000 
176.419998 28.270000 -64.599998 58.900002 123.139999 0.000000 -1884.000000 2305.000000 -1282.000000 -2476.000000 2999.000000 -2308.000000 
176.850006 32.740002 -66.000000 51.709999 121.519997 0.000000 -1685.000000 1696.000000 -722.000000 -2545.000000 2991.000000 -2281.000000 
176.839996 37.410000 -67.559998 45.290001 118.279999 0.000000 -969.000000 1196.000000 -402.000000 -2083.000000 2343.000000 -1804.000000 
176.429993 42.220001 -69.160004 38.630001 112.470001 0.000000 -424.000000 261.000000 434.000000 -3568.000000 1480.000000 -1649.000000 
175.830002 46.849998 -70.650002 33.130001 101.300003 0.000000 -13.000000 -186.000000 1159.000000 -5694.000000 1132.000000 -1636.000000 
174.860001 51.099998 -72.139999 28.670000 75.360001 0.000000 680.000000 -521.000000 2329.000000 928.000000 539.000000 851.000000 
173.479996 54.900002 -73.639999 24.870001 44.560001 0.000000 399.000000 -479.000000 3178.000000 511.000000 -302.000000 1713.000000 
172.250000 58.369999 -74.940002 21.590000 17.520000 0.000000 751.000000 -469.000000 3440.000000 -3918.000000 -642.000000 1004.000000 
171.660004 61.759998 -75.790001 18.549999 1.500000 0.000000 -106.000000 -245.000000 2619.000000 -5307.000000 -324.000000 -281.000000 
170.449997 65.239998 -77.320000 15.610000 -7.210000 0.000000 -588.000000 -314.000000 2518.000000 -2876.000000 210.000000 -884.000000 
167.350006 68.629997 -80.739998 12.850000 -13.120000 0.000000 848.000000 -755.000000 3108.000000 -1801.000000 -45.000000 -614.000000 
163.000000 71.889999 -85.169998 10.010000 -19.260000 0.000000 623.000000 -966.000000 3082.000000 -2150.000000 -1277.000000 796.000000 
158.270004 75.580002 -90.199997 7.240000 -23.469999 0.000000 308.000000 -1185.000000 2941.000000 -3018.000000 -2303.000000 2083.000000 
150.929993 78.879997 -97.800003 4.610000 -26.180000 0.000000 1043.000000 -1549.000000 3279.000000 -3251.000000 -2435.000000 2588.000000 
138.029999 81.589996 -111.230003 2.030000 -27.980000 0.000000 1130.000000 -1531.000000 3357.000000 -2939.000000 -2111.000000 1923.000000 
110.989998 83.220001 -138.740005 -0.470000 -29.040001 0.000000 1622.000000 -1492.000000 3289.000000 -2550.000000 -1840.000000 1444.000000 
72.529999 83.139999 -175.559998 -2.910000 -29.770000 0.000000 2081.000000 -1373.000000 3285.000000 -2691.000000 -1842.000000 1289.000000 
44.860001 81.559998 158.800003 -5.520000 -30.360001 0.000000 2043.000000 -1545.000000 3129.000000 -2766.000000 -1947.000000 1137.000000 
31.360001 79.180000 146.380005 -8.250000 -31.030001 0.000000 2062.000000 -1599.000000 3033.000000 -2048.000000 -1987.000000 1302.000000 
22.969999 75.750000 138.690002 -11.090000 -31.920000 0.000000 2694.000000 -2091.000000 3600.000000 -1357.000000 -2061.000000 1593.000000 
18.490000 72.459999 134.869995 -13.950000 -32.959999 0.000000 3232.000000 -2505.000000 4135.000000 -1308.000000 -2450.000000 2247.000000 
15.400000 69.360001 132.470001 -16.730000 -34.020000 0.000000 2891.000000 -2670.000000 4339.000000 -1585.000000 -3086.000000 3071.000000 
12.920000 66.529999 130.690002 -19.200001 -34.939999 0.000000 2737.000000 -2683.000000 4236.000000 -1755.000000 -3509.000000 3596.000000 
10.710000 64.059998 129.270004 -21.320000 -35.520000 0.000000 2628.000000 -2628.000000 3939.000000 -1987.000000 -3421.000000 3670.000000 
8.770000 61.970001 128.130005 -23.080000 -35.869999 0.000000 2290.000000 -2372.000000 3481.000000 -1905.000000 -3120.000000 3115.000000 
7.330000 59.900002 127.430000 -24.530001 -36.099998 0.000000 2330.000000 -2253.000000 3322.000000 -1575.000000 -3013.000000 2784.000000 
6.170000 57.860001 127.010002 -25.990000 -36.349998 0.000000 2303.000000 -2372.000000 3105.000000 -1507.000000 -3013.000000 2629.000000 
5.080000 55.799999 126.639999 -27.480000 -36.680000 0.000000 2688.000000 -2404.000000 2908.000000 -1277.000000 -3151.000000 2736.000000 
4.180000 53.619999 126.400002 -29.010000 -37.040001 0.000000 2839.000000 -2685.000000 3164.000000 -1106.000000 -3177.000000 3035.000000 
2.910000 51.779999 125.889999 -30.520000 -37.430000 0.000000 2999.000000 -2564.000000 3013.000000 -1015.000000 -3226.000000 3215.000000 
1.880000 49.970001 125.550003 -32.020000 -37.840000 0.000000 2878.000000 -2604.000000 2980.000000 -1070.000000 -3250.000000 3026.000000 
0.950000 48.139999 125.300003 -33.560001 -38.299999 0.000000 2888.000000 -2727.000000 2926.000000 -1270.000000 -3333.000000 2749.000000 
0.000000 46.500000 125.000000 -35.180000 -38.750000 0.000000 2816.000000 -2863.000000 2788.000000 -1221.000000 -3337.000000 2730.000000 
-0.390000 45.060001 125.150002 -36.820000 -39.240002 0.000000 2639.000000 -2830.000000 2534.000000 -808.000000 -3496.000000 3031.000000 
-1.180000 43.439999 125.169998 -38.389999 -39.580002 0.000000 2687.000000 -2717.000000 2399.000000 -488.000000 -3322.000000 3301.000000 
-2.030000 42.029999 125.139999 -39.919998 -39.900002 0.000000 3076.000000 -2825.000000 2482.000000 84.000000 -3298.000000 3357.000000 
-2.740000 40.560001 125.089996 -41.340000 -40.139999 0.000000 3306.000000 -2796.000000 2451.000000 348.000000 -3406.000000 3747.000000 
-3.380000 39.240002 124.970001 -42.650002 -40.400002 0.000000 3349.000000 -2932.000000 2451.000000 159.000000 -3489.000000 3845.000000 
-4.010000 38.099998 124.790001 -43.639999 -40.720001 0.000000 3271.000000 -2956.000000 2467.000000 -63.000000 -3399.000000 3437.000000 
-4.600000 37.270000 124.540001 -44.369999 -40.930000 0.000000 3353.000000 -2900.000000 2277.000000 -148.000000 -3173.000000 3108.000000 
-5.040000 36.599998 124.290001 -44.950001 -41.070000 0.000000 3233.000000 -2829.000000 2037.000000 -69.000000 -3122.000000 3243.000000 
-5.380000 36.130001 124.029999 -45.310001 -41.119999 0.000000 3290.000000 -2655.000000 1959.000000 25.000000 -3221.000000 3577.000000 
-5.600000 35.820000 123.839996 -45.590000 -41.060001 0.000000 3478.000000 -2633.000000 1838.000000 62.000000 -3261.000000 3819.000000 
-5.790000 35.590000 123.629997 -45.720001 -40.880001 0.000000 3583.000000 -2548.000000 1840.000000 107.000000 -3191.000000 3889.000000 
-5.940000 35.290001 123.269997 -45.770000 -40.630001 0.000000 3502.000000 -2512.000000 1835.000000 137.000000 -3011.000000 3686.000000 
-6.020000 35.020000 122.849998 -45.759998 -40.360001 0.000000 3355.000000 -2490.000000 1797.000000 256.000000 -2832.000000 3412.000000 
-5.950000 35.000000 122.419998 -45.830002 -40.369999 0.000000 2844.000000 -2572.000000 1630.000000 -98.000000 -2667.000000 2988.000000 
-5.910000 35.279999 122.029999 -46.020000 -40.619999 0.000000 2338.000000 -2445.000000 1290.000000 -643.000000 -2532.000000 2310.000000 
-5.990000 35.580002 121.650002 -46.389999 -41.029999 0.000000 1873.000000 -2382.000000 1032.000000 -578.000000 -2393.000000 1883.000000 
-6.170000 35.919998 121.330002 -46.900002 -41.470001 0.000000 1917.000000 -2357.000000 1015.000000 -582.000000 -2465.000000 1970.000000 
-6.340000 36.060001 120.980003 -47.459999 -41.910000 0.000000 2054.000000 -2452.000000 1313.000000 -975.000000 -2602.000000 2281.000000 
-6.520000 35.779999 120.580002 -48.040001 -42.419998 0.000000 2420.000000 -2596.000000 1639.000000 -544.000000 -2794.000000 2702.000000 
-6.770000 35.320000 120.139999 -48.619999 -42.939999 0.000000 2603.000000 -2788.000000 1984.000000 -46.000000 -2992.000000 3080.000000 
-7.260000 34.950001 119.570000 -49.070000 -43.549999 0.000000 2618.000000 -2942.000000 2258.000000 -181.000000 -3222.000000 3204.000000 
-7.980000 34.720001 118.839996 -49.270000 -44.160000 0.000000 2743.000000 -2993.000000 2418.000000 -518.000000 -3323.000000 3195.000000 
-8.720000 34.689999 118.089996 -49.389999 -44.580002 0.000000 2767.000000 -2878.000000 2180.000000 -366.000000 -3161.000000 3153.000000 
-9.340000 34.200001 117.330002 -49.279999 -45.410000 0.000000 2593.000000 -2782.000000 2196.000000 -202.000000 -4098.000000 3007.000000 
-9.740000 33.930000 116.519997 -48.830002 -45.869999 0.000000 4645.000000 -4885.000000 4324.000000 29.000000 -4654.000000 4721.000000 
-10.880000 34.959999 115.129997 -48.630001 -46.250000 0.000000 5556.000000 -1415.000000 -73.000000 1088.000000 -4791.000000 5127.000000 
-11.750000 36.630001 114.089996 -47.680000 -46.830002 0.000000 4595.000000 -3160.000000 1678.000000 -3513.000000 -4770.000000 3867.000000 
-11.590000 37.790001 113.790001 -46.090000 -46.990002 0.000000 2003.000000 -1854.000000 1551.000000 -4833.000000 -3869.000000 3605.000000 
-10.740000 38.299999 113.820000 -45.099998 -46.400002 0.000000 2192.000000 -2644.000000 2335.000000 -2802.000000 -2678.000000 3156.000000 
-10.190000 38.639999 113.739998 -44.389999 -44.970001 0.000000 1450.000000 -2368.000000 2847.000000 -518.000000 -1874.000000 2236.000000 
-9.990000 38.919998 113.519997 -43.930000 -43.689999 0.000000 2063.000000 -2357.000000 2540.000000 -541.000000 -1629.000000 1849.000000 
-9.950000 38.980000 113.089996 -43.689999 -42.880001 0.000000 2509.000000 -2244.000000 2364.000000 -873.000000 -1965.000000 2274.000000 
-10.150000 38.900002 112.410004 -43.599998 -42.160000 0.000000 2559.000000 -2353.000000 2417.000000 -935.000000 -2448.000000 3072.000000 
-10.850000 38.759998 111.330002 -43.630001 -41.770000 0.000000 2867.000000 -2281.000000 2273.000000 -877.000000 -2851.000000 3465.000000 
-11.730000 38.770000 110.080002 -43.480000 -41.529999 0.000000 2845.000000 -2244.000000 2508.000000 -946.000000 -2898.000000 3384.000000 
-12.540000 38.619999 108.879997 -43.150002 -41.669998 0.000000 2657.000000 -2155.000000 2500.000000 -1314.000000 -2932.000000 3174.000000 
-12.970000 38.750000 107.879997 -42.930000 -41.770000 0.000000 2840.000000 -1950.000000 2091.000000 -1513.000000 -2829.000000 3050.000000 
-13.070000 38.740002 107.150002 -42.680000 -42.040001 0.000000 2595.000000 -2286.000000 2492.000000 -1989.000000 -2763.000000 2664.000000 
-13.090000 38.740002 106.570000 -42.919998 -42.169998 0.000000 4215.000000 -3758.000000 2458.000000 -2286.000000 -2551.000000 2283.000000 
-13.170000 38.740002 105.940002 -42.570000 -42.250000 0.000000 2003.000000 -2163.000000 2064.000000 -1915.000000 -2610.000000 2340.000000 
-13.310000 38.380001 105.389999 -42.529999 -42.349998 0.000000 2564.000000 -2749.000000 2544.000000 -1841.000000 -2701.000000 2533.000000 
-13.630000 38.110001 104.750000 -42.400002 -42.299999 0.000000 3423.000000 -2475.000000 2200.000000 -1617.000000 -2969.000000 3063.000000 
-14.290000 37.529999 103.879997 -41.849998 -41.680000 0.000000 1793.000000 -1968.000000 2055.000000 -1065.000000 -2925.000000 3688.000000 
-15.030000 36.779999 102.790001 -41.560001 -41.209999 0.000000 3057.000000 -3173.000000 2701.000000 -170.000000 -3635.000000 4066.000000 
-15.490000 35.840000 101.860001 -41.040001 -40.740002 0.000000 3097.000000 -3080.000000 2712.000000 -734.000000 -4269.000000 4610.000000 
-15.450000 35.310001 101.169998 -39.799999 -40.020000 0.000000 2707.000000 -2664.000000 2749.000000 -1642.000000 -4278.000000 4771.000000 
-15.330000 34.779999 100.570000 -38.549999 -39.400002 0.000000 3820.000000 -3767.000000 3494.000000 -1942.000000 -4114.000000 4009.000000 
-15.210000 34.279999 99.959999 -36.849998 -38.650002 0.000000 954.000000 -5365.000000 6711.000000 -1003.000000 -3885.000000 3062.000000 
-15.040000 33.619999 99.320000 -34.980000 -38.020000 0.000000 5004.000000 -4843.000000 5581.000000 -1293.000000 -4101.000000 3285.000000 
-15.030000 33.549999 98.489998 -32.500000 -37.549999 0.000000 4258.000000 -3723.000000 4030.000000 -2618.000000 -4465.000000 4425.000000 
-15.210000 34.369999 97.550003 -29.850000 -37.340000 0.000000 3349.000000 -3568.000000 5175.000000 -2890.000000 -4647.000000 4657.000000 
-15.820000 35.980000 96.559998 -27.330000 -37.040001 0.000000 2097.000000 -3374.000000 4786.000000 -3222.000000 -4333.000000 4070.000000 
-16.580000 37.730000 95.699997 -25.020000 -36.680000 0.000000 1887.000000 -3006.000000 4311.000000 -3272.000000 -3956.000000 3284.000000 
-17.330000 39.340000 94.989998 -22.969999 -36.349998 0.000000 1744.000000 -2938.000000 4563.000000 -3228.000000 -3793.000000 2734.000000 
-17.990000 40.680000 94.430000 -21.240000 -36.160000 0.000000 1271.000000 -2901.000000 4485.000000 -3141.000000 -3693.000000 2313.000000 
-18.510000 41.810001 94.019997 -19.700001 -36.139999 0.000000 661.000000 -2834.000000 4328.000000 -2698.000000 -3374.000000 1748.000000 
-18.980000 42.639999 93.730003 -18.559999 -36.490002 0.000000 1016.000000 -2854.000000 4104.000000 -2450.000000 -3211.000000 1225.000000 
-19.590000 43.279999 93.459999 -17.860001 -37.259998 0.000000 1065.000000 -2729.000000 3190.000000 -1950.000000 -2982.000000 987.000000 
-20.350000 43.689999 93.150002 -17.580000 -38.500000 0.000000 2931.000000 -3735.000000 3159.000000 -1652.000000 -2966.000000 742.000000 
-21.400000 43.880001 92.589996 -17.760000 -40.240002 0.000000 1101.000000 -2443.000000 3205.000000 -949.000000 -2953.000000 996.000000 
-22.730000 43.880001 91.900002 -18.510000 -42.630001 0.000000 1644.000000 -2481.000000 3406.000000 -911.000000 -3743.000000 1559.000000 
-24.260000 43.790001 91.040001 -19.620001 -45.160000 0.000000 1454.000000 -2511.000000 3443.000000 -1595.000000 -4706.000000 3176.000000 
-25.790001 43.570000 90.160004 -20.900000 -47.439999 0.000000 1370.000000 -2613.000000 3525.000000 -2003.000000 -5227.000000 3864.000000 
-26.990000 43.240002 89.480003 -22.090000 -49.259998 0.000000 1695.000000 -2655.000000 3651.000000 -2123.000000 -5171.000000 3677.000000 
-27.610001 42.820000 89.099998 -23.110001 -50.570000 0.000000 1763.000000 -2564.000000 3313.000000 -1832.000000 -4829.000000 3228.000000 
-27.590000 42.360001 89.089996 -24.070000 -51.340000 0.000000 1550.000000 -2623.000000 2602.000000 -1221.000000 -4405.000000 2860.000000 
-27.010000 41.849998 89.349998 -25.020000 -51.790001 0.000000 861.000000 -2817.000000 2382.000000 -623.000000 -3905.000000 2368.000000 
-26.040001 41.290001 89.809998 -25.850000 -52.060001 0.000000 1064.000000 -2721.000000 2150.000000 -128.000000 -3402.000000 1932.000000 
-24.770000 40.660000 90.430000 -26.379999 -52.040001 0.000000 1772.000000 -2200.000000 1618.000000 450.000000 -2803.000000 1724.000000 
-23.299999 39.980000 91.080002 -26.660000 -51.840000 0.000000 2212.000000 -1707.000000 1026.000000 1018.000000 -2365.000000 1730.000000 
-21.690001 39.180000 91.669998 -26.799999 -51.619999 0.000000 2697.000000 -1317.000000 541.000000 1550.000000 -2151.000000 1994.000000 
-20.010000 38.259998 92.089996 -26.920000 -51.389999 0.000000 2867.000000 -1023.000000 227.000000 2004.000000 -1936.000000 2272.000000 
-18.360001 37.279999 92.129997 -27.059999 -51.259998 0.000000 2877.000000 -894.000000 392.000000 2004.000000 -1927.000000 2406.000000 
-16.559999 36.169998 91.930000 -27.260000 -51.290001 0.000000 2819.000000 -992.000000 825.000000 1503.000000 -2084.000000 2358.000000 
-14.520000 35.029999 91.480003 -27.360001 -51.250000 0.000000 2779.000000 -872.000000 1237.000000 736.000000 -1960.000000 2295.000000 
-11.570000 34.380001 91.239998 -27.360001 -50.930000 0.000000 2740.000000 -843.000000 1344.000000 20.000000 -1760.000000 2130.000000 
-8.490000 34.279999 91.029999 -27.110001 -50.349998 0.000000 2386.000000 -842.000000 1432.000000 -565.000000 -1591.000000 1989.000000 
-5.610000 34.439999 90.660004 -26.590000 -49.639999 0.000000 1957.000000 -783.000000 1480.000000 -781.000000 -1417.000000 1880.000000 
-2.910000 34.770000 90.169998 -25.969999 -48.840000 0.000000 1380.000000 -794.000000 1405.000000 -823.000000 -1298.000000 1708.000000 
-0.410000 35.209999 89.599998 -25.110001 -48.000000 0.000000 1139.000000 -626.000000 1433.000000 -814.000000 -1120.000000 1514.000000 
1.910000 35.650002 88.989998 -24.459999 -47.240002 0.000000 1434.000000 -721.000000 1568.000000 -747.000000 -901.000000 1306.000000 
4.040000 36.180000 88.320000 -23.570000 -46.779999 0.000000 1563.000000 -455.000000 1580.000000 -359.000000 -145.000000 869.000000 
5.920000 36.889999 87.550003 -22.490000 -47.150002 0.000000 1982.000000 10.000000 1846.000000 -124.000000 487.000000 344.000000 
7.480000 37.810001 86.580002 -21.410000 -48.650002 0.000000 2394.000000 366.000000 2245.000000 -147.000000 633.000000 149.000000 
8.690000 38.970001 85.339996 -20.389999 -51.619999 0.000000 2330.000000 353.000000 2544.000000 -893.000000 452.000000 -83.000000 
9.580000 40.330002 83.820000 -19.379999 -55.689999 0.000000 1917.000000 317.000000 2653.000000 -3850.000000 -1004.000000 912.000000 
10.060000 41.910000 82.029999 -18.549999 -59.860001 0.000000 1325.000000 154.000000 2734.000000 -3073.000000 -1311.000000 744.000000 
10.250000 43.590000 80.150002 -18.160000 -64.489998 0.000000 704.000000 -196.000000 3116.000000 -4579.000000 -1995.000000 801.000000 
10.350000 45.320000 78.419998 -18.129999 -69.050003 0.000000 522.000000 -483.000000 3545.000000 -4410.000000 -2159.000000 1018.000000 
10.470000 47.060001 76.940002 -18.160000 -72.830002 0.000000 958.000000 -450.000000 3855.000000 -4955.000000 -926.000000 1003.000000 
10.620000 48.860001 75.690002 -18.240000 -76.019997 0.000000 589.000000 -233.000000 4357.000000 -4567.000000 -1320.000000 1716.000000 
10.600000 50.709999 74.519997 -18.340000 -79.339996 0.000000 688.000000 69.000000 5032.000000 -3980.000000 -1730.000000 1386.000000 
10.040000 52.669998 73.070000 -18.459999 -82.650002 0.000000 814.000000 144.000000 5703.000000 -3518.000000 -1876.000000 2139.000000 
9.090000 54.709999 71.400002 -18.610001 -86.029999 0.000000 386.000000 -140.000000 6324.000000 -4408.000000 -1867.000000 1662.000000 
7.500000 56.860001 69.220001 -18.309999 -90.000000 0.000000 689.000000 528.000000 4727.000000 -4879.000000 -929.000000 -32.000000 
5.340000 58.959999 66.680000 -18.010000 -93.919998 0.000000 59.000000 364.000000 4070.000000 -4612.000000 -1119.000000 263.000000 
2.540000 61.009998 63.709999 -18.030001 -97.910004 0.000000 -761.000000 69.000000 4066.000000 -4797.000000 -987.000000 -239.000000 
-0.810000 62.810001 60.320000 -18.410000 -102.019997 0.000000 -1397.000000 -376.000000 4373.000000 -5107.000000 -880.000000 -826.000000 
-4.590000 64.199997 56.610001 -18.980000 -105.839996 0.000000 -1908.000000 -514.000000 4543.000000 -5254.000000 -1057.000000 -898.000000 
-8.500000 65.120003 52.830002 -19.660000 -109.199997 0.000000 -1837.000000 -668.000000 4558.000000 -5282.000000 -1025.000000 -1072.000000 
-12.070000 65.550003 49.389999 -20.400000 -111.940002 0.000000 -1808.000000 -800.000000 4612.000000 -5224.000000 -1131.000000 -1137.000000 
-14.980000 65.550003 46.590000 -21.120001 -114.110001 0.000000 -1497.000000 -876.000000 4753.000000 -5127.000000 -1464.000000 -1526.000000 
-17.080000 65.349998 44.590000 -21.650000 -115.320000 0.000000 -16.000000 -1350.000000 5737.000000 -11668.000000 -3708.000000 -2099.000000 
-17.950001 65.470001 43.849998 -22.330000 -112.949997 0.000000 -831.000000 -3677.000000 9255.000000 -8987.000000 -7742.000000 -247.000000 
-17.360001 65.820000 45.000000 -22.070000 -108.550003 0.000000 -455.000000 -3325.000000 10333.000000 -7222.000000 -5522.000000 -1672.000000 
-13.450000 65.639999 49.270000 -20.709999 -104.330002 0.000000 1251.000000 -1885.000000 7334.000000 -4109.000000 -3507.000000 -1112.000000 
-8.290000 64.690002 54.380001 -18.889999 -100.250000 0.000000 1767.000000 -603.000000 4366.000000 -3096.000000 -2880.000000 -138.000000 
-4.460000 62.950001 58.020000 -17.230000 -95.989998 0.000000 1643.000000 -428.000000 3124.000000 -1816.000000 -2195.000000 528.000000 
-2.260000 61.049999 59.930000 -15.720000 -92.160004 0.000000 2077.000000 103.000000 2175.000000 -281.000000 -1802.000000 923.000000 
1.200000 58.000000 62.470001 -14.440000 -89.029999 0.000000 3781.000000 691.000000 1070.000000 2299.000000 -3619.000000 1882.000000 
6.000000 54.869999 65.620003 -13.510000 -85.989998 0.000000 2037.000000 46.000000 732.000000 512.000000 -12691.000000 3016.000000 
10.320000 52.240002 68.449997 -12.170000 -85.089996 0.000000 6630.000000 -1200.000000 6133.000000 -4311.000000 -2861.000000 -1341.000000 
12.700000 49.090000 69.879997 -10.980000 -84.580002 0.000000 5718.000000 -1801.000000 6135.000000 -3647.000000 -4352.000000 163.000000 
13.920000 46.369999 69.989998 -10.650000 -83.139999 0.000000 4760.000000 -888.000000 4187.000000 -1911.000000 -3224.000000 746.000000 
15.240000 44.139999 70.059998 -10.840000 -81.680000 0.000000 3867.000000 -461.000000 2279.000000 -450.000000 -2662.000000 1036.000000 
16.629999 42.619999 70.360001 -11.100000 -81.330002 0.000000 3064.000000 -574.000000 2085.000000 -529.000000 -1596.000000 -46.000000 
17.580000 41.490002 70.620003 -11.170000 -81.010002 0.000000 3209.000000 -702.000000 2457.000000 -306.000000 -4236.000000 1271.000000 
17.770000 40.580002 70.709999 -11.130000 -81.269997 0.000000 3789.000000 -918.000000 2258.000000 -594.000000 -3718.000000 397.000000 
16.889999 39.770000 70.410004 -11.110000 -81.940002 0.000000 3990.000000 -1368.000000 2804.000000 -1398.000000 -4484.000000 140.000000 
15.440000 39.380001 69.790001 -11.200000 -82.709999 0.000000 3922.000000 -1596.000000 3188.000000 -1843.000000 -4494.000000 -59.000000 
14.050000 39.360001 69.160004 -11.470000 -83.250000 0.000000 3641.000000 -1630.000000 3314.000000 -1623.000000 -4140.000000 108.000000 
12.720000 39.709999 68.510002 -11.790000 -83.610001 0.000000 3240.000000 -1373.000000 3004.000000 -1683.000000 -3891.000000 124.000000 
11.890000 40.630001 68.099998 -12.060000 -83.800003 0.000000 2823.000000 -1251.000000 2844.000000 -1767.000000 -3847.000000 204.000000 
11.390000 41.889999 67.949997 -12.260000 -83.989998 0.000000 2675.000000 -1248.000000 2854.000000 -1881.000000 -3834.000000 -32.000000 
10.830000 43.270000 67.790001 -12.210000 -84.040001 0.000000 2461.000000 -1129.000000 3152.000000 -2051.000000 -3500.000000 -52.000000 
10.370000 44.630001 67.730003 -12.170000 -83.980003 0.000000 2089.000000 -1155.000000 3132.000000 -2043.000000 -3189.000000 -1.000000 
10.080000 45.860001 67.750000 -12.190000 -83.669998 0.000000 1989.000000 -1204.000000 3267.000000 -2064.000000 -3414.000000 316.000000 
10.150000 46.779999 67.970001 -12.120000 -83.379997 0.000000 2031.000000 -1061.000000 3272.000000 -2351.000000 -3371.000000 240.000000 
10.390000 47.560001 68.300003 -11.960000 -82.959999 0.000000 1992.000000 -987.000000 3398.000000 -2220.000000 -3278.000000 334.000000 
10.710000 48.180000 68.699997 -11.740000 -82.290001 0.000000 2111.000000 -884.000000 3436.000000 -1910.000000 -3146.000000 543.000000 
11.150000 48.660000 69.120003 -11.370000 -82.059998 0.000000 2351.000000 -548.000000 3001.000000 -2709.000000 -3016.000000 293.000000 
11.560000 49.000000 69.500000 -11.170000 -81.730003 0.000000 2164.000000 -752.000000 3271.000000 -2137.000000 -3335.000000 587.000000 
12.140000 49.230000 70.010002 -10.870000 -81.160004 0.000000 2335.000000 -678.000000 3400.000000 -2340.000000 -3398.000000 716.000000 
12.730000 49.389999 70.519997 -10.600000 -80.680000 0.000000 2534.000000 -742.000000 3578.000000 -2101.000000 -3262.000000 627.000000 
13.200000 49.419998 70.900002 -10.350000 -80.120003 0.000000 2559.000000 -704.000000 3483.000000 -1949.000000 -3320.000000 751.000000 
13.530000 49.500000 71.139999 -10.140000 -79.860001 0.000000 2566.000000 -694.000000 3281.000000 -1848.000000 -3237.000000 566.000000 
13.680000 49.470001 71.230003 -10.030000 -79.669998 0.000000 2634.000000 -789.000000 3333.000000 -2010.000000 -3405.000000 647.000000 
13.630000 49.520000 71.120003 -10.010000 -79.629997 0.000000 2615.000000 -897.000000 3316.000000 -1971.000000 -3619.000000 596.000000 
13.720000 49.509998 71.169998 -9.980000 -79.540001 0.000000 2692.000000 -903.000000 3304.000000 -2002.000000 -3508.000000 558.000000 
13.820000 49.400002 71.180000 -9.960000 -79.510002 0.000000 2693.000000 -923.000000 3295.000000 -1934.000000 -3479.000000 503.000000 
13.850000 49.349998 71.199997 -9.990000 -79.489998 0.000000 2666.000000 -988.000000 3281.000000 -1971.000000 -3506.000000 501.000000 
13.820000 49.360001 71.160004 -10.020000 -79.489998 0.000000 2664.000000 -1004.000000 3327.000000 -1982.000000 -3504.000000 491.000000 
13.800000 49.470001 71.129997 -10.050000 -79.480003 0.000000 2645.000000 -997.000000 3313.000000 -2010.000000 -3506.000000 482.000000 
13.780000 49.599998 71.129997 -10.070000 -79.459999 0.000000 2587.000000 -993.000000 3321.000000 -1983.000000 -3461.000000 476.000000 
