7.726487 -6.311759 -43.670769
8.745887 -6.226249 -44.656981
9.169481 -5.995179 -45.898083
9.207194 -6.018133 -45.048801
9.093944 -5.097938 -45.519042
8.787678 -4.220801 -46.642962
8.447785 -4.125563 -46.906627
7.915791 -4.749651 -45.431825
7.269161 -5.751153 -42.619102
6.758434 -6.922876 -39.479809
6.723856 -8.163791 -36.658129
7.270605 -9.152464 -34.538453
8.039753 -9.97498 -32.5282
8.726927 -10.751104 -30.208323
9.340192 -11.621904 -27.35362
9.855062 -12.584483 -23.979666
10.313995 -13.604149 -20.274258
10.744194 -14.595933 -16.583659
11.170728 -15.505334 -13.089117
11.709685 -16.250953 -9.981023
12.293062 -16.788797 -7.309598
12.839075 -17.276111 -4.499259
13.528851 -17.549851 -1.843978
14.351178 -17.760946 1.258012
15.023936 -17.932682 4.490305
15.624746 -17.908172 7.384885
16.240836 -17.757682 9.943761
16.803829 -17.530525 12.318813
17.318125 -17.13734 14.238131
17.872474 -16.849159 16.605022
18.287971 -16.535774 19.021277
18.682042 -16.182497 21.580457
19.236427 -15.732994 24.144923
19.801006 -15.106329 26.170741
20.442435 -14.377913 27.981802
21.135723 -13.334843 28.310794
21.608512 -12.022117 26.711791
21.942075 -10.505511 23.140545
22.126668 -8.801379 17.402989
22.118786 -6.914703 8.726667
22.018104 -4.920941 -2.73962
21.867326 -2.868909 -16.183341
21.631726 -0.739408 -30.764142
21.21145 1.379478 -44.639482
20.329092 3.120353 -54.605088
19.582545 4.588038 -62.010989
18.85059 5.959028 -68.828148
18.117374 6.946672 -72.775908
17.510319 7.712379 -75.234796
16.796032 8.556901 -77.966262
16.228331 9.541112 -81.192282
15.213783 10.31079 -83.123682
14.660694 10.407698 -82.740831
14.00535 10.61185 -83.100758
14.046647 10.735998 -83.665854
14.046907 10.65115 -82.702399
13.956857 10.209434 -78.503903
14.224751 9.768696 -74.613617
14.234473 9.287883 -70.670415
14.284418 9.386647 -71.070509
14.354803 9.584041 -73.038046
14.445383 9.589316 -74.319276
14.59594 9.371951 -74.317142
14.828369 9.098903 -73.576
15.111294 8.88227 -72.676406
15.489313 8.80967 -72.486734
15.938511 8.890717 -73.551624
16.394113 9.110446 -76.075661
16.903979 9.283652 -79.007259
17.532125 9.264744 -81.453063
18.301901 9.016609 -83.191424
19.226995 8.489126 -84.028087
20.24886 7.670771 -83.710781
21.293343 6.569071 -82.076499
22.312403 5.222621 -79.180158
23.217924 3.615033 -74.610943
23.991536 1.808173 -68.590227
24.592477 -0.103456 -61.473607
24.999022 -2.055737 -53.512065
25.215956 -4.001549 -45.094431
25.213122 -5.874323 -36.665046
25.044126 -7.661322 -28.912523
24.727925 -9.404003 -21.62796
24.246289 -11.17664 -14.443254
23.533517 -13.087557 -6.47611
22.577449 -15.149498 1.930025
21.29449 -17.279428 10.316462
19.776513 -19.310575 18.25475
18.126724 -21.084034 25.773734
16.333895 -22.448278 33.03656
14.581245 -23.346577 40.073513
13.182841 -23.891016 46.887149
12.216908 -24.105604 52.230027
11.56523 -24.155361 56.62435
11.02763 -23.97604 58.313925
10.635366 -23.670384 57.844127
10.173217 -23.632683 65.968165
9.663311 -23.118754 64.465238
9.511404 -22.616243 61.05481
9.467733 -22.180508 57.791474
9.83738 -21.711493 52.385111
10.395181 -21.053212 42.475335
11.000998 -20.017985 28.241253
11.62769 -18.564942 11.75128
12.259796 -16.922145 -5.328804
12.977942 -15.325469 -22.921488
13.629365 -13.902746 -39.369288
14.186027 -12.691006 -53.642931
14.712183 -11.543314 -67.083476
15.147088 -10.346596 -78.819834
15.535489 -9.096046 -88.521691
15.954824 -7.855435 -96.227079
16.324825 -6.665979 -101.319339
16.535021 -5.50562 -103.402534
16.533276 -4.447311 -102.651221
16.362533 -3.472785 -100.291693
15.982965 -2.542745 -96.428418
15.38634 -1.723598 -91.333253
14.728339 -0.977883 -86.382617
14.045406 -0.256939 -81.963811
13.366132 0.415813 -78.211698
12.742101 0.962858 -74.934317
12.18188 1.345235 -71.846796
11.699892 1.518797 -68.838525
11.245396 1.541562 -65.693458
10.865479 1.557425 -62.898267
10.624476 1.520696 -60.595413
10.431414 1.457681 -58.505077
10.206548 1.273825 -55.988562
10.01609 1.033774 -53.599667
10.037128 0.900011 -52.549153
10.11624 0.773384 -51.793088
10.237609 0.671997 -51.249204
10.50489 0.586362 -51.257094
10.833689 0.462711 -51.241092
11.186313 0.26857 -50.907486
11.564774 0.140971 -50.828787
11.98897 -0.034766 -50.614624
12.180873 -0.335693 -48.784868
12.315893 -0.730516 -46.360895
12.390334 -1.148009 -43.578866
12.501461 -1.544694 -41.016564
12.605589 -1.871683 -38.862335
12.71793 -2.076577 -37.463895
12.852388 -2.206699 -36.60295
13.065426 -2.362799 -35.827583
13.32949 -2.345437 -36.240761
13.644117 -2.872324 -34.311337
13.627281 -3.564902 -30.946696
13.787688 -3.96122 -29.304368
14.008139 -4.597135 -26.103501
14.259782 -4.908897 -24.740129
14.376214 -5.105611 -23.717234
14.418319 -5.164285 -23.423593
14.505773 -5.243934 -23.138485
14.59549 -5.233478 -23.306329
14.706381 -5.277774 -23.215092
14.811893 -5.39285 -22.692628
14.636502 -5.288205 -22.837611
14.522967 -5.016891 -24.069665
14.421517 -5.264303 -22.792403
14.541327 -5.988775 -19.626231
14.608497 -6.891575 -15.906634
14.653028 -7.827696 -12.283185
14.824021 -8.088102 -11.270208
15.094895 -8.215752 -10.453585
15.372353 -8.343665 -9.775932
15.640547 -8.376777 -9.606152
15.905381 -8.316055 -9.803532
16.092375 -8.329109 -9.64814
16.032142 -8.642672 -8.243487
16.10546 -9.086211 -6.33787
16.290913 -8.878871 -7.217449
16.628939 -8.748952 -7.612452
16.79645 -8.719925 -7.537829
17.203903 -8.767836 -7.440136
16.526282 -8.153256 -10.31163
15.820153 -7.920648 -11.729813
15.290606 -7.175286 -14.792242
14.820592 -6.258591 -17.923902
14.297455 -5.064792 -21.556471
13.967844 -3.815168 -25.4278
13.312849 -2.458176 -29.386524
12.647938 -1.080518 -33.518666
12.165865 0.154429 -37.489412
11.901769 1.236053 -41.483378
11.700441 2.189525 -45.353937
11.522892 3.112142 -49.214405
11.246313 4.090562 -52.975725
11.030762 5.114862 -56.699133
10.859761 6.215766 -60.368202
10.893572 7.436609 -64.276325
11.264286 8.66933 -68.338283
11.947687 9.822384 -72.464466
12.802985 10.768405 -76.245344
13.634912 11.423356 -79.385873
14.515306 11.777462 -82.217612
15.668355 11.674267 -85.080445
17.036629 11.001991 -87.294684
18.429048 9.648356 -88.162162
19.462709 7.817935 -86.86451
20.020899 6.098768 -83.828879
20.170942 4.689655 -79.928267
20.148032 3.511717 -75.985232
20.01491 2.537274 -72.434293
19.482824 1.705473 -68.663761
18.8414 0.810525 -64.852293
18.121565 -0.162989 -60.999878
17.47544 -1.198771 -57.294408
16.750238 -2.28346 -53.558015
16.046079 -3.331628 -50.215696
15.385465 -4.256185 -47.375816
14.81476 -5.00612 -44.977731
14.413197 -5.608461 -42.927406
14.289149 -6.030616 -41.393127
14.405202 -6.282268 -40.510722
14.688032 -6.429 -40.084102
14.984254 -6.545618 -39.920285
15.128869 -6.61722 -39.779466
15.093002 -6.656226 -39.562053
14.916793 -6.695307 -39.151827
14.649887 -6.724222 -38.585464
14.358121 -6.768211 -37.904549
14.088067 -6.820774 -37.155415
13.878852 -6.916886 -36.378201
13.736603 -7.015381 -35.579582
13.652448 -7.136681 -34.778804
13.372614 -7.208139 -33.905467
12.931719 -7.240704 -33.102219
13.508951 -7.458249 -32.565911
15.231744 -7.791649 -32.351782
14.604509 -7.185663 -32.427882
14.128149 -6.739049 -31.927459
14.21136 -6.078189 -32.745062
13.411464 -5.332571 -33.750499
13.167942 -5.153463 -33.833833
13.007027 -5.649576 -31.906366
13.097548 -6.861937 -27.927332
13.424013 -7.518445 -25.166581
13.908974 -7.44529 -24.657622
14.577851 -6.735844 -26.31915
15.265346 -5.741344 -29.210478
15.84337 -4.927589 -31.820273
16.252822 -4.403287 -33.746949
16.467278 -4.308298 -34.234404
16.76853 -4.265647 -34.540778
17.216266 -3.947729 -35.70215
17.740488 -3.523009 -37.423291
18.162669 -3.103351 -39.271386
18.26816 -2.887855 -40.414488
17.857125 -3.033966 -40.164132
17.294234 -3.501038 -38.968582
16.662446 -4.009233 -37.614997
16.123874 -4.558998 -36.306383
15.591546 -5.059523 -35.158906
15.140589 -5.534025 -34.153769
14.740535 -5.945232 -33.372813
14.412466 -6.293045 -32.769784
14.170195 -6.571587 -32.331135
13.929113 -6.779627 -31.999897
13.801122 -6.932239 -31.874266
13.736438 -7.022141 -31.943219
13.701436 -7.05612 -32.206098
13.743475 -7.083378 -32.558106
13.850292 -7.112729 -32.918628
13.965809 -7.122373 -33.372593
14.120453 -7.145078 -33.831749
14.30202 -7.212514 -34.19046
14.405844 -7.233508 -34.584926
14.548213 -7.345668 -34.805543
14.693249 -7.426698 -35.058374
14.793794 -7.486578 -35.250789
14.854389 -7.540342 -35.417581
14.91045 -7.556062 -35.698582
14.973749 -7.557662 -35.978884
15.020728 -7.498695 -36.417473
14.944153 -7.398668 -36.800529
14.762578 -7.360226 -36.858498
14.518255 -7.315088 -36.82396
14.334468 -7.210724 -37.050832
14.525691 -8.167261 -35.824116
14.236309 -8.437997 -35.355119
13.805817 -8.842073 -34.61925
13.344304 -9.287404 -33.778726
