-0.597821 -7.97505 -46.94711
-0.568385 -7.962272 -47.017476
-0.534006 -7.982482 -46.993897
-0.541551 -7.997484 -47.005326
-0.578265 -8.005412 -46.956073
-0.635458 -8.023211 -46.939804
-0.671506 -8.010798 -46.908979
-0.712781 -7.985323 -46.92239
-0.747185 -7.96519 -46.925959
-0.711877 -7.944997 -46.950415
-0.632552 -7.909524 -47.038192
-0.567332 -7.917095 -47.01494
-0.515468 -7.907762 -47.109601
-0.501318 -7.905739 -47.153797
-0.52107 -7.924069 -47.043344
-0.561026 -7.932313 -47.045519
-0.637271 -7.960102 -47.042074
-0.72721 -7.950081 -47.063808
-0.788226 -7.955027 -47.061744
-0.778351 -7.979954 -47.050812
-0.734561 -7.984614 -47.004368
-0.675197 -7.999444 -47.006884
-0.599071 -8.032334 -47.043721
-0.534236 -8.067356 -47.03612
-0.516601 -8.105927 -46.951891
-0.563574 -8.116804 -46.869506
-0.612954 -8.11495 -46.801223
-0.641177 -8.096609 -46.736964
-0.630589 -8.110634 -46.653605
-0.539809 -8.122819 -46.72792
-0.34643 -8.255285 -46.664513
-0.125782 -8.463888 -46.543762
0.070567 -8.732604 -46.420461
0.326034 -9.006007 -46.262675
0.587385 -9.228206 -46.173015
0.776663 -9.500167 -45.946425
0.95916 -9.679497 -45.802184
1.099838 -9.808592 -45.738522
1.080921 -9.804724 -45.715458
0.9872 -9.615559 -45.794622
0.77135 -9.224331 -46.080312
0.538377 -8.702021 -46.470627
0.435138 -8.065525 -46.957194
0.635335 -7.227684 -47.711026
1.175447 -6.312038 -48.674285
2.170963 -5.410177 -49.747232
3.461982 -4.911461 -50.551962
4.847757 -4.70645 -51.220472
6.182346 -4.826102 -51.729739
7.266986 -4.983744 -52.176308
8.027937 -5.2492 -52.410078
8.861106 -5.857197 -52.349748
9.652754 -6.293834 -52.555809
10.310192 -6.733126 -52.594183
11.070345 -7.092538 -52.749103
11.958243 -7.321276 -53.201748
12.759232 -7.381535 -53.78647
13.253168 -7.654598 -53.815325
13.670468 -8.122739 -53.272251
14.888528 -7.996183 -54.113776
16.125835 -7.65764 -55.501451
16.721544 -7.300264 -56.698496
16.927113 -7.242386 -57.370991
17.167398 -7.322191 -57.886637
17.228306 -7.488549 -58.074625
17.025143 -7.520296 -58.168409
16.953627 -7.513304 -58.388115
16.827095 -7.591509 -58.345498
16.497147 -7.77327 -58.042108
16.151401 -7.775094 -57.922833
16.13884 -7.970875 -57.900484
16.02687 -8.080753 -57.927871
15.762331 -8.075598 -58.08538
15.433897 -7.920089 -58.370656
15.226811 -7.622537 -58.879008
15.211919 -7.105178 -59.622116
15.67153 -6.472077 -60.867062
16.262106 -5.908527 -62.028016
16.91377 -5.326474 -63.370064
17.530442 -4.732704 -64.748426
18.004756 -4.11737 -66.138625
18.316974 -3.360803 -67.48741
18.582357 -2.488461 -68.901302
18.873773 -1.422448 -70.342984
19.136401 -0.177231 -71.898944
19.345567 1.158615 -73.563583
19.413792 2.367312 -74.910241
19.207111 3.254544 -75.855023
18.910181 3.841176 -76.493603
18.778732 4.220267 -77.090107
18.745657 4.846864 -77.865685
18.916972 5.915968 -79.062677
19.197551 7.194807 -80.495525
19.410315 8.576656 -81.953283
19.563656 9.92303 -83.25142
19.769841 11.159535 -84.490751
20.050635 12.11476 -85.664133
20.337236 12.605765 -86.577552
20.3723 12.855134 -87.195234
20.053566 13.045675 -87.426957
18.905118 13.424395 -87.270416
17.600436 14.090942 -87.003301
16.529633 14.951994 -86.858048
15.815897 15.913722 -86.881693
15.442917 16.759724 -86.966496
15.368065 17.397304 -87.099776
15.522538 17.754718 -87.244805
15.665664 17.952373 -87.342534
15.695482 18.30801 -87.40845
15.516756 18.878694 -87.38913
15.114198 19.606425 -87.328535
14.648941 20.324129 -87.163971
14.1134 20.894576 -86.885627
13.803831 21.289303 -86.635552
13.667908 21.430925 -86.309808
13.467259 21.183364 -85.933618
12.972869 20.805352 -85.370825
12.035329 20.529095 -84.661129
10.748561 20.467264 -83.884989
9.317159 20.632705 -83.165143
7.898289 21.06416 -82.513652
6.647845 21.685172 -81.91768
5.777529 22.342466 -81.436626
6.03489 23.108987 -81.36993
6.627745 23.701425 -81.480681
6.927929 23.805148 -81.427959
7.29241 24.156533 -81.318951
7.267174 24.29476 -80.964748
6.46865 24.298012 -80.395823
5.200826 24.575643 -79.656676
4.05439 24.938517 -79.002952
2.928114 24.654337 -78.520095
3.251134 24.812275 -78.642646
3.341719 24.954194 -78.588471
2.975625 24.608989 -78.285117
3.375632 24.753064 -78.09689
2.180896 24.546185 -77.455218
1.250501 24.193425 -77.187437
0.487344 24.327634 -76.778417
-0.02706 24.137418 -76.585385
0.755398 24.413007 -76.913918
1.326165 24.749588 -77.40625
1.379088 25.450553 -77.55018
1.455002 25.079855 -77.695671
2.748228 25.421943 -78.202628
3.7715 25.855806 -78.702265
4.20162 26.311288 -79.108245
4.509642 26.675428 -79.362148
5.421883 26.704479 -79.967689
6.294025 26.670675 -80.554138
6.794181 26.365512 -80.934563
7.198419 26.631073 -81.424255
7.095061 26.350268 -81.611621
6.433404 26.317976 -81.397248
5.927434 26.590325 -81.224657
5.812649 26.885225 -81.119169
6.918258 26.946948 -81.668645
7.908262 26.87016 -82.271388
8.440268 27.177117 -82.688784
8.256763 27.059555 -82.875454
8.218721 26.830193 -83.005115
7.622893 26.488229 -82.629829
7.284014 26.7943 -82.378664
6.708079 27.077743 -81.927179
6.315841 27.432079 -81.694707
6.056036 27.759341 -81.599395
6.027526 27.814847 -81.683718
6.368763 27.910748 -81.898896
6.774071 27.804355 -82.202196
7.244753 27.889606 -82.55496
7.632987 28.106721 -83.077847
7.546103 28.371191 -83.257012
7.078401 28.620689 -83.298547
6.8396 28.833952 -83.461925
6.581469 29.070228 -83.477881
6.269817 29.259582 -83.562353
6.183027 29.155197 -83.881153
6.597369 29.005211 -84.633757
7.376032 28.760292 -85.684274
7.939208 28.45752 -86.662537
7.535596 28.567298 -87.33746
7.108936 28.476582 -88.266568
7.907519 28.261779 -90.081239
8.202503 28.558777 -92.272824
8.354038 28.797878 -94.452523
8.676733 29.090433 -96.866423
9.218393 29.557108 -99.729874
10.406688 29.821229 -103.356057
12.619088 29.905948 -108.210643
15.302726 29.868951 -113.950659
18.680462 29.691586 -121.151659
22.580606 29.098123 -129.522758
26.955613 27.961482 -139.340673
31.38315 25.998871 -150.157091
35.705693 22.942003 -162.182514
39.501521 18.299283 -175.317572
42.306808 11.563424 170.491951
43.682364 2.328018 154.917158
43.064338 -9.149042 137.048278
39.462271 -21.209259 115.63214
31.487767 -31.501866 88.718221
17.928133 -38.483812 54.36377
0.372038 -41.46399 13.698748
-15.856216 -39.675942 -28.139876
-26.966016 -32.920736 -67.084373
-33.174928 -23.426417 -102.289041
-35.946365 -14.264889 -133.464522
-36.633564 -6.618895 -160.874481
-35.994452 -0.273408 175.344458
-34.500486 5.129981 154.725302
-32.406436 9.77346 136.768697
-29.958647 13.552165 121.291845
-27.516104 16.540728 108.218494
-25.03585 18.987548 96.72594
-22.502018 21.059869 86.491737
-19.819398 22.75417 77.165833
-16.836324 24.147837 68.467163
-13.654736 25.160549 60.342419
-10.472836 25.706302 52.886864
-7.587441 25.676809 46.302758
-5.182116 25.517421 41.126362
-3.363549 25.275712 36.901224
-1.735157 24.797172 32.649051
0.016763 24.333257 28.323883
1.803133 23.86164 24.295309
3.568819 23.307571 20.826122
5.108089 22.648753 18.162291
6.356019 21.966375 16.195178
7.424922 21.290007 14.684281
8.273684 20.615575 13.557055
9.142594 20.065704 12.604469
10.005585 19.480861 11.656557
10.781511 18.812428 10.672131
11.461856 18.104242 9.674529
12.197883 17.407597 8.62599
13.040403 16.724495 7.549068
13.802207 16.099889 6.929038
14.423035 15.752617 7.009573
14.878081 15.165835 6.861826
14.986172 14.186871 6.326668
15.286009 13.44421 6.15251
15.833858 13.101102 6.531465
16.190923 12.607941 6.888909
16.307705 11.825585 6.918638
16.535869 11.257 7.129336
16.839035 10.888327 7.570435
16.854661 10.315134 7.846019
16.722684 9.706889 7.990444
16.679169 9.289123 8.293003
16.595199 8.959891 8.86249
16.420968 8.33623 9.156185
16.027958 7.570146 9.421649
15.660408 7.0249 9.870324
15.452523 6.475722 10.26927
15.281998 5.704896 10.511727
15.442161 5.171719 10.791504
15.835756 4.952926 11.163418
16.245488 4.780327 11.516706
16.660741 4.648664 11.890449
17.007146 4.570121 12.328373
17.167365 4.520797 12.83858
17.17122 4.551559 13.307686
17.162539 4.624976 13.763314
17.123055 4.678072 14.176471
17.08757 4.778851 14.628533
17.143425 4.867681 15.031018
17.34811 4.851418 15.370081
17.543523 4.801064 15.762242
17.673955 4.878993 16.235591
17.684681 5.054689 16.748053
17.549453 5.257688 17.248379
17.351081 5.394774 17.737813
17.210917 5.482955 18.087107
17.161136 5.577678 18.368595
17.247055 5.649597 18.553149
17.362707 5.72524 18.715226
17.551091 5.770379 18.949706
17.741104 5.81709 19.156331
17.855683 5.805641 19.410921
17.906099 5.812131 19.746691
17.970114 5.797906 20.118697
18.06831 5.824144 20.370912
18.093945 5.990518 20.804282
17.996565 6.228449 21.233457
17.836774 6.408301 21.664255
17.583345 6.593011 22.079458
17.337952 6.790846 22.457523
17.157323 6.975362 22.747385
17.09583 7.116041 22.952651
17.168258 7.193394 23.077993
17.278288 7.228499 23.248304
17.420568 7.198179 23.420524
17.509182 7.175739 23.619688
17.507202 7.159334 23.76428
17.405589 7.085785 23.955077
17.358185 6.998344 24.085388
17.35868 6.993116 24.276282
17.530654 6.992041 24.372107
17.697454 7.00893 24.551745
17.850294 7.039613 24.785878
17.954377 7.108133 25.041458
17.979546 7.167131 25.290261
18.027539 7.200623 25.49782
18.02777 7.226603 25.703259
17.987564 7.200501 25.856878
18.045014 7.200657 25.949846
18.055271 7.186711 26.128468
18.0698 7.209209 26.324384
18.144957 7.280782 26.527833
18.260459 7.362709 26.738638
18.382102 7.403487 26.920101
18.505522 7.382989 27.031841
18.548962 7.40731 27.193214
18.615102 7.474649 27.388396
18.656188 7.515023 27.542857
18.701054 7.582095 27.720012
18.771024 7.624343 27.879987
18.777781 7.675098 28.131348
18.831395 7.695106 28.270428
18.827263 7.695075 28.48654
18.835441 7.681164 28.64663
18.779941 7.681725 28.849649
18.810624 7.665025 28.917904
18.825309 7.681293 29.034175
18.899478 7.708446 29.082412
18.914723 7.773659 29.24673
18.957195 7.804717 29.352124
18.986536 7.846584 29.490122
19.021466 7.860037 29.594405
18.995616 7.86576 29.674172
18.983875 7.90335 29.756455
18.934666 7.973083 29.929206
18.916116 7.996055 30.012427
18.890914 8.004685 30.135706
18.94945 8.003515 30.202076
18.951146 8.014878 30.37612
18.944341 8.069762 30.540308
18.854862 8.12165 30.756463
18.822751 8.145332 30.839171
18.719329 8.16463 31.002933
18.641473 8.208126 31.157079
18.653855 8.256956 31.243868
18.673238 8.323323 31.394999
18.740452 8.402509 31.511581
18.875877 8.492849 31.628166
18.958754 8.579762 31.800273
19.081546 8.668769 31.876244
19.096495 8.764634 32.042139
19.008793 8.886832 32.271216
18.987102 9.022862 32.411855
18.932656 9.261898 32.654663
18.865199 9.636174 32.955859
18.706713 10.096837 33.343989
18.456053 10.688476 33.933106
18.210503 11.444316 34.566076
17.73181 12.227286 35.34657
17.137079 13.034131 36.115605
16.453267 13.964736 36.981605
15.618128 15.058005 38.055396
14.679886 16.293109 39.34714
13.68509 17.534162 40.711835
12.487613 18.753827 42.291262
10.977159 19.950087 44.185546
9.16436 21.185811 46.459604
7.099384 22.574147 49.391513
4.779481 23.737385 52.276334
2.602782 24.400044 54.439262
0.692211 24.635023 55.84332
-1.052921 24.683145 56.992477
-2.725298 24.77813 58.284357
-4.185918 24.905006 59.61024
-5.48724 25.074196 61.068718
-6.910208 25.372823 63.182072
-8.914235 25.773887 66.593477
-11.782545 26.062293 71.514849
-15.156153 26.096402 77.277632
-18.453639 25.860914 82.819122
-21.318758 25.126592 87.527829
-23.830481 23.985315 91.698162
-25.963028 22.497004 95.392626
-27.886552 20.692543 99.057992
-29.841141 18.439104 103.282709
-31.797859 15.545077 108.148562
-33.604998 11.951137 113.540559
-35.151105 7.777905 119.288981
-36.42596 2.802306 125.72671
-37.294734 -2.785711 132.711685
-37.528731 -8.693543 140.134334
-36.949358 -14.484631 147.64701
-35.462936 -19.791139 155.363207
-33.011422 -24.435119 163.587109
-29.427829 -28.462031 172.810166
-24.684139 -31.645578 -177.175443
-18.90449 -33.959365 -166.598299
-12.33995 -35.469765 -155.595592
-5.343675 -36.21003 -143.762776
2.196901 -36.188405 -129.699186
9.484581 -35.419845 -114.514199
16.528064 -33.829988 -97.648346
22.370498 -31.829253 -82.350674
27.08974 -29.338378 -66.545918
30.866974 -26.789761 -48.520087
34.076594 -24.644582 -20.215482
37.029948 -26.711576 39.563328
37.667658 -17.820142 138.217658
36.39452 -16.683043 -149.640185
35.274987 -16.163878 -110.22786
34.258337 -13.655097 -88.344838
33.486637 -11.381679 -77.753607
33.14986 -9.626784 -73.482015
33.148648 -8.342761 -71.181741
32.854072 -7.216174 -68.136503
32.065365 -6.114392 -64.634883
31.285251 -5.073822 -62.438616
30.374893 -3.721573 -62.017961
29.476418 -2.434702 -61.656432
28.756706 -1.558111 -60.76615
28.366435 -0.750227 -60.420539
28.246087 0.032703 -60.512984
28.25111 0.543893 -60.418962
27.831365 0.828902 -59.756489
26.650952 0.844426 -58.186444
24.825349 0.762668 -56.381854
22.790887 0.932819 -55.305252
20.926436 1.026313 -54.370768
19.394012 1.008573 -53.622393
18.267599 1.249495 -53.483512
17.782799 1.790888 -54.089354
18.115811 2.167525 -54.84542
18.727412 2.286288 -55.285495
19.162652 2.333562 -55.57345
19.079582 2.189856 -55.493148
18.324528 1.690571 -54.832232
17.091502 1.175802 -54.012788
15.401768 0.919908 -53.411158
13.789547 0.65182 -52.930317
12.450271 0.389669 -52.567189
11.372155 0.297329 -52.429981
10.906023 0.256792 -52.444743
11.14575 0.291929 -52.798093
11.69314 0.416908 -53.178013
12.10539 0.535751 -53.581843
12.220015 0.606476 -53.923669
11.902322 0.622171 -54.284439
10.928929 0.554024 -54.356309
9.522459 0.608113 -54.326711
8.178453 1.069201 -54.614932
7.086925 1.692415 -54.998234
6.081346 2.150859 -55.173083
5.495576 2.700746 -55.464327
5.670985 3.118526 -55.877342
6.141173 3.480997 -56.277728
6.568958 3.884176 -56.698155
7.070025 4.186811 -57.1548
7.1524 4.699172 -57.677903
6.024599 5.140024 -57.891345
5.803536 5.112862 -58.131711
5.801441 5.232443 -58.284559
5.032227 5.617886 -58.406996
4.248213 5.859845 -58.355031
4.287238 5.869756 -58.378291
4.572247 6.036455 -58.627714
4.635387 6.313234 -58.896854
4.277519 6.403243 -58.951112
3.592244 6.256134 -58.773859
3.028762 6.308812 -58.646723
2.176778 6.703329 -58.659953
2.077372 6.436951 -58.536729
2.684521 6.846828 -58.909063
2.763029 7.359648 -59.24471
2.377627 7.151648 -59.179047
2.647898 7.044866 -59.301481
2.980528 7.259298 -59.61253
2.792694 7.432736 -59.747789
2.409697 7.378139 -59.653183
2.35379 7.581499 -59.701314
2.4743 8.126993 -60.105869
2.553377 8.553099 -60.515043
2.537637 8.893268 -60.694975
2.300737 9.267027 -60.883493
1.906236 9.422572 -60.827105
1.136737 9.627952 -60.677848
0.685385 9.372556 -60.548057
0.389994 9.078685 -60.400798
0.318675 9.026406 -60.431771
0.270922 9.21454 -60.546395
0.284488 9.46787 -60.691353
0.345728 9.582123 -60.779194
0.475647 9.866689 -60.89417
0.860065 10.087126 -61.210726
1.001082 10.611786 -61.562688
1.026954 11.114913 -61.76641
0.686664 11.580421 -61.863003
0.56384 11.634473 -61.924479
0.280211 11.872705 -61.829654
0.405683 11.944812 -61.916162
0.770381 12.154047 -62.091257
0.869021 12.429668 -62.186807
0.550952 12.7952 -62.12786
0.201503 13.357901 -62.243565
0.197996 14.179967 -62.478351
-0.543374 14.587799 -62.38251
-1.251652 14.588161 -62.14272
-1.757706 15.0117 -62.01942
-1.709187 15.899516 -62.229838
-1.147935 16.805738 -62.707612
-1.203342 17.763746 -62.915001
-1.468171 18.477927 -63.101679
-1.738893 18.866074 -63.292868
-1.150948 19.700191 -63.752745
-0.35749 20.571405 -64.3108
0.297102 21.337843 -64.824312
0.667276 21.887357 -65.147441
0.814481 22.202195 -65.23979
0.914763 22.267804 -65.163452
1.105818 22.06529 -65.02139
1.393379 21.767076 -64.847443
1.825269 21.370624 -64.627565
2.367869 20.831013 -64.425547
3.044729 20.136624 -64.148708
3.607202 19.308312 -63.826919
3.947237 18.475456 -63.334491
4.097562 17.680099 -62.669935
4.195458 16.918842 -61.841642
4.324994 16.18223 -60.903294
4.574037 15.535729 -59.875008
5.057637 14.956287 -58.982338
6.486649 14.264835 -58.423645
7.911768 13.355921 -57.735369
9.142366 12.326153 -56.977834
10.233454 11.265027 -56.127164
11.398698 10.319345 -55.281008
12.71759 9.630027 -54.549458
14.103963 9.291358 -54.003097
15.442459 9.010865 -53.435156
16.528663 8.471315 -52.697596
17.137523 7.467491 -51.615682
17.070947 6.011863 -50.132282
16.518229 4.439659 -48.558174
15.759038 2.967553 -47.136519
15.016562 1.620045 -45.847809
14.403263 0.395708 -44.64752
13.881246 -0.844336 -43.343478
13.432045 -2.176852 -41.781498
13.293724 -3.496195 -40.028687
13.416773 -4.628815 -38.15204
13.744399 -5.585222 -36.125419
14.161674 -6.360541 -34.086172
14.555482 -7.002961 -32.143304
14.918614 -7.524943 -30.377084
15.311264 -7.895442 -28.880199
15.778123 -8.125559 -27.631668
16.314415 -8.22718 -26.627522
16.842774 -8.241565 -25.78588
17.392341 -8.194093 -25.077014
17.823721 -8.067818 -24.563377
18.043322 -7.908956 -24.239357
17.907737 -7.819044 -23.992921
17.425473 -7.79101 -23.82261
16.730221 -7.74824 -23.727902
15.962629 -7.691566 -23.755247
15.24801 -7.613719 -23.78874
14.848497 -7.480352 -23.899579
14.768393 -7.255188 -24.137825
15.009581 -6.714814 -24.92408
15.286832 -6.328541 -25.501565
15.280164 -5.978657 -26.077399
14.925921 -5.52551 -27.069192
14.388069 -5.034677 -28.246519
13.630122 -4.376656 -29.639596
12.57136 -3.676655 -31.079122
11.338384 -2.970235 -32.403972
9.894261 -2.330737 -33.583971
8.362612 -1.744314 -34.708386
6.936007 -1.256089 -35.600702
5.653605 -0.819832 -36.392152
4.5481 -0.423227 -37.041038
3.55943 -0.139486 -37.507604
2.695701 -0.015139 -37.73808
1.909867 0.010355 -37.97615
1.346474 -0.100851 -38.024331
0.957414 -0.292182 -38.08528
0.70242 -0.515922 -38.205221
0.467944 -0.769999 -38.309759
0.293495 -0.982419 -38.439665
0.273065 -1.115401 -38.586246
0.380994 -1.118948 -38.805015
0.602245 -1.091972 -39.046304
0.874579 -1.072893 -39.322993
1.178265 -1.093009 -39.516084
1.510305 -1.160515 -39.629716
1.872644 -1.302727 -39.738314
2.23391 -1.482945 -39.806438
2.558073 -1.716318 -39.739632
2.867978 -2.028454 -39.576479
20.562158 -9.103235 -28.307947
19.810201 -8.69169 -29.447922
20.005119 -8.253022 -30.881724
19.950366 -8.232634 -31.47854
19.175881 -8.061329 -32.386164
17.960434 -7.91158 -33.271826
16.095858 -7.361156 -34.716113
14.550816 -6.763573 -36.123786
13.212949 -6.024162 -37.739053
11.51964 -4.966917 -39.568858
9.318834 -4.297781 -40.442607
7.195389 -4.175346 -40.756372
5.438622 -4.150501 -40.908906
4.069398 -4.316697 -40.835108
2.961601 -4.567499 -40.601929
2.073521 -4.896147 -40.239195
1.423762 -5.117128 -39.968498
1.198362 -5.348299 -39.792591
1.400943 -5.457828 -39.841918
1.542256 -5.540464 -40.015921
1.368672 -5.765032 -40.005325
1.174444 -5.954553 -40.131614
1.242792 -5.956058 -40.473903
1.671277 -5.696706 -41.064016
2.295505 -5.152087 -41.973672
2.954238 -4.475745 -43.071974
