17.700001 27.430000 78.540001 -21.709999 -44.759998 0.000000 2942.000000 -1321.000000 2830.000000 -1025.000000 -2944.000000 2848.000000 
17.740000 27.450001 78.589996 -21.709999 -44.750000 0.000000 2911.000000 -1326.000000 2818.000000 -1063.000000 -2972.000000 2839.000000 
17.750000 27.469999 78.559998 -21.700001 -44.759998 0.000000 2913.000000 -1320.000000 2811.000000 -1015.000000 -2962.000000 2841.000000 
17.719999 27.490000 78.580002 -21.709999 -44.830002 0.000000 2935.000000 -1328.000000 2830.000000 -1024.000000 -2979.000000 2851.000000 
17.709999 27.459999 78.529999 -21.740000 -44.810001 0.000000 2937.000000 -1331.000000 2810.000000 -971.000000 -2974.000000 2849.000000 
17.750000 27.400000 78.559998 -21.790001 -44.790001 0.000000 2930.000000 -1348.000000 2840.000000 -1010.000000 -2973.000000 2862.000000 
17.780001 27.360001 78.540001 -21.850000 -44.820000 0.000000 2931.000000 -1360.000000 2794.000000 -953.000000 -2998.000000 2891.000000 
17.809999 27.309999 78.519997 -21.930000 -44.360001 0.000000 2899.000000 -1402.000000 2805.000000 -534.000000 -3552.000000 4032.000000 
17.780001 27.139999 78.529999 -21.980000 -44.509998 0.000000 2927.000000 -1406.000000 2776.000000 -1069.000000 -3170.000000 2861.000000 
17.910000 26.799999 78.669998 -22.000000 -44.810001 0.000000 3187.000000 -1460.000000 2774.000000 -1602.000000 -3885.000000 3447.000000 
17.799999 26.299999 78.779999 -22.030001 -44.779999 0.000000 3772.000000 -1420.000000 1988.000000 -888.000000 -4279.000000 4045.000000 
17.660000 25.959999 78.930000 -22.190001 -44.439999 0.000000 3384.000000 -1713.000000 2843.000000 -643.000000 -4181.000000 4244.000000 
17.559999 25.809999 79.160004 -22.309999 -44.119999 0.000000 4968.000000 -1753.000000 3291.000000 -295.000000 -3883.000000 3748.000000 
17.709999 25.930000 79.419998 -22.309999 -43.630001 0.000000 5475.000000 -2022.000000 3472.000000 -83.000000 -4125.000000 4522.000000 
18.080000 26.459999 79.790001 -22.049999 -43.290001 0.000000 5709.000000 -2211.000000 3405.000000 100.000000 -3740.000000 3951.000000 
18.540001 27.360001 80.180000 -21.530001 -43.130001 0.000000 5211.000000 -2294.000000 3546.000000 359.000000 -3320.000000 3082.000000 
18.980000 28.680000 80.540001 -20.719999 -43.169998 0.000000 4679.000000 -2119.000000 2991.000000 -538.000000 -3325.000000 3263.000000 
19.490000 30.370001 81.080002 -19.760000 -43.299999 0.000000 4522.000000 -2137.000000 2797.000000 -547.000000 -3943.000000 4153.000000 
19.469999 32.160000 81.400002 -18.690001 -43.200001 0.000000 4294.000000 -2044.000000 2622.000000 7.000000 -3948.000000 4486.000000 
19.389999 34.209999 81.639999 -17.500000 -42.919998 0.000000 4155.000000 -1687.000000 2893.000000 433.000000 -3580.000000 4321.000000 
19.670000 36.799999 82.150002 -16.160000 -42.580002 0.000000 5057.000000 -1266.000000 1939.000000 208.000000 -3029.000000 3707.000000 
20.719999 39.009998 82.930000 -14.890000 -42.209999 0.000000 5081.000000 -1353.000000 2113.000000 -485.000000 -2990.000000 4057.000000 
21.129999 40.849998 83.129997 -13.630000 -41.779999 0.000000 4273.000000 -857.000000 1680.000000 890.000000 -2607.000000 3980.000000 
20.889999 42.430000 82.580002 -12.220000 -41.549999 0.000000 3564.000000 183.000000 623.000000 100.000000 -2860.000000 4225.000000 
21.209999 44.009998 82.019997 -11.360000 -41.389999 0.000000 4050.000000 212.000000 1285.000000 73.000000 -2936.000000 4138.000000 
21.410000 44.930000 80.889999 -10.730000 -41.310001 0.000000 3655.000000 209.000000 1118.000000 91.000000 -3029.000000 3939.000000 
22.010000 45.259998 79.589996 -10.310000 -41.330002 0.000000 3495.000000 256.000000 621.000000 -509.000000 -3137.000000 3788.000000 
23.219999 45.250000 78.470001 -10.130000 -41.380001 0.000000 3345.000000 56.000000 867.000000 -1054.000000 -3164.000000 3602.000000 
24.700001 44.930000 77.300003 -10.320000 -41.349998 0.000000 3498.000000 -300.000000 1684.000000 -1372.000000 -2885.000000 3412.000000 
26.360001 44.259998 76.129997 -10.740000 -40.900002 0.000000 3713.000000 -436.000000 2164.000000 -1125.000000 -2447.000000 3285.000000 
28.129999 43.169998 74.980003 -11.140000 -40.139999 0.000000 4002.000000 -342.000000 2325.000000 -416.000000 -2057.000000 3268.000000 
29.910000 41.900002 73.629997 -11.490000 -39.340000 0.000000 4122.000000 -409.000000 1987.000000 457.000000 -1880.000000 3341.000000 
31.660000 40.779999 72.080002 -11.680000 -38.540001 0.000000 3444.000000 -412.000000 1701.000000 182.000000 -1744.000000 3053.000000 
33.290001 39.820000 70.339996 -11.710000 -37.759998 0.000000 2567.000000 -363.000000 1245.000000 -440.000000 -1622.000000 2651.000000 
34.680000 39.119999 68.459999 -11.700000 -36.939999 0.000000 1841.000000 -310.000000 1048.000000 -1046.000000 -1350.000000 2173.000000 
35.740002 38.549999 66.410004 -11.950000 -36.389999 0.000000 1542.000000 -353.000000 879.000000 -1236.000000 -1245.000000 1870.000000 
36.470001 37.959999 64.230003 -12.880000 -36.150002 0.000000 1505.000000 -661.000000 1411.000000 -1677.000000 -1485.000000 1683.000000 
37.070000 37.189999 61.980000 -14.360000 -36.119999 0.000000 2072.000000 -1147.000000 2109.000000 -1827.000000 -1782.000000 1410.000000 
37.540001 36.290001 59.830002 -16.090000 -36.270000 0.000000 2644.000000 -1595.000000 2758.000000 -2098.000000 -2043.000000 1289.000000 
37.660000 35.439999 57.750000 -17.809999 -36.689999 0.000000 2844.000000 -1985.000000 3187.000000 -1863.000000 -2495.000000 1391.000000 
36.610001 35.380001 55.290001 -19.340000 -37.330002 0.000000 2701.000000 -2237.000000 3644.000000 -1572.000000 -2720.000000 1536.000000 
35.580002 35.910000 53.020000 -20.520000 -38.060001 0.000000 2276.000000 -2214.000000 3774.000000 -1529.000000 -2818.000000 1476.000000 
34.490002 36.570000 50.750000 -21.379999 -38.820000 0.000000 1753.000000 -2269.000000 3794.000000 -2041.000000 -3120.000000 1345.000000 
33.430000 37.189999 48.509998 -21.940001 -39.459999 0.000000 1058.000000 -2214.000000 3586.000000 -2747.000000 -3180.000000 958.000000 
32.410000 37.650002 46.290001 -22.389999 -39.970001 0.000000 835.000000 -2098.000000 3198.000000 -2948.000000 -3086.000000 670.000000 
31.260000 37.840000 44.020000 -22.900000 -40.400002 0.000000 693.000000 -2054.000000 3057.000000 -2939.000000 -3021.000000 551.000000 
30.080000 37.830002 41.840000 -23.520000 -40.790001 0.000000 227.000000 -2269.000000 3565.000000 -3091.000000 -2987.000000 535.000000 
28.740000 37.610001 39.720001 -24.350000 -41.230000 0.000000 606.000000 -2336.000000 3303.000000 -2649.000000 -2910.000000 595.000000 
27.120001 37.230000 37.630001 -25.340000 -41.689999 0.000000 1055.000000 -2342.000000 2919.000000 -1700.000000 -2671.000000 313.000000 
25.160000 36.720001 35.529999 -26.480000 -42.250000 0.000000 1157.000000 -2785.000000 3579.000000 -1475.000000 -2743.000000 239.000000 
23.030001 36.169998 33.459999 -27.590000 -43.020000 0.000000 1083.000000 -3188.000000 4250.000000 -1744.000000 -3077.000000 352.000000 
20.740000 35.570000 31.459999 -28.540001 -43.950001 0.000000 960.000000 -3319.000000 4253.000000 -1966.000000 -3396.000000 488.000000 
18.190001 34.810001 29.510000 -29.280001 -44.970001 0.000000 1415.000000 -3086.000000 3809.000000 -1966.000000 -3545.000000 472.000000 
15.510000 33.919998 27.660000 -29.900000 -46.060001 0.000000 2237.000000 -2857.000000 3411.000000 -1816.000000 -3922.000000 668.000000 
12.820000 32.959999 25.980000 -30.469999 -47.259998 0.000000 2637.000000 -2689.000000 3280.000000 -1818.000000 -4508.000000 1240.000000 
10.230000 32.040001 24.530001 -31.000000 -48.560001 0.000000 2296.000000 -2779.000000 3377.000000 -1684.000000 -5115.000000 1895.000000 
7.800000 31.270000 23.360001 -31.870001 -49.849998 0.000000 2554.000000 -2596.000000 2805.000000 -1109.000000 -5263.000000 2397.000000 
5.590000 30.549999 22.410000 -32.750000 -50.790001 0.000000 2996.000000 -2284.000000 2083.000000 239.000000 -4944.000000 2517.000000 
3.670000 29.670000 21.590000 -33.779999 -51.480000 0.000000 3070.000000 -2273.000000 1791.000000 871.000000 -4395.000000 2083.000000 
2.110000 28.459999 20.870001 -35.070000 -52.330002 0.000000 3071.000000 -2283.000000 1647.000000 800.000000 -4014.000000 1406.000000 
0.810000 27.090000 20.260000 -36.689999 -53.709999 0.000000 2990.000000 -2266.000000 1210.000000 -200.000000 -4256.000000 1400.000000 
-0.280000 25.680000 19.809999 -38.770000 -55.430000 0.000000 2805.000000 -2190.000000 983.000000 -1017.000000 -4686.000000 2038.000000 
-1.100000 24.129999 19.590000 -40.029999 -56.290001 0.000000 7225.000000 -5408.000000 11302.000000 27.000000 -7871.000000 6103.000000 
-1.640000 22.670000 19.490000 -42.139999 -56.669998 0.000000 2644.000000 -2184.000000 62.000000 -1134.000000 -7819.000000 5166.000000 
-1.840000 21.600000 19.670000 -43.389999 -56.799999 0.000000 4558.000000 -2239.000000 1058.000000 322.000000 -3730.000000 2050.000000 
-0.720000 21.680000 20.360001 -43.959999 -56.400002 0.000000 3217.000000 -2537.000000 2235.000000 591.000000 -3390.000000 2410.000000 
0.170000 21.280001 20.910000 -45.040001 -55.939999 0.000000 2973.000000 -2285.000000 1726.000000 374.000000 -3435.000000 2588.000000 
0.020000 20.969999 21.410000 -45.570000 -55.459999 0.000000 3143.000000 -2022.000000 1875.000000 569.000000 -3332.000000 2843.000000 
0.720000 21.200001 21.990000 -46.080002 -54.950001 0.000000 3170.000000 -2062.000000 1986.000000 239.000000 -3310.000000 2754.000000 
1.540000 21.400000 22.459999 -46.470001 -54.490002 0.000000 2891.000000 -1908.000000 1842.000000 448.000000 -3618.000000 3228.000000 
2.290000 21.320000 22.930000 -47.080002 -54.189999 0.000000 2870.000000 -1581.000000 1482.000000 40.000000 -3499.000000 3312.000000 
2.970000 21.290001 23.530001 -47.810001 -54.060001 0.000000 3825.000000 -1988.000000 1821.000000 -6.000000 -3440.000000 3164.000000 
3.400000 20.969999 24.000000 -48.669998 -54.380001 0.000000 3590.000000 -2114.000000 1657.000000 -246.000000 -3582.000000 2793.000000 
3.620000 20.690001 24.510000 -49.430000 -55.029999 0.000000 3860.000000 -2159.000000 1556.000000 -581.000000 -4247.000000 3064.000000 
3.150000 20.629999 24.969999 -50.119999 -56.070000 0.000000 3496.000000 -2411.000000 1510.000000 -449.000000 -4786.000000 3051.000000 
3.260000 20.709999 25.760000 -50.650002 -57.529999 0.000000 3658.000000 -2467.000000 1433.000000 -650.000000 -4538.000000 2358.000000 
3.900000 20.639999 26.440001 -51.250000 -59.119999 0.000000 3782.000000 -2388.000000 729.000000 34.000000 -3856.000000 1874.000000 
4.380000 20.650000 27.150000 -50.970001 -60.410000 0.000000 3575.000000 -2632.000000 1662.000000 -252.000000 -3306.000000 1664.000000 
4.460000 21.760000 27.790001 -49.990002 -61.279999 0.000000 2886.000000 -2355.000000 1797.000000 -303.000000 -3609.000000 1953.000000 
4.330000 23.440001 28.330000 -48.889999 -61.770000 0.000000 3028.000000 -2188.000000 1837.000000 644.000000 -2342.000000 1788.000000 
4.010000 24.540001 28.850000 -48.980000 -62.189999 0.000000 3581.000000 -1499.000000 536.000000 572.000000 -2096.000000 1748.000000 
3.270000 25.809999 29.049999 -48.799999 -62.770000 0.000000 3870.000000 -1925.000000 1394.000000 242.000000 -3349.000000 1881.000000 
2.740000 27.270000 29.230000 -49.200001 -63.360001 0.000000 2983.000000 -1785.000000 517.000000 1137.000000 -3482.000000 2045.000000 
2.430000 28.240000 29.379999 -49.740002 -63.900002 0.000000 2953.000000 -2424.000000 1423.000000 -223.000000 -3594.000000 1718.000000 
2.220000 28.660000 29.420000 -50.590000 -64.489998 0.000000 2929.000000 -2827.000000 1325.000000 -617.000000 -4300.000000 1998.000000 
3.050000 28.879999 29.959999 -51.099998 -65.239998 0.000000 2580.000000 -2853.000000 1822.000000 -257.000000 -4749.000000 1989.000000 
3.530000 28.170000 30.459999 -51.000000 -65.550003 0.000000 3312.000000 -2877.000000 2091.000000 -1173.000000 -3321.000000 1441.000000 
3.250000 27.690001 30.690001 -51.290001 -65.750000 0.000000 2604.000000 -3677.000000 2688.000000 -1253.000000 -3635.000000 1876.000000 
3.230000 28.080000 31.080000 -50.450001 -66.180000 0.000000 3703.000000 -3545.000000 3769.000000 -268.000000 -3974.000000 1765.000000 
3.190000 28.190001 31.450001 -49.340000 -66.860001 0.000000 3424.000000 -4132.000000 4266.000000 -1424.000000 -4599.000000 1745.000000 
2.860000 28.840000 31.719999 -47.700001 -67.570000 0.000000 3489.000000 -4073.000000 3806.000000 -2719.000000 -3725.000000 915.000000 
3.100000 31.010000 32.400002 -45.610001 -68.360001 0.000000 2528.000000 -4042.000000 4022.000000 -2703.000000 -2533.000000 325.000000 
2.530000 34.259998 32.880001 -42.970001 -69.459999 0.000000 2857.000000 -4145.000000 4057.000000 -1874.000000 -3332.000000 790.000000 
1.750000 37.779999 33.349998 -39.669998 -70.690002 0.000000 2997.000000 -3529.000000 3537.000000 -2584.000000 -3135.000000 514.000000 
0.680000 41.580002 33.709999 -36.529999 -72.199997 0.000000 2501.000000 -3391.000000 3517.000000 -2363.000000 -2923.000000 335.000000 
-0.900000 45.570000 33.790001 -33.230000 -73.919998 0.000000 3410.000000 -3102.000000 3519.000000 -2883.000000 -3317.000000 310.000000 
-2.910000 49.630001 33.520000 -29.969999 -75.910004 0.000000 3556.000000 -2549.000000 3228.000000 -3638.000000 -3602.000000 266.000000 
-5.240000 53.689999 32.860001 -26.799999 -78.019997 0.000000 3906.000000 -2524.000000 3581.000000 -4233.000000 -2543.000000 -427.000000 
-7.840000 57.790001 31.760000 -23.700001 -80.379997 0.000000 3922.000000 -2392.000000 3844.000000 -4587.000000 -3317.000000 -143.000000 
-10.800000 61.790001 30.059999 -20.680000 -82.849998 0.000000 2696.000000 -1721.000000 3452.000000 -4380.000000 -3305.000000 76.000000 
-14.330000 65.580002 27.670000 -18.030001 -85.089996 0.000000 1254.000000 -850.000000 2141.000000 -4362.000000 -3006.000000 208.000000 
-18.520000 69.160004 24.610001 -15.660000 -86.790001 0.000000 -636.000000 -1096.000000 2875.000000 -4970.000000 -3159.000000 754.000000 
-23.889999 72.419998 20.510000 -13.300000 -88.500000 0.000000 -230.000000 -825.000000 3342.000000 -3924.000000 -1103.000000 -238.000000 
-30.010000 75.110001 15.650000 -10.560000 -89.989998 0.000000 -119.000000 33.000000 2906.000000 -3430.000000 -688.000000 -908.000000 
-37.549999 77.019997 9.450000 -8.490000 -91.150002 0.000000 -442.000000 -15.000000 2819.000000 -3967.000000 -2146.000000 -288.000000 
-45.860001 78.269997 2.410000 -6.910000 -91.790001 0.000000 1172.000000 17.000000 3317.000000 -3710.000000 -2675.000000 -144.000000 
-53.389999 79.010002 -4.150000 -5.900000 -92.190002 0.000000 1600.000000 -19.000000 3688.000000 -3444.000000 -2540.000000 -299.000000 
-60.320000 79.629997 -10.290000 -5.100000 -92.809998 0.000000 2102.000000 203.000000 3559.000000 -3006.000000 -2029.000000 -431.000000 
-66.489998 80.169998 -15.910000 -4.700000 -93.980003 0.000000 2685.000000 304.000000 3560.000000 -2518.000000 -1439.000000 -848.000000 
-72.320000 80.629997 -21.360001 -5.020000 -93.760002 0.000000 2547.000000 -25.000000 3920.000000 -1861.000000 -3989.000000 3654.000000 
-78.440002 80.919998 -27.290001 -6.280000 -96.309998 0.000000 1465.000000 -341.000000 4238.000000 -5134.000000 -568.000000 -1382.000000 
-84.000000 81.279999 -32.900002 -8.430000 -95.820000 0.000000 1684.000000 -979.000000 4080.000000 -3108.000000 -2013.000000 418.000000 
-90.000000 81.750000 -38.919998 -11.370000 -96.599998 0.000000 816.000000 -1530.000000 3485.000000 -3097.000000 -1016.000000 -310.000000 
-97.830002 82.059998 -46.680000 -14.240000 -96.769997 0.000000 1334.000000 -1599.000000 3254.000000 -2692.000000 -1059.000000 -67.000000 
-104.370003 82.080002 -53.150002 -17.240000 -95.849998 0.000000 153.000000 -1445.000000 3164.000000 -2418.000000 -1260.000000 168.000000 
-112.120003 81.570000 -60.639999 -19.120001 -95.360001 0.000000 -1448.000000 -828.000000 2582.000000 -2270.000000 -1670.000000 673.000000 
-119.720001 80.769997 -67.900002 -20.510000 -94.919998 0.000000 -903.000000 -873.000000 2385.000000 -2424.000000 -1227.000000 265.000000 
-125.889999 79.919998 -73.750000 -21.820000 -95.610001 0.000000 -390.000000 -1338.000000 3313.000000 -3065.000000 -1360.000000 128.000000 
-131.259995 78.900002 -78.750000 -22.799999 -97.419998 0.000000 -507.000000 -1139.000000 2682.000000 -3110.000000 -1079.000000 -24.000000 
-135.979996 77.750000 -82.989998 -22.900000 -100.209999 0.000000 -1023.000000 -1095.000000 2684.000000 -2845.000000 -727.000000 -360.000000 
-139.470001 76.589996 -85.889999 -22.700001 -103.000000 0.000000 -1100.000000 -737.000000 2053.000000 -2422.000000 -396.000000 -494.000000 
-141.470001 75.389999 -87.190002 -23.410000 -106.160004 0.000000 -1194.000000 -1344.000000 2457.000000 -2837.000000 -283.000000 -972.000000 
-142.009995 74.209999 -86.940002 -24.270000 -109.760002 0.000000 -1040.000000 -1656.000000 2639.000000 -3070.000000 -593.000000 -1082.000000 
-141.600006 73.190002 -85.720001 -25.030001 -112.900002 0.000000 -641.000000 -1938.000000 2765.000000 -3223.000000 -1377.000000 -898.000000 
-140.289993 72.139999 -83.580002 -25.540001 -114.660004 0.000000 71.000000 -2165.000000 3032.000000 -3082.000000 -2130.000000 -477.000000 
-138.500000 71.029999 -80.970001 -26.010000 -115.769997 0.000000 211.000000 -2222.000000 3264.000000 -2672.000000 -2324.000000 -349.000000 
-136.690002 69.959999 -78.500000 -26.559999 -116.790001 0.000000 246.000000 -2206.000000 3288.000000 -2760.000000 -2187.000000 -398.000000 
-135.020004 69.029999 -76.360001 -27.250000 -118.199997 0.000000 -26.000000 -2177.000000 3185.000000 -3112.000000 -1950.000000 -567.000000 
-133.419998 68.230003 -74.480003 -28.389999 -119.059998 0.000000 -807.000000 -1981.000000 2584.000000 -2473.000000 -1994.000000 -488.000000 
-131.179993 67.470001 -72.010002 -29.670000 -120.010002 0.000000 -879.000000 -2193.000000 3357.000000 -2925.000000 -1980.000000 -722.000000 
-128.839996 66.760002 -69.529999 -31.100000 -120.440002 0.000000 -578.000000 -2018.000000 2735.000000 -2882.000000 -2505.000000 -653.000000 
-126.230003 66.470001 -67.080002 -32.459999 -120.480003 0.000000 -824.000000 -1926.000000 2500.000000 -3376.000000 -2336.000000 -818.000000 
-123.190002 66.169998 -64.220001 -33.720001 -120.010002 0.000000 -432.000000 -2782.000000 2801.000000 -3632.000000 -2508.000000 -935.000000 
-119.900002 66.050003 -61.180000 -34.790001 -118.730003 0.000000 -81.000000 -2967.000000 2876.000000 -3420.000000 -3258.000000 -475.000000 
-116.709999 66.029999 -58.380001 -35.549999 -117.150002 0.000000 463.000000 -3110.000000 3113.000000 -3197.000000 -3195.000000 -461.000000 
-113.650002 65.919998 -55.810001 -36.220001 -115.779999 0.000000 739.000000 -3151.000000 3087.000000 -2866.000000 -2729.000000 -762.000000 
-110.629997 65.800003 -53.369999 -36.900002 -114.919998 0.000000 419.000000 -3314.000000 3345.000000 -3277.000000 -2407.000000 -894.000000 
-108.099998 65.529999 -51.439999 -36.869999 -113.970001 0.000000 342.000000 -1795.000000 3363.000000 -1566.000000 -2625.000000 -461.000000 
-105.720001 65.750000 -49.669998 -37.840000 -114.010002 0.000000 -252.000000 -3073.000000 2995.000000 -3706.000000 -2468.000000 -1190.000000 
-103.699997 65.330002 -48.150002 -38.869999 -114.309998 0.000000 -34.000000 -3786.000000 3335.000000 -4308.000000 -2657.000000 -1276.000000 
-101.900002 64.730003 -46.770000 -39.790001 -114.019997 0.000000 -112.000000 -3813.000000 3272.000000 -3560.000000 -3064.000000 -1029.000000 
-100.339996 64.379997 -45.730000 -40.320000 -113.790001 0.000000 250.000000 -3820.000000 3383.000000 -3287.000000 -2983.000000 -1044.000000 
-99.419998 64.139999 -45.299999 -40.750000 -113.639999 0.000000 139.000000 -3652.000000 3170.000000 -3478.000000 -2766.000000 -1005.000000 
-98.239998 64.070000 -44.660000 -41.070000 -113.480003 0.000000 121.000000 -3228.000000 2740.000000 -3112.000000 -2696.000000 -1035.000000 
-96.980003 64.269997 -43.910000 -41.049999 -113.529999 0.000000 -124.000000 -3170.000000 2757.000000 -3231.000000 -2175.000000 -1220.000000 
-95.879997 64.209999 -43.220001 -41.099998 -113.309998 0.000000 -115.000000 -3247.000000 2919.000000 -3383.000000 -2452.000000 -1058.000000 
-94.989998 64.160004 -42.660000 -40.860001 -112.989998 0.000000 10.000000 -3323.000000 3142.000000 -3292.000000 -2412.000000 -966.000000 
-94.190002 64.239998 -42.189999 -40.520000 -112.589996 0.000000 -152.000000 -3132.000000 3003.000000 -2976.000000 -2307.000000 -855.000000 
-93.660004 64.239998 -41.900002 -40.459999 -112.230003 0.000000 281.000000 -3262.000000 3187.000000 -3132.000000 -2310.000000 -831.000000 
-93.349998 64.220001 -41.810001 -40.320000 -111.940002 0.000000 280.000000 -3212.000000 3063.000000 -3272.000000 -2446.000000 -801.000000 
-93.070000 64.239998 -41.810001 -40.240002 -111.959999 0.000000 131.000000 -3237.000000 3080.000000 -3112.000000 -2344.000000 -928.000000 
-93.029999 64.300003 -41.900002 -39.880001 -112.330002 0.000000 -70.000000 -2885.000000 2840.000000 -3159.000000 -2110.000000 -1055.000000 
-92.769997 64.379997 -41.810001 -39.709999 -112.790001 0.000000 -369.000000 -2928.000000 2983.000000 -2964.000000 -2034.000000 -1049.000000 
-92.309998 64.470001 -41.500000 -39.590000 -113.169998 0.000000 -119.000000 -3182.000000 3142.000000 -3417.000000 -2166.000000 -1049.000000 
-91.980003 64.500000 -41.230000 -39.990002 -113.440002 0.000000 98.000000 -3172.000000 3021.000000 -3533.000000 -2133.000000 -1040.000000 
-91.830002 64.449997 -41.119999 -39.910000 -113.430000 0.000000 133.000000 -3145.000000 3086.000000 -3361.000000 -2271.000000 -928.000000 
-91.730003 64.470001 -41.080002 -39.919998 -113.199997 0.000000 338.000000 -3123.000000 2937.000000 -3224.000000 -2448.000000 -867.000000 
-91.809998 64.419998 -41.250000 -39.570000 -112.970001 0.000000 130.000000 -3060.000000 2936.000000 -3437.000000 -2507.000000 -894.000000 
-91.870003 64.419998 -41.419998 -39.419998 -112.720001 0.000000 111.000000 -2943.000000 2845.000000 -3102.000000 -2318.000000 -912.000000 
-91.889999 64.540001 -41.630001 -39.189999 -112.480003 0.000000 -56.000000 -3068.000000 3066.000000 -3067.000000 -2331.000000 -925.000000 
-92.029999 64.690002 -41.919998 -39.080002 -112.440002 0.000000 -140.000000 -3133.000000 3139.000000 -3421.000000 -2177.000000 -1081.000000 
-92.099998 64.919998 -42.119999 -39.060001 -112.419998 0.000000 -52.000000 -3166.000000 3134.000000 -3535.000000 -2070.000000 -1046.000000 
-92.040001 65.000000 -42.200001 -39.049999 -112.290001 0.000000 -53.000000 -3036.000000 3007.000000 -3339.000000 -2101.000000 -1008.000000 
-91.900002 64.940002 -42.130001 -39.080002 -112.050003 0.000000 109.000000 -2950.000000 2929.000000 -3112.000000 -2146.000000 -949.000000 
-91.690002 64.870003 -42.049999 -38.970001 -111.790001 0.000000 176.000000 -2846.000000 2801.000000 -3073.000000 -2260.000000 -933.000000 
-91.410004 64.980003 -41.990002 -38.720001 -111.410004 0.000000 130.000000 -3026.000000 3055.000000 -3520.000000 -2431.000000 -856.000000 
-91.389999 65.199997 -42.189999 -38.779999 -111.290001 0.000000 -129.000000 -3093.000000 3027.000000 -3589.000000 -2073.000000 -1089.000000 
-91.400002 65.389999 -42.410000 -38.750000 -111.050003 0.000000 -422.000000 -2954.000000 3078.000000 -3339.000000 -1723.000000 -1115.000000 
-91.330002 65.589996 -42.450001 -38.700001 -111.110001 0.000000 -561.000000 -2944.000000 3022.000000 -3247.000000 -1470.000000 -1325.000000 
-91.260002 65.620003 -42.410000 -38.639999 -111.169998 0.000000 -342.000000 -3124.000000 3193.000000 -3440.000000 -1796.000000 -1240.000000 
-91.120003 65.510002 -42.270000 -38.770000 -110.830002 0.000000 -31.000000 -3160.000000 3201.000000 -3158.000000 -2298.000000 -884.000000 
-91.110001 65.300003 -42.200001 -38.939999 -110.309998 0.000000 374.000000 -3037.000000 3017.000000 -3143.000000 -2575.000000 -772.000000 
-91.010002 65.230003 -42.160000 -38.849998 -109.839996 0.000000 391.000000 -2809.000000 2794.000000 -3089.000000 -2351.000000 -743.000000 
-91.220001 65.389999 -42.419998 -38.560001 -109.629997 0.000000 127.000000 -2999.000000 3088.000000 -3307.000000 -2078.000000 -880.000000 
-91.449997 65.750000 -42.750000 -38.410000 -109.889999 0.000000 -310.000000 -2695.000000 2931.000000 -3204.000000 -1016.000000 -1303.000000 
-91.320000 66.019997 -42.700001 -38.369999 -109.669998 0.000000 -187.000000 -3034.000000 3236.000000 -3870.000000 -2112.000000 -1007.000000 
-91.220001 66.059998 -42.610001 -38.669998 -109.349998 0.000000 204.000000 -3142.000000 3153.000000 -3030.000000 -2289.000000 -830.000000 
-91.019997 66.059998 -42.419998 -38.959999 -108.680000 0.000000 304.000000 -3334.000000 3250.000000 -3135.000000 -2526.000000 -610.000000 
-91.040001 66.029999 -42.509998 -38.980000 -108.239998 0.000000 825.000000 -3211.000000 3152.000000 -3420.000000 -2530.000000 -660.000000 
-91.349998 66.050003 -42.939999 -38.660000 -107.980003 0.000000 549.000000 -3146.000000 3182.000000 -3345.000000 -2360.000000 -666.000000 
-91.849998 66.169998 -43.580002 -38.080002 -108.220001 0.000000 370.000000 -2958.000000 3079.000000 -3067.000000 -1808.000000 -891.000000 
-92.320000 66.459999 -44.160000 -37.619999 -108.489998 0.000000 93.000000 -2648.000000 2837.000000 -3094.000000 -1695.000000 -976.000000 
-92.779999 66.680000 -44.740002 -37.520000 -108.830002 0.000000 -38.000000 -2839.000000 2963.000000 -3294.000000 -1654.000000 -1007.000000 
-93.300003 66.809998 -45.290001 -37.480000 -109.070000 0.000000 -259.000000 -2658.000000 2760.000000 -3172.000000 -1683.000000 -985.000000 
-93.769997 66.860001 -45.770000 -37.610001 -109.000000 0.000000 31.000000 -2911.000000 2974.000000 -3200.000000 -1997.000000 -776.000000 
-94.230003 66.809998 -46.209999 -37.750000 -109.059998 0.000000 321.000000 -3009.000000 3091.000000 -3235.000000 -2036.000000 -801.000000 
-94.800003 66.730003 -46.750000 -37.810001 -109.410004 0.000000 261.000000 -3032.000000 3138.000000 -3402.000000 -1910.000000 -877.000000 
-95.529999 66.750000 -47.459999 -37.599998 -109.980003 0.000000 -14.000000 -2935.000000 3139.000000 -3444.000000 -1806.000000 -996.000000 
-96.419998 66.680000 -48.270000 -37.259998 -110.440002 0.000000 -93.000000 -2810.000000 3110.000000 -3451.000000 -1846.000000 -927.000000 
-97.370003 66.629997 -49.130001 -36.880001 -110.940002 0.000000 -124.000000 -2844.000000 3176.000000 -3612.000000 -1656.000000 -1048.000000 
-98.330002 66.620003 -49.990002 -36.549999 -111.370003 0.000000 -106.000000 -2896.000000 3357.000000 -3520.000000 -1520.000000 -1108.000000 
-99.239998 66.580002 -50.770000 -36.290001 -111.910004 0.000000 -35.000000 -2952.000000 3489.000000 -3638.000000 -1424.000000 -1126.000000 
-100.220001 66.540001 -51.610001 -35.900002 -111.790001 0.000000 -130.000000 -3023.000000 3583.000000 -3430.000000 -1457.000000 -398.000000 
-101.459999 66.470001 -52.709999 -35.000000 -112.989998 0.000000 150.000000 1025.000000 1192.000000 -3582.000000 -978.000000 -1232.000000 
-102.959999 66.489998 -54.049999 -34.730000 -114.419998 0.000000 -611.000000 -2817.000000 3396.000000 -3683.000000 -827.000000 -1241.000000 
-104.559998 66.529999 -55.419998 -34.169998 -116.070000 0.000000 -682.000000 -2441.000000 3326.000000 -3527.000000 -341.000000 -1450.000000 
-106.070000 66.489998 -56.560001 -33.639999 -117.690002 0.000000 -1047.000000 -2283.000000 3325.000000 -3551.000000 -345.000000 -1472.000000 
-107.410004 66.320000 -57.450001 -33.169998 -119.309998 0.000000 -1075.000000 -2336.000000 3460.000000 -3731.000000 -572.000000 -1547.000000 
-108.620003 66.059998 -58.130001 -32.970001 -120.760002 0.000000 -1428.000000 -2302.000000 3511.000000 -4153.000000 -983.000000 -1420.000000 
-109.720001 65.779999 -58.669998 -32.770000 -121.849998 0.000000 -1133.000000 -2340.000000 3511.000000 -4323.000000 -1350.000000 -1319.000000 
-110.699997 65.500000 -59.070000 -32.459999 -122.650002 0.000000 -933.000000 -2525.000000 3758.000000 -4232.000000 -1368.000000 -1318.000000 
-111.570000 65.309998 -59.389999 -32.340000 -123.370003 0.000000 -844.000000 -2506.000000 3821.000000 -4143.000000 -1080.000000 -1398.000000 
-112.370003 65.230003 -59.689999 -32.000000 -123.760002 0.000000 -995.000000 -2409.000000 3760.000000 -4055.000000 -1093.000000 -1291.000000 
-113.089996 65.250000 -59.980000 -31.549999 -124.019997 0.000000 -1094.000000 -2242.000000 3624.000000 -4293.000000 -985.000000 -1261.000000 
-113.699997 65.339996 -60.150002 -31.290001 -124.169998 0.000000 -1439.000000 -2207.000000 3633.000000 -4320.000000 -713.000000 -1350.000000 
-114.190002 65.540001 -60.200001 -30.799999 -124.099998 0.000000 -1208.000000 -2082.000000 3579.000000 -3917.000000 -350.000000 -1385.000000 
-114.570000 65.800003 -60.110001 -30.280001 -123.800003 0.000000 -1437.000000 -1984.000000 3497.000000 -3810.000000 -287.000000 -1387.000000 
-114.830002 66.050003 -59.860001 -29.760000 -123.550003 0.000000 -1032.000000 -2013.000000 3520.000000 -3778.000000 -39.000000 -1421.000000 
-114.980003 66.300003 -59.480000 -29.400000 -123.290001 0.000000 -1293.000000 -2021.000000 3560.000000 -3716.000000 -215.000000 -1292.000000 
-115.070000 66.570000 -58.970001 -28.980000 -123.089996 0.000000 -1246.000000 -1965.000000 3570.000000 -3844.000000 -361.000000 -1180.000000 
-115.050003 66.820000 -58.290001 -28.510000 -122.970001 0.000000 -1311.000000 -1798.000000 3393.000000 -3485.000000 -143.000000 -1172.000000 
-114.739998 67.019997 -57.279999 -28.040001 -122.940002 0.000000 -1271.000000 -1788.000000 3373.000000 -3378.000000 -39.000000 -1259.000000 
-114.089996 67.250000 -55.910000 -27.740000 -122.980003 0.000000 -1158.000000 -1853.000000 3406.000000 -3788.000000 -198.000000 -1325.000000 
-112.900002 67.529999 -53.980000 -27.580000 -122.830002 0.000000 -1022.000000 -1874.000000 3376.000000 -3618.000000 -499.000000 -1312.000000 
-111.699997 67.849998 -52.020000 -27.440001 -122.120003 0.000000 -870.000000 -1892.000000 3410.000000 -3482.000000 -973.000000 -1115.000000 
-110.900002 68.089996 -50.349998 -27.400000 -121.110001 0.000000 -495.000000 -2006.000000 3442.000000 -3932.000000 -1173.000000 -1199.000000 
-110.320000 68.150002 -48.790001 -27.500000 -119.489998 0.000000 -448.000000 -2372.000000 3739.000000 -3595.000000 -1516.000000 -1030.000000 
-110.360001 68.169998 -47.820000 -27.650000 -118.199997 0.000000 -320.000000 -2582.000000 3818.000000 -3938.000000 -1558.000000 -1115.000000 
-110.949997 68.339996 -47.389999 -27.790001 -117.029999 0.000000 -538.000000 -2616.000000 3776.000000 -4172.000000 -1630.000000 -1137.000000 
-112.019997 68.669998 -47.410000 -27.820000 -116.019997 0.000000 -682.000000 -2586.000000 3436.000000 -3881.000000 -1364.000000 -1252.000000 
-113.019997 69.080002 -47.430000 -27.629999 -114.889999 0.000000 -827.000000 -2411.000000 3162.000000 -3715.000000 -1355.000000 -1320.000000 
-112.959999 69.459999 -46.500000 -27.290001 -113.699997 0.000000 -420.000000 -2291.000000 3091.000000 -2711.000000 -1284.000000 -1266.000000 
-111.809998 69.529999 -44.389999 -26.969999 -111.599998 0.000000 -29.000000 -2157.000000 2824.000000 -1518.000000 -1682.000000 -736.000000 
-110.099998 69.430000 -41.650002 -26.830000 -110.129997 0.000000 321.000000 -2062.000000 2570.000000 -1136.000000 -1495.000000 -818.000000 
-108.040001 69.080002 -38.619999 -26.950001 -109.120003 0.000000 364.000000 -2214.000000 2592.000000 -1936.000000 -1984.000000 -837.000000 
-105.519997 68.629997 -35.310001 -27.290001 -108.720001 0.000000 266.000000 -2445.000000 2767.000000 -3000.000000 -2441.000000 -913.000000 
-103.129997 68.250000 -32.279999 -27.750000 -108.330002 0.000000 48.000000 -2734.000000 3093.000000 -3732.000000 -2795.000000 -953.000000 
-101.059998 67.879997 -29.559999 -28.230000 -107.550003 0.000000 318.000000 -2941.000000 3298.000000 -4100.000000 -3087.000000 -679.000000 
-99.459999 67.580002 -27.330000 -28.670000 -106.580002 0.000000 312.000000 -3004.000000 3462.000000 -4215.000000 -2859.000000 -989.000000 
-97.440002 67.379997 -24.740000 -28.980000 -104.779999 0.000000 -1.000000 -3063.000000 3457.000000 -3360.000000 -3032.000000 -680.000000 
-95.120003 67.400002 -21.770000 -29.110001 -102.750000 0.000000 499.000000 -2897.000000 3116.000000 -1970.000000 -2671.000000 -718.000000 
-92.989998 67.339996 -18.900000 -29.170000 -100.639999 0.000000 811.000000 -2735.000000 2477.000000 -748.000000 -2536.000000 -544.000000 
-90.830002 67.070000 -16.030001 -29.230000 -98.860001 0.000000 1230.000000 -2569.000000 2274.000000 -1140.000000 -2947.000000 -223.000000 
-88.410004 66.650002 -13.180000 -29.469999 -97.550003 0.000000 1123.000000 -2470.000000 2317.000000 -1940.000000 -3081.000000 -329.000000 
-85.580002 66.169998 -10.170000 -29.990000 -96.269997 0.000000 1057.000000 -2614.000000 2608.000000 -2893.000000 -3285.000000 -268.000000 
-82.610001 65.680000 -7.240000 -30.790001 -95.199997 0.000000 485.000000 -2719.000000 2513.000000 -3406.000000 -3203.000000 -571.000000 
-79.779999 65.220001 -4.500000 -31.559999 -93.900002 0.000000 307.000000 -2807.000000 2826.000000 -3347.000000 -3304.000000 -529.000000 
-76.680000 64.830002 -1.490000 -32.279999 -92.550003 0.000000 545.000000 -3046.000000 2882.000000 -3321.000000 -3312.000000 -565.000000 
-73.580002 64.430000 1.650000 -32.939999 -91.230003 0.000000 896.000000 -3333.000000 3179.000000 -2753.000000 -3134.000000 -607.000000 
-70.459999 63.980000 4.970000 -33.439999 -89.540001 0.000000 1598.000000 -3388.000000 3181.000000 -1487.000000 -3424.000000 71.000000 
-67.489998 63.419998 8.120000 -33.930000 -87.900002 0.000000 1464.000000 -3211.000000 2623.000000 -800.000000 -3732.000000 570.000000 
-64.919998 62.610001 10.770000 -34.369999 -86.730003 0.000000 2280.000000 -3218.000000 2728.000000 -1578.000000 -3544.000000 258.000000 
-62.410000 61.669998 13.250000 -34.740002 -85.970001 0.000000 2349.000000 -3184.000000 3134.000000 -1824.000000 -3680.000000 122.000000 
-59.910000 60.759998 15.430000 -35.169998 -85.279999 0.000000 1647.000000 -3015.000000 3143.000000 -2423.000000 -4082.000000 344.000000 
-57.660000 59.980000 17.150000 -35.650002 -85.019997 0.000000 1023.000000 -3136.000000 2934.000000 -2599.000000 -3643.000000 -118.000000 
-55.639999 59.139999 18.660000 -36.080002 -85.000000 0.000000 1344.000000 -3004.000000 3067.000000 -2439.000000 -3058.000000 -457.000000 
-53.779999 58.310001 19.990000 -36.599998 -85.080002 0.000000 827.000000 -3089.000000 2713.000000 -3030.000000 -2940.000000 -750.000000 
-51.560001 57.369999 21.670000 -37.119999 -85.099998 0.000000 806.000000 -3104.000000 2909.000000 -2443.000000 -3163.000000 -632.000000 
-49.250000 56.209999 23.730000 -37.680000 -85.169998 0.000000 1102.000000 -3172.000000 2843.000000 -1697.000000 -3490.000000 -593.000000 
-48.090000 54.880001 24.750000 -38.240002 -84.800003 0.000000 2076.000000 -3226.000000 3015.000000 -3544.000000 -4660.000000 476.000000 
-47.330002 53.840000 25.309999 -38.910000 -84.389999 0.000000 1799.000000 -3357.000000 3528.000000 -2640.000000 -4162.000000 261.000000 
-46.240002 52.779999 26.070000 -39.450001 -84.139999 0.000000 1666.000000 -3202.000000 3540.000000 -2356.000000 -3589.000000 -182.000000 
-45.250000 52.169998 26.670000 -39.880001 -84.110001 0.000000 1392.000000 -3022.000000 3260.000000 -2554.000000 -3247.000000 -348.000000 
-44.310001 52.020000 27.330000 -40.169998 -84.120003 0.000000 855.000000 -2709.000000 3047.000000 -2531.000000 -2705.000000 -693.000000 
-43.110001 51.770000 28.180000 -40.610001 -84.239998 0.000000 646.000000 -3056.000000 3066.000000 -2558.000000 -2750.000000 -771.000000 
-41.689999 50.930000 29.190001 -41.040001 -84.620003 0.000000 1416.000000 -3142.000000 3239.000000 -2539.000000 -2583.000000 -1340.000000 
-40.590000 49.930000 29.980000 -40.689999 -85.260002 0.000000 1883.000000 -2857.000000 3899.000000 -2232.000000 -2818.000000 -786.000000 
-39.590000 49.400002 30.650000 -40.619999 -85.730003 0.000000 1765.000000 -3153.000000 3299.000000 -2537.000000 -3251.000000 -115.000000 
-39.389999 49.369999 30.950001 -40.389999 -85.739998 0.000000 537.000000 -2752.000000 2875.000000 -2640.000000 -3398.000000 243.000000 
-39.520000 49.320000 31.059999 -40.259998 -85.910004 0.000000 -63.000000 -2344.000000 2038.000000 -2601.000000 -3081.000000 -289.000000 
-39.630001 49.099998 31.230000 -40.160000 -85.730003 0.000000 1049.000000 -2345.000000 2711.000000 -1925.000000 -3172.000000 -146.000000 
-39.590000 48.770000 31.570000 -40.139999 -84.989998 0.000000 1497.000000 -2317.000000 2586.000000 -2121.000000 -3634.000000 281.000000 
-39.400002 48.450001 32.040001 -40.419998 -83.910004 0.000000 1697.000000 -2374.000000 2299.000000 -2399.000000 -3927.000000 539.000000 
-38.860001 47.900002 32.709999 -40.700001 -82.730003 0.000000 1731.000000 -2352.000000 2637.000000 -2350.000000 -3957.000000 508.000000 
-37.580002 47.090000 33.869999 -40.919998 -81.339996 0.000000 2183.000000 -2693.000000 3289.000000 -3415.000000 -5902.000000 2559.000000 
-35.919998 46.000000 35.360001 -40.720001 -80.389999 0.000000 4523.000000 -2749.000000 4649.000000 -2959.000000 -3802.000000 240.000000 
-34.130001 45.560001 36.720001 -40.560001 -79.449997 0.000000 2855.000000 -2597.000000 3235.000000 -2029.000000 -2536.000000 -423.000000 
-33.000000 46.299999 37.610001 -40.360001 -78.830002 0.000000 1510.000000 -2492.000000 2839.000000 -1984.000000 -2619.000000 0.000000 
-32.209999 46.919998 38.299999 -39.869999 -78.230003 0.000000 1590.000000 -2289.000000 2874.000000 -2161.000000 -3152.000000 368.000000 
-31.690001 47.230000 38.849998 -39.320000 -77.139999 0.000000 1975.000000 -2163.000000 2961.000000 -1982.000000 -3432.000000 740.000000 
-31.549999 47.360001 39.189999 -38.840000 -76.190002 0.000000 2145.000000 -2067.000000 2977.000000 -2245.000000 -3343.000000 630.000000 
-31.299999 47.439999 39.599998 -38.669998 -75.540001 0.000000 1968.000000 -2269.000000 3086.000000 -2270.000000 -2890.000000 217.000000 
-30.700001 47.580002 40.209999 -38.720001 -75.320000 0.000000 -96.000000 -1446.000000 1305.000000 -1551.000000 -1102.000000 -1685.000000 
-30.070000 47.610001 40.849998 -39.119999 -74.480003 0.000000 99.000000 -1429.000000 1185.000000 277.000000 -1597.000000 23.000000 
-29.500000 47.549999 41.529999 -39.450001 -72.910004 0.000000 2132.000000 -1928.000000 2880.000000 -1321.000000 -3319.000000 1851.000000 
-28.799999 47.099998 42.279999 -39.849998 -71.910004 0.000000 1677.000000 -1823.000000 2663.000000 -3304.000000 -3019.000000 114.000000 
-28.030001 46.250000 43.009998 -40.049999 -70.230003 0.000000 5754.000000 -1937.000000 4304.000000 -5680.000000 -6552.000000 3653.000000 
-26.889999 44.650002 44.060001 -40.270000 -69.089996 0.000000 3294.000000 -2017.000000 2397.000000 -869.000000 -2970.000000 669.000000 
-25.280001 44.090000 45.230000 -40.540001 -66.809998 0.000000 2928.000000 -2109.000000 2432.000000 -758.000000 -3108.000000 1702.000000 
-24.120001 44.490002 45.959999 -40.599998 -64.699997 0.000000 2779.000000 -1956.000000 2656.000000 -1974.000000 -3343.000000 1698.000000 
-22.809999 44.509998 46.730000 -40.880001 -63.380001 0.000000 2165.000000 -2068.000000 2356.000000 -1504.000000 -3241.000000 1374.000000 
-22.219999 44.630001 46.970001 -40.630001 -62.099998 0.000000 2275.000000 -1952.000000 2757.000000 -1756.000000 -3435.000000 1574.000000 
-21.850000 44.790001 47.060001 -40.259998 -61.230000 0.000000 2693.000000 -2072.000000 3001.000000 -1860.000000 -3104.000000 1375.000000 
-21.330000 44.770000 47.200001 -40.110001 -60.349998 0.000000 2121.000000 -2145.000000 2904.000000 -2319.000000 -3755.000000 1905.000000 
-20.650000 44.709999 47.419998 -40.200001 -59.139999 0.000000 1935.000000 -2255.000000 2766.000000 -2121.000000 -4021.000000 2354.000000 
-20.370001 44.410000 47.439999 -40.700001 -57.509998 0.000000 -112.000000 -2351.000000 1181.000000 -2075.000000 -4359.000000 2887.000000 
-20.209999 44.070000 47.380001 -40.270000 -55.470001 0.000000 3362.000000 -2612.000000 4084.000000 -1928.000000 -5148.000000 4049.000000 
-19.700001 43.660000 47.630001 -39.900002 -53.669998 0.000000 5688.000000 -2778.000000 4226.000000 -1720.000000 -4535.000000 2225.000000 
-18.410000 42.160000 48.480000 -39.299999 -51.939999 0.000000 5214.000000 -3646.000000 4985.000000 -1329.000000 -3762.000000 788.000000 
-17.030001 40.790001 49.220001 -38.500000 -50.709999 0.000000 -5540.000000 -2150.000000 293.000000 -1809.000000 -3533.000000 1127.000000 
-15.690000 40.349998 49.919998 -37.980000 -50.029999 0.000000 2387.000000 -2690.000000 2849.000000 -2052.000000 -4116.000000 1609.000000 
-15.010000 40.639999 50.369999 -37.689999 -49.490002 0.000000 5466.000000 -3463.000000 4337.000000 -2050.000000 -4100.000000 1230.000000 
-15.010000 39.830002 50.680000 -37.180000 -49.150002 0.000000 5350.000000 -3631.000000 4364.000000 -1563.000000 -4380.000000 1467.000000 
-15.010000 39.220001 50.889999 -36.270000 -49.160000 0.000000 4298.000000 -3475.000000 3935.000000 -1085.000000 -4843.000000 2561.000000 
-14.870000 38.980000 51.060001 -35.230000 -49.400002 0.000000 3841.000000 -3372.000000 3429.000000 -788.000000 -5255.000000 3278.000000 
-14.880000 39.169998 51.029999 -34.259998 -49.759998 0.000000 3676.000000 -3382.000000 3173.000000 -822.000000 -5320.000000 3205.000000 
-15.070000 39.730000 50.810001 -33.389999 -50.150002 0.000000 3547.000000 -3421.000000 3038.000000 -856.000000 -5079.000000 2808.000000 
-15.220000 40.459999 50.540001 -32.669998 -50.599998 0.000000 3078.000000 -3427.000000 3042.000000 -1061.000000 -4992.000000 2446.000000 
-15.190000 41.250000 50.259998 -32.090000 -51.060001 0.000000 2552.000000 -3452.000000 3187.000000 -1229.000000 -4824.000000 2079.000000 
-14.980000 42.060001 49.980000 -31.570000 -51.490002 0.000000 2145.000000 -3580.000000 3533.000000 -1395.000000 -4492.000000 1584.000000 
-14.680000 42.930000 49.790001 -31.059999 -51.880001 0.000000 1789.000000 -3619.000000 3730.000000 -1635.000000 -4182.000000 1109.000000 
-14.480000 43.830002 49.580002 -30.540001 -52.320000 0.000000 1533.000000 -3585.000000 3533.000000 -1564.000000 -3947.000000 745.000000 
-14.550000 44.759998 49.290001 -30.040001 -52.830002 0.000000 1251.000000 -3490.000000 3159.000000 -1311.000000 -3747.000000 410.000000 
-14.970000 45.700001 48.840000 -29.610001 -53.450001 0.000000 969.000000 -3137.000000 2816.000000 -1178.000000 -3401.000000 180.000000 
-15.660000 46.689999 48.259998 -29.320000 -54.259998 0.000000 738.000000 -2715.000000 2507.000000 -1105.000000 -3158.000000 121.000000 
-16.490000 47.639999 47.619999 -29.230000 -55.279999 0.000000 554.000000 -2521.000000 2355.000000 -1154.000000 -3082.000000 193.000000 
-17.309999 48.340000 47.040001 -29.330000 -56.410000 0.000000 344.000000 -2489.000000 2322.000000 -1407.000000 -3198.000000 222.000000 
-18.120001 48.779999 46.529999 -29.540001 -57.540001 0.000000 212.000000 -2507.000000 2179.000000 -1846.000000 -3511.000000 349.000000 
-18.920000 49.009998 46.150002 -29.730000 -58.509998 0.000000 155.000000 -2520.000000 2355.000000 -2088.000000 -3790.000000 570.000000 
-19.650000 49.080002 45.939999 -29.969999 -59.250000 0.000000 332.000000 -2632.000000 2493.000000 -1697.000000 -3713.000000 657.000000 
-20.270000 48.959999 45.860001 -30.219999 -59.720001 0.000000 767.000000 -2370.000000 2551.000000 -1174.000000 -3242.000000 620.000000 
-20.690001 48.740002 45.959999 -30.469999 -59.950001 0.000000 1205.000000 -2074.000000 2439.000000 -769.000000 -2959.000000 878.000000 
-20.830000 48.580002 46.250000 -30.680000 -59.790001 0.000000 1454.000000 -1713.000000 2087.000000 -342.000000 -2799.000000 1230.000000 
-21.020000 48.470001 46.430000 -30.690001 -59.349998 0.000000 1399.000000 -1243.000000 1950.000000 -25.000000 -2528.000000 1325.000000 
-21.150000 48.240002 46.520000 -30.670000 -58.849998 0.000000 1142.000000 -1110.000000 1883.000000 -39.000000 -2298.000000 1203.000000 
-21.040001 47.799999 46.619999 -30.760000 -58.540001 0.000000 710.000000 -1172.000000 1981.000000 -670.000000 -2280.000000 1062.000000 
-20.520000 47.169998 46.930000 -31.070000 -58.430000 0.000000 460.000000 -1397.000000 2272.000000 -1311.000000 -2479.000000 930.000000 
-19.790001 46.410000 47.430000 -31.420000 -58.259998 0.000000 621.000000 -1487.000000 2464.000000 -1946.000000 -2528.000000 809.000000 
-18.969999 45.720001 47.970001 -31.480000 -57.900002 0.000000 1188.000000 -1279.000000 2597.000000 -1791.000000 -2414.000000 1170.000000 
-17.889999 45.230000 48.689999 -31.370001 -56.950001 0.000000 1591.000000 -1006.000000 2679.000000 -1352.000000 -2204.000000 1620.000000 
-16.790001 44.889999 49.349998 -31.139999 -55.779999 0.000000 1747.000000 -531.000000 2531.000000 -1091.000000 -1926.000000 1851.000000 
-15.920000 44.610001 49.790001 -30.820000 -54.619999 0.000000 1401.000000 -346.000000 2294.000000 -956.000000 -1590.000000 1796.000000 
-15.060000 44.230000 50.139999 -30.500000 -53.570000 0.000000 1116.000000 -293.000000 2182.000000 -1215.000000 -1514.000000 1836.000000 
-14.050000 43.630001 50.560001 -30.340000 -52.580002 0.000000 1121.000000 -760.000000 3210.000000 -1527.000000 -1762.000000 2167.000000 
-12.930000 42.840000 51.009998 -30.129999 -51.369999 0.000000 1584.000000 -1163.000000 3967.000000 -1277.000000 -2136.000000 2568.000000 
-11.780000 41.880001 51.490002 -29.580000 -49.980000 0.000000 2222.000000 -967.000000 3845.000000 -1324.000000 -2366.000000 2538.000000 
-10.840000 41.110001 51.750000 -28.879999 -48.560001 0.000000 3118.000000 -233.000000 3178.000000 -1104.000000 -2311.000000 2713.000000 
-10.200000 40.660000 51.669998 -28.170000 -47.270000 0.000000 3062.000000 119.000000 2639.000000 -1028.000000 -2132.000000 2804.000000 
-9.650000 40.369999 51.349998 -27.410000 -46.180000 0.000000 2446.000000 378.000000 2634.000000 -1501.000000 -2070.000000 2850.000000 
-8.940000 40.029999 51.000000 -26.690001 -45.380001 0.000000 1961.000000 445.000000 2689.000000 -2206.000000 -2143.000000 3065.000000 
-7.880000 39.540001 50.820000 -26.080000 -44.730000 0.000000 1354.000000 103.000000 3510.000000 -2961.000000 -2162.000000 3096.000000 
-6.460000 38.790001 50.880001 -25.629999 -43.939999 0.000000 1207.000000 -292.000000 4154.000000 -2974.000000 -1986.000000 2961.000000 
-4.920000 37.860001 51.119999 -25.020000 -42.910000 0.000000 1609.000000 -263.000000 4099.000000 -2358.000000 -1600.000000 2556.000000 
-3.720000 36.980000 51.220001 -24.389999 -41.770000 0.000000 2496.000000 -220.000000 4071.000000 -1891.000000 -1465.000000 2519.000000 
-3.090000 36.310001 50.980000 -23.770000 -40.790001 0.000000 2905.000000 0.000000 4085.000000 -1683.000000 -1722.000000 2743.000000 
-2.800000 35.830002 50.490002 -23.090000 -40.400002 0.000000 2915.000000 224.000000 4108.000000 -2359.000000 -2170.000000 3214.000000 
-2.530000 35.490002 49.950001 -22.370001 -40.410000 0.000000 2595.000000 339.000000 4565.000000 -3449.000000 -2425.000000 3644.000000 
-2.020000 35.160000 49.540001 -21.670000 -40.509998 0.000000 2279.000000 253.000000 4961.000000 -4413.000000 -2606.000000 3799.000000 
-1.370000 34.820000 49.360001 -21.000000 -40.490002 0.000000 2150.000000 81.000000 5432.000000 -4582.000000 -2869.000000 4373.000000 
-0.710000 34.500000 49.369999 -20.290001 -40.009998 0.000000 2188.000000 111.000000 5376.000000 -3952.000000 -3154.000000 5185.000000 
-0.030000 34.189999 49.540001 -19.450001 -39.150002 0.000000 2836.000000 389.000000 4917.000000 -3470.000000 -2894.000000 4931.000000 
0.610000 33.939999 49.770000 -18.690001 -38.150002 0.000000 3552.000000 299.000000 4990.000000 -3056.000000 -2174.000000 4037.000000 
1.190000 33.750000 50.020000 -17.910000 -37.160000 0.000000 3668.000000 220.000000 4875.000000 -2631.000000 -1653.000000 3341.000000 
1.760000 33.599998 50.279999 -17.080000 -36.700001 0.000000 3315.000000 165.000000 4464.000000 -2459.000000 -1692.000000 3316.000000 
2.370000 33.360001 50.540001 -16.290001 -36.720001 0.000000 3093.000000 144.000000 4150.000000 -2684.000000 -2043.000000 3534.000000 
3.140000 32.970001 50.919998 -15.580000 -37.070000 0.000000 2868.000000 29.000000 4136.000000 -2864.000000 -2423.000000 3915.000000 
3.990000 32.610001 51.349998 -14.940000 -37.509998 0.000000 2925.000000 0.000000 4178.000000 -2903.000000 -2641.000000 4111.000000 
4.890000 32.330002 51.889999 -14.240000 -37.570000 0.000000 2923.000000 37.000000 4196.000000 -2521.000000 -2514.000000 4282.000000 
5.910000 32.090000 52.560001 -13.590000 -37.160000 0.000000 3131.000000 -7.000000 4215.000000 -2281.000000 -2182.000000 3987.000000 
7.020000 31.860001 53.340000 -12.920000 -36.439999 0.000000 2931.000000 12.000000 3776.000000 -2042.000000 -1739.000000 3520.000000 
8.150000 31.639999 54.180000 -12.190000 -35.590000 0.000000 2674.000000 141.000000 3338.000000 -1431.000000 -1326.000000 3346.000000 
9.250000 31.280001 55.040001 -11.490000 -34.880001 0.000000 2350.000000 95.000000 2899.000000 -859.000000 -1128.000000 3194.000000 
10.310000 30.639999 55.910000 -10.940000 -34.549999 0.000000 2451.000000 220.000000 2169.000000 -1565.000000 -2801.000000 6003.000000 
11.080000 29.049999 56.549999 -9.980000 -33.779999 0.000000 10950.000000 2867.000000 5251.000000 -956.000000 -2550.000000 4397.000000 
12.410000 27.920000 57.389999 -9.150000 -33.029999 0.000000 3510.000000 -2190.000000 2390.000000 -153.000000 -3196.000000 5122.000000 
13.850000 27.209999 58.250000 -8.310000 -32.709999 0.000000 3709.000000 -999.000000 2209.000000 365.000000 -2233.000000 4561.000000 
15.240000 26.770000 58.990002 -7.940000 -32.880001 0.000000 3146.000000 -657.000000 2960.000000 -339.000000 -1950.000000 4038.000000 
16.299999 26.309999 59.570000 -7.970000 -32.730000 0.000000 3002.000000 -615.000000 2872.000000 -1050.000000 -1600.000000 3226.000000 
16.889999 25.969999 60.080002 -8.370000 -33.610001 0.000000 2873.000000 -833.000000 2891.000000 -892.000000 -1740.000000 2993.000000 
16.690001 25.570000 60.470001 -8.860000 -34.230000 0.000000 3075.000000 -873.000000 2850.000000 -769.000000 -2681.000000 3680.000000 
15.990000 25.400000 60.650002 -9.440000 -34.919998 0.000000 3137.000000 -1032.000000 2896.000000 -766.000000 -2907.000000 3340.000000 
15.460000 25.410000 60.919998 -9.990000 -35.500000 0.000000 2944.000000 -1085.000000 2946.000000 -537.000000 -2832.000000 3321.000000 
15.130000 25.280001 61.270000 -10.400000 -36.029999 0.000000 2926.000000 -1033.000000 2893.000000 -471.000000 -2746.000000 3234.000000 
14.850000 25.070000 61.540001 -10.700000 -36.320000 0.000000 3115.000000 -959.000000 2887.000000 -69.000000 -2761.000000 3362.000000 
14.770000 24.959999 61.840000 -11.060000 -36.740002 0.000000 2905.000000 -1083.000000 2890.000000 -425.000000 -2766.000000 3239.000000 
14.870000 25.010000 62.209999 -11.410000 -37.279999 0.000000 2798.000000 -1134.000000 2984.000000 -962.000000 -2781.000000 3141.000000 
15.020000 25.070000 62.580002 -11.750000 -37.830002 0.000000 2555.000000 -1175.000000 3024.000000 -799.000000 -2762.000000 3244.000000 
15.230000 25.000000 62.990002 -11.970000 -38.200001 0.000000 2604.000000 -1121.000000 3113.000000 -1218.000000 -2787.000000 3385.000000 
15.490000 24.809999 63.439999 -12.130000 -38.580002 0.000000 2747.000000 -1090.000000 3091.000000 -843.000000 -2706.000000 3297.000000 
15.740000 24.580000 63.930000 -12.230000 -38.700001 0.000000 2896.000000 -1027.000000 2921.000000 -625.000000 -2659.000000 3252.000000 
15.920000 24.360001 64.349998 -12.310000 -38.320000 0.000000 2873.000000 -1014.000000 2966.000000 -631.000000 -2550.000000 3295.000000 
