15.990000 27.610001 123.519997 -1072.000000 812.000000 2978.000000
16.690001 28.260000 122.010002 -1336.000000 798.000000 2784.000000
17.340000 29.059999 120.519997 -1740.000000 837.000000 2704.000000
17.930000 29.910000 119.010002 -1930.000000 838.000000 2639.000000
18.440001 30.780001 117.449997 -2046.000000 866.000000 2688.000000
18.879999 31.670000 115.879997 -2141.000000 831.000000 2750.000000
19.260000 32.590000 114.320000 -2110.000000 841.000000 2770.000000
19.610001 33.610001 112.820000 -2197.000000 869.000000 2682.000000
19.980000 34.759998 111.419998 -2224.000000 964.000000 2431.000000
20.360001 36.080002 110.139999 -2360.000000 1013.000000 2181.000000
20.740000 37.560001 109.019997 -2671.000000 992.000000 1993.000000
21.110001 39.189999 108.050003 -3114.000000 912.000000 1886.000000
21.450001 40.900002 107.150002 -3393.000000 798.000000 1782.000000
21.770000 42.639999 106.360001 -3601.000000 832.000000 1611.000000
22.040001 44.360001 105.650002 -3676.000000 827.000000 1488.000000
22.299999 46.020000 105.029999 -3840.000000 866.000000 1294.000000
22.490000 47.610001 104.449997 -3973.000000 835.000000 1132.000000
22.610001 49.099998 103.879997 -3874.000000 798.000000 1027.000000
22.660000 50.520000 103.339996 -3597.000000 774.000000 907.000000
22.719999 51.889999 102.900002 -3594.000000 764.000000 849.000000
22.770000 53.240002 102.519997 -3803.000000 686.000000 859.000000
22.780001 54.580002 102.169998 -3735.000000 555.000000 859.000000
22.799999 55.889999 101.879997 -3737.000000 580.000000 871.000000
22.850000 57.139999 101.680000 -3849.000000 560.000000 826.000000
22.910000 58.320000 101.500000 -4078.000000 542.000000 877.000000
22.910000 59.389999 101.279999 -4225.000000 530.000000 983.000000
22.790001 60.299999 100.940002 -4283.000000 524.000000 998.000000
22.530001 61.009998 100.459999 -4140.000000 533.000000 1096.000000
22.129999 61.560001 99.830002 -4019.000000 549.000000 1199.000000
21.680000 61.990002 99.160004 -3722.000000 597.000000 1288.000000
21.219999 62.389999 98.529999 -3650.000000 631.000000 1269.000000
20.760000 62.779999 97.919998 -3448.000000 572.000000 1265.000000
20.379999 63.220001 97.410004 -3331.000000 567.000000 1320.000000
20.129999 63.740002 97.040001 -3361.000000 650.000000 1250.000000
19.930000 64.320000 96.709999 -3548.000000 691.000000 1261.000000
19.610001 64.900002 96.279999 -3774.000000 565.000000 1358.000000
19.100000 65.410004 95.660004 -3927.000000 419.000000 1464.000000
18.440001 65.800003 94.870003 -3937.000000 373.000000 1475.000000
17.670000 66.059998 93.949997 -3812.000000 394.000000 1379.000000
16.820000 66.220001 92.919998 -3683.000000 309.000000 1397.000000
15.960000 66.320000 91.889999 -3553.000000 234.000000 1411.000000
15.230000 66.419998 90.989998 -3468.000000 240.000000 1452.000000
14.660000 66.540001 90.239998 -3530.000000 231.000000 1601.000000
14.240000 66.720001 89.639999 -3703.000000 231.000000 1721.000000
13.920000 66.919998 89.139999 -3648.000000 282.000000 1774.000000
13.640000 67.180000 88.669998 -3567.000000 328.000000 1742.000000
13.380000 67.500000 88.230003 -3621.000000 314.000000 1613.000000
13.130000 67.889999 87.809998 -3740.000000 266.000000 1507.000000
12.850000 68.309998 87.360001 -3917.000000 252.000000 1497.000000
12.440000 68.699997 86.790001 -3964.000000 156.000000 1517.000000
11.960000 69.029999 86.160004 -3918.000000 157.000000 1490.000000
11.490000 69.290001 85.519997 -3817.000000 255.000000 1447.000000
11.020000 69.529999 84.889999 -3652.000000 314.000000 1337.000000
10.490000 69.760002 84.230003 -3535.000000 210.000000 1355.000000
9.980000 70.040001 83.580002 -3555.000000 129.000000 1318.000000
9.580000 70.349998 83.040001 -3616.000000 129.000000 1272.000000
9.260000 70.699997 82.589996 -3653.000000 118.000000 1224.000000
9.000000 71.070000 82.199997 -3872.000000 119.000000 1152.000000
8.820000 71.400002 81.870003 -4120.000000 144.000000 1162.000000
8.600000 71.610001 81.470001 -4145.000000 162.000000 1225.000000
8.370000 71.709999 81.029999 -4127.000000 244.000000 1219.000000
8.090000 71.660004 80.540001 -3889.000000 263.000000 1275.000000
7.610000 71.500000 79.860001 -3671.000000 17.000000 1485.000000
7.450000 71.379997 79.489998 -3663.000000 114.000000 1411.000000
7.690000 71.419998 79.519997 -3802.000000 299.000000 1307.000000
7.960000 71.599998 79.629997 -3768.000000 322.000000 1123.000000
7.990000 71.790001 79.489998 -3682.000000 106.000000 1298.000000
7.820000 71.940002 79.129997 -3671.000000 14.000000 1426.000000
7.720000 72.080002 78.809998 -3767.000000 58.000000 1362.000000
7.750000 72.190002 78.620003 -3955.000000 34.000000 1441.000000
7.830000 72.230003 78.470001 -3945.000000 -18.000000 1480.000000
7.940000 72.239998 78.349998 -3703.000000 27.000000 1485.000000
8.110000 72.239998 78.300003 -3482.000000 88.000000 1448.000000
8.290000 72.410004 78.290001 -3555.000000 -9.000000 1446.000000
8.510000 72.690002 78.290001 -3639.000000 55.000000 1402.000000
8.870000 73.070000 78.419998 -3722.000000 166.000000 1325.000000
9.340000 73.529999 78.680000 -3808.000000 198.000000 1212.000000
9.980000 74.029999 79.110001 -3935.000000 254.000000 1126.000000
10.760000 74.540001 79.680000 -4045.000000 367.000000 1038.000000
11.550000 75.000000 80.279999 -4095.000000 455.000000 949.000000
12.220000 75.370003 80.779999 -4121.000000 437.000000 867.000000
12.780000 75.629997 81.180000 -4127.000000 374.000000 846.000000
13.170000 75.809998 81.430000 -4030.000000 267.000000 835.000000
13.490000 75.949997 81.599998 -4036.000000 223.000000 866.000000
13.910000 76.070000 81.849998 -4019.000000 272.000000 914.000000
14.580000 76.230003 82.339996 -4025.000000 462.000000 769.000000
15.300000 76.410004 82.889999 -4004.000000 548.000000 691.000000
16.059999 76.660004 83.529999 -4035.000000 511.000000 530.000000
16.840000 76.910004 84.199997 -4205.000000 495.000000 481.000000
17.480000 77.089996 84.690002 -4372.000000 509.000000 621.000000
17.969999 77.190002 84.980003 -4231.000000 587.000000 700.000000
18.150000 77.260002 84.980003 -4079.000000 586.000000 457.000000
18.110001 77.220001 84.769997 -4076.000000 487.000000 532.000000
18.250000 77.110001 84.739998 -3939.000000 451.000000 642.000000
18.250000 76.959999 84.570000 -3879.000000 416.000000 915.000000
18.200001 76.970001 84.370003 -3882.000000 234.000000 611.000000
18.430000 76.959999 84.470001 -3935.000000 255.000000 764.000000
18.990000 77.019997 84.870003 -3836.000000 279.000000 642.000000
19.250000 77.029999 84.959999 -3928.000000 299.000000 839.000000
19.540001 77.040001 85.089996 -4003.000000 302.000000 774.000000
19.809999 77.029999 85.199997 -4084.000000 262.000000 788.000000
19.950001 76.980003 85.190002 -4146.000000 269.000000 859.000000
19.900000 76.919998 84.989998 -4082.000000 209.000000 806.000000
19.910000 76.839996 84.839996 -3870.000000 304.000000 871.000000
20.180000 76.790001 84.980003 -3847.000000 387.000000 729.000000
20.469999 76.809998 85.150002 -3845.000000 271.000000 687.000000
20.790001 76.849998 85.360001 -3950.000000 265.000000 694.000000
21.260000 76.879997 85.699997 -3996.000000 357.000000 627.000000
21.590000 76.870003 85.900002 -4262.000000 346.000000 760.000000
21.730000 76.790001 85.910004 -4344.000000 288.000000 800.000000
21.629999 76.589996 85.680000 -4202.000000 303.000000 1020.000000
21.500000 76.339996 85.410004 -4058.000000 385.000000 999.000000
21.459999 76.099998 85.239998 -3874.000000 446.000000 977.000000
21.540001 75.959999 85.230003 -3839.000000 380.000000 914.000000
21.889999 75.940002 85.510002 -3946.000000 378.000000 753.000000
22.520000 76.029999 86.099998 -4048.000000 396.000000 587.000000
23.299999 76.180000 86.849998 -4146.000000 344.000000 514.000000
24.200001 76.349998 87.739998 -4275.000000 332.000000 443.000000
25.230000 76.489998 88.760002 -4415.000000 384.000000 432.000000
26.240000 76.580002 89.779999 -4514.000000 416.000000 447.000000
27.170000 76.599998 90.739998 -4534.000000 434.000000 485.000000
28.010000 76.529999 91.620003 -4480.000000 464.000000 552.000000
28.879999 76.419998 92.519997 -4373.000000 516.000000 520.000000
29.760000 76.279999 93.440002 -4277.000000 550.000000 611.000000
30.760000 76.129997 94.500000 -4248.000000 617.000000 559.000000
31.879999 76.010002 95.720001 -4250.000000 702.000000 510.000000
33.150002 75.910004 97.089996 -4313.000000 781.000000 419.000000
34.430000 75.800003 98.500000 -4341.000000 792.000000 391.000000
35.660000 75.680000 99.900002 -4345.000000 834.000000 344.000000
36.849998 75.550003 101.279999 -4363.000000 862.000000 228.000000
37.980000 75.379997 102.639999 -4346.000000 919.000000 299.000000
39.029999 75.180000 103.959999 -4310.000000 917.000000 275.000000
39.970001 74.959999 105.199997 -4194.000000 922.000000 285.000000
40.830002 74.720001 106.389999 -4115.000000 916.000000 348.000000
41.660000 74.459999 107.580002 -4072.000000 925.000000 344.000000
42.480000 74.199997 108.790001 -4052.000000 949.000000 348.000000
43.310001 73.940002 110.029999 -4018.000000 987.000000 321.000000
44.130001 73.680000 111.309998 -4002.000000 1015.000000 322.000000
44.919998 73.410004 112.589996 -3983.000000 1021.000000 344.000000
45.709999 73.150002 113.870003 -3930.000000 1054.000000 331.000000
46.470001 72.889999 115.150002 -3891.000000 1041.000000 339.000000
47.250000 72.639999 116.459999 -3825.000000 1062.000000 372.000000
48.029999 72.410004 117.790001 -3764.000000 1027.000000 439.000000
48.820000 72.199997 119.139999 -3795.000000 1037.000000 487.000000
49.599998 71.980003 120.489998 -3771.000000 1039.000000 462.000000
50.369999 71.779999 121.860001 -3796.000000 1021.000000 436.000000
51.180000 71.580002 123.260002 -3728.000000 1026.000000 399.000000
52.029999 71.400002 124.690002 -3734.000000 994.000000 345.000000
52.900002 71.239998 126.160004 -3778.000000 1024.000000 298.000000
53.830002 71.080002 127.669998 -3739.000000 1110.000000 156.000000
54.759998 70.930000 129.179993 -3680.000000 1174.000000 60.000000
55.660000 70.790001 130.690002 -3600.000000 1178.000000 21.000000
56.540001 70.639999 132.190002 -3534.000000 1180.000000 -6.000000
57.349998 70.500000 133.639999 -3548.000000 1168.000000 -22.000000
58.060001 70.339996 135.020004 -3499.000000 1152.000000 94.000000
58.700001 70.169998 136.339996 -3450.000000 1168.000000 167.000000
59.320000 70.010002 137.669998 -3323.000000 1193.000000 241.000000
59.900002 69.849998 138.979996 -3359.000000 1204.000000 321.000000
60.490002 69.699997 140.330002 -3385.000000 1199.000000 347.000000
61.060001 69.559998 141.679993 -3403.000000 1192.000000 408.000000
61.700001 69.440002 143.119995 -3380.000000 1227.000000 387.000000
62.389999 69.360001 144.630005 -3426.000000 1237.000000 332.000000
63.130001 69.320000 146.199997 -3537.000000 1257.000000 265.000000
63.889999 69.300003 147.800003 -3597.000000 1202.000000 273.000000
64.559998 69.300003 149.350006 -3676.000000 1147.000000 222.000000
65.180000 69.330002 150.880005 -3774.000000 1127.000000 126.000000
65.699997 69.360001 152.270004 -3903.000000 1112.000000 200.000000
66.040001 69.370003 153.520004 -3884.000000 1055.000000 215.000000
66.160004 69.370003 154.539993 -3784.000000 1045.000000 259.000000
66.139999 69.370003 155.419998 -3753.000000 1073.000000 366.000000
66.070000 69.360001 156.250000 -3683.000000 1117.000000 380.000000
65.910004 69.339996 156.979996 -3576.000000 1099.000000 475.000000
65.769997 69.349998 157.740005 -3474.000000 1091.000000 572.000000
65.739998 69.379997 158.639999 -3452.000000 1110.000000 582.000000
65.860001 69.470001 159.679993 -3520.000000 1067.000000 533.000000
66.099998 69.610001 160.860001 -3712.000000 976.000000 425.000000
66.349998 69.779999 162.059998 -3910.000000 875.000000 387.000000
66.540001 69.949997 163.199997 -4005.000000 854.000000 287.000000
66.529999 70.099998 164.130005 -3958.000000 846.000000 378.000000
66.339996 70.230003 164.869995 -3840.000000 883.000000 488.000000
66.080002 70.349998 165.539993 -3685.000000 892.000000 566.000000
65.830002 70.480003 166.210007 -3624.000000 927.000000 645.000000
65.599998 70.639999 166.880005 -3634.000000 900.000000 724.000000
65.440002 70.800003 167.619995 -3617.000000 919.000000 668.000000
65.330002 70.980003 168.410004 -3563.000000 923.000000 642.000000
65.320000 71.199997 169.279999 -3759.000000 819.000000 578.000000
65.239998 71.430000 170.100006 -3888.000000 729.000000 687.000000
65.099998 71.669998 170.800003 -3883.000000 665.000000 736.000000
64.879997 71.910004 171.429993 -3871.000000 662.000000 733.000000
64.680000 72.169998 172.070007 -3866.000000 619.000000 677.000000
64.430000 72.430000 172.649994 -3845.000000 603.000000 753.000000
64.230003 72.709999 173.250000 -3869.000000 562.000000 698.000000
63.980000 72.989998 173.770004 -3816.000000 535.000000 690.000000
63.650002 73.269997 174.199997 -3767.000000 510.000000 710.000000
63.220001 73.559998 174.509995 -3724.000000 441.000000 742.000000
62.730000 73.830002 174.770004 -3684.000000 427.000000 791.000000
62.250000 74.110001 175.029999 -3669.000000 418.000000 782.000000
61.759998 74.400002 175.250000 -3683.000000 417.000000 793.000000
61.320000 74.699997 175.490005 -3716.000000 390.000000 775.000000
60.910000 75.010002 175.750000 -3782.000000 339.000000 750.000000
60.470001 75.349998 175.960007 -3852.000000 250.000000 766.000000
59.939999 75.699997 176.059998 -3889.000000 165.000000 829.000000
59.340000 76.040001 176.050003 -3936.000000 176.000000 837.000000
58.660000 76.370003 175.949997 -3921.000000 170.000000 835.000000
57.810001 76.709999 175.669998 -3874.000000 135.000000 864.000000
56.919998 77.040001 175.289993 -3856.000000 155.000000 807.000000
55.880001 77.349998 174.740005 -3814.000000 185.000000 810.000000
54.709999 77.629997 174.050003 -3861.000000 216.000000 736.000000
53.259998 77.889999 173.070007 -3902.000000 167.000000 800.000000
51.610001 78.129997 171.880005 -3910.000000 124.000000 828.000000
49.869999 78.360001 170.600006 -3985.000000 144.000000 853.000000
48.099998 78.599998 169.259995 -4097.000000 136.000000 801.000000
46.150002 78.820000 167.729996 -4171.000000 33.000000 852.000000
43.910000 79.019997 165.899994 -4134.000000 -56.000000 913.000000
41.560001 79.209999 163.940002 -4135.000000 -39.000000 901.000000
39.180000 79.370003 161.910004 -4056.000000 26.000000 836.000000
36.580002 79.470001 159.660004 -3973.000000 15.000000 826.000000
33.970001 79.529999 157.399994 -3962.000000 -1.000000 806.000000
31.330000 79.550003 155.100006 -4009.000000 4.000000 804.000000
28.580000 79.519997 152.679993 -4019.000000 -49.000000 864.000000
25.820000 79.449997 150.250000 -3979.000000 -41.000000 919.000000
23.180000 79.349998 147.919998 -3954.000000 -35.000000 988.000000
20.690001 79.250000 145.699997 -3906.000000 -53.000000 1004.000000
18.389999 79.169998 143.649994 -3909.000000 -51.000000 964.000000
16.309999 79.129997 141.770004 -3985.000000 -50.000000 881.000000
14.400000 79.099998 140.050003 -4021.000000 -9.000000 836.000000
12.620000 79.059998 138.419998 -4007.000000 15.000000 790.000000
10.920000 79.000000 136.860001 -3976.000000 51.000000 846.000000
9.310000 78.919998 135.369995 -3976.000000 38.000000 883.000000
7.680000 78.830002 133.839996 -3961.000000 -40.000000 902.000000
6.080000 78.750000 132.339996 -3926.000000 -62.000000 868.000000
4.650000 78.690002 130.970001 -3965.000000 -12.000000 892.000000
3.330000 78.669998 129.679993 -4041.000000 -40.000000 842.000000
2.080000 78.669998 128.449997 -4079.000000 -79.000000 784.000000
0.920000 78.680000 127.300003 -4116.000000 -65.000000 760.000000
-0.220000 78.699997 126.160004 -4156.000000 -79.000000 792.000000
-1.310000 78.750000 125.059998 -4257.000000 -72.000000 712.000000
-2.320000 78.800003 124.029999 -4253.000000 -67.000000 718.000000
-3.210000 78.809998 123.110001 -4243.000000 -29.000000 754.000000
-4.020000 78.779999 122.260002 -4207.000000 -20.000000 730.000000
-4.740000 78.680000 121.510002 -4082.000000 -18.000000 837.000000
-5.380000 78.550003 120.860001 -3966.000000 -22.000000 793.000000
-5.940000 78.400002 120.279999 -3924.000000 -15.000000 853.000000
-6.450000 78.279999 119.769997 -3912.000000 -30.000000 838.000000
-6.930000 78.190002 119.309998 -3896.000000 -27.000000 787.000000
-7.440000 78.139999 118.809998 -3889.000000 -62.000000 738.000000
-7.960000 78.139999 118.309998 -3951.000000 -57.000000 680.000000
-8.410000 78.169998 117.879997 -4013.000000 -11.000000 596.000000
-8.810000 78.199997 117.510002 -4037.000000 13.000000 546.000000
-9.180000 78.209999 117.169998 -4042.000000 -8.000000 512.000000
-9.520000 78.180000 116.870003 -4031.000000 -42.000000 521.000000
-9.830000 78.129997 116.599998 -4022.000000 -90.000000 537.000000
-10.110000 78.070000 116.360001 -3964.000000 -65.000000 559.000000
-10.340000 78.000000 116.139999 -3859.000000 -1.000000 605.000000
-10.560000 77.959999 115.940002 -3810.000000 -7.000000 657.000000
-10.850000 77.980003 115.680000 -3822.000000 -59.000000 587.000000
-11.120000 78.029999 115.430000 -3868.000000 -5.000000 593.000000
-11.440000 78.129997 115.139999 -3910.000000 -21.000000 513.000000
-11.720000 78.230003 114.879997 -3976.000000 -22.000000 537.000000
-11.950000 78.300003 114.680000 -4034.000000 -13.000000 608.000000
-12.140000 78.339996 114.529999 -4006.000000 -23.000000 665.000000
-12.280000 78.339996 114.419998 -3967.000000 -29.000000 693.000000
-12.410000 78.330002 114.320000 -3933.000000 -27.000000 706.000000
-12.480000 78.339996 114.269997 -3955.000000 1.000000 657.000000
-12.520000 78.349998 114.269997 -4021.000000 13.000000 677.000000
-12.750000 78.389999 114.089996 -3906.000000 -236.000000 581.000000
-12.580000 78.410004 114.300003 -4070.000000 66.000000 836.000000
-12.110000 78.529999 114.730003 -4094.000000 274.000000 527.000000
-11.890000 78.650002 114.980003 -4200.000000 108.000000 828.000000
-12.040000 78.779999 114.870003 -4199.000000 -51.000000 538.000000
-12.150000 78.849998 114.769997 -4134.000000 -49.000000 677.000000
-12.120000 78.889999 114.800003 -4114.000000 41.000000 644.000000
-12.060000 78.879997 114.849998 -4119.000000 -17.000000 644.000000
-12.010000 78.830002 114.889999 -4026.000000 -72.000000 659.000000
-12.120000 78.750000 114.790001 -3963.000000 -103.000000 542.000000
-12.260000 78.650002 114.650002 -3916.000000 -103.000000 593.000000
-12.430000 78.550003 114.500000 -3909.000000 -132.000000 617.000000
-12.590000 78.449997 114.360001 -3875.000000 -73.000000 556.000000
-12.810000 78.360001 114.160004 -3819.000000 -54.000000 634.000000
-13.110000 78.269997 113.879997 -3722.000000 -47.000000 646.000000
-13.520000 78.230003 113.510002 -3719.000000 -43.000000 541.000000
-13.970000 78.199997 113.070000 -3903.000000 -180.000000 824.000000
-14.290000 78.239998 112.720001 -3954.000000 -103.000000 821.000000
-15.030000 78.279999 111.930000 -4002.000000 -157.000000 859.000000
-16.000000 78.320000 110.919998 -3778.000000 -215.000000 587.000000
-16.900000 78.349998 110.029999 -3859.000000 -327.000000 880.000000
-17.430000 78.529999 109.489998 -4112.000000 -197.000000 385.000000
-17.250000 78.730003 109.639999 -4695.000000 145.000000 459.000000
-16.870001 78.870003 109.919998 -4717.000000 265.000000 419.000000
-16.730000 78.760002 110.040001 -4117.000000 1.000000 592.000000
-16.760000 78.529999 110.019997 -3734.000000 -226.000000 733.000000
-16.620001 78.349998 110.110001 -3762.000000 -231.000000 786.000000
-16.350000 78.230003 110.300003 -3941.000000 -123.000000 785.000000
-16.180000 78.150002 110.389999 -3967.000000 -118.000000 771.000000
-16.110001 78.050003 110.400002 -3881.000000 -259.000000 887.000000
-16.170000 77.989998 110.279999 -3963.000000 -396.000000 863.000000
-16.270000 77.970001 110.120003 -4078.000000 -487.000000 886.000000
-16.360001 77.970001 109.970001 -4237.000000 -604.000000 865.000000
-16.320000 77.949997 109.940002 -4503.000000 -715.000000 1099.000000
-16.219999 77.919998 109.949997 -4646.000000 -830.000000 1150.000000
-16.110001 77.849998 110.040001 -4638.000000 -1005.000000 1138.000000
-15.750000 77.739998 110.400002 -4659.000000 -917.000000 1271.000000
-15.370000 77.540001 110.730003 -4755.000000 -1158.000000 1172.000000
-14.600000 77.239998 111.489998 -4445.000000 -1381.000000 1297.000000
-13.710000 76.980003 112.339996 -4466.000000 -1496.000000 1353.000000
-12.620000 76.769997 113.349998 -4632.000000 -1515.000000 1261.000000
-11.260000 76.519997 114.580002 -4613.000000 -1427.000000 1399.000000
-9.730000 76.199997 115.930000 -4397.000000 -1357.000000 1234.000000
-8.090000 75.739998 117.370003 -4253.000000 -1398.000000 1313.000000
-6.300000 75.180000 118.930000 -4337.000000 -1500.000000 1211.000000
-4.340000 74.480003 120.660004 -4442.000000 -1576.000000 1132.000000
-2.360000 73.599998 122.379997 -4522.000000 -1592.000000 1091.000000
-0.520000 72.489998 123.970001 -4435.000000 -1636.000000 1094.000000
1.100000 71.120003 125.360001 -3962.000000 -1612.000000 1208.000000
2.540000 69.580002 126.559998 -3595.000000 -1492.000000 1217.000000
3.890000 67.940002 127.639999 -3215.000000 -1203.000000 1312.000000
5.180000 66.260002 128.649994 -3110.000000 -839.000000 1388.000000
6.360000 64.519997 129.570007 -3189.000000 -620.000000 1352.000000
7.400000 62.680000 130.380005 -3072.000000 -405.000000 1322.000000
8.210000 60.730000 130.990005 -3173.000000 -243.000000 1433.000000
8.790000 58.660000 131.350006 -3260.000000 -67.000000 1516.000000
9.130000 56.430000 131.470001 -2918.000000 134.000000 1705.000000
9.270000 54.099998 131.369995 -2706.000000 351.000000 1736.000000
9.220000 51.669998 131.050003 -2597.000000 437.000000 1830.000000
9.000000 49.200001 130.580002 -2464.000000 404.000000 1934.000000
8.740000 46.790001 130.059998 -2391.000000 431.000000 1925.000000
8.480000 44.430000 129.509995 -2249.000000 534.000000 1960.000000
8.170000 42.150002 128.869995 -2293.000000 745.000000 1931.000000
7.810000 39.889999 128.119995 -2408.000000 1018.000000 1965.000000
7.390000 37.630001 127.300003 -2405.000000 1221.000000 1889.000000
6.880000 35.360001 126.430000 -2192.000000 1257.000000 2158.000000
6.340000 33.160000 125.550003 -2080.000000 1334.000000 2362.000000
5.790000 31.080000 124.639999 -2004.000000 1359.000000 2539.000000
5.200000 29.120001 123.730003 -1868.000000 1264.000000 2767.000000
4.580000 27.240000 122.800003 -1890.000000 1228.000000 2797.000000
3.920000 25.400000 121.900002 -1686.000000 1109.000000 2994.000000
3.300000 23.730000 121.050003 -1681.000000 1168.000000 3192.000000
2.730000 22.290001 120.290001 -1861.000000 1336.000000 3199.000000
2.180000 21.040001 119.599998 -2008.000000 1408.000000 3214.000000
1.630000 19.930000 118.940002 -1861.000000 1415.000000 3304.000000
1.070000 18.930000 118.279999 -1678.000000 1325.000000 3309.000000
0.520000 18.020000 117.599998 -1440.000000 1272.000000 3292.000000
-0.010000 17.209999 116.959999 -1239.000000 1149.000000 3256.000000
-0.520000 16.520000 116.360001 -1196.000000 1043.000000 3411.000000
-0.990000 16.020000 115.830002 -1348.000000 1053.000000 3496.000000
-1.400000 15.750000 115.400002 -1643.000000 1200.000000 3542.000000
-1.780000 15.610000 115.040001 -1950.000000 1328.000000 3586.000000
-2.140000 15.510000 114.690002 -1929.000000 1363.000000 3674.000000
-2.500000 15.380000 114.339996 -1807.000000 1281.000000 3754.000000
-2.850000 15.250000 114.000000 -1851.000000 1176.000000 3791.000000
-3.210000 15.100000 113.699997 -1775.000000 1000.000000 3895.000000
-3.530000 14.900000 113.440002 -1407.000000 883.000000 3914.000000
-3.810000 14.670000 113.230003 -1075.000000 733.000000 4017.000000
-4.020000 14.580000 113.099998 -924.000000 742.000000 4159.000000
-4.180000 14.690000 113.059998 -1097.000000 753.000000 4142.000000
-4.310000 14.930000 113.059998 -1258.000000 718.000000 4097.000000
-4.410000 15.190000 113.080002 -1289.000000 748.000000 4061.000000
-4.470000 15.420000 113.099998 -1271.000000 741.000000 3986.000000
-4.520000 15.600000 113.129997 -1297.000000 687.000000 3991.000000
-4.570000 15.720000 113.169998 -1402.000000 575.000000 4028.000000
-4.610000 15.750000 113.190002 -1310.000000 477.000000 4081.000000
-4.640000 15.690000 113.209999 -1085.000000 404.000000 4036.000000
-4.660000 15.550000 113.230003 -843.000000 357.000000 4002.000000
-4.660000 15.390000 113.239998 -570.000000 285.000000 4009.000000
-4.660000 15.300000 113.250000 -627.000000 256.000000 3953.000000
-4.690000 15.280000 113.250000 -666.000000 143.000000 3937.000000
-4.740000 15.370000 113.260002 -452.000000 -2.000000 4145.000000
-4.810000 15.640000 113.239998 -994.000000 -282.000000 4476.000000
-4.850000 15.840000 113.180000 -1688.000000 -499.000000 4778.000000
-4.770000 15.710000 113.089996 -1845.000000 -374.000000 5081.000000
-4.580000 15.450000 113.180000 -1261.000000 -244.000000 5176.000000
-4.300000 15.290000 113.389999 -857.000000 51.000000 4857.000000
