-2.470000 15.290000 103.099998 -183.000000 -312.000000 4850.000000
-2.510000 16.430000 102.809998 -886.000000 -390.000000 4770.000000
-2.520000 17.799999 102.440002 -1238.000000 -301.000000 4807.000000
-2.460000 19.180000 102.010002 -1252.000000 -113.000000 4736.000000
-2.330000 20.520000 101.570000 -1155.000000 84.000000 4681.000000
-2.150000 21.879999 101.040001 -1417.000000 191.000000 4511.000000
-1.910000 23.190001 100.510002 -1202.000000 287.000000 4327.000000
-1.740000 24.540001 99.800003 -1573.000000 -13.000000 4147.000000
-1.420000 25.620001 99.010002 -1233.000000 385.000000 4318.000000
-1.050000 26.340000 98.129997 -1163.000000 347.000000 4124.000000
-0.610000 26.870001 97.220001 -1184.000000 467.000000 3877.000000
-0.140000 27.260000 96.190002 -1504.000000 393.000000 3638.000000
0.400000 27.420000 95.129997 -1440.000000 553.000000 3514.000000
0.960000 27.340000 94.019997 -1167.000000 696.000000 3440.000000
1.510000 27.090000 92.839996 -908.000000 703.000000 3454.000000
2.030000 26.799999 91.570000 -867.000000 665.000000 3380.000000
2.540000 26.520000 90.250000 -1011.000000 627.000000 3307.000000
3.020000 26.260000 88.870003 -1289.000000 586.000000 3397.000000
3.460000 26.020000 87.430000 -1522.000000 524.000000 3472.000000
3.840000 25.750000 85.940002 -1705.000000 422.000000 3611.000000
4.160000 25.450001 84.430000 -1924.000000 266.000000 3756.000000
4.470000 25.139999 82.949997 -1875.000000 271.000000 3714.000000
4.790000 24.840000 81.519997 -1786.000000 309.000000 3672.000000
5.090000 24.629999 80.180000 -1857.000000 327.000000 3542.000000
5.400000 24.530001 78.959999 -1957.000000 429.000000 3278.000000
5.700000 24.530001 77.889999 -1931.000000 571.000000 3077.000000
5.940000 24.610001 76.910004 -1944.000000 592.000000 2981.000000
6.140000 24.780001 76.019997 -1892.000000 630.000000 2936.000000
6.230000 25.040001 75.190002 -1963.000000 483.000000 2863.000000
6.260000 25.370001 74.419998 -2076.000000 379.000000 2976.000000
6.220000 25.700001 73.690002 -2250.000000 224.000000 3127.000000
6.120000 25.990000 73.010002 -2300.000000 106.000000 3277.000000
5.980000 26.250000 72.379997 -2326.000000 22.000000 3388.000000
5.830000 26.500000 71.839996 -2279.000000 3.000000 3309.000000
5.700000 26.790001 71.400002 -2314.000000 196.000000 3156.000000
5.540000 27.100000 71.010002 -2511.000000 210.000000 3133.000000
5.330000 27.410000 70.669998 -2535.000000 171.000000 3212.000000
5.090000 27.690001 70.339996 -2500.000000 141.000000 3264.000000
4.820000 27.930000 70.010002 -2579.000000 55.000000 3353.000000
4.540000 28.100000 69.709999 -2585.000000 50.000000 3336.000000
4.290000 28.219999 69.430000 -2350.000000 123.000000 3230.000000
4.030000 28.290001 69.160004 -2285.000000 105.000000 3122.000000
3.780000 28.299999 68.870003 -2272.000000 125.000000 3140.000000
3.490000 28.219999 68.540001 -2079.000000 73.000000 3280.000000
3.170000 28.080000 68.180000 -2008.000000 -69.000000 3494.000000
2.820000 27.910000 67.830002 -1921.000000 -164.000000 3608.000000
2.450000 27.809999 67.489998 -2039.000000 -302.000000 3748.000000
2.110000 27.799999 67.180000 -2168.000000 -283.000000 3690.000000
1.810000 27.850000 66.879997 -2241.000000 -273.000000 3692.000000
1.530000 27.940001 66.599998 -2140.000000 -255.000000 3608.000000
1.260000 28.070000 66.349998 -2164.000000 -267.000000 3490.000000
1.020000 28.250000 66.110001 -2257.000000 -201.000000 3315.000000
0.820000 28.379999 65.879997 -2117.000000 -101.000000 3347.000000
0.600000 28.450001 65.629997 -1999.000000 -146.000000 3415.000000
0.350000 28.480000 65.339996 -1974.000000 -239.000000 3536.000000
0.080000 28.469999 65.029999 -2027.000000 -339.000000 3709.000000
-0.160000 28.430000 64.720001 -2190.000000 -396.000000 3781.000000
-0.360000 28.320000 64.419998 -2070.000000 -406.000000 3823.000000
-0.530000 28.139999 64.129997 -1929.000000 -376.000000 3775.000000
-0.680000 27.969999 63.840000 -1763.000000 -318.000000 3608.000000
-0.810000 27.860001 63.570000 -1739.000000 -259.000000 3386.000000
-0.940000 27.870001 63.330002 -1851.000000 -224.000000 3234.000000
-1.090000 27.990000 63.119999 -2025.000000 -233.000000 3120.000000
-1.260000 28.110001 62.910000 -2157.000000 -290.000000 3241.000000
-1.430000 28.180000 62.669998 -2115.000000 -306.000000 3462.000000
-1.610000 28.090000 62.419998 -1707.000000 -313.000000 3690.000000
-1.790000 27.980000 62.139999 -1807.000000 -444.000000 3941.000000
-1.920000 27.840000 61.860001 -1640.000000 -340.000000 3982.000000
-2.000000 27.690001 61.599998 -1611.000000 -249.000000 3929.000000
-2.050000 27.590000 61.330002 -1614.000000 -194.000000 3844.000000
-2.070000 27.520000 61.070000 -1609.000000 -79.000000 3660.000000
-2.110000 27.510000 60.770000 -1736.000000 -180.000000 3705.000000
-2.240000 27.510000 60.439999 -1977.000000 -383.000000 3758.000000
-2.250000 27.440001 60.180000 -1755.000000 -158.000000 3730.000000
-2.210000 27.350000 59.950001 -1553.000000 5.000000 3693.000000
-2.200000 27.280001 59.680000 -1513.000000 -28.000000 3714.000000
-2.320000 27.280001 59.369999 -1654.000000 -329.000000 3837.000000
-2.440000 27.360001 59.060001 -1797.000000 -329.000000 3754.000000
-2.520000 27.540001 58.770000 -2030.000000 -192.000000 3549.000000
-2.600000 27.660000 58.490002 -1989.000000 -180.000000 3529.000000
-2.820000 27.690001 58.169998 -1932.000000 -469.000000 3659.000000
-2.990000 27.770000 57.919998 -1949.000000 -329.000000 3610.000000
-3.150000 27.920000 57.700001 -2261.000000 -364.000000 3709.000000
-3.310000 28.080000 57.509998 -2312.000000 -303.000000 3639.000000
-3.440000 28.280001 57.430000 -2330.000000 -200.000000 3529.000000
-3.640000 28.480000 57.320000 -2599.000000 -425.000000 3758.000000
-3.820000 28.680000 57.250000 -2800.000000 -500.000000 3788.000000
-3.920000 28.830000 57.259998 -2707.000000 -429.000000 3915.000000
-3.860000 28.910000 57.310001 -2592.000000 -231.000000 4123.000000
-3.750000 29.030001 57.400002 -2527.000000 -276.000000 4091.000000
-3.620000 29.230000 57.509998 -2649.000000 -390.000000 4036.000000
-3.410000 29.520000 57.759998 -2688.000000 -223.000000 3908.000000
-3.100000 29.889999 58.119999 -2834.000000 38.000000 3683.000000
-2.800000 30.280001 58.570000 -3025.000000 9.000000 3583.000000
-2.460000 30.639999 59.080002 -3018.000000 78.000000 3546.000000
-2.070000 30.959999 59.660000 -2906.000000 171.000000 3537.000000
-1.650000 31.270000 60.330002 -2921.000000 228.000000 3560.000000
-1.220000 31.580000 61.070000 -2897.000000 240.000000 3499.000000
-0.750000 31.920000 61.880001 -2863.000000 296.000000 3531.000000
-0.260000 32.259998 62.790001 -2787.000000 395.000000 3435.000000
0.260000 32.630001 63.790001 -2659.000000 431.000000 3392.000000
0.770000 33.040001 64.860001 -2715.000000 489.000000 3274.000000
1.270000 33.470001 66.000000 -2797.000000 496.000000 3144.000000
1.760000 33.880001 67.199997 -2862.000000 493.000000 3054.000000
2.260000 34.259998 68.449997 -2791.000000 541.000000 2986.000000
2.740000 34.610001 69.750000 -2791.000000 497.000000 2996.000000
3.220000 34.930000 71.089996 -2722.000000 478.000000 3021.000000
3.700000 35.180000 72.449997 -2537.000000 462.000000 3201.000000
4.210000 35.369999 73.830002 -2381.000000 505.000000 3210.000000
4.710000 35.560001 75.279999 -2355.000000 559.000000 3177.000000
5.220000 35.770000 76.779999 -2368.000000 643.000000 3135.000000
5.710000 36.049999 78.320000 -2446.000000 735.000000 2994.000000
6.170000 36.330002 79.870003 -2427.000000 707.000000 3032.000000
6.630000 36.590000 81.440002 -2335.000000 695.000000 3111.000000
7.080000 36.840000 83.000000 -2238.000000 729.000000 3101.000000
7.510000 37.130001 84.540001 -2256.000000 731.000000 3014.000000
7.900000 37.520000 86.129997 -2394.000000 745.000000 2871.000000
8.230000 37.970001 87.720001 -2576.000000 707.000000 2718.000000
8.530000 38.410000 89.309998 -2520.000000 674.000000 2728.000000
8.780000 38.860001 90.889999 -2431.000000 587.000000 2785.000000
8.980000 39.349998 92.440002 -2446.000000 494.000000 2835.000000
9.130000 39.889999 94.000000 -2422.000000 479.000000 2810.000000
9.260000 40.549999 95.559998 -2566.000000 447.000000 2702.000000
9.360000 41.330002 97.160004 -2704.000000 446.000000 2576.000000
9.480000 42.230000 98.820000 -2712.000000 508.000000 2377.000000
9.570000 43.240002 100.480003 -2881.000000 460.000000 2273.000000
9.660000 44.299999 102.160004 -3065.000000 492.000000 2170.000000
9.720000 45.369999 103.820000 -3142.000000 433.000000 2146.000000
9.740000 46.360001 105.440002 -3150.000000 376.000000 2028.000000
9.710000 47.230000 106.970001 -3082.000000 300.000000 2035.000000
9.600000 47.959999 108.389999 -3133.000000 176.000000 2112.000000
9.420000 48.560001 109.720001 -3159.000000 72.000000 2190.000000
9.180000 49.020000 110.949997 -3172.000000 -43.000000 2217.000000
8.900000 49.360001 112.120003 -3050.000000 -94.000000 2265.000000
8.590000 49.590000 113.190002 -2953.000000 -81.000000 2237.000000
8.240000 49.750000 114.209999 -2859.000000 -107.000000 2283.000000
7.840000 49.860001 115.139999 -2786.000000 -122.000000 2342.000000
7.440000 49.950001 116.040001 -2781.000000 -121.000000 2350.000000
6.970000 50.049999 116.860001 -2811.000000 -164.000000 2354.000000
6.460000 50.150002 117.610001 -2825.000000 -193.000000 2368.000000
5.900000 50.240002 118.279999 -2816.000000 -245.000000 2415.000000
5.280000 50.299999 118.860001 -2800.000000 -314.000000 2433.000000
4.610000 50.340000 119.349998 -2803.000000 -405.000000 2533.000000
3.890000 50.349998 119.769997 -2838.000000 -489.000000 2525.000000
3.110000 50.299999 120.089996 -2865.000000 -649.000000 2658.000000
2.310000 50.160000 120.339996 -2728.000000 -693.000000 2723.000000
1.500000 49.959999 120.519997 -2672.000000 -738.000000 2789.000000
0.670000 49.730000 120.650002 -2653.000000 -767.000000 2772.000000
-0.160000 49.509998 120.739998 -2511.000000 -786.000000 2709.000000
-1.030000 49.330002 120.769997 -2587.000000 -890.000000 2682.000000
-1.910000 49.189999 120.779999 -2598.000000 -912.000000 2669.000000
-2.830000 49.060001 120.720001 -2570.000000 -951.000000 2690.000000
-3.750000 49.009998 120.629997 -2612.000000 -991.000000 2668.000000
-4.680000 49.009998 120.540001 -2852.000000 -1070.000000 2759.000000
-5.600000 49.009998 120.440002 -3006.000000 -1269.000000 2848.000000
-6.500000 48.939999 120.309998 -2985.000000 -1367.000000 2917.000000
-7.350000 48.790001 120.150002 -2933.000000 -1362.000000 2907.000000
-8.140000 48.590000 120.000000 -2943.000000 -1324.000000 2847.000000
-8.870000 48.340000 119.870003 -2963.000000 -1272.000000 2840.000000
-9.550000 48.040001 119.750000 -2858.000000 -1303.000000 2760.000000
-10.210000 47.689999 119.629997 -2806.000000 -1340.000000 2772.000000
-10.840000 47.299999 119.500000 -2864.000000 -1375.000000 2824.000000
-11.420000 46.889999 119.389999 -2711.000000 -1378.000000 2866.000000
-11.970000 46.490002 119.300003 -2620.000000 -1360.000000 2924.000000
-12.490000 46.150002 119.239998 -2685.000000 -1363.000000 2892.000000
-13.000000 45.840000 119.180000 -2702.000000 -1374.000000 2843.000000
-13.490000 45.540001 119.129997 -2712.000000 -1433.000000 2764.000000
-13.950000 45.230000 119.080002 -2661.000000 -1401.000000 2732.000000
-14.380000 44.930000 119.059998 -2630.000000 -1465.000000 2762.000000
-14.800000 44.610001 119.019997 -2594.000000 -1477.000000 2872.000000
-15.210000 44.279999 118.980003 -2510.000000 -1478.000000 2933.000000
-15.600000 43.980000 118.930000 -2571.000000 -1503.000000 2958.000000
-15.990000 43.689999 118.889999 -2600.000000 -1606.000000 2947.000000
-16.360001 43.410000 118.860001 -2605.000000 -1654.000000 2878.000000
-16.690001 43.130001 118.839996 -2621.000000 -1633.000000 2881.000000
-16.990000 42.840000 118.790001 -2648.000000 -1562.000000 2920.000000
-17.260000 42.549999 118.760002 -2659.000000 -1535.000000 3006.000000
-17.490000 42.250000 118.739998 -2539.000000 -1460.000000 3016.000000
-17.680000 41.959999 118.739998 -2482.000000 -1382.000000 2991.000000
-17.860001 41.660000 118.739998 -2467.000000 -1361.000000 3024.000000
-18.030001 41.340000 118.750000 -2451.000000 -1361.000000 3017.000000
-18.170000 41.009998 118.769997 -2421.000000 -1388.000000 3079.000000
-18.270000 40.660000 118.800003 -2369.000000 -1332.000000 3105.000000
-18.340000 40.330002 118.839996 -2436.000000 -1227.000000 3132.000000
-18.410000 40.029999 118.879997 -2526.000000 -1203.000000 3060.000000
-18.480000 39.730000 118.930000 -2540.000000 -1230.000000 3080.000000
-18.549999 39.419998 118.959999 -2473.000000 -1222.000000 3093.000000
-18.610001 39.110001 119.010002 -2331.000000 -1192.000000 3148.000000
-18.680000 38.869999 119.050003 -2238.000000 -1172.000000 3054.000000
-18.780001 38.730000 119.070000 -2307.000000 -1138.000000 3074.000000
-18.910000 38.680000 119.080002 -2467.000000 -1121.000000 3088.000000
-19.040001 38.660000 119.080002 -2585.000000 -1101.000000 3071.000000
-19.139999 38.630001 119.089996 -2593.000000 -1045.000000 3064.000000
-19.219999 38.570000 119.110001 -2541.000000 -1002.000000 3059.000000
-19.280001 38.470001 119.139999 -2458.000000 -1028.000000 3145.000000
-19.340000 38.400002 119.150002 -2532.000000 -1003.000000 3095.000000
-19.410000 38.349998 119.169998 -2658.000000 -963.000000 3019.000000
-19.469999 38.299999 119.209999 -2712.000000 -973.000000 2996.000000
-19.500000 38.189999 119.250000 -2579.000000 -970.000000 2987.000000
-19.510000 38.029999 119.309998 -2600.000000 -999.000000 3033.000000
-19.500000 37.830002 119.400002 -2652.000000 -1037.000000 3145.000000
-19.430000 37.560001 119.519997 -2361.000000 -1002.000000 3228.000000
-19.290001 37.250000 119.639999 -2132.000000 -850.000000 3205.000000
-19.170000 36.980000 119.750000 -2152.000000 -822.000000 3199.000000
-19.120001 36.779999 119.800003 -2301.000000 -905.000000 3100.000000
-19.090000 36.619999 119.830002 -2252.000000 -996.000000 3104.000000
-19.059999 36.509998 119.849998 -2066.000000 -917.000000 2985.000000
-19.049999 36.480000 119.849998 -2137.000000 -890.000000 2946.000000
-19.120001 36.500000 119.790001 -2227.000000 -1000.000000 3003.000000
-19.230000 36.570000 119.699997 -2285.000000 -1102.000000 2946.000000
-19.350000 36.619999 119.599998 -2375.000000 -1113.000000 2994.000000
-19.459999 36.660000 119.500000 -2381.000000 -1062.000000 2882.000000
-19.549999 36.650002 119.419998 -2398.000000 -1077.000000 2930.000000
-19.639999 36.570000 119.320000 -2235.000000 -1077.000000 2880.000000
-19.719999 36.490002 119.239998 -2215.000000 -1054.000000 2869.000000
-19.840000 36.419998 119.139999 -2296.000000 -1072.000000 2821.000000
-19.990000 36.349998 119.050003 -2273.000000 -1121.000000 2754.000000
-20.129999 36.259998 118.980003 -2372.000000 -1334.000000 3381.000000
-20.299999 36.259998 118.870003 -2800.000000 -1562.000000 3484.000000
-20.469999 36.380001 118.790001 -3323.000000 -1562.000000 3390.000000
-20.510000 36.410000 118.790001 -2668.000000 -1189.000000 3297.000000
-20.459999 36.349998 118.860001 -2438.000000 -1106.000000 3384.000000
-20.440001 36.310001 118.919998 -2532.000000 -1147.000000 3258.000000
-20.430000 36.230000 118.970001 -2607.000000 -1148.000000 3225.000000
-20.370001 36.090000 119.050003 -2524.000000 -1094.000000 3184.000000
-20.290001 35.910000 119.160004 -2280.000000 -1097.000000 3127.000000
-20.200001 35.709999 119.279999 -2214.000000 -1029.000000 3011.000000
-20.129999 35.509998 119.379997 -2246.000000 -1005.000000 2970.000000
-20.080000 35.310001 119.459999 -2252.000000 -1012.000000 2947.000000
-20.049999 35.110001 119.550003 -2158.000000 -1006.000000 2979.000000
-20.020000 34.880001 119.629997 -2080.000000 -1062.000000 3439.000000
-19.980000 34.730000 119.699997 -1745.000000 -931.000000 3361.000000
-20.040001 34.709999 119.690002 -2335.000000 -1099.000000 3295.000000
-20.120001 34.700001 119.690002 -2725.000000 -1171.000000 3263.000000
-20.139999 34.590000 119.720001 -2589.000000 -1184.000000 3376.000000
-20.090000 34.349998 119.800003 -2338.000000 -1176.000000 3418.000000
-20.010000 34.040001 119.900002 -2143.000000 -1196.000000 3451.000000
-19.930000 33.790001 119.989998 -2138.000000 -1152.000000 3382.000000
-19.860001 33.599998 120.059998 -2179.000000 -1126.000000 3275.000000
-19.820000 33.480000 120.110001 -2253.000000 -1184.000000 3216.000000
-19.799999 33.380001 120.150002 -2267.000000 -1221.000000 3118.000000
-19.780001 33.279999 120.169998 -2237.000000 -1258.000000 3094.000000
-19.790001 33.180000 120.190002 -2311.000000 -1360.000000 3083.000000
-19.799999 33.020000 120.199997 -2327.000000 -1489.000000 3163.000000
-19.799999 32.790001 120.230003 -2207.000000 -1659.000000 3435.000000
-19.780001 32.439999 120.250000 -1763.000000 -1803.000000 3626.000000
-19.760000 32.000000 120.260002 -1773.000000 -1942.000000 3791.000000
-19.719999 31.490000 120.269997 -1493.000000 -2180.000000 4023.000000
-19.670000 31.010000 120.279999 -1301.000000 -2138.000000 4065.000000
-19.600000 30.600000 120.260002 -1040.000000 -2207.000000 4049.000000
-19.559999 30.290001 120.180000 -1124.000000 -2402.000000 4045.000000
-19.530001 30.110001 120.029999 -1285.000000 -2522.000000 3850.000000
-19.480000 30.049999 119.849998 -1352.000000 -2628.000000 3598.000000
-19.400000 30.049999 119.660004 -1510.000000 -2778.000000 3521.000000
-19.280001 30.049999 119.449997 -1651.000000 -2931.000000 3439.000000
-19.100000 30.040001 119.239998 -1830.000000 -3051.000000 3438.000000
-18.830000 30.010000 119.050003 -1931.000000 -3095.000000 3445.000000
-18.490000 29.940001 118.879997 -2115.000000 -3026.000000 3392.000000
-18.049999 29.820000 118.750000 -2296.000000 -2883.000000 3215.000000
-17.530001 29.620001 118.639999 -2174.000000 -2638.000000 3162.000000
-16.950001 29.330000 118.550003 -2042.000000 -2415.000000 3148.000000
-16.340000 29.000000 118.470001 -1989.000000 -2282.000000 3191.000000
-15.720000 28.680000 118.360001 -1861.000000 -2170.000000 3180.000000
-15.090000 28.370001 118.220001 -1724.000000 -2039.000000 3255.000000
-14.430000 28.100000 118.059998 -1932.000000 -1993.000000 3346.000000
-13.740000 27.840000 117.889999 -2082.000000 -1930.000000 3391.000000
-13.020000 27.590000 117.720001 -2142.000000 -1884.000000 3445.000000
-12.270000 27.360001 117.540001 -2122.000000 -1743.000000 3365.000000
-11.480000 27.139999 117.349998 -1993.000000 -1576.000000 3264.000000
-10.690000 26.969999 117.110001 -1809.000000 -1396.000000 3246.000000
-9.890000 26.900000 116.830002 -1704.000000 -1181.000000 3088.000000
-9.120000 26.950001 116.480003 -1796.000000 -1030.000000 3045.000000
-8.370000 27.100000 116.070000 -2370.000000 -1139.000000 3044.000000
-7.640000 27.290001 115.639999 -2643.000000 -1238.000000 2888.000000
-6.890000 27.490000 115.209999 -2635.000000 -1207.000000 2752.000000
-6.150000 27.650000 114.760002 -2470.000000 -1206.000000 2580.000000
-5.390000 27.780001 114.279999 -2333.000000 -1032.000000 2357.000000
-4.610000 27.910000 113.760002 -2064.000000 -685.000000 2183.000000
-3.830000 28.040001 113.199997 -1733.000000 -302.000000 2058.000000
-3.070000 28.170000 112.570000 -1785.000000 23.000000 2023.000000
-2.340000 28.270000 111.879997 -2053.000000 339.000000 2046.000000
-1.650000 28.299999 111.089996 -2395.000000 594.000000 2136.000000
-1.040000 28.209999 110.199997 -2890.000000 645.000000 2321.000000
-0.480000 27.990000 109.260002 -2903.000000 721.000000 2277.000000
0.060000 27.650000 108.279999 -2391.000000 1011.000000 2456.000000
0.520000 27.240000 107.230003 -2234.000000 1277.000000 2630.000000
0.890000 26.780001 106.139999 -2114.000000 1432.000000 2815.000000
1.170000 26.330000 105.010002 -1976.000000 1519.000000 2931.000000
1.370000 25.900000 103.849998 -2077.000000 1590.000000 2999.000000
1.470000 25.389999 102.699997 -2658.000000 1780.000000 3066.000000
1.530000 24.740000 101.570000 -2697.000000 1820.000000 3085.000000
1.560000 23.969999 100.489998 -2390.000000 1836.000000 3115.000000
1.570000 23.129999 99.449997 -2217.000000 1725.000000 3262.000000
1.550000 22.260000 98.449997 -2264.000000 1677.000000 3400.000000
1.530000 21.370001 97.500000 -2188.000000 1674.000000 3578.000000
1.500000 20.480000 96.620003 -2031.000000 1640.000000 3664.000000
1.470000 19.629999 95.800003 -1791.000000 1604.000000 3717.000000
1.430000 18.850000 95.050003 -1659.000000 1569.000000 3658.000000
1.400000 18.160000 94.339996 -1667.000000 1560.000000 3718.000000
1.350000 17.559999 93.709999 -1488.000000 1515.000000 3866.000000
1.300000 17.059999 93.150002 -1378.000000 1389.000000 3849.000000
1.240000 16.680000 92.669998 -1276.000000 1315.000000 3889.000000
1.180000 16.440001 92.269997 -1244.000000 1251.000000 3884.000000
1.100000 16.350000 91.930000 -1294.000000 1132.000000 3876.000000
1.030000 16.360001 91.639999 -1361.000000 1084.000000 3895.000000
0.970000 16.440001 91.389999 -1327.000000 1037.000000 3891.000000
0.900000 16.549999 91.180000 -1410.000000 931.000000 3887.000000
0.830000 16.639999 90.989998 -1315.000000 873.000000 3947.000000
0.760000 16.730000 90.839996 -1371.000000 768.000000 4025.000000
0.710000 16.790001 90.690002 -1395.000000 723.000000 4008.000000
0.690000 16.820000 90.599998 -1151.000000 839.000000 3962.000000
0.650000 16.830000 90.529999 -1018.000000 728.000000 4041.000000
0.590000 16.900000 90.500000 -1153.000000 557.000000 4023.000000
0.520000 17.020000 90.489998 -1370.000000 488.000000 4019.000000
0.470000 17.110001 90.489998 -1513.000000 457.000000 4026.000000
0.450000 17.110001 90.489998 -1523.000000 435.000000 4060.000000
0.450000 16.969999 90.510002 -1250.000000 428.000000 4097.000000
0.470000 16.740000 90.559998 -1008.000000 388.000000 4168.000000
0.520000 16.440001 90.580002 -761.000000 382.000000 4198.000000
0.580000 16.120001 90.620003 -602.000000 399.000000 4213.000000
0.630000 15.890000 90.660004 -592.000000 386.000000 4209.000000
0.670000 15.780000 90.709999 -783.000000 334.000000 4211.000000
0.700000 15.760000 90.769997 -840.000000 319.000000 4171.000000
0.710000 15.820000 90.830002 -826.000000 273.000000 4208.000000
0.710000 15.960000 90.900002 -969.000000 168.000000 4184.000000
0.700000 16.150000 90.970001 -1130.000000 143.000000 4119.000000
0.690000 16.379999 91.050003 -1220.000000 164.000000 3958.000000
0.670000 16.620001 91.110001 -1379.000000 107.000000 3912.000000
0.650000 16.820000 91.160004 -1411.000000 83.000000 3664.000000
0.630000 16.889999 91.209999 -1182.000000 99.000000 3826.000000
0.580000 16.870001 91.250000 -1000.000000 78.000000 3782.000000
0.570000 16.820000 91.300003 -841.000000 363.000000 3657.000000
0.570000 16.740000 91.360001 -620.000000 516.000000 3532.000000
0.500000 16.650000 91.389999 -698.000000 424.000000 3355.000000
0.360000 16.590000 91.400002 -757.000000 321.000000 3152.000000
0.170000 16.540001 91.379997 -925.000000 331.000000 3090.000000
-0.130000 16.480000 91.339996 -1281.000000 89.000000 3385.000000
-0.470000 16.309999 91.260002 -1881.000000 -262.000000 4132.000000
-0.760000 15.880000 91.190002 -1761.000000 -709.000000 5453.000000
-0.950000 15.200000 91.209999 -1424.000000 -1110.000000 7460.000000
-0.810000 14.520000 91.339996 252.000000 495.000000 5980.000000
-0.640000 13.940000 91.419998 692.000000 603.000000 5185.000000
-0.550000 13.590000 91.400002 791.000000 340.000000 4239.000000
-0.590000 13.620000 91.349998 -106.000000 -362.000000 3979.000000
-0.710000 13.900000 91.330002 -684.000000 -701.000000 3682.000000
-0.810000 14.230000 91.320000 -1152.000000 -776.000000 3843.000000
-0.860000 14.490000 91.360001 -1251.000000 -518.000000 3789.000000
-0.870000 14.640000 91.389999 -1193.000000 -453.000000 3804.000000
-0.840000 14.620000 91.430000 -892.000000 -183.000000 3866.000000
-0.780000 14.510000 91.470001 -805.000000 -66.000000 3910.000000
-0.720000 14.390000 91.540001 -893.000000 -57.000000 4008.000000
-0.640000 14.270000 91.610001 -877.000000 11.000000 4069.000000
-0.560000 14.160000 91.699997 -911.000000 76.000000 4095.000000
-0.480000 14.060000 91.790001 -955.000000 118.000000 4017.000000
-0.400000 13.950000 91.889999 -959.000000 99.000000 3993.000000
-0.330000 13.840000 92.000000 -895.000000 86.000000 4000.000000
-0.280000 13.740000 92.099998 -867.000000 33.000000 3982.000000
-0.230000 13.660000 92.199997 -867.000000 -1.000000 4003.000000
-0.200000 13.570000 92.300003 -857.000000 -62.000000 4032.000000
-0.170000 13.460000 92.400002 -854.000000 -66.000000 4059.000000
