17.950001 47.230000 90.589996 -15.110000 -41.270000 0.000000 5585.000000 -968.000000 3335.000000 2505.000000 -3765.000000 4250.000000 
18.070000 48.689999 89.690002 -14.170000 -41.070000 0.000000 5603.000000 -707.000000 2878.000000 1039.000000 -3911.000000 4420.000000 
19.760000 50.560001 89.739998 -13.460000 -41.099998 0.000000 4799.000000 -1274.000000 3009.000000 -602.000000 -3907.000000 4175.000000 
21.969999 51.520000 90.099998 -12.990000 -40.700001 0.000000 3330.000000 -1451.000000 2263.000000 -1688.000000 -3227.000000 3743.000000 
22.530001 51.470001 89.269997 -12.490000 -40.090000 0.000000 2523.000000 -857.000000 641.000000 670.000000 -3212.000000 3147.000000 
22.770000 50.580002 88.050003 -11.790000 -39.330002 0.000000 2999.000000 -163.000000 -229.000000 -29.000000 -3029.000000 3399.000000 
23.790001 49.009998 87.320000 -11.360000 -38.450001 0.000000 3867.000000 -178.000000 888.000000 623.000000 -2641.000000 3371.000000 
24.680000 47.240002 86.279999 -11.330000 -37.720001 0.000000 3844.000000 -727.000000 2942.000000 241.000000 -2727.000000 3202.000000 
25.530001 45.320000 84.989998 -11.440000 -37.060001 0.000000 3532.000000 -913.000000 3201.000000 651.000000 -2694.000000 3243.000000 
26.480000 43.480000 83.639999 -11.520000 -36.529999 0.000000 3324.000000 -976.000000 2845.000000 576.000000 -2842.000000 3264.000000 
27.660000 41.939999 82.360001 -11.730000 -36.119999 0.000000 2763.000000 -1159.000000 2951.000000 143.000000 -2680.000000 3046.000000 
28.870001 41.189999 81.110001 -12.040000 -35.910000 0.000000 2219.000000 -1240.000000 3048.000000 -214.000000 -2477.000000 2457.000000 
29.780001 41.130001 79.599998 -12.410000 -35.900002 0.000000 1828.000000 -1252.000000 2991.000000 -433.000000 -2323.000000 2065.000000 
30.530001 41.360001 77.989998 -12.810000 -35.950001 0.000000 1550.000000 -1148.000000 2776.000000 -603.000000 -2281.000000 1924.000000 
31.270000 41.639999 76.320000 -13.240000 -36.160000 0.000000 1235.000000 -1042.000000 2386.000000 -831.000000 -2092.000000 1833.000000 
31.959999 41.919998 74.599998 -13.670000 -36.480000 0.000000 835.000000 -895.000000 1973.000000 -1038.000000 -2027.000000 1704.000000 
32.459999 42.150002 72.720001 -14.060000 -36.660000 0.000000 475.000000 -777.000000 1734.000000 -1300.000000 -1922.000000 1671.000000 
32.790001 42.230000 70.650002 -14.580000 -36.669998 0.000000 289.000000 -808.000000 1643.000000 -1424.000000 -1835.000000 1552.000000 
32.919998 42.090000 68.389999 -15.270000 -36.580002 0.000000 122.000000 -957.000000 1607.000000 -1546.000000 -1846.000000 1474.000000 
32.740002 41.810001 65.839996 -16.030001 -36.470001 0.000000 -353.000000 -1139.000000 1705.000000 -1572.000000 -1906.000000 1326.000000 
32.240002 41.410000 63.070000 -17.080000 -36.299999 0.000000 -127.000000 -1541.000000 1944.000000 -1677.000000 -1966.000000 1117.000000 
31.320000 40.970001 60.060001 -18.360001 -36.200001 0.000000 -280.000000 -2168.000000 2185.000000 -1543.000000 -2138.000000 750.000000 
29.750000 40.570000 56.680000 -19.840000 -36.119999 0.000000 16.000000 -2711.000000 2953.000000 -1768.000000 -2770.000000 433.000000 
27.520000 40.160000 53.049999 -21.400000 -36.200001 0.000000 840.000000 -3392.000000 4635.000000 -2459.000000 -3645.000000 312.000000 
24.959999 39.660000 49.450001 -22.660000 -36.480000 0.000000 1440.000000 -3687.000000 6578.000000 -3180.000000 -4286.000000 754.000000 
22.570000 39.240002 46.259998 -23.340000 -37.020000 0.000000 1080.000000 -3622.000000 7806.000000 -3559.000000 -4896.000000 1598.000000 
20.580000 39.119999 43.650002 -23.459999 -37.689999 0.000000 707.000000 -3289.000000 7411.000000 -3746.000000 -5106.000000 2279.000000 
19.120001 39.430000 41.689999 -23.170000 -38.349998 0.000000 447.000000 -2857.000000 6082.000000 -3560.000000 -4841.000000 2439.000000 
18.030001 40.049999 40.209999 -22.740000 -38.900002 0.000000 195.000000 -2512.000000 4583.000000 -3111.000000 -4135.000000 2062.000000 
17.090000 40.770000 39.009998 -22.400000 -39.349998 0.000000 -295.000000 -2371.000000 3400.000000 -2347.000000 -3405.000000 1516.000000 
16.100000 41.439999 37.860001 -22.139999 -39.830002 0.000000 44.000000 -1955.000000 2862.000000 -1914.000000 -3060.000000 1227.000000 
14.920000 41.939999 36.610001 -22.139999 -40.310001 0.000000 186.000000 -2039.000000 2991.000000 -1587.000000 -2934.000000 1243.000000 
13.500000 42.220001 35.220001 -22.200001 -40.689999 0.000000 437.000000 -1844.000000 3324.000000 -1646.000000 -3010.000000 1521.000000 
11.890000 42.310001 33.720001 -22.450001 -40.990002 0.000000 553.000000 -2003.000000 3593.000000 -1628.000000 -3140.000000 1842.000000 
10.050000 42.209999 32.110001 -22.700001 -41.270000 0.000000 828.000000 -1818.000000 3705.000000 -1604.000000 -3254.000000 2004.000000 
8.000000 41.980000 30.450001 -22.969999 -41.549999 0.000000 944.000000 -1834.000000 3917.000000 -1262.000000 -3250.000000 1968.000000 
5.850000 41.689999 28.780001 -22.730000 -41.770000 0.000000 1338.000000 -1627.000000 4043.000000 -1142.000000 -3333.000000 2210.000000 
3.710000 41.389999 27.150000 -22.250000 -41.930000 0.000000 1561.000000 -1553.000000 4070.000000 -1032.000000 -3491.000000 2505.000000 
1.690000 41.209999 25.639999 -22.170000 -42.009998 0.000000 1622.000000 -1528.000000 3941.000000 -996.000000 -3433.000000 2655.000000 
-0.120000 41.049999 24.340000 -22.230000 -42.090000 0.000000 1631.000000 -1422.000000 3568.000000 -1263.000000 -3352.000000 2558.000000 
-1.740000 40.849998 23.129999 -22.520000 -42.189999 0.000000 1637.000000 -1450.000000 3406.000000 -1228.000000 -3263.000000 2426.000000 
-3.260000 40.470001 22.150000 -23.030001 -42.320000 0.000000 1608.000000 -1503.000000 3342.000000 -1046.000000 -3191.000000 2366.000000 
-4.630000 40.029999 21.389999 -23.590000 -42.540001 0.000000 1762.000000 -1580.000000 3373.000000 -815.000000 -3236.000000 2296.000000 
-6.020000 39.480000 20.500000 -24.080000 -42.830002 0.000000 1894.000000 -1636.000000 3563.000000 -856.000000 -3366.000000 2348.000000 
-7.120000 38.560001 19.860001 -24.549999 -43.189999 0.000000 2048.000000 -1673.000000 3678.000000 -983.000000 -3523.000000 2513.000000 
-7.700000 37.529999 19.620001 -25.139999 -43.619999 0.000000 2126.000000 -1717.000000 3587.000000 -931.000000 -3559.000000 2574.000000 
-7.990000 36.570000 19.600000 -25.570000 -44.110001 0.000000 2039.000000 -1719.000000 3603.000000 -800.000000 -3405.000000 2439.000000 
-7.970000 35.900002 19.940001 -25.520000 -44.740002 0.000000 1822.000000 -1889.000000 7573.000000 -655.000000 -3286.000000 2247.000000 
-7.830000 34.930000 20.129999 -25.049999 -45.540001 0.000000 1864.000000 -1794.000000 5732.000000 -569.000000 -3445.000000 2165.000000 
-7.790000 34.029999 20.370001 -25.660000 -46.490002 0.000000 2859.000000 -2163.000000 3312.000000 -726.000000 -3705.000000 2245.000000 
-8.420000 33.700001 20.180000 -26.059999 -47.470001 0.000000 2575.000000 -1771.000000 3018.000000 -359.000000 -4287.000000 2809.000000 
-8.890000 34.380001 19.950001 -26.129999 -48.070000 0.000000 3014.000000 -1487.000000 3002.000000 -210.000000 -6646.000000 7063.000000 
-8.810000 35.080002 20.100000 -25.469999 -47.830002 0.000000 1973.000000 -1126.000000 3225.000000 181.000000 -5577.000000 5317.000000 
-7.780000 35.180000 20.870001 -26.440001 -47.419998 0.000000 1969.000000 -2114.000000 3233.000000 -2041.000000 -3452.000000 2048.000000 
-6.280000 34.389999 21.910000 -26.379999 -47.250000 0.000000 2488.000000 -1719.000000 3454.000000 -618.000000 -2995.000000 1580.000000 
-4.860000 33.799999 22.950001 -26.860001 -46.740002 0.000000 2067.000000 -1854.000000 3070.000000 375.000000 -2772.000000 2231.000000 
-3.650000 33.450001 23.809999 -26.219999 -46.220001 0.000000 1859.000000 -1435.000000 2904.000000 176.000000 -3271.000000 3048.000000 
-2.430000 33.290001 24.650000 -25.730000 -45.669998 0.000000 2157.000000 -1450.000000 2983.000000 -673.000000 -3449.000000 2848.000000 
-1.450000 33.570000 25.309999 -25.680000 -45.029999 0.000000 2439.000000 -1568.000000 3026.000000 -965.000000 -3273.000000 2916.000000 
-0.560000 33.919998 25.910000 -25.309999 -44.290001 0.000000 2258.000000 -1542.000000 3039.000000 -952.000000 -3308.000000 2923.000000 
0.460000 34.020000 26.600000 -25.580000 -43.560001 0.000000 2295.000000 -1640.000000 2936.000000 -1148.000000 -3378.000000 2721.000000 
1.020000 34.130001 27.190001 -26.120001 -42.810001 0.000000 2523.000000 -1691.000000 2738.000000 -1180.000000 -3505.000000 2793.000000 
1.300000 34.410000 27.730000 -26.290001 -41.889999 0.000000 2712.000000 -1657.000000 2993.000000 -35.000000 -3603.000000 3397.000000 
2.060000 34.230000 28.590000 -26.350000 -40.970001 0.000000 2656.000000 -1708.000000 3081.000000 163.000000 -3816.000000 3634.000000 
2.380000 34.080002 29.209999 -25.980000 -40.060001 0.000000 2963.000000 -1371.000000 2934.000000 297.000000 -3257.000000 3058.000000 
2.510000 33.459999 29.650000 -25.290001 -39.500000 0.000000 2420.000000 -1277.000000 2731.000000 -3657.000000 -3222.000000 2567.000000 
3.060000 33.880001 30.320000 -24.719999 -38.720001 0.000000 2680.000000 -1562.000000 3349.000000 1465.000000 -2931.000000 3729.000000 
3.330000 33.230000 30.930000 -24.950001 -37.660000 0.000000 2773.000000 -1525.000000 2468.000000 2590.000000 -3014.000000 4179.000000 
3.800000 32.619999 31.469999 -25.180000 -36.340000 0.000000 3271.000000 -1648.000000 2723.000000 -359.000000 -3372.000000 3489.000000 
4.390000 33.020000 32.220001 -25.100000 -35.270000 0.000000 3143.000000 -1609.000000 2986.000000 -2856.000000 -3521.000000 3045.000000 
4.790000 33.770000 33.000000 -25.129999 -34.220001 0.000000 2211.000000 -1691.000000 3214.000000 -2135.000000 -3448.000000 3487.000000 
4.870000 34.310001 33.740002 -25.530001 -33.080002 0.000000 2919.000000 -1629.000000 2753.000000 128.000000 -2833.000000 3241.000000 
4.680000 34.220001 34.560001 -25.500000 -32.029999 0.000000 3575.000000 -1422.000000 2863.000000 563.000000 -2258.000000 2667.000000 
4.580000 34.889999 35.299999 -25.379999 -31.160000 0.000000 3316.000000 -1744.000000 3370.000000 188.000000 -2426.000000 2844.000000 
4.820000 35.779999 36.200001 -25.889999 -30.309999 0.000000 3235.000000 -1217.000000 1240.000000 -359.000000 -2574.000000 3234.000000 
4.730000 37.060001 37.029999 -27.049999 -29.780001 0.000000 3421.000000 -1572.000000 1615.000000 -862.000000 -2464.000000 2903.000000 
4.560000 38.830002 37.750000 -28.690001 -29.190001 0.000000 2847.000000 -1509.000000 1950.000000 -690.000000 -1630.000000 2114.000000 
3.410000 40.330002 37.820000 -30.049999 -28.790001 0.000000 2646.000000 -2464.000000 4908.000000 206.000000 -1632.000000 2384.000000 
2.250000 41.389999 37.689999 -31.540001 -28.879999 0.000000 1817.000000 -1909.000000 3569.000000 288.000000 -2055.000000 2621.000000 
1.410000 41.700001 37.650002 -32.619999 -28.900000 0.000000 3551.000000 -1297.000000 2660.000000 1287.000000 -2790.000000 3836.000000 
2.000000 41.000000 38.560001 -34.110001 -28.870001 0.000000 3815.000000 -2024.000000 2090.000000 1232.000000 -3734.000000 5373.000000 
2.720000 40.000000 39.230000 -35.889999 -29.100000 0.000000 2991.000000 -2524.000000 2282.000000 -1029.000000 -3479.000000 4263.000000 
3.530000 39.209999 40.099998 -35.939999 -29.120001 0.000000 2930.000000 -2286.000000 3921.000000 -1896.000000 -2846.000000 3194.000000 
4.860000 39.299999 41.520000 -35.320000 -29.290001 0.000000 2837.000000 -2941.000000 4419.000000 -153.000000 -3090.000000 3956.000000 
6.170000 39.900002 42.970001 -34.360001 -29.590000 0.000000 1764.000000 -3242.000000 6285.000000 -420.000000 -2687.000000 3506.000000 
6.720000 41.330002 44.110001 -33.369999 -30.510000 0.000000 1954.000000 -3557.000000 5310.000000 -1353.000000 -2669.000000 2580.000000 
6.370000 43.169998 44.700001 -32.400002 -31.840000 0.000000 2043.000000 -3639.000000 5126.000000 -1854.000000 -2972.000000 2241.000000 
5.550000 45.250000 44.889999 -31.400000 -33.509998 0.000000 2649.000000 -3409.000000 5070.000000 -1613.000000 -3745.000000 3161.000000 
4.650000 47.500000 44.820000 -30.110001 -35.590000 0.000000 2976.000000 -3149.000000 5030.000000 -1707.000000 -4333.000000 2937.000000 
3.760000 49.820000 44.529999 -28.430000 -37.650002 0.000000 2625.000000 -3123.000000 5501.000000 -2800.000000 -4212.000000 2585.000000 
2.930000 52.110001 44.080002 -27.150000 -39.730000 0.000000 2953.000000 -2944.000000 5157.000000 -3461.000000 -4500.000000 2618.000000 
2.310000 54.669998 43.650002 -25.790001 -41.650002 0.000000 2179.000000 -2736.000000 5160.000000 -3650.000000 -4704.000000 2975.000000 
2.110000 57.810001 43.700001 -25.340000 -43.490002 0.000000 1777.000000 -2608.000000 4211.000000 -4460.000000 -3403.000000 2011.000000 
1.870000 61.450001 43.860001 -24.690001 -45.389999 0.000000 655.000000 -2651.000000 4316.000000 -4164.000000 -2302.000000 1075.000000 
1.140000 65.309998 43.680000 -23.750000 -47.230000 0.000000 979.000000 -2339.000000 4721.000000 -2640.000000 -2382.000000 1491.000000 
0.270000 69.309998 43.430000 -22.549999 -49.189999 0.000000 120.000000 -1558.000000 3430.000000 -1834.000000 -1295.000000 542.000000 
-1.370000 73.379997 42.520000 -20.930000 -51.529999 0.000000 120.000000 -1440.000000 4731.000000 -2634.000000 -1451.000000 344.000000 
-5.160000 77.330002 39.610001 -18.980000 -54.200001 0.000000 269.000000 -1553.000000 5703.000000 -4610.000000 -1922.000000 618.000000 
-13.700000 81.000000 32.209999 -17.370001 -56.799999 0.000000 -237.000000 -1563.000000 5093.000000 -5281.000000 -1211.000000 -173.000000 
-36.720001 83.900002 10.950000 -15.350000 -59.340000 0.000000 -364.000000 -1374.000000 5154.000000 -5846.000000 -1678.000000 -79.000000 
-107.620003 84.639999 -60.430000 -13.820000 -61.660000 0.000000 -684.000000 -1225.000000 4416.000000 -5287.000000 -1800.000000 115.000000 
-146.509995 82.610001 -98.970001 -11.910000 -63.820000 0.000000 -1007.000000 -1146.000000 4931.000000 -5417.000000 -1931.000000 -53.000000 
-158.309998 79.459999 -109.209999 -9.740000 -65.910004 0.000000 -563.000000 -799.000000 4563.000000 -5780.000000 -2400.000000 57.000000 
-163.880005 76.110001 -113.190002 -7.530000 -67.830002 0.000000 -536.000000 -699.000000 4404.000000 -5656.000000 -3390.000000 278.000000 
-167.500000 72.769997 -115.230003 -5.320000 -69.070000 0.000000 -409.000000 -514.000000 4302.000000 -4156.000000 -3232.000000 709.000000 
-170.660004 69.750000 -116.919998 -3.190000 -69.779999 0.000000 124.000000 -357.000000 3867.000000 -4684.000000 -2283.000000 97.000000 
-172.770004 67.040001 -117.709999 -1.590000 -70.019997 0.000000 -644.000000 -524.000000 4618.000000 -4338.000000 -2577.000000 468.000000 
-174.279999 64.930000 -118.040001 -0.180000 -70.510002 0.000000 -1023.000000 -419.000000 4066.000000 -5649.000000 -2201.000000 -225.000000 
-175.630005 63.380001 -118.440002 1.360000 -70.559998 0.000000 -419.000000 196.000000 4084.000000 -4920.000000 -2778.000000 483.000000 
-176.869995 62.110001 -119.019997 2.270000 -69.940002 0.000000 -1079.000000 -153.000000 4050.000000 -3827.000000 -3251.000000 1050.000000 
-177.820007 61.119999 -119.589996 2.820000 -69.169998 0.000000 -2640.000000 -336.000000 4256.000000 -4205.000000 -3057.000000 965.000000 
-178.470001 60.669998 -120.040001 3.450000 -67.910004 0.000000 -1200.000000 -195.000000 4402.000000 -3133.000000 -2562.000000 986.000000 
-179.199997 60.500000 -120.639999 4.100000 -66.400002 0.000000 -926.000000 -53.000000 3988.000000 -2288.000000 -1847.000000 719.000000 
179.880005 60.439999 -121.500000 4.790000 -65.209999 0.000000 -578.000000 -162.000000 3936.000000 -2330.000000 -1468.000000 553.000000 
178.979996 60.189999 -122.300003 5.360000 -64.440002 0.000000 -218.000000 -223.000000 3743.000000 -2299.000000 -1327.000000 530.000000 
178.240005 59.900002 -122.900002 5.710000 -64.220001 0.000000 286.000000 -217.000000 4246.000000 -2314.000000 -1824.000000 872.000000 
177.960007 59.619999 -123.010002 5.900000 -64.690002 0.000000 -957.000000 -2.000000 3820.000000 -2599.000000 -2010.000000 984.000000 
178.250000 59.220001 -122.449997 5.680000 -65.650002 0.000000 -2010.000000 -170.000000 2894.000000 -2910.000000 -1694.000000 550.000000 
178.729996 58.840000 -121.650002 5.260000 -67.099998 0.000000 -1088.000000 -447.000000 3339.000000 -3607.000000 -1600.000000 187.000000 
179.490005 58.750000 -120.589996 4.830000 -68.779999 0.000000 -727.000000 -842.000000 4012.000000 -3780.000000 -1804.000000 48.000000 
-179.669998 58.689999 -119.419998 4.390000 -70.040001 0.000000 -1066.000000 -890.000000 4197.000000 -3093.000000 -2202.000000 398.000000 
-178.800003 58.480000 -118.209999 3.640000 -71.339996 0.000000 -1248.000000 -911.000000 3823.000000 -2814.000000 -2193.000000 330.000000 
-177.880005 58.230000 -117.000000 2.880000 -72.699997 0.000000 -1623.000000 -589.000000 3291.000000 -2964.000000 -2346.000000 419.000000 
-176.820007 58.049999 -115.680000 1.890000 -73.949997 0.000000 -1226.000000 -767.000000 3258.000000 -2881.000000 -2415.000000 477.000000 
-175.660004 57.919998 -114.360001 0.840000 -75.150002 0.000000 -418.000000 -1043.000000 3800.000000 -2945.000000 -2456.000000 444.000000 
-174.490005 58.040001 -113.199997 -0.550000 -76.320000 0.000000 -1253.000000 -1023.000000 3296.000000 -3098.000000 -2243.000000 247.000000 
-173.440002 58.360001 -112.330002 -2.240000 -77.120003 0.000000 -2636.000000 -890.000000 2464.000000 -3220.000000 -2615.000000 462.000000 
-172.759995 58.840000 -111.949997 -3.890000 -77.529999 0.000000 -3129.000000 -905.000000 2409.000000 -3246.000000 -2522.000000 526.000000 
-172.550003 59.220001 -112.089996 -5.140000 -77.779999 0.000000 -1441.000000 -1261.000000 3615.000000 -3220.000000 -1856.000000 244.000000 
-172.350006 59.750000 -112.269997 -6.250000 -78.029999 0.000000 -1436.000000 -1054.000000 3107.000000 -2914.000000 -1375.000000 40.000000 
-171.809998 60.209999 -112.150002 -7.450000 -78.000000 0.000000 -1140.000000 -953.000000 2606.000000 -2100.000000 -1339.000000 164.000000 
-171.119995 60.529999 -111.839996 -8.710000 -77.980003 0.000000 -1056.000000 -924.000000 2438.000000 -1905.000000 -1521.000000 337.000000 
-170.529999 60.740002 -111.650002 -10.040000 -78.459999 0.000000 -1332.000000 -1030.000000 2464.000000 -2417.000000 -1482.000000 233.000000 
-170.220001 60.840000 -111.730003 -11.430000 -79.430000 0.000000 -1074.000000 -1417.000000 2596.000000 -2995.000000 -1404.000000 21.000000 
-169.820007 60.810001 -111.690002 -12.600000 -80.470001 0.000000 -1039.000000 -1631.000000 2906.000000 -2859.000000 -1303.000000 -119.000000 
-169.160004 60.689999 -111.330002 -13.460000 -81.440002 0.000000 -1137.000000 -1587.000000 3009.000000 -2496.000000 -1341.000000 -97.000000 
-168.419998 60.450001 -110.870003 -14.200000 -82.620003 0.000000 -1063.000000 -1589.000000 2985.000000 -2451.000000 -1435.000000 -58.000000 
-167.770004 60.090000 -110.510002 -14.850000 -84.279999 0.000000 -1281.000000 -1606.000000 3000.000000 -2854.000000 -1485.000000 -187.000000 
-167.080002 59.669998 -110.080002 -15.470000 -86.300003 0.000000 -1584.000000 -1629.000000 2893.000000 -3411.000000 -1399.000000 -355.000000 
-166.399994 59.310001 -109.650002 -16.000000 -88.209999 0.000000 -1640.000000 -1647.000000 2909.000000 -3506.000000 -1437.000000 -366.000000 
-165.720001 59.040001 -109.220001 -16.420000 -89.790001 0.000000 -1479.000000 -1643.000000 3027.000000 -3366.000000 -1586.000000 -294.000000 
-164.979996 58.900002 -108.730003 -16.790001 -91.010002 0.000000 -1377.000000 -1599.000000 3044.000000 -3209.000000 -1760.000000 -193.000000 
-164.229996 58.840000 -108.279999 -17.110001 -91.839996 0.000000 -1395.000000 -1517.000000 2982.000000 -3063.000000 -1916.000000 -76.000000 
-163.600006 58.799999 -107.970001 -17.420000 -92.519997 0.000000 -1348.000000 -1611.000000 3043.000000 -3352.000000 -1988.000000 -64.000000 
-162.960007 58.810001 -107.720001 -17.520000 -93.180000 0.000000 -1435.000000 -1591.000000 3212.000000 -3546.000000 -1762.000000 -267.000000 
-162.369995 58.980000 -107.559998 -17.600000 -93.510002 0.000000 -1472.000000 -1574.000000 3243.000000 -3474.000000 -1661.000000 -287.000000 
-161.970001 59.230000 -107.599998 -17.680000 -93.480003 0.000000 -1389.000000 -1536.000000 3248.000000 -3261.000000 -1641.000000 -183.000000 
-161.690002 59.529999 -107.769997 -17.790001 -93.419998 0.000000 -1380.000000 -1460.000000 3224.000000 -3144.000000 -1470.000000 -226.000000 
-161.410004 59.860001 -107.930000 -17.950001 -93.699997 0.000000 -1450.000000 -1551.000000 3127.000000 -3279.000000 -1141.000000 -433.000000 
-161.199997 60.150002 -108.180000 -18.170000 -94.150002 0.000000 -1555.000000 -1610.000000 3051.000000 -3399.000000 -995.000000 -508.000000 
-160.990005 60.419998 -108.379997 -18.290001 -94.519997 0.000000 -1642.000000 -1558.000000 3041.000000 -3249.000000 -1160.000000 -416.000000 
-160.710007 60.580002 -108.470001 -18.340000 -94.930000 0.000000 -1555.000000 -1567.000000 3292.000000 -3287.000000 -1176.000000 -442.000000 
-160.449997 60.650002 -108.550003 -18.400000 -95.430000 0.000000 -1503.000000 -1565.000000 3375.000000 -3422.000000 -1204.000000 -444.000000 
-160.279999 60.680000 -108.730003 -18.549999 -95.889999 0.000000 -1582.000000 -1506.000000 3257.000000 -3327.000000 -1162.000000 -403.000000 
-160.229996 60.619999 -108.980003 -18.730000 -96.300003 0.000000 -1686.000000 -1532.000000 3303.000000 -3360.000000 -1298.000000 -335.000000 
-160.259995 60.450001 -109.300003 -18.910000 -97.019997 0.000000 -1713.000000 -1602.000000 3315.000000 -3662.000000 -1305.000000 -442.000000 
-160.309998 60.259998 -109.620003 -18.969999 -97.989998 0.000000 -1886.000000 -1546.000000 3236.000000 -3716.000000 -1075.000000 -628.000000 
-160.330002 60.119999 -109.930000 -18.809999 -98.870003 0.000000 -1951.000000 -1459.000000 3129.000000 -4137.000000 -1160.000000 -681.000000 
-160.259995 60.049999 -110.160004 -18.639999 -99.330002 0.000000 -1938.000000 -1441.000000 3305.000000 -3682.000000 -925.000000 -730.000000 
-160.130005 60.060001 -110.330002 -18.840000 -99.190002 0.000000 -1928.000000 -1466.000000 3158.000000 -3722.000000 -1279.000000 -518.000000 
-160.009995 60.099998 -110.510002 -18.920000 -98.800003 0.000000 -1695.000000 -1669.000000 3610.000000 -3675.000000 -1313.000000 -507.000000 
-159.860001 60.099998 -110.650002 -18.990000 -98.599998 0.000000 -1536.000000 -1636.000000 3529.000000 -3544.000000 -956.000000 -619.000000 
-159.649994 60.130001 -110.750000 -18.940001 -98.089996 0.000000 -1855.000000 -1558.000000 3492.000000 -4107.000000 -1266.000000 -438.000000 
-159.600006 60.209999 -111.029999 -18.850000 -97.570000 0.000000 -1624.000000 -1510.000000 3592.000000 -3725.000000 -1169.000000 -507.000000 
-159.580002 60.290001 -111.300003 -19.040001 -96.379997 0.000000 -1937.000000 -1626.000000 3613.000000 -3977.000000 -1274.000000 -290.000000 
-159.500000 60.320000 -111.480003 -19.400000 -95.040001 0.000000 -1193.000000 -1463.000000 2773.000000 -3388.000000 -1429.000000 -169.000000 
-159.410004 60.330002 -111.639999 -19.340000 -94.300003 0.000000 -1777.000000 -1605.000000 3648.000000 -3797.000000 -1121.000000 -294.000000 
-159.419998 60.369999 -111.870003 -19.219999 -93.879997 0.000000 -1912.000000 -1644.000000 3663.000000 -3910.000000 -1226.000000 -273.000000 
-159.449997 60.419998 -112.110001 -18.980000 -93.790001 0.000000 -1868.000000 -1644.000000 3744.000000 -3967.000000 -1213.000000 -339.000000 
-159.460007 60.450001 -112.290001 -18.629999 -93.769997 0.000000 -1717.000000 -1614.000000 3812.000000 -3824.000000 -1332.000000 -281.000000 
-159.389999 60.459999 -112.360001 -18.480000 -94.040001 0.000000 -1619.000000 -1666.000000 3748.000000 -3857.000000 -1376.000000 -318.000000 
-159.279999 60.430000 -112.400002 -18.150000 -94.449997 0.000000 -1616.000000 -1615.000000 3794.000000 -3870.000000 -1267.000000 -339.000000 
-159.279999 60.389999 -112.529999 -17.790001 -95.029999 0.000000 -1749.000000 -1593.000000 3869.000000 -3989.000000 -1198.000000 -395.000000 
-159.380005 60.369999 -112.730003 -17.350000 -95.879997 0.000000 -1777.000000 -1568.000000 3956.000000 -4047.000000 -1070.000000 -482.000000 
-159.559998 60.349998 -113.000000 -17.000000 -96.839996 0.000000 -1813.000000 -1528.000000 3945.000000 -3925.000000 -1029.000000 -474.000000 
-159.770004 60.320000 -113.239998 -16.879999 -97.809998 0.000000 -1781.000000 -1522.000000 3858.000000 -3897.000000 -1148.000000 -392.000000 
-160.009995 60.209999 -113.470001 -16.840000 -98.930000 0.000000 -1646.000000 -1534.000000 3804.000000 -3748.000000 -1136.000000 -424.000000 
-160.169998 60.029999 -113.599998 -16.830000 -99.860001 0.000000 -1715.000000 -1497.000000 3652.000000 -3685.000000 -1282.000000 -305.000000 
-160.270004 59.830002 -113.669998 -16.879999 -100.750000 0.000000 -1731.000000 -1493.000000 3546.000000 -3761.000000 -1441.000000 -268.000000 
-160.300003 59.639999 -113.720001 -16.600000 -101.849998 0.000000 -1773.000000 -1483.000000 3567.000000 -4022.000000 -1512.000000 -356.000000 
-160.320007 59.500000 -113.760002 -16.200001 -102.680000 0.000000 -1784.000000 -1446.000000 3605.000000 -3992.000000 -1481.000000 -374.000000 
-160.399994 59.410000 -113.910004 -15.560000 -103.309998 0.000000 -1764.000000 -1391.000000 3668.000000 -4049.000000 -1265.000000 -446.000000 
-160.610001 59.419998 -114.169998 -15.030000 -103.410004 0.000000 -1771.000000 -1376.000000 3706.000000 -4078.000000 -1142.000000 -300.000000 
-160.839996 59.419998 -114.449997 -14.180000 -104.040001 0.000000 -1818.000000 -1293.000000 4446.000000 -3936.000000 -851.000000 -680.000000 
-161.149994 59.450001 -114.779999 -13.660000 -104.680000 0.000000 -1778.000000 -1255.000000 3851.000000 -3894.000000 -900.000000 -617.000000 
-161.479996 59.470001 -115.110001 -13.320000 -105.489998 0.000000 -1796.000000 -1247.000000 3889.000000 -3762.000000 -827.000000 -736.000000 
-161.839996 59.459999 -115.449997 -13.300000 -106.489998 0.000000 -1745.000000 -1320.000000 3886.000000 -3946.000000 -834.000000 -706.000000 
-162.199997 59.389999 -115.730003 -13.160000 -107.680000 0.000000 -1512.000000 -1180.000000 3843.000000 -3956.000000 -815.000000 -770.000000 
-162.559998 59.290001 -115.959999 -13.810000 -108.669998 0.000000 -1590.000000 -1545.000000 3754.000000 -3824.000000 -1064.000000 -685.000000 
-162.800003 59.139999 -116.050003 -14.440000 -109.589996 0.000000 -1454.000000 -1526.000000 3584.000000 -3738.000000 -1060.000000 -708.000000 
-162.880005 58.950001 -115.970001 -14.770000 -110.470001 0.000000 -1631.000000 -1446.000000 3629.000000 -3779.000000 -1036.000000 -736.000000 
-162.979996 58.759998 -115.910004 -14.840000 -111.199997 0.000000 -1818.000000 -1374.000000 3573.000000 -3703.000000 -1105.000000 -703.000000 
-163.100006 58.570000 -115.870003 -14.930000 -111.900002 0.000000 -1835.000000 -1399.000000 3599.000000 -3898.000000 -1118.000000 -742.000000 
-163.190002 58.349998 -115.790001 -14.830000 -112.639999 0.000000 -1900.000000 -1368.000000 3656.000000 -3977.000000 -1055.000000 -756.000000 
-163.339996 58.150002 -115.779999 -14.720000 -113.459999 0.000000 -2070.000000 -1391.000000 3706.000000 -4049.000000 -911.000000 -813.000000 
-163.559998 57.959999 -115.830002 -14.370000 -114.370003 0.000000 -2230.000000 -1270.000000 3673.000000 -4159.000000 -770.000000 -895.000000 
-163.850006 57.799999 -115.919998 -14.070000 -115.230003 0.000000 -2480.000000 -1215.000000 3670.000000 -4283.000000 -674.000000 -949.000000 
-164.199997 57.680000 -116.050003 -13.840000 -115.980003 0.000000 -2512.000000 -1214.000000 3587.000000 -4052.000000 -595.000000 -928.000000 
-164.559998 57.580002 -116.169998 -13.700000 -116.669998 0.000000 -2406.000000 -1270.000000 3503.000000 -4000.000000 -566.000000 -916.000000 
-164.940002 57.500000 -116.239998 -13.520000 -117.309998 0.000000 -2462.000000 -1209.000000 3332.000000 -3922.000000 -458.000000 -897.000000 
-165.350006 57.459999 -116.300003 -13.410000 -117.760002 0.000000 -2369.000000 -1233.000000 3288.000000 -3667.000000 -483.000000 -889.000000 
-165.729996 57.419998 -116.309998 -13.260000 -118.070000 0.000000 -2154.000000 -1207.000000 3325.000000 -3659.000000 -586.000000 -795.000000 
-166.080002 57.400002 -116.250000 -13.170000 -118.849998 0.000000 -1971.000000 -1273.000000 3538.000000 -3853.000000 -349.000000 -896.000000 
-166.350006 57.369999 -116.120003 -12.970000 -119.309998 0.000000 -2138.000000 -1332.000000 3739.000000 -3976.000000 -623.000000 -786.000000 
-166.600006 57.360001 -115.949997 -12.780000 -120.430000 0.000000 -2252.000000 -1298.000000 3657.000000 -4102.000000 -510.000000 -937.000000 
-166.880005 57.419998 -115.800003 -12.180000 -119.870003 0.000000 -2453.000000 -1091.000000 3580.000000 -4218.000000 -1118.000000 -477.000000 
-167.240005 57.450001 -115.699997 -11.410000 -119.529999 0.000000 -2132.000000 -1031.000000 3442.000000 -4351.000000 -1117.000000 -536.000000 
-167.639999 57.410000 -115.599998 -10.470000 -119.389999 0.000000 -1959.000000 -918.000000 3560.000000 -3876.000000 -622.000000 -706.000000 
-168.029999 57.400002 -115.470001 -9.310000 -118.970001 0.000000 -2191.000000 -695.000000 3477.000000 -3706.000000 -399.000000 -731.000000 
-168.470001 57.509998 -115.419998 -8.310000 -118.059998 0.000000 -2468.000000 -617.000000 3417.000000 -4051.000000 -324.000000 -757.000000 
-169.000000 57.709999 -115.459999 -7.500000 -112.050003 0.000000 -3457.000000 -620.000000 3087.000000 -3665.000000 -2376.000000 680.000000 
-169.690002 57.730000 -115.629997 -6.240000 -108.690002 0.000000 -13183.000000 66.000000 -601.000000 -3427.000000 152.000000 -813.000000 
-170.410004 57.950001 -115.620003 -5.060000 -104.650002 0.000000 154.000000 -1292.000000 2752.000000 -4201.000000 279.000000 -731.000000 
-171.529999 58.759998 -115.779999 -3.440000 -100.120003 0.000000 5123.000000 -764.000000 6024.000000 -5092.000000 -145.000000 -834.000000 
-172.410004 59.529999 -115.980003 -2.400000 -94.739998 0.000000 578.000000 -696.000000 6636.000000 -4022.000000 -156.000000 -919.000000 
-173.410004 60.110001 -116.169998 -1.490000 -88.150002 0.000000 -2391.000000 -40.000000 3454.000000 -3374.000000 -515.000000 -71.000000 
-174.250000 60.459999 -116.010002 -0.660000 -81.309998 0.000000 -2867.000000 376.000000 1730.000000 -3901.000000 -738.000000 243.000000 
-175.179993 60.509998 -115.900002 0.440000 -77.389999 0.000000 -1317.000000 572.000000 1585.000000 -4211.000000 2699.000000 -2379.000000 
-176.949997 61.380001 -116.470001 1.000000 -72.389999 0.000000 -1663.000000 316.000000 2263.000000 -3738.000000 1633.000000 -1602.000000 
-178.919998 62.060001 -116.910004 1.020000 -68.750000 0.000000 -2670.000000 354.000000 2989.000000 -3799.000000 898.000000 -1249.000000 
179.679993 62.970001 -116.510002 0.640000 -65.730003 0.000000 -2195.000000 59.000000 3328.000000 -3466.000000 -466.000000 -168.000000 
179.039993 63.700001 -115.320000 0.370000 -62.660000 0.000000 -1539.000000 141.000000 2859.000000 -2917.000000 -1368.000000 751.000000 
178.389999 64.339996 -114.250000 -0.780000 -60.310001 0.000000 -1318.000000 -188.000000 3053.000000 -2298.000000 -2150.000000 1586.000000 
178.020004 65.209999 -112.889999 -1.540000 -58.160000 0.000000 -1367.000000 193.000000 4413.000000 -1998.000000 -2139.000000 1792.000000 
177.669998 66.080002 -111.669998 -2.110000 -57.320000 0.000000 -366.000000 116.000000 3066.000000 -3219.000000 -728.000000 444.000000 
177.220001 66.790001 -110.589996 -2.740000 -56.639999 0.000000 -649.000000 -70.000000 4047.000000 -2636.000000 -810.000000 507.000000 
177.529999 67.339996 -108.730003 -3.230000 -56.540001 0.000000 -939.000000 -141.000000 3786.000000 -2809.000000 -1134.000000 697.000000 
178.389999 67.860001 -106.410004 -3.680000 -57.130001 0.000000 -840.000000 -166.000000 3679.000000 -3687.000000 -1140.000000 595.000000 
179.039993 68.510002 -104.360001 -4.110000 -57.459999 0.000000 -1160.000000 -162.000000 3420.000000 -3754.000000 -919.000000 347.000000 
179.500000 69.250000 -102.519997 -4.560000 -57.330002 0.000000 -1407.000000 -194.000000 3311.000000 -3461.000000 -875.000000 378.000000 
-179.910004 69.989998 -100.489998 -5.020000 -57.049999 0.000000 -1389.000000 -233.000000 3084.000000 -3209.000000 -1010.000000 518.000000 
-178.850006 70.970001 -98.080002 -5.500000 -56.790001 0.000000 -852.000000 -309.000000 3093.000000 -2787.000000 -972.000000 467.000000 
-177.190002 72.059998 -95.160004 -6.000000 -56.939999 0.000000 -942.000000 -358.000000 3068.000000 -2839.000000 -1091.000000 370.000000 
-175.119995 73.190002 -91.839996 -6.720000 -57.369999 0.000000 -714.000000 -531.000000 3034.000000 -3033.000000 -1316.000000 385.000000 
-172.669998 74.410004 -88.160004 -7.620000 -57.669998 0.000000 -711.000000 -662.000000 2979.000000 -2734.000000 -1399.000000 458.000000 
-169.729996 75.699997 -84.010002 -8.630000 -58.080002 0.000000 -704.000000 -822.000000 3209.000000 -2947.000000 -1458.000000 390.000000 
-166.279999 77.000000 -79.339996 -9.720000 -58.520000 0.000000 -651.000000 -915.000000 3384.000000 -3108.000000 -1667.000000 517.000000 
-161.869995 78.230003 -73.650002 -10.870000 -58.910000 0.000000 -565.000000 -987.000000 3338.000000 -3110.000000 -1773.000000 425.000000 
-156.020004 79.239998 -66.440002 -12.160000 -59.090000 0.000000 -444.000000 -1221.000000 3392.000000 -2542.000000 -1777.000000 409.000000 
-148.710007 79.940002 -57.689999 -13.440000 -59.369999 0.000000 -336.000000 -1408.000000 3437.000000 -2773.000000 -1976.000000 505.000000 
-140.330002 80.419998 -47.750000 -14.720000 -59.790001 0.000000 -167.000000 -1508.000000 3219.000000 -2276.000000 -1846.000000 365.000000 
-130.240005 80.830002 -36.090000 -15.890000 -60.299999 0.000000 -220.000000 -1616.000000 3313.000000 -2206.000000 -1724.000000 254.000000 
-119.129997 80.879997 -23.320000 -16.930000 -61.320000 0.000000 -264.000000 -1841.000000 3426.000000 -1864.000000 -1901.000000 189.000000 
-108.529999 80.500000 -11.200000 -18.049999 -62.080002 0.000000 -14.000000 -1903.000000 3205.000000 -1707.000000 -2558.000000 723.000000 
-99.019997 79.870003 -0.390000 -19.180000 -63.110001 0.000000 263.000000 -1992.000000 3133.000000 -2685.000000 -2921.000000 743.000000 
-90.739998 79.080002 9.030000 -20.219999 -64.040001 0.000000 582.000000 -2032.000000 3294.000000 -2716.000000 -3066.000000 708.000000 
-83.449997 78.139999 17.309999 -21.320000 -64.620003 0.000000 387.000000 -2143.000000 3299.000000 -1999.000000 -3240.000000 1059.000000 
-76.610001 77.110001 25.059999 -22.559999 -65.160004 0.000000 414.000000 -2373.000000 3115.000000 -1687.000000 -3276.000000 973.000000 
-70.510002 75.900002 31.969999 -23.770000 -65.760002 0.000000 507.000000 -2578.000000 3282.000000 -1913.000000 -3428.000000 857.000000 
-65.510002 74.500000 37.689999 -24.930000 -66.320000 0.000000 709.000000 -2871.000000 3687.000000 -2426.000000 -3771.000000 923.000000 
-61.439999 72.989998 42.470001 -26.040001 -66.730003 0.000000 921.000000 -3148.000000 4150.000000 -2135.000000 -4078.000000 1185.000000 
-58.060001 71.440002 46.540001 -26.950001 -66.970001 0.000000 1011.000000 -3173.000000 4379.000000 -2089.000000 -4398.000000 1442.000000 
-55.349998 69.879997 49.930000 -27.740000 -67.230003 0.000000 1011.000000 -3223.000000 4256.000000 -2508.000000 -4607.000000 1477.000000 
-52.959999 68.389999 52.970001 -28.330000 -67.489998 0.000000 984.000000 -3230.000000 4295.000000 -2682.000000 -4573.000000 1488.000000 
-50.939999 66.970001 55.689999 -28.799999 -67.779999 0.000000 921.000000 -3247.000000 4214.000000 -2443.000000 -4446.000000 1351.000000 
-49.259998 65.589996 58.029999 -29.320000 -68.190002 0.000000 912.000000 -3278.000000 4082.000000 -2104.000000 -4446.000000 1249.000000 
-47.889999 64.300003 60.060001 -29.860001 -68.629997 0.000000 944.000000 -3369.000000 4109.000000 -2167.000000 -4398.000000 1240.000000 
-46.939999 63.020000 61.619999 -30.389999 -69.019997 0.000000 1009.000000 -3338.000000 4123.000000 -2171.000000 -4644.000000 1344.000000 
-45.900002 61.830002 63.209999 -30.940001 -69.320000 0.000000 1143.000000 -3394.000000 4014.000000 -3008.000000 -5053.000000 1542.000000 
-44.700001 60.709999 64.919998 -31.410000 -69.489998 0.000000 1036.000000 -3430.000000 4230.000000 -2500.000000 -4812.000000 1431.000000 
-43.540001 59.669998 66.550003 -31.799999 -69.500000 0.000000 1326.000000 -3508.000000 4421.000000 -2232.000000 -4697.000000 1315.000000 
-42.500000 58.700001 67.980003 -32.020000 -69.379997 0.000000 1379.000000 -3385.000000 4429.000000 -2534.000000 -4924.000000 1577.000000 
-41.349998 57.799999 69.410004 -32.139999 -69.160004 0.000000 1509.000000 -3317.000000 4278.000000 -2865.000000 -5025.000000 1657.000000 
-40.119999 57.029999 70.900002 -32.150002 -68.690002 0.000000 1558.000000 -3198.000000 4193.000000 -2634.000000 -4950.000000 1710.000000 
-38.650002 56.470001 72.489998 -32.090000 -67.949997 0.000000 1516.000000 -3055.000000 4034.000000 -2286.000000 -4739.000000 1757.000000 
-37.060001 56.009998 74.150002 -31.959999 -67.279999 0.000000 1320.000000 -2970.000000 3994.000000 -1920.000000 -4204.000000 1470.000000 
-35.349998 55.560001 75.809998 -31.879999 -66.720001 0.000000 1246.000000 -2893.000000 3812.000000 -1671.000000 -3813.000000 1278.000000 
-33.419998 55.060001 77.650002 -31.820000 -66.099998 0.000000 1211.000000 -2814.000000 3781.000000 -1799.000000 -3780.000000 1451.000000 
-31.760000 54.660000 79.239998 -31.820000 -65.660004 0.000000 1184.000000 -2836.000000 3755.000000 -1749.000000 -3709.000000 1396.000000 
-30.400000 54.189999 80.540001 -31.770000 -65.309998 0.000000 1179.000000 -2823.000000 3914.000000 -1563.000000 -3563.000000 1334.000000 
-29.040001 53.720001 81.830002 -31.590000 -64.940002 0.000000 1401.000000 -2612.000000 3672.000000 -1341.000000 -3700.000000 1476.000000 
-27.510000 53.480000 83.190002 -31.389999 -64.519997 0.000000 1535.000000 -2482.000000 3358.000000 -1510.000000 -3636.000000 1612.000000 
-25.959999 53.209999 84.550003 -31.059999 -64.010002 0.000000 1576.000000 -2369.000000 3377.000000 -1423.000000 -3317.000000 1604.000000 
-24.530001 52.709999 85.709999 -30.650000 -63.689999 0.000000 1702.000000 -2309.000000 3424.000000 -1464.000000 -3926.000000 1818.000000 
-23.049999 52.240002 86.830002 -30.129999 -63.130001 0.000000 1586.000000 -2192.000000 3566.000000 -1536.000000 -3885.000000 1957.000000 
-21.879999 52.060001 87.680000 -29.750000 -62.849998 0.000000 1674.000000 -2268.000000 3622.000000 -1801.000000 -3509.000000 1739.000000 
-21.010000 51.959999 88.230003 -29.370001 -62.860001 0.000000 1492.000000 -2286.000000 3845.000000 -2511.000000 -3329.000000 1419.000000 
-20.270000 51.900002 88.709999 -29.040001 -62.540001 0.000000 1336.000000 -2244.000000 3871.000000 -1863.000000 -3406.000000 1530.000000 
-19.549999 51.860001 89.099998 -28.850000 -62.209999 0.000000 1488.000000 -2305.000000 3821.000000 -1628.000000 -3485.000000 1470.000000 
-19.049999 52.049999 89.320000 -28.660000 -62.150002 0.000000 1504.000000 -2321.000000 3925.000000 -1200.000000 -3363.000000 1392.000000 
-18.750000 52.400002 89.389999 -28.590000 -62.090000 0.000000 1276.000000 -2287.000000 3539.000000 -875.000000 -3151.000000 1426.000000 
-18.629999 52.730000 89.360001 -28.490000 -62.200001 0.000000 1256.000000 -2261.000000 3394.000000 -1670.000000 -3336.000000 1448.000000 
-18.559999 52.970001 89.269997 -28.309999 -62.470001 0.000000 1266.000000 -2181.000000 3344.000000 -2219.000000 -3470.000000 1414.000000 
-18.490000 53.139999 89.180000 -28.059999 -62.740002 0.000000 1295.000000 -2219.000000 3435.000000 -2485.000000 -3807.000000 1632.000000 
-18.340000 53.270000 89.190002 -28.000000 -63.040001 0.000000 1196.000000 -2128.000000 2739.000000 -2483.000000 -3929.000000 1626.000000 
-18.049999 53.419998 89.389999 -27.719999 -63.450001 0.000000 1260.000000 -2093.000000 3049.000000 -2657.000000 -3645.000000 1360.000000 
-17.670000 53.490002 89.769997 -27.230000 -63.360001 0.000000 1161.000000 -1871.000000 3134.000000 -1865.000000 -3646.000000 1667.000000 
-17.150000 53.400002 90.290001 -27.090000 -63.259998 0.000000 1259.000000 -1972.000000 2852.000000 -2456.000000 -3563.000000 1414.000000 
-16.469999 53.220001 90.949997 -26.969999 -62.970001 0.000000 1144.000000 -2026.000000 3184.000000 -2593.000000 -3375.000000 1282.000000 
-15.760000 52.880001 91.660004 -27.290001 -61.900002 0.000000 279.000000 -2049.000000 2010.000000 -1112.000000 -4779.000000 1932.000000 
-14.950000 52.689999 92.430000 -26.840000 -61.119999 0.000000 1422.000000 -2134.000000 4363.000000 -1804.000000 -3467.000000 1274.000000 
-14.250000 52.599998 93.239998 -26.610001 -59.680000 0.000000 1515.000000 -2031.000000 3424.000000 -1455.000000 -3653.000000 2127.000000 
-13.430000 52.349998 94.120003 -26.389999 -58.230000 0.000000 1643.000000 -2021.000000 3368.000000 -1375.000000 -3674.000000 2187.000000 
-12.410000 51.779999 95.089996 -26.059999 -57.000000 0.000000 1794.000000 -2037.000000 3626.000000 -1631.000000 -3765.000000 2215.000000 
-11.200000 51.259998 96.199997 -25.700001 -56.060001 0.000000 2145.000000 -1903.000000 3504.000000 -1410.000000 -3477.000000 2090.000000 
-10.130000 50.849998 97.169998 -25.510000 -55.080002 0.000000 2013.000000 -1967.000000 3389.000000 -725.000000 -3273.000000 2129.000000 
-9.330000 50.509998 97.879997 -25.430000 -54.119999 0.000000 1932.000000 -1931.000000 3084.000000 -437.000000 -2540.000000 1662.000000 
-8.520000 50.169998 98.510002 -25.389999 -53.740002 0.000000 2128.000000 -1848.000000 2913.000000 -1204.000000 -2338.000000 1332.000000 
-7.630000 49.660000 99.089996 -25.370001 -53.799999 0.000000 2095.000000 -1756.000000 2847.000000 -1553.000000 -2281.000000 1119.000000 
-6.930000 49.230000 99.489998 -25.150000 -53.750000 0.000000 1632.000000 -1801.000000 3783.000000 -261.000000 -3581.000000 2484.000000 
-6.650000 48.560001 99.519997 -25.459999 -54.009998 0.000000 2307.000000 -1961.000000 2723.000000 -2871.000000 -3044.000000 1419.000000 
-6.450000 48.270000 99.510002 -24.790001 -53.400002 0.000000 3200.000000 -1966.000000 6984.000000 -1712.000000 -5929.000000 5150.000000 
-6.120000 47.720001 99.510002 -25.180000 -53.740002 0.000000 2941.000000 -2368.000000 2466.000000 -1390.000000 -2150.000000 -249.000000 
-5.470000 47.740002 99.800003 -25.070000 -54.480000 0.000000 2460.000000 -1954.000000 3510.000000 -1555.000000 -3376.000000 1958.000000 
-4.840000 48.009998 100.050003 -25.170000 -54.549999 0.000000 1754.000000 -1930.000000 2971.000000 361.000000 -4001.000000 3592.000000 
-4.340000 48.160000 100.150002 -24.950001 -54.259998 0.000000 748.000000 -1823.000000 3728.000000 -1774.000000 -4951.000000 4520.000000 
-3.850000 48.230000 100.230003 -24.870001 -54.580002 0.000000 1253.000000 -2413.000000 4409.000000 -2723.000000 -3001.000000 1645.000000 
-3.450000 48.290001 100.349998 -24.639999 -54.869999 0.000000 1978.000000 -1948.000000 3170.000000 -2412.000000 -2925.000000 944.000000 
-3.360000 48.540001 100.370003 -24.330000 -54.459999 0.000000 2228.000000 -1874.000000 2964.000000 -1535.000000 -4183.000000 2739.000000 
-3.430000 48.700001 100.320000 -24.070000 -54.389999 0.000000 2285.000000 -1753.000000 2877.000000 -1087.000000 -3581.000000 2108.000000 
-3.330000 48.689999 100.360001 -23.770000 -54.450001 0.000000 2562.000000 -1729.000000 3218.000000 -1068.000000 -3581.000000 2067.000000 
-3.180000 48.580002 100.379997 -23.590000 -54.540001 0.000000 2462.000000 -1811.000000 3361.000000 -1300.000000 -3322.000000 1900.000000 
-2.980000 48.369999 100.330002 -23.500000 -54.660000 0.000000 2481.000000 -1784.000000 3212.000000 -1099.000000 -3337.000000 1878.000000 
-2.860000 48.250000 100.199997 -23.459999 -54.570000 0.000000 2369.000000 -1849.000000 3393.000000 -1401.000000 -3617.000000 2225.000000 
-2.800000 48.099998 99.959999 -23.459999 -54.650002 0.000000 2077.000000 -1950.000000 3570.000000 -2015.000000 -3469.000000 1953.000000 
-2.480000 47.939999 99.919998 -23.469999 -54.689999 0.000000 1849.000000 -1887.000000 3317.000000 -2199.000000 -3457.000000 1905.000000 
-2.260000 47.790001 99.800003 -23.360001 -54.599998 0.000000 1957.000000 -1907.000000 3417.000000 -2030.000000 -3583.000000 2072.000000 
-2.620000 47.700001 99.360001 -23.260000 -54.500000 0.000000 2329.000000 -1889.000000 3217.000000 -1313.000000 -3513.000000 2088.000000 
-3.130000 47.639999 98.830002 -23.320000 -54.330002 0.000000 2123.000000 -1671.000000 2405.000000 -832.000000 -3484.000000 2104.000000 
-3.390000 47.889999 98.529999 -23.680000 -53.950001 0.000000 1896.000000 -2173.000000 3197.000000 -648.000000 -3188.000000 2096.000000 
-3.830000 47.840000 98.120003 -23.570000 -53.939999 0.000000 2209.000000 -2227.000000 4933.000000 -944.000000 -3240.000000 1856.000000 
-4.700000 47.230000 97.300003 -23.360001 -53.869999 0.000000 2445.000000 -2223.000000 4995.000000 -1433.000000 -4029.000000 2217.000000 
-5.580000 46.830002 96.419998 -23.240000 -53.709999 0.000000 2573.000000 -2226.000000 4178.000000 -2001.000000 -4504.000000 2736.000000 
-6.210000 46.930000 95.779999 -23.129999 -53.110001 0.000000 2388.000000 -2283.000000 4052.000000 -1861.000000 -4671.000000 3277.000000 
-6.690000 47.250000 95.279999 -23.120001 -52.660000 0.000000 2123.000000 -2382.000000 4067.000000 -1568.000000 -4295.000000 2783.000000 
-7.130000 47.590000 94.879997 -23.170000 -52.360001 0.000000 1964.000000 -2510.000000 3969.000000 -1805.000000 -3978.000000 2212.000000 
-7.610000 48.000000 94.489998 -23.250000 -52.209999 0.000000 1811.000000 -2565.000000 3888.000000 -1637.000000 -3754.000000 1949.000000 
-8.240000 48.369999 94.059998 -23.370001 -52.180000 0.000000 1738.000000 -2622.000000 3827.000000 -1763.000000 -3817.000000 1871.000000 
-9.140000 48.820000 93.529999 -23.559999 -52.290001 0.000000 1764.000000 -2740.000000 3766.000000 -1744.000000 -4023.000000 1954.000000 
-10.230000 48.980000 92.839996 -23.830000 -52.509998 0.000000 1708.000000 -2815.000000 3691.000000 -1598.000000 -4165.000000 2004.000000 
-11.460000 49.000000 92.080002 -24.160000 -52.849998 0.000000 1713.000000 -2945.000000 3636.000000 -1278.000000 -4144.000000 1722.000000 
-12.700000 49.009998 91.360001 -24.549999 -53.389999 0.000000 1763.000000 -3062.000000 3604.000000 -1051.000000 -3939.000000 1173.000000 
-13.920000 48.930000 90.639999 -24.950001 -54.189999 0.000000 1777.000000 -3015.000000 3574.000000 -1030.000000 -3821.000000 1019.000000 
-15.040000 48.860001 90.070000 -25.290001 -55.209999 0.000000 1819.000000 -2872.000000 3465.000000 -905.000000 -4120.000000 1598.000000 
-16.030001 48.770000 89.570000 -25.600000 -56.200001 0.000000 1767.000000 -2823.000000 3299.000000 -890.000000 -4542.000000 2274.000000 
-16.870001 48.689999 89.150002 -25.860001 -56.970001 0.000000 1674.000000 -2761.000000 3152.000000 -1019.000000 -4721.000000 2568.000000 
-17.580000 48.630001 88.800003 -26.100000 -57.439999 0.000000 1598.000000 -2798.000000 3135.000000 -1209.000000 -4752.000000 2600.000000 
-18.270000 48.639999 88.470001 -26.309999 -57.750000 0.000000 1539.000000 -2841.000000 3200.000000 -1165.000000 -4610.000000 2256.000000 
-18.940001 48.650002 88.160004 -26.459999 -57.919998 0.000000 1478.000000 -2880.000000 3244.000000 -1027.000000 -4245.000000 1737.000000 
-19.530001 48.700001 87.849998 -26.590000 -58.049999 0.000000 1477.000000 -2860.000000 3170.000000 -828.000000 -3912.000000 1201.000000 
-20.059999 48.750000 87.529999 -26.700001 -58.240002 0.000000 1444.000000 -2818.000000 3010.000000 -616.000000 -3668.000000 894.000000 
-20.490000 48.790001 87.320000 -26.790001 -58.529999 0.000000 1464.000000 -2678.000000 2734.000000 -580.000000 -3541.000000 889.000000 
-20.690001 48.730000 87.269997 -26.889999 -58.980000 0.000000 1466.000000 -2579.000000 2503.000000 -546.000000 -3472.000000 917.000000 
-20.690001 48.560001 87.410004 -27.010000 -59.560001 0.000000 1435.000000 -2509.000000 2374.000000 -573.000000 -3396.000000 927.000000 
-20.590000 48.340000 87.599998 -27.139999 -60.250000 0.000000 1419.000000 -2385.000000 2343.000000 -638.000000 -3378.000000 1023.000000 
-20.459999 48.099998 87.790001 -27.320000 -60.910000 0.000000 1288.000000 -2335.000000 2441.000000 -729.000000 -3434.000000 1233.000000 
-20.320000 47.820000 87.949997 -27.500000 -61.380001 0.000000 1170.000000 -2334.000000 2634.000000 -872.000000 -3675.000000 1539.000000 
-20.250000 47.630001 88.080002 -27.629999 -61.340000 0.000000 1190.000000 -2271.000000 2669.000000 -921.000000 -4028.000000 2077.000000 
-20.219999 47.500000 88.129997 -27.680000 -60.930000 0.000000 1254.000000 -2189.000000 2666.000000 -891.000000 -4117.000000 2164.000000 
-19.900000 47.419998 88.279999 -27.610001 -60.270000 0.000000 1400.000000 -2081.000000 2754.000000 -632.000000 -3199.000000 1428.000000 
-19.120001 47.349998 88.610001 -27.330000 -59.669998 0.000000 1606.000000 -1833.000000 2781.000000 -327.000000 -2779.000000 1174.000000 
-18.090000 47.209999 88.970001 -26.940001 -59.150002 0.000000 1679.000000 -1699.000000 2697.000000 -202.000000 -2561.000000 1148.000000 
-16.969999 47.169998 89.440002 -26.520000 -58.639999 0.000000 1647.000000 -1561.000000 2532.000000 -298.000000 -2462.000000 1225.000000 
-15.760000 47.200001 89.889999 -26.120001 -58.220001 0.000000 1670.000000 -1473.000000 2384.000000 -402.000000 -2455.000000 1350.000000 
-14.650000 47.310001 90.180000 -25.750000 -57.930000 0.000000 1610.000000 -1422.000000 2350.000000 -484.000000 -2385.000000 1305.000000 
-13.700000 47.509998 90.379997 -25.469999 -57.709999 0.000000 1424.000000 -1410.000000 2279.000000 -695.000000 -2249.000000 1287.000000 
-12.700000 47.730000 90.559998 -25.209999 -57.490002 0.000000 1212.000000 -1336.000000 2290.000000 -988.000000 -2131.000000 1344.000000 
-11.470000 47.910000 90.830002 -24.780001 -57.220001 0.000000 1169.000000 -1131.000000 2406.000000 -1183.000000 -2113.000000 1540.000000 
-10.050000 47.990002 91.190002 -24.240000 -56.770000 0.000000 1335.000000 -994.000000 2622.000000 -1275.000000 -2204.000000 1930.000000 
-8.650000 48.040001 91.489998 -23.670000 -56.180000 0.000000 1421.000000 -907.000000 2855.000000 -1242.000000 -2452.000000 2337.000000 
-7.360000 48.099998 91.680000 -23.030001 -55.570000 0.000000 1676.000000 -771.000000 3093.000000 -1287.000000 -2633.000000 2436.000000 
-6.180000 48.169998 91.750000 -22.420000 -55.070000 0.000000 1642.000000 -816.000000 3200.000000 -1581.000000 -2644.000000 2326.000000 
-5.110000 48.279999 91.730003 -21.809999 -54.669998 0.000000 1607.000000 -849.000000 3357.000000 -1773.000000 -2589.000000 2156.000000 
-4.070000 48.349998 91.639999 -21.209999 -54.320000 0.000000 1580.000000 -869.000000 3496.000000 -1894.000000 -2492.000000 2070.000000 
-3.060000 48.410000 91.489998 -20.600000 -53.919998 0.000000 1614.000000 -789.000000 3734.000000 -1935.000000 -2374.000000 2124.000000 
-1.970000 48.439999 91.349998 -19.990000 -53.560001 0.000000 1584.000000 -674.000000 3966.000000 -1906.000000 -2286.000000 2193.000000 
-0.900000 48.480000 91.150002 -19.410000 -53.299999 0.000000 1635.000000 -640.000000 4107.000000 -2158.000000 -2321.000000 2320.000000 
0.080000 48.590000 90.870003 -18.840000 -53.070000 0.000000 1568.000000 -553.000000 4081.000000 -2259.000000 -2295.000000 2394.000000 
0.940000 48.820000 90.489998 -18.270000 -52.869999 0.000000 1484.000000 -402.000000 4042.000000 -2365.000000 -2145.000000 2469.000000 
1.670000 49.130001 90.050003 -17.719999 -52.720001 0.000000 1345.000000 -251.000000 4081.000000 -2494.000000 -2052.000000 2490.000000 
2.280000 49.470001 89.519997 -17.280001 -52.700001 0.000000 1169.000000 -256.000000 4215.000000 -2716.000000 -2070.000000 2467.000000 
2.740000 49.820000 88.910004 -16.940001 -52.820000 0.000000 1104.000000 -315.000000 4374.000000 -3131.000000 -2263.000000 2464.000000 
3.110000 50.160000 88.279999 -16.639999 -52.970001 0.000000 1208.000000 -308.000000 4618.000000 -3443.000000 -2482.000000 2662.000000 
3.450000 50.480000 87.709999 -16.360001 -52.970001 0.000000 1352.000000 -278.000000 4760.000000 -3413.000000 -2685.000000 2899.000000 
3.840000 50.730000 87.250000 -16.070000 -52.700001 0.000000 1412.000000 -285.000000 4646.000000 -3260.000000 -2668.000000 2950.000000 
4.370000 50.930000 86.930000 -15.740000 -52.310001 0.000000 1512.000000 -230.000000 4503.000000 -3077.000000 -2433.000000 2752.000000 
