-2.235299 -14.563803 -42.341162
-2.359814 -14.590884 -42.260929
-2.435408 -14.632631 -42.195198
-2.443379 -14.647379 -42.185988
-2.44781 -14.655018 -42.202669
-2.396218 -14.676172 -42.207828
-2.374247 -14.688149 -42.241528
-2.351654 -14.688969 -42.240216
-2.307593 -14.677432 -42.310375
-2.21547 -14.681936 -42.297407
-2.156174 -14.662327 -42.29967
-2.120078 -14.65319 -42.328209
-2.115884 -14.619245 -42.349389
-2.155713 -14.60257 -42.361502
-2.263068 -14.603074 -42.378428
-2.360479 -14.607069 -42.390588
-2.447125 -14.623382 -42.343968
-2.485466 -14.66576 -42.296754
-2.459597 -14.720251 -42.26705
-2.396199 -14.714285 -42.339916
-2.359095 -14.584916 -42.490905
-2.608157 -14.390396 -42.694278
-3.177259 -14.001844 -43.005211
-3.731286 -13.549206 -43.365386
-4.410661 -12.994463 -43.618951
-5.282271 -12.368278 -43.755763
-6.174175 -11.701664 -43.626181
-7.123724 -11.007578 -43.215699
-8.069662 -10.399085 -42.525657
-8.901121 -9.995401 -41.488718
-9.474527 -9.664893 -40.310443
-9.543749 -9.72675 -38.716095
-8.805 -10.186091 -36.82485
-7.510735 -10.840889 -35.227559
-6.041786 -11.627012 -33.519468
-4.782094 -11.828135 -32.602711
-3.145771 -11.722267 -32.431673
-1.519029 -11.738633 -32.483873
-0.105634 -12.006049 -32.404019
1.084286 -12.604448 -31.739969
2.269389 -13.408242 -30.520966
3.438719 -14.059291 -29.472563
4.353157 -14.770117 -28.121138
4.843519 -15.613583 -26.321794
5.178128 -16.674556 -24.076222
5.698003 -17.735615 -21.70889
6.4243 -18.709319 -19.30355
7.464625 -19.43585 -17.080207
8.632182 -19.770798 -15.263884
9.79301 -19.914636 -13.601516
10.89054 -19.965611 -11.912833
12.063037 -19.815982 -10.387971
13.441194 -19.440517 -9.032091
15.057593 -18.929778 -7.698
16.906879 -18.323174 -6.287071
18.83979 -17.656187 -4.793707
20.711042 -16.882747 -3.550597
22.297191 -16.061067 -2.732231
23.359382 -15.229346 -2.61584
23.806045 -14.32159 -3.606317
23.644857 -13.254708 -5.98155
23.226897 -10.428786 -15.097315
23.084269 -8.745088 -19.284063
23.000472 -7.147676 -23.509893
22.828314 -5.510025 -28.867447
22.604849 -3.850269 -35.332551
22.203431 -2.01624 -44.173631
21.730595 -0.021737 -54.999641
21.30634 2.10687 -67.519346
20.810558 4.284279 -80.898031
20.619704 6.150828 -92.689595
20.61579 7.59853 -101.863555
20.730098 8.542487 -107.722211
20.338162 9.200532 -110.297961
19.864977 9.638965 -111.15754
19.578185 9.514787 -109.016343
19.253 9.315767 -106.786372
19.018878 9.351882 -106.609852
18.770482 9.653551 -108.52459
18.44802 9.985187 -110.859369
17.693732 10.429134 -113.094221
16.944497 11.342037 -117.950826
16.149262 12.159464 -121.452605
15.462529 12.738538 -123.144387
14.781401 12.983613 -122.796101
14.253804 13.014801 -121.848919
13.801064 13.246381 -122.035439
13.496088 13.43321 -122.594399
13.47024 13.560622 -124.195448
13.43668 13.923824 -128.082569
13.505986 14.322164 -133.043535
13.600686 14.627871 -137.755025
13.619526 15.062576 -142.952283
13.736923 15.62235 -149.048383
13.919652 16.178675 -155.065156
14.088339 16.655592 -160.509059
14.223447 17.123748 -165.274449
14.31937 17.476712 -169.148422
14.381526 17.657892 -172.474178
14.093293 17.859256 -175.077091
13.85926 18.471098 -179.361825
13.458309 19.204012 177.441019
13.443118 19.414897 174.829476
13.666565 19.481736 171.587669
13.8818 19.515121 167.522666
14.031251 19.628019 162.290989
14.478113 19.962598 154.935529
14.969378 20.357677 147.653716
15.476462 20.808508 141.072952
15.837827 21.201063 135.94418
16.042074 21.537307 132.424375
16.25215 21.941258 129.907208
16.373948 22.037243 128.409857
16.537899 21.924061 126.197593
16.885405 21.833246 122.693379
17.299974 21.597345 118.620802
17.744851 21.416108 114.24163
18.31178 21.084948 109.377851
18.862218 20.775402 104.754096
19.437615 20.513492 100.621971
20.038444 20.22181 96.945537
20.545313 19.923164 93.924454
21.282291 19.406293 89.698791
22.128574 18.774239 85.122803
23.057919 17.912955 79.995374
24.048202 16.843038 74.346802
25.035074 15.544577 68.376905
26.02986 13.998114 61.678485
26.925781 12.195033 54.562418
27.765488 10.312389 47.323686
28.558051 8.429308 40.269093
29.250092 6.571296 33.653337
29.771373 4.837348 28.041918
30.175082 3.237353 23.280688
30.482236 1.661343 18.830338
30.618238 0.09417 14.603242
30.670926 -1.492701 10.303044
30.620447 -3.034987 6.029143
30.512168 -4.537801 1.641804
30.404002 -5.928333 -2.489003
30.235851 -7.229207 -6.374473
29.948957 -8.466351 -10.015971
29.59266 -9.682596 -13.837117
29.236711 -10.807143 -17.441769
28.885054 -11.805213 -20.616839
28.565986 -12.674384 -23.266257
28.291038 -13.427327 -25.323137
27.990667 -14.074296 -26.844777
27.662848 -14.72312 -28.463161
27.250619 -15.34895 -30.307148
26.837984 -15.982929 -32.396375
26.42161 -16.573691 -34.316713
26.060135 -17.081453 -35.58104
25.746928 -17.561548 -36.540413
25.478812 -17.978249 -37.07274
25.218023 -18.368893 -37.530355
24.962828 -18.723569 -37.773666
24.612858 -19.080559 -38.207514
24.20392 -19.439945 -38.552323
23.840141 -19.793149 -38.434181
23.488683 -20.14751 -38.153021
23.16156 -20.578836 -38.003527
22.65815 -21.081383 -39.135609
22.247352 -21.460498 -40.099671
21.882908 -21.788691 -40.895517
21.544923 -22.003653 -40.94088
21.286735 -22.123252 -39.132834
21.014224 -22.2431 -36.753391
20.683149 -22.45566 -34.916664
20.264924 -22.739312 -34.192256
19.838228 -23.069811 -34.625801
19.472492 -23.348022 -35.079907
19.1629 -23.589212 -35.246159
18.867443 -23.796656 -35.357099
18.706593 -23.954481 -34.18959
18.603919 -24.113672 -32.877665
18.555441 -24.271298 -31.624631
18.558998 -24.389906 -30.357527
18.660666 -24.467397 -28.891503
18.841268 -24.452619 -27.204199
19.140742 -24.412618 -24.602691
19.366279 -24.30945 -21.580166
19.375086 -24.199111 -19.284297
19.147843 -24.058807 -17.541016
18.860756 -23.92798 -16.626824
18.646054 -23.785214 -15.899584
18.497572 -23.619244 -14.727833
18.639536 -23.503009 -13.102772
19.161621 -23.328128 -10.140418
20.03749 -23.064201 -6.121014
21.158051 -22.605555 -1.407693
22.500585 -21.809048 4.092314
23.954929 -20.61754 10.631307
25.3429 -19.091245 17.664384
26.493019 -17.313265 25.038847
27.332053 -15.250793 32.540636
27.930007 -13.111867 39.530292
28.411964 -11.11687 45.368401
28.902389 -8.967706 50.722242
29.421053 -6.463178 56.067676
29.887424 -3.867458 60.788602
30.03027 -1.259217 65.498833
29.728545 1.437636 71.235238
29.167609 4.114639 77.640123
28.535392 6.767789 84.299508
27.834241 9.207141 90.432153
27.181614 11.49862 96.306595
26.38854 13.582006 101.982556
25.223539 15.360557 108.013762
23.638986 17.035388 114.968268
21.753076 18.513418 122.162573
19.824842 19.954787 129.18633
18.187179 21.190056 134.776242
16.932528 22.039263 138.886601
15.922136 22.652709 142.205362
15.091275 23.092537 144.913457
14.213767 23.443634 147.849014
13.326825 23.748282 150.791942
12.484055 23.91715 153.464998
11.820973 23.994169 155.510227
11.267622 24.014372 157.134076
10.919038 23.952907 158.289562
10.52865 23.792542 159.584086
10.09072 23.699347 160.88998
9.660386 23.683111 162.138054
9.300922 23.693038 163.229364
9.006786 23.799929 164.032359
8.76471 23.744884 164.713672
8.573607 23.676158 165.277357
8.326589 23.563755 166.05647
8.074823 23.427738 166.96716
7.758515 23.335257 168.094199
7.298282 23.324632 169.566623
6.817913 23.396973 170.98599
6.405075 23.487589 172.143694
6.081128 23.626731 173.076346
5.902847 23.710344 173.623545
5.818992 23.685585 174.047752
5.877537 23.6398 174.32501
6.152057 23.504463 174.319064
6.526193 23.36991 174.098093
6.794437 23.182138 174.196659
6.790117 22.957591 174.935839
6.683964 22.728488 175.877248
6.503137 22.554238 176.860217
6.362764 22.479463 177.545441
6.550596 22.472027 177.488959
6.532722 22.520891 177.765801
6.711594 22.600996 177.466154
7.358783 22.368309 176.583569
7.61782 22.495237 176.342215
7.804365 22.018285 176.911352
8.16341 21.718734 177.139557
8.613854 21.439017 177.218766
8.976132 21.232156 177.135145
9.133637 21.299937 177.032047
9.451577 21.253836 176.411393
9.793628 21.025589 175.960981
10.323072 20.835146 174.93336
10.898663 20.76179 173.839092
11.508078 20.627727 172.876017
12.202392 20.353177 172.431775
12.136046 19.839477 175.07796
12.338317 19.827597 175.062433
12.900523 19.243342 174.06684
13.498341 18.657823 172.907685
13.640871 18.346561 172.683782
13.686745 18.160516 172.056155
13.684959 18.081245 171.195114
13.820574 18.181744 169.900501
13.516799 18.339202 170.7661
13.428553 18.75926 170.671417
13.352257 19.034674 170.165502
13.210418 19.161315 169.574464
12.985423 19.346827 169.003262
12.735158 19.608941 168.283182
12.463814 20.07823 167.459748
12.261955 20.696796 166.256506
12.115361 21.319477 164.929219
12.10234 21.969358 163.347601
12.326821 22.547588 161.33273
12.723932 22.98059 159.263603
13.304012 23.356328 157.042907
14.046786 23.642662 154.722233
14.976901 23.799267 152.284514
16.057015 23.872815 149.834347
17.368448 23.854284 147.307543
18.726531 23.695947 145.141174
20.141479 23.364393 143.216872
21.557101 22.858917 141.452268
23.027284 22.105758 139.634446
24.47479 21.159719 138.032198
25.886407 20.053685 136.70672
27.143886 18.874886 136.23076
28.357555 17.635975 136.171858
29.50252 16.318494 136.715517
30.518693 14.788537 138.006525
31.278938 13.117622 140.517346
31.795925 11.374388 144.285106
32.039384 9.778987 149.800281
32.038779 8.399141 156.760855
31.862099 7.095372 164.990191
31.552439 5.920088 174.476776
30.908935 4.904364 -174.981102
30.158679 4.034136 -164.288752
29.222125 3.263975 -153.374206
28.36261 2.532897 -143.181148
27.677168 1.727525 -133.97392
27.191779 0.840034 -125.656335
26.713339 -0.18463 -117.765494
26.142145 -1.279045 -110.145867
25.524107 -2.309312 -103.12432
24.8618 -3.123324 -96.894321
24.254417 -3.689488 -91.775296
23.854849 -4.103445 -87.785831
23.523547 -4.6133 -84.180468
23.270226 -5.265871 -80.819555
23.09237 -6.017698 -77.697839
22.806614 -6.905286 -74.53212
22.413507 -7.805915 -71.449095
21.927795 -8.688831 -68.517638
21.407286 -9.599435 -65.714869
21.066476 -10.387309 -63.470091
20.820141 -10.966006 -61.804608
20.483814 -11.431596 -60.462795
19.848044 -11.952719 -59.194445
18.921244 -12.590689 -57.792648
17.975159 -13.286018 -56.440401
17.329597 -13.915422 -55.268673
16.978475 -14.355147 -54.299077
16.802232 -14.572677 -53.589801
16.58848 -14.626772 -53.092974
16.193243 -14.744112 -52.549364
15.744875 -15.016273 -51.863888
15.397432 -15.372952 -51.142051
15.170577 -15.756265 -50.368164
15.042468 -16.15541 -49.498407
14.834639 -16.508609 -48.612227
14.376941 -16.910129 -47.687079
13.840102 -17.406464 -46.757331
13.342936 -17.80754 -45.986558
12.636813 -17.697103 -45.873391
12.542353 -17.703647 -45.423099
12.884453 -17.924155 -44.751726
12.634781 -18.091552 -44.111763
12.192079 -18.302574 -43.465384
11.700642 -18.326657 -43.088591
11.389485 -18.167016 -42.895608
11.247244 -17.94838 -42.771216
10.932243 -17.769225 -42.662444
10.492123 -17.529161 -42.676196
12.024796 -19.921505 -37.311477
11.271373 -19.689651 -37.510542
10.663612 -19.490772 -37.640985
10.136277 -19.205489 -37.954503
9.778703 -18.970742 -38.149016
9.299213 -18.883288 -38.132155
8.591323 -18.865671 -38.057886
7.723891 -18.846512 -37.99159
6.982242 -18.806857 -37.826287
6.480541 -18.716196 -37.584954
6.228257 -18.57079 -37.277211
6.088104 -18.338403 -37.053503
6.057185 -18.12302 -36.849383
5.930062 -18.034205 -36.570658
5.704165 -18.008551 -36.212107
5.432876 -17.944255 -35.888647
5.21079 -17.765795 -35.642894
5.112758 -17.542998 -35.475986
