2.610000 24.889999 75.660004 -11.100000 -27.690001 0.000000 1364.000000 -942.000000 3990.000000 -520.000000 -2060.000000 3792.000000 
2.630000 24.920000 75.629997 -11.100000 -27.719999 0.000000 1386.000000 -934.000000 3991.000000 -497.000000 -2076.000000 3788.000000 
2.660000 24.889999 75.660004 -11.140000 -27.730000 0.000000 1385.000000 -960.000000 4017.000000 -482.000000 -2074.000000 3762.000000 
2.680000 24.809999 75.629997 -11.180000 -27.670000 0.000000 1419.000000 -956.000000 3996.000000 -467.000000 -2068.000000 3842.000000 
2.730000 24.780001 75.669998 -11.210000 -27.700001 0.000000 1438.000000 -954.000000 4005.000000 -449.000000 -2094.000000 3826.000000 
2.770000 24.730000 75.709999 -11.270000 -27.680000 0.000000 1438.000000 -974.000000 3989.000000 -480.000000 -2102.000000 3840.000000 
2.770000 24.709999 75.720001 -11.320000 -27.780001 0.000000 1418.000000 -963.000000 4015.000000 -448.000000 -2132.000000 3856.000000 
2.740000 24.700001 75.690002 -11.400000 -28.010000 0.000000 1415.000000 -969.000000 4028.000000 -461.000000 -2161.000000 3804.000000 
2.660000 24.680000 75.639999 -11.520000 -28.209999 0.000000 1427.000000 -970.000000 3973.000000 -376.000000 -2206.000000 3866.000000 
2.560000 24.690001 75.570000 -11.640000 -28.459999 0.000000 1436.000000 -948.000000 3980.000000 -395.000000 -2329.000000 3965.000000 
2.460000 24.740000 75.519997 -11.820000 -28.750000 0.000000 1377.000000 -1037.000000 4006.000000 -393.000000 -2303.000000 3960.000000 
2.420000 24.740000 75.559998 -12.020000 -28.889999 0.000000 1554.000000 -1062.000000 3950.000000 -219.000000 -2178.000000 3996.000000 
2.560000 24.719999 75.620003 -12.220000 -28.980000 0.000000 1639.000000 -1103.000000 3940.000000 -278.000000 -2134.000000 3974.000000 
2.740000 25.059999 75.680000 -12.490000 -29.120001 0.000000 1853.000000 -1715.000000 5115.000000 -467.000000 -2197.000000 3983.000000 
2.680000 25.150000 75.599998 -12.850000 -29.430000 0.000000 1719.000000 -1419.000000 3933.000000 1210.000000 -2198.000000 3934.000000 
2.360000 25.370001 75.360001 -13.110000 -30.020000 0.000000 6185.000000 -1513.000000 4216.000000 3358.000000 -2300.000000 4216.000000 
1.860000 25.219999 75.059998 -13.340000 -30.900000 0.000000 3266.000000 -2175.000000 6061.000000 595.000000 -3525.000000 5440.000000 
1.810000 25.330000 74.580002 -13.260000 -31.780001 0.000000 3404.000000 -2852.000000 7576.000000 322.000000 -4449.000000 7217.000000 
1.570000 25.780001 74.050003 -12.520000 -32.240002 0.000000 3982.000000 -1803.000000 5789.000000 1332.000000 -4641.000000 7616.000000 
1.150000 26.680000 73.370003 -11.670000 -32.330002 0.000000 3789.000000 -2097.000000 5764.000000 902.000000 -4440.000000 6867.000000 
0.430000 28.010000 72.440002 -10.620000 -32.060001 0.000000 3889.000000 -2070.000000 5641.000000 1311.000000 -3761.000000 5880.000000 
0.520000 29.469999 71.699997 -9.400000 -31.570000 0.000000 3387.000000 -1726.000000 4526.000000 1133.000000 -3433.000000 6085.000000 
2.410000 30.690001 71.980003 -8.140000 -30.930000 0.000000 2976.000000 -1523.000000 2443.000000 2420.000000 -2808.000000 5687.000000 
4.110000 30.490000 72.330002 -6.420000 -30.049999 0.000000 4968.000000 946.000000 -1014.000000 3960.000000 -2419.000000 5231.000000 
5.580000 29.750000 72.290001 -5.420000 -29.170000 0.000000 5742.000000 41.000000 1231.000000 2922.000000 -2066.000000 5469.000000 
7.460000 29.100000 72.120003 -4.850000 -28.309999 0.000000 4230.000000 -213.000000 3198.000000 3193.000000 -1832.000000 4374.000000 
9.170000 28.150000 71.059998 -4.400000 -27.350000 0.000000 4539.000000 -597.000000 2818.000000 3507.000000 -2025.000000 3691.000000 
11.810000 27.340000 70.010002 -3.880000 -26.570000 0.000000 5175.000000 -499.000000 1981.000000 2463.000000 -2309.000000 3747.000000 
14.750000 26.500000 69.059998 -3.370000 -26.160000 0.000000 4730.000000 -543.000000 1680.000000 1303.000000 -2387.000000 3662.000000 
17.530001 25.660000 68.070000 -3.070000 -25.980000 0.000000 3949.000000 -764.000000 2092.000000 630.000000 -2143.000000 3500.000000 
19.990000 24.910000 67.000000 -3.020000 -25.639999 0.000000 3524.000000 -837.000000 2415.000000 798.000000 -1752.000000 3165.000000 
22.510000 24.450001 65.919998 -3.040000 -24.940001 0.000000 3348.000000 -731.000000 2201.000000 1383.000000 -1204.000000 2691.000000 
25.070000 24.350000 64.709999 -3.040000 -24.040001 0.000000 2925.000000 -571.000000 1627.000000 1517.000000 -924.000000 2320.000000 
27.420000 24.490000 63.279999 -2.980000 -22.900000 0.000000 2466.000000 -316.000000 904.000000 1463.000000 -521.000000 1758.000000 
29.430000 24.760000 61.540001 -2.020000 -21.670000 0.000000 -161.000000 998.000000 -168.000000 1241.000000 -343.000000 842.000000 
30.870001 25.410000 59.310001 -2.660000 -20.790001 0.000000 1278.000000 -487.000000 -328.000000 538.000000 -312.000000 -68.000000 
31.520000 26.059999 56.509998 -4.330000 -20.330000 0.000000 560.000000 -1249.000000 -225.000000 -312.000000 -626.000000 -755.000000 
31.379999 26.629999 53.150002 -6.550000 -20.030001 0.000000 -345.000000 -1930.000000 385.000000 -1118.000000 -1342.000000 -813.000000 
30.350000 26.940001 49.290001 -9.260000 -20.110001 0.000000 -546.000000 -2709.000000 1680.000000 -1413.000000 -2384.000000 -230.000000 
28.420000 26.830000 44.970001 -12.220000 -20.330000 0.000000 -418.000000 -3379.000000 3160.000000 -1864.000000 -2593.000000 767.000000 
25.959999 26.180000 40.570000 -15.050000 -20.879999 0.000000 -424.000000 -3143.000000 3672.000000 -1400.000000 -4077.000000 1358.000000 
23.370001 25.309999 36.330002 -17.770000 -21.540001 0.000000 19.000000 -3444.000000 4043.000000 -1652.000000 -4660.000000 1977.000000 
20.719999 24.559999 32.419998 -20.219999 -22.240000 0.000000 -202.000000 -3918.000000 5464.000000 -2531.000000 -5061.000000 2318.000000 
18.139999 24.040001 28.930000 -22.090000 -22.809999 0.000000 -563.000000 -3909.000000 5947.000000 -3385.000000 -5229.000000 2456.000000 
15.690000 23.620001 25.900000 -23.340000 -23.270000 0.000000 -918.000000 -3563.000000 5225.000000 -3610.000000 -5349.000000 2716.000000 
13.370000 23.139999 23.360001 -24.320000 -23.650000 0.000000 -854.000000 -3397.000000 4630.000000 -3249.000000 -5125.000000 2796.000000 
11.170000 22.540001 21.270000 -25.250000 -24.090000 0.000000 -393.000000 -3273.000000 4616.000000 -2349.000000 -4806.000000 2806.000000 
9.180000 21.900000 19.580000 -26.150000 -24.610001 0.000000 130.000000 -3222.000000 4916.000000 -1525.000000 -4546.000000 2968.000000 
7.450000 21.330000 18.250000 -26.980000 -25.240000 0.000000 288.000000 -3134.000000 4938.000000 -1028.000000 -4320.000000 2983.000000 
5.930000 20.830000 17.170000 -27.750000 -25.790001 0.000000 339.000000 -2924.000000 4480.000000 -979.000000 -4188.000000 3128.000000 
4.510000 20.410000 16.250000 -28.590000 -26.290001 0.000000 472.000000 -2849.000000 4017.000000 -1046.000000 -3922.000000 3053.000000 
3.140000 20.030001 15.460000 -29.610001 -26.690001 0.000000 843.000000 -2625.000000 3274.000000 -817.000000 -3645.000000 2950.000000 
1.830000 19.629999 14.790000 -30.940001 -26.980000 0.000000 1076.000000 -2499.000000 2833.000000 -472.000000 -3596.000000 3048.000000 
0.540000 19.160000 14.210000 -32.360001 -27.160000 0.000000 588.000000 -2732.000000 2968.000000 -37.000000 -3422.000000 2992.000000 
-0.770000 18.570000 13.710000 -34.220001 -27.290001 0.000000 1507.000000 -2626.000000 2378.000000 75.000000 -3323.000000 3019.000000 
-2.050000 17.850000 13.290000 -36.209999 -27.430000 0.000000 1612.000000 -2755.000000 2869.000000 270.000000 -3316.000000 3142.000000 
-3.320000 17.160000 12.880000 -38.080002 -27.610001 0.000000 1302.000000 -2991.000000 3361.000000 -70.000000 -4073.000000 3839.000000 
-4.620000 16.610001 12.490000 -38.090000 -27.770000 0.000000 -825.000000 -2564.000000 11185.000000 -387.000000 -4561.000000 4298.000000 
-5.800000 16.200001 12.210000 -37.290001 -28.070000 0.000000 2900.000000 -3029.000000 3107.000000 -747.000000 -8221.000000 10789.000000 
-6.820000 16.950001 11.940000 -37.049999 -27.680000 0.000000 3233.000000 -2355.000000 1995.000000 1420.000000 -3623.000000 4743.000000 
-5.220000 17.459999 12.650000 -36.349998 -27.400000 0.000000 489.000000 -2370.000000 3751.000000 -1229.000000 -2181.000000 2536.000000 
-3.480000 17.370001 13.420000 -35.310001 -27.139999 0.000000 1839.000000 -2139.000000 3022.000000 -593.000000 -1802.000000 1645.000000 
-1.960000 17.270000 14.280000 -34.360001 -26.990000 0.000000 1868.000000 -2182.000000 3059.000000 -907.000000 -1787.000000 1951.000000 
-0.820000 16.910000 15.240000 -33.160000 -26.910000 0.000000 2053.000000 -1986.000000 3273.000000 -425.000000 -1904.000000 2541.000000 
-0.090000 16.340000 16.139999 -32.369999 -26.719999 0.000000 2303.000000 -1865.000000 3102.000000 3055.000000 -3099.000000 5348.000000 
0.310000 15.580000 16.840000 -31.430000 -26.020000 0.000000 3231.000000 -1510.000000 3590.000000 1182.000000 -2275.000000 3683.000000 
0.550000 14.920000 17.400000 -30.389999 -25.480000 0.000000 2861.000000 -1333.000000 3203.000000 1584.000000 -2690.000000 3948.000000 
0.500000 14.490000 17.940001 -29.670000 -25.080000 0.000000 2886.000000 -1460.000000 3066.000000 1506.000000 -2651.000000 3803.000000 
0.760000 14.970000 18.830000 -29.330000 -24.820000 0.000000 3103.000000 -1665.000000 2997.000000 619.000000 -2664.000000 3312.000000 
0.570000 16.090000 19.200001 -28.860001 -24.629999 0.000000 1845.000000 -1734.000000 3159.000000 107.000000 -2842.000000 3622.000000 
0.660000 17.020000 19.750000 -28.950001 -24.360001 0.000000 2668.000000 -2127.000000 3419.000000 702.000000 -2193.000000 3112.000000 
1.750000 16.770000 20.490000 -28.900000 -23.990000 0.000000 2261.000000 -1882.000000 3069.000000 376.000000 -2194.000000 3042.000000 
2.640000 16.350000 21.139999 -28.799999 -23.500000 0.000000 2519.000000 -1864.000000 3110.000000 769.000000 -2674.000000 3336.000000 
3.090000 16.709999 21.889999 -28.809999 -22.959999 0.000000 2582.000000 -1899.000000 3031.000000 628.000000 -2659.000000 3404.000000 
3.220000 17.080000 22.580000 -28.629999 -22.430000 0.000000 2364.000000 -1816.000000 3053.000000 758.000000 -2733.000000 3487.000000 
3.040000 17.379999 23.170000 -28.500000 -21.830000 0.000000 2948.000000 -1560.000000 2771.000000 1059.000000 -2562.000000 3699.000000 
3.450000 16.850000 23.850000 -27.879999 -21.270000 0.000000 2646.000000 -1682.000000 3189.000000 988.000000 -2460.000000 3135.000000 
3.680000 16.129999 24.190001 -27.790001 -20.770000 0.000000 2432.000000 -1770.000000 2969.000000 498.000000 -2751.000000 3633.000000 
4.380000 16.559999 24.639999 -28.180000 -20.299999 0.000000 2838.000000 -1872.000000 2741.000000 632.000000 -2682.000000 3500.000000 
4.930000 17.190001 25.049999 -28.040001 -19.830000 0.000000 2347.000000 -1731.000000 2966.000000 566.000000 -2483.000000 3109.000000 
4.860000 17.820000 25.309999 -28.030001 -19.290001 0.000000 2425.000000 -1785.000000 3012.000000 662.000000 -2666.000000 3303.000000 
4.370000 17.959999 25.459999 -28.070000 -18.760000 0.000000 2313.000000 -1840.000000 3144.000000 723.000000 -2803.000000 3524.000000 
4.110000 17.290001 25.450001 -28.490000 -18.570000 0.000000 2220.000000 -1966.000000 3122.000000 852.000000 -2941.000000 3356.000000 
3.630000 17.000000 25.459999 -28.790001 -18.379999 0.000000 2145.000000 -1950.000000 3187.000000 814.000000 -3104.000000 3578.000000 
3.140000 16.879999 25.240000 -29.389999 -18.190001 0.000000 2551.000000 -2173.000000 3275.000000 1003.000000 -2880.000000 3378.000000 
3.370000 16.160000 25.430000 -29.770000 -18.139999 0.000000 2566.000000 -2295.000000 3531.000000 1082.000000 -3096.000000 3602.000000 
4.080000 15.470000 25.650000 -30.200001 -18.120001 0.000000 3385.000000 -2665.000000 3759.000000 869.000000 -3125.000000 3720.000000 
5.240000 15.160000 25.990000 -30.459999 -18.709999 0.000000 3885.000000 -2873.000000 3815.000000 485.000000 -2964.000000 3044.000000 
5.840000 14.750000 26.219999 -30.320000 -19.520000 0.000000 3821.000000 -2796.000000 3889.000000 725.000000 -3216.000000 3229.000000 
5.520000 14.700000 26.150000 -29.860001 -19.809999 0.000000 3653.000000 -2728.000000 3849.000000 917.000000 -3853.000000 4257.000000 
5.000000 15.100000 26.170000 -29.389999 -20.200001 0.000000 3441.000000 -2857.000000 3856.000000 599.000000 -3856.000000 4064.000000 
4.640000 16.980000 25.860001 -28.480000 -20.760000 0.000000 3162.000000 -2708.000000 3805.000000 63.000000 -3673.000000 3572.000000 
3.890000 19.059999 25.510000 -27.110001 -21.219999 0.000000 3065.000000 -2628.000000 4213.000000 -165.000000 -3821.000000 3625.000000 
3.010000 21.219999 24.860001 -25.750000 -21.740000 0.000000 2797.000000 -2746.000000 4673.000000 -224.000000 -3663.000000 3245.000000 
2.880000 23.639999 24.549999 -24.129999 -22.180000 0.000000 2927.000000 -2677.000000 4941.000000 -747.000000 -3445.000000 3016.000000 
2.380000 26.639999 24.139999 -22.990000 -22.719999 0.000000 1945.000000 -2772.000000 4797.000000 -1208.000000 -3367.000000 2818.000000 
1.320000 30.080000 23.480000 -21.820000 -23.340000 0.000000 2199.000000 -2326.000000 4668.000000 -1516.000000 -3277.000000 2634.000000 
-0.260000 33.820000 22.639999 -20.750000 -23.980000 0.000000 1890.000000 -2205.000000 4760.000000 -2068.000000 -3276.000000 2594.000000 
-2.250000 37.759998 21.520000 -19.549999 -24.680000 0.000000 1919.000000 -2089.000000 4868.000000 -2077.000000 -3098.000000 2171.000000 
-4.770000 41.900002 20.080000 -18.219999 -25.290001 0.000000 1618.000000 -1891.000000 4740.000000 -2391.000000 -2971.000000 1978.000000 
-8.030000 46.259998 18.059999 -16.639999 -25.820000 0.000000 1486.000000 -1691.000000 4584.000000 -2773.000000 -2882.000000 1754.000000 
-12.130000 50.810001 15.300000 -14.940000 -26.150000 0.000000 1122.000000 -1484.000000 4378.000000 -3204.000000 -2713.000000 1541.000000 
-17.450001 55.459999 11.440000 -13.080000 -26.209999 0.000000 788.000000 -1243.000000 3967.000000 -3540.000000 -2504.000000 1274.000000 
-24.620001 60.070000 5.870000 -11.000000 -25.850000 0.000000 275.000000 -893.000000 3664.000000 -3718.000000 -2180.000000 1034.000000 
-34.490002 64.339996 -2.210000 -8.660000 -24.950001 0.000000 -319.000000 -603.000000 3404.000000 -3595.000000 -1678.000000 721.000000 
-47.790001 67.739998 -13.550000 -6.450000 -23.570000 0.000000 428.000000 -226.000000 2696.000000 -3571.000000 -1206.000000 210.000000 
-64.370003 69.709999 -28.070000 -4.100000 -22.040001 0.000000 -683.000000 84.000000 2179.000000 -3315.000000 -1280.000000 -236.000000 
-82.370003 69.870003 -43.939999 -1.940000 -20.150000 0.000000 -549.000000 274.000000 1949.000000 -3248.000000 -1167.000000 -462.000000 
-98.690002 68.410004 -58.150002 0.420000 -17.520000 0.000000 -1049.000000 406.000000 1785.000000 -3749.000000 -1089.000000 -1093.000000 
-111.790001 65.750000 -69.099998 2.830000 -13.330000 0.000000 -1135.000000 409.000000 1786.000000 -3809.000000 -1121.000000 -1037.000000 
-121.800003 62.299999 -76.870003 5.530000 -6.200000 0.000000 -1337.000000 515.000000 1656.000000 -3812.000000 -1127.000000 -1157.000000 
-129.440002 58.389999 -82.250000 8.920000 6.730000 0.000000 -1750.000000 798.000000 1145.000000 -3789.000000 -1106.000000 -1176.000000 
-135.490005 54.250000 -86.019997 13.130000 29.170000 0.000000 -2328.000000 1073.000000 584.000000 -3738.000000 -1092.000000 -1025.000000 
-140.449997 50.049999 -88.680000 18.340000 58.240002 0.000000 -2591.000000 1155.000000 302.000000 -3928.000000 -959.000000 -1018.000000 
-144.580002 45.919998 -90.510002 24.580000 80.800003 0.000000 -2428.000000 1118.000000 402.000000 -3935.000000 -831.000000 -1050.000000 
-147.929993 41.959999 -91.550003 31.680000 94.080002 0.000000 -2696.000000 1044.000000 461.000000 -3936.000000 -722.000000 -1210.000000 
-150.610001 38.230000 -91.949997 39.580002 102.250000 0.000000 -2646.000000 1037.000000 400.000000 -3680.000000 -629.000000 -1608.000000 
-152.740005 34.840000 -91.919998 48.119999 107.209999 0.000000 -2917.000000 1112.000000 314.000000 -3852.000000 -508.000000 -1517.000000 
-154.690002 31.940001 -91.730003 56.970001 110.220001 0.000000 -3475.000000 1166.000000 216.000000 -3354.000000 -448.000000 -1099.000000 
-155.949997 29.570000 -91.070000 66.230003 112.510002 0.000000 -3974.000000 1267.000000 19.000000 -3389.000000 -288.000000 -1387.000000 
-156.940002 27.690001 -90.290001 75.220001 114.269997 0.000000 -3574.000000 1278.000000 -152.000000 -3258.000000 -245.000000 -1451.000000 
-157.660004 26.120001 -89.449997 83.629997 115.389999 0.000000 -4316.000000 1520.000000 -440.000000 -3411.000000 -243.000000 -996.000000 
-158.389999 25.080000 -88.639999 90.910004 116.070000 0.000000 -4304.000000 1421.000000 -376.000000 -3159.000000 -256.000000 -1066.000000 
-159.130005 24.350000 -87.830002 96.730003 116.669998 0.000000 -4438.000000 934.000000 -102.000000 -2930.000000 -127.000000 -1461.000000 
-159.699997 23.709999 -86.949997 100.699997 117.349998 0.000000 -3824.000000 521.000000 478.000000 -2782.000000 42.000000 -1741.000000 
-160.110001 22.150000 -86.150002 103.220001 118.050003 0.000000 -2961.000000 275.000000 1243.000000 -2615.000000 140.000000 -1559.000000 
-160.440002 20.410000 -85.330002 105.680000 119.220001 0.000000 -3022.000000 457.000000 975.000000 -2672.000000 80.000000 -1679.000000 
-160.669998 18.730000 -84.370003 108.389999 120.750000 0.000000 -2687.000000 416.000000 876.000000 -2612.000000 41.000000 -1742.000000 
-161.039993 17.010000 -83.500000 111.500000 122.449997 0.000000 -3086.000000 257.000000 1028.000000 -2764.000000 3.000000 -1684.000000 
-161.429993 15.200000 -82.599998 115.330002 124.169998 0.000000 -3615.000000 543.000000 461.000000 -2937.000000 40.000000 -1701.000000 
-161.589996 13.520000 -81.519997 119.279999 125.910004 0.000000 -3777.000000 356.000000 168.000000 -2890.000000 168.000000 -1946.000000 
-161.649994 11.960000 -80.540001 123.250000 127.699997 0.000000 -4140.000000 301.000000 -143.000000 -2968.000000 203.000000 -2162.000000 
-161.699997 10.640000 -79.629997 127.000000 129.500000 0.000000 -4320.000000 369.000000 -382.000000 -3014.000000 258.000000 -2152.000000 
-161.690002 9.550000 -78.809998 130.419998 131.369995 0.000000 -4246.000000 379.000000 -429.000000 -3147.000000 353.000000 -2495.000000 
-161.589996 8.610000 -78.010002 133.529999 133.229996 0.000000 -4097.000000 516.000000 -575.000000 -3121.000000 256.000000 -2463.000000 
-161.429993 7.820000 -77.209999 136.380005 135.000000 0.000000 -4233.000000 415.000000 -576.000000 -2982.000000 305.000000 -2635.000000 
-161.179993 7.100000 -76.440002 139.059998 136.649994 0.000000 -4303.000000 279.000000 -560.000000 -2934.000000 304.000000 -2727.000000 
-160.929993 6.430000 -75.699997 141.449997 138.169998 0.000000 -4359.000000 208.000000 -423.000000 -3006.000000 340.000000 -2790.000000 
-160.770004 5.900000 -75.040001 143.600006 139.559998 0.000000 -4311.000000 250.000000 -519.000000 -3230.000000 297.000000 -2754.000000 
-160.669998 5.550000 -74.459999 145.490005 140.850006 0.000000 -4305.000000 231.000000 -598.000000 -3051.000000 284.000000 -2742.000000 
-160.529999 5.310000 -74.000000 147.169998 142.000000 0.000000 -4206.000000 252.000000 -673.000000 -3093.000000 320.000000 -2719.000000 
-160.360001 5.190000 -73.580002 148.639999 143.070007 0.000000 -4281.000000 217.000000 -631.000000 -2863.000000 351.000000 -2745.000000 
-160.110001 5.170000 -73.120003 149.889999 144.130005 0.000000 -4067.000000 194.000000 -555.000000 -2737.000000 380.000000 -2730.000000 
-159.759995 5.170000 -72.680000 151.039993 145.250000 0.000000 -3981.000000 147.000000 -461.000000 -2654.000000 365.000000 -2706.000000 
-159.440002 5.080000 -72.239998 152.210007 146.399994 0.000000 -4009.000000 56.000000 -443.000000 -2624.000000 359.000000 -2711.000000 
-159.220001 4.840000 -71.809998 153.410004 147.580002 0.000000 -4052.000000 55.000000 -464.000000 -2738.000000 423.000000 -2779.000000 
-159.139999 4.580000 -71.400002 154.639999 148.750000 0.000000 -3996.000000 59.000000 -525.000000 -2724.000000 428.000000 -2849.000000 
-159.089996 4.200000 -71.070000 155.869995 149.869995 0.000000 -4041.000000 43.000000 -559.000000 -2728.000000 444.000000 -2878.000000 
-159.080002 3.730000 -70.750000 157.059998 150.910004 0.000000 -4018.000000 49.000000 -590.000000 -2622.000000 489.000000 -2950.000000 
-159.039993 3.370000 -70.449997 158.250000 151.850006 0.000000 -4091.000000 77.000000 -617.000000 -2583.000000 504.000000 -3000.000000 
-158.929993 3.190000 -70.129997 159.330002 152.720001 0.000000 -4165.000000 84.000000 -634.000000 -2674.000000 557.000000 -3120.000000 
-158.779999 3.050000 -69.830002 160.419998 153.570007 0.000000 -4247.000000 121.000000 -885.000000 -2655.000000 562.000000 -3130.000000 
-158.669998 2.890000 -69.510002 161.490005 154.429993 0.000000 -4306.000000 82.000000 -977.000000 -2765.000000 561.000000 -3197.000000 
-158.639999 2.750000 -69.129997 162.520004 155.300003 0.000000 -4391.000000 71.000000 -1064.000000 -2817.000000 605.000000 -3233.000000 
-158.660004 2.670000 -68.889999 163.440002 156.139999 0.000000 -4395.000000 66.000000 -1070.000000 -2725.000000 668.000000 -3280.000000 
-158.750000 2.610000 -68.650002 164.309998 156.949997 0.000000 -4312.000000 80.000000 -1093.000000 -2772.000000 730.000000 -3283.000000 
-158.910004 2.490000 -68.419998 165.009995 157.679993 0.000000 -4311.000000 147.000000 -1082.000000 -2657.000000 797.000000 -3301.000000 
-159.110001 2.340000 -68.269997 165.600006 158.339996 0.000000 -4245.000000 207.000000 -1100.000000 -2600.000000 871.000000 -3246.000000 
-159.350006 2.180000 -68.070000 166.039993 158.899994 0.000000 -4120.000000 242.000000 -1044.000000 -2520.000000 908.000000 -3230.000000 
-159.600006 2.020000 -67.900002 166.380005 159.449997 0.000000 -4076.000000 285.000000 -1060.000000 -2491.000000 895.000000 -3171.000000 
-159.850006 1.850000 -67.730003 166.720001 159.970001 0.000000 -4036.000000 249.000000 -1099.000000 -2454.000000 877.000000 -3125.000000 
-160.110001 1.700000 -67.589996 167.020004 160.500000 0.000000 -4036.000000 254.000000 -1109.000000 -2406.000000 885.000000 -3035.000000 
-160.360001 1.560000 -67.400002 167.350006 161.009995 0.000000 -4038.000000 248.000000 -1152.000000 -2366.000000 935.000000 -3024.000000 
-160.619995 1.460000 -67.320000 167.669998 161.520004 0.000000 -4047.000000 323.000000 -1199.000000 -2396.000000 989.000000 -3031.000000 
-160.880005 1.360000 -67.260002 167.960007 162.029999 0.000000 -3985.000000 345.000000 -1208.000000 -2375.000000 1023.000000 -3021.000000 
-161.149994 1.230000 -67.169998 168.179993 162.509995 0.000000 -3939.000000 440.000000 -1237.000000 -2346.000000 1087.000000 -3056.000000 
-161.419998 1.040000 -67.120003 168.380005 162.919998 0.000000 -3899.000000 441.000000 -1234.000000 -2233.000000 1184.000000 -3082.000000 
-161.710007 0.880000 -67.070000 168.460007 163.279999 0.000000 -3864.000000 528.000000 -1281.000000 -2240.000000 1236.000000 -3094.000000 
-162.020004 0.770000 -67.010002 168.500000 163.589996 0.000000 -3836.000000 546.000000 -1280.000000 -2160.000000 1286.000000 -3138.000000 
-162.320007 0.710000 -66.919998 168.460007 163.860001 0.000000 -3795.000000 561.000000 -1365.000000 -2118.000000 1310.000000 -3090.000000 
-162.589996 0.570000 -66.889999 168.389999 164.179993 0.000000 -3729.000000 489.000000 -1318.000000 -2112.000000 1242.000000 -3016.000000 
-162.869995 0.450000 -66.849998 168.309998 164.470001 0.000000 -3594.000000 472.000000 -1262.000000 -2020.000000 1242.000000 -2954.000000 
-163.119995 0.200000 -66.739998 168.229996 164.770004 0.000000 -3588.000000 483.000000 -1227.000000 -2038.000000 1263.000000 -2924.000000 
-163.380005 -0.080000 -66.690002 168.199997 165.050003 0.000000 -3591.000000 477.000000 -1225.000000 -1973.000000 1254.000000 -2934.000000 
-163.619995 -0.350000 -66.610001 168.210007 165.389999 0.000000 -3600.000000 498.000000 -1217.000000 -2037.000000 1239.000000 -2877.000000 
-163.880005 -0.620000 -66.589996 168.279999 165.710007 0.000000 -3571.000000 498.000000 -1226.000000 -1992.000000 1238.000000 -2875.000000 
-164.100006 -0.900000 -66.510002 168.369995 166.029999 0.000000 -3628.000000 496.000000 -1275.000000 -2009.000000 1239.000000 -2864.000000 
-164.289993 -1.110000 -66.440002 168.449997 166.339996 0.000000 -3654.000000 542.000000 -1308.000000 -1965.000000 1249.000000 -2847.000000 
-164.369995 -1.310000 -66.440002 168.570007 166.649994 0.000000 -3656.000000 564.000000 -1301.000000 -1970.000000 1285.000000 -2860.000000 
-164.460007 -1.450000 -66.410004 168.740005 166.960007 0.000000 -3659.000000 544.000000 -1350.000000 -1984.000000 1288.000000 -2877.000000 
-164.539993 -1.560000 -66.360001 168.919998 167.279999 0.000000 -3661.000000 571.000000 -1368.000000 -2003.000000 1310.000000 -2935.000000 
-164.610001 -1.680000 -66.339996 169.029999 167.619995 0.000000 -3624.000000 573.000000 -1361.000000 -2084.000000 1350.000000 -2986.000000 
-164.710007 -1.840000 -66.320000 169.110001 167.880005 0.000000 -3595.000000 601.000000 -1343.000000 -1978.000000 1419.000000 -3014.000000 
-164.860001 -1.970000 -66.279999 169.190002 168.149994 0.000000 -3603.000000 594.000000 -1321.000000 -2002.000000 1413.000000 -3039.000000 
-165.039993 -2.040000 -66.260002 169.220001 168.410004 0.000000 -3545.000000 592.000000 -1329.000000 -1999.000000 1418.000000 -3033.000000 
-165.199997 -2.120000 -66.169998 169.229996 168.639999 0.000000 -3602.000000 584.000000 -1348.000000 -1966.000000 1393.000000 -2981.000000 
-165.350006 -2.240000 -66.169998 169.240005 168.910004 0.000000 -3634.000000 551.000000 -1331.000000 -1996.000000 1344.000000 -2959.000000 
-165.449997 -2.440000 -66.150002 169.220001 169.139999 0.000000 -3608.000000 542.000000 -1321.000000 -1949.000000 1347.000000 -2929.000000 
-165.500000 -2.670000 -66.050003 169.210007 169.389999 0.000000 -3590.000000 532.000000 -1294.000000 -1962.000000 1323.000000 -2925.000000 
-165.550003 -2.830000 -65.949997 169.229996 169.649994 0.000000 -3621.000000 536.000000 -1310.000000 -2015.000000 1339.000000 -2949.000000 
-165.630005 -2.920000 -65.879997 169.320007 169.839996 0.000000 -3677.000000 537.000000 -1349.000000 -2018.000000 1347.000000 -2964.000000 
-165.690002 -2.950000 -65.809998 169.380005 170.119995 0.000000 -3726.000000 564.000000 -1366.000000 -2035.000000 1345.000000 -2981.000000 
-165.740005 -2.970000 -65.779999 169.460007 170.289993 0.000000 -3718.000000 575.000000 -1366.000000 -2039.000000 1373.000000 -2999.000000 
-165.759995 -3.020000 -65.750000 169.539993 170.389999 0.000000 -3738.000000 597.000000 -1378.000000 -2044.000000 1385.000000 -3036.000000 
-165.770004 -3.070000 -65.739998 169.539993 170.470001 0.000000 -3745.000000 612.000000 -1386.000000 -1998.000000 1411.000000 -3039.000000 
-165.759995 -3.120000 -65.709999 169.580002 170.490005 0.000000 -3663.000000 579.000000 -1378.000000 -2008.000000 1398.000000 -3028.000000 
-165.779999 -3.190000 -65.680000 169.600006 170.580002 0.000000 -3680.000000 565.000000 -1337.000000 -2088.000000 1384.000000 -3036.000000 
-165.830002 -3.290000 -65.669998 169.619995 170.509995 0.000000 -3676.000000 572.000000 -1370.000000 -2048.000000 1416.000000 -3032.000000 
-165.880005 -3.420000 -65.660004 169.630005 170.509995 0.000000 -3676.000000 567.000000 -1371.000000 -2073.000000 1405.000000 -3065.000000 
-165.970001 -3.560000 -65.620003 169.660004 170.429993 0.000000 -3694.000000 559.000000 -1384.000000 -2070.000000 1417.000000 -3056.000000 
-166.070007 -3.700000 -65.550003 169.699997 170.419998 0.000000 -3811.000000 558.000000 -1427.000000 -2047.000000 1390.000000 -3068.000000 
-166.080002 -3.850000 -65.489998 169.800003 170.360001 0.000000 -3784.000000 524.000000 -1489.000000 -2019.000000 1396.000000 -3075.000000 
-166.089996 -3.980000 -65.489998 169.940002 170.279999 0.000000 -3836.000000 535.000000 -1554.000000 -2043.000000 1426.000000 -3112.000000 
-166.119995 -4.090000 -65.500000 170.080002 170.039993 0.000000 -3926.000000 600.000000 -1661.000000 -2047.000000 1494.000000 -3150.000000 
-166.160004 -4.160000 -65.519997 170.149994 169.779999 0.000000 -3969.000000 696.000000 -1826.000000 -2026.000000 1571.000000 -3219.000000 
-166.259995 -4.160000 -65.550003 170.240005 169.429993 0.000000 -4049.000000 747.000000 -1965.000000 -2055.000000 1712.000000 -3298.000000 
-166.339996 -4.060000 -65.610001 170.309998 169.080002 0.000000 -4163.000000 778.000000 -2024.000000 -2038.000000 1798.000000 -3368.000000 
-166.389999 -3.820000 -65.589996 170.360001 168.729996 0.000000 -4357.000000 789.000000 -2099.000000 -2057.000000 1854.000000 -3428.000000 
-166.380005 -3.400000 -65.599998 170.309998 168.509995 0.000000 -4552.000000 827.000000 -2353.000000 -1985.000000 1848.000000 -3532.000000 
-166.300003 -2.710000 -65.580002 170.220001 168.330002 0.000000 -4684.000000 802.000000 -2407.000000 -2239.000000 1893.000000 -3709.000000 
-166.110001 -1.770000 -65.559998 169.940002 168.279999 0.000000 -4787.000000 860.000000 -2495.000000 -2203.000000 1941.000000 -3779.000000 
-165.889999 -0.590000 -65.559998 169.369995 168.259995 0.000000 -4699.000000 924.000000 -2540.000000 -2264.000000 1983.000000 -3767.000000 
-165.660004 0.650000 -65.550003 168.369995 168.199997 0.000000 -4674.000000 935.000000 -2431.000000 -2180.000000 2097.000000 -3795.000000 
-165.550003 1.980000 -65.550003 166.770004 168.139999 0.000000 -4569.000000 945.000000 -2296.000000 -2332.000000 2089.000000 -3722.000000 
-165.479996 3.390000 -65.599998 164.509995 168.050003 0.000000 -4450.000000 996.000000 -2246.000000 -2266.000000 2126.000000 -3644.000000 
-165.440002 4.880000 -65.669998 161.619995 167.960007 0.000000 -4359.000000 1019.000000 -2231.000000 -2215.000000 2125.000000 -3615.000000 
-165.399994 6.470000 -65.699997 157.940002 167.820007 0.000000 -4521.000000 1138.000000 -2296.000000 -2201.000000 2106.000000 -3495.000000 
-165.330002 8.280000 -65.669998 153.070007 167.660004 0.000000 -4444.000000 1192.000000 -2232.000000 -2162.000000 2120.000000 -3440.000000 
-165.220001 10.290000 -65.639999 146.589996 167.500000 0.000000 -4275.000000 1200.000000 -2048.000000 -2146.000000 2114.000000 -3386.000000 
-165.070007 12.480000 -65.570000 138.139999 167.360001 0.000000 -4100.000000 1223.000000 -1859.000000 -2249.000000 2056.000000 -3393.000000 
-164.949997 14.880000 -65.510002 127.459999 167.240005 0.000000 -4229.000000 1246.000000 -1803.000000 -2477.000000 1957.000000 -3354.000000 
-164.789993 17.450001 -65.470001 114.050003 167.220001 0.000000 -4275.000000 1092.000000 -1664.000000 -2525.000000 1870.000000 -3227.000000 
-164.600006 20.410000 -65.449997 97.959999 167.320007 0.000000 -4422.000000 1183.000000 -1775.000000 -3024.000000 1764.000000 -3209.000000 
-164.369995 23.690001 -65.449997 80.110001 167.600006 0.000000 -4265.000000 1080.000000 -1519.000000 -2962.000000 1646.000000 -3082.000000 
-164.050003 27.170000 -65.489998 63.930000 168.080002 0.000000 -4162.000000 1118.000000 -1377.000000 -3072.000000 1583.000000 -3068.000000 
-163.669998 30.840000 -65.580002 51.259998 168.770004 0.000000 -3819.000000 1077.000000 -1054.000000 -3152.000000 1467.000000 -2791.000000 
-163.210007 34.529999 -65.660004 42.180000 169.660004 0.000000 -3107.000000 1041.000000 -746.000000 -2886.000000 1297.000000 -2578.000000 
-162.699997 38.160000 -65.699997 35.750000 170.740005 0.000000 -2874.000000 980.000000 -435.000000 -2807.000000 1093.000000 -2292.000000 
-162.169998 41.740002 -65.660004 30.969999 172.080002 0.000000 -2609.000000 871.000000 -80.000000 -2697.000000 824.000000 -1726.000000 
-161.570007 45.299999 -65.510002 27.400000 173.800003 0.000000 -1994.000000 699.000000 230.000000 -2704.000000 606.000000 -1378.000000 
-160.839996 48.900002 -65.300003 24.540001 176.009995 0.000000 -2109.000000 667.000000 676.000000 -2856.000000 411.000000 -1047.000000 
-159.990005 52.529999 -64.989998 21.400000 178.880005 0.000000 -1825.000000 449.000000 1256.000000 -2972.000000 192.000000 -909.000000 
-158.970001 56.110001 -64.559998 18.230000 -177.449997 0.000000 -1336.000000 278.000000 1876.000000 -3037.000000 115.000000 -753.000000 
-157.759995 59.680000 -63.930000 15.280000 -172.669998 0.000000 -1224.000000 116.000000 2097.000000 -2981.000000 -56.000000 -519.000000 
-156.389999 63.139999 -63.080002 12.600000 -166.479996 0.000000 -1130.000000 -88.000000 2610.000000 -3118.000000 -399.000000 -180.000000 
-154.809998 66.480003 -61.970001 10.250000 -158.759995 0.000000 -895.000000 -136.000000 3054.000000 -3141.000000 -533.000000 103.000000 
-152.600006 69.690002 -60.220001 8.220000 -149.270004 0.000000 -814.000000 -58.000000 3044.000000 -2886.000000 -882.000000 651.000000 
-149.539993 72.669998 -57.599998 6.620000 -138.149994 0.000000 -443.000000 46.000000 2969.000000 -2316.000000 -1034.000000 966.000000 
-144.910004 75.419998 -53.500000 5.260000 -126.050003 0.000000 -277.000000 81.000000 3103.000000 -2047.000000 -1124.000000 1216.000000 
-136.500000 77.949997 -45.689999 4.010000 -113.800003 0.000000 82.000000 94.000000 3039.000000 -1741.000000 -1160.000000 1251.000000 
-123.300003 80.089996 -32.950001 2.580000 -102.290001 0.000000 -127.000000 26.000000 2867.000000 -1686.000000 -1227.000000 1504.000000 
-99.550003 81.480003 -9.310000 0.820000 -92.220001 0.000000 66.000000 -218.000000 2817.000000 -1674.000000 -1231.000000 1744.000000 
-67.900002 81.500000 22.139999 -1.120000 -84.190002 0.000000 248.000000 -433.000000 2913.000000 -2103.000000 -1850.000000 1775.000000 
-41.259998 80.029999 47.599998 -3.140000 -77.940002 0.000000 734.000000 -886.000000 3245.000000 -2451.000000 -2183.000000 2127.000000 
-24.990000 77.519997 62.759998 -5.200000 -72.930000 0.000000 766.000000 -1305.000000 3814.000000 -2419.000000 -2505.000000 2596.000000 
-15.470000 74.610001 71.510002 -7.060000 -68.760002 0.000000 1075.000000 -1571.000000 4098.000000 -2039.000000 -2729.000000 2804.000000 
-9.890000 71.589996 76.599998 -8.550000 -65.110001 0.000000 1336.000000 -1530.000000 4191.000000 -1436.000000 -2630.000000 3159.000000 
-6.720000 68.620003 79.459999 -9.490000 -61.810001 0.000000 1718.000000 -1248.000000 4046.000000 -559.000000 -2584.000000 3250.000000 
-4.270000 65.699997 81.680000 -10.050000 -58.880001 0.000000 2032.000000 -1005.000000 3579.000000 -67.000000 -2570.000000 3440.000000 
-2.160000 62.790001 83.430000 -10.500000 -56.389999 0.000000 2237.000000 -970.000000 3337.000000 -189.000000 -2443.000000 3261.000000 
-0.250000 59.869999 84.849998 -10.910000 -54.270000 0.000000 2323.000000 -1011.000000 3349.000000 -215.000000 -2383.000000 3160.000000 
1.470000 56.930000 86.029999 -11.450000 -52.430000 0.000000 2315.000000 -1151.000000 3232.000000 -304.000000 -2375.000000 3090.000000 
2.890000 53.990002 86.970001 -12.130000 -50.869999 0.000000 2439.000000 -1305.000000 3307.000000 -140.000000 -2370.000000 2977.000000 
4.020000 51.130001 87.690002 -12.900000 -49.570000 0.000000 2596.000000 -1468.000000 3524.000000 -52.000000 -2404.000000 3042.000000 
4.750000 48.389999 88.160004 -13.700000 -48.529999 0.000000 2757.000000 -1515.000000 3587.000000 150.000000 -2425.000000 3125.000000 
5.130000 45.840000 88.419998 -14.530000 -47.730000 0.000000 2785.000000 -1512.000000 3550.000000 155.000000 -2522.000000 3204.000000 
5.290000 43.490002 88.510002 -15.440000 -47.110001 0.000000 2846.000000 -1599.000000 3412.000000 180.000000 -2571.000000 3238.000000 
5.230000 41.320000 88.430000 -16.320000 -46.630001 0.000000 2795.000000 -1589.000000 3238.000000 350.000000 -2696.000000 3327.000000 
4.980000 39.230000 88.250000 -17.190001 -46.230000 0.000000 2953.000000 -1616.000000 3139.000000 558.000000 -2816.000000 3390.000000 
4.560000 37.240002 87.949997 -18.070000 -45.910000 0.000000 2954.000000 -1690.000000 3113.000000 837.000000 -2964.000000 3640.000000 
4.000000 35.320000 87.559998 -18.930000 -45.660000 0.000000 3067.000000 -1703.000000 3071.000000 917.000000 -3160.000000 3642.000000 
3.390000 33.509998 87.099998 -19.750000 -45.439999 0.000000 3008.000000 -1814.000000 3099.000000 837.000000 -3229.000000 3620.000000 
2.840000 31.770000 86.629997 -20.520000 -45.160000 0.000000 2918.000000 -1854.000000 3098.000000 656.000000 -3228.000000 3637.000000 
2.410000 30.049999 86.180000 -21.230000 -44.799999 0.000000 2759.000000 -1880.000000 2960.000000 584.000000 -3185.000000 3425.000000 
2.110000 28.320000 85.809998 -21.879999 -44.330002 0.000000 2730.000000 -1932.000000 2937.000000 581.000000 -3134.000000 3349.000000 
1.930000 26.590000 85.550003 -22.480000 -43.820000 0.000000 2625.000000 -2024.000000 3004.000000 541.000000 -3081.000000 3146.000000 
1.760000 24.930000 85.269997 -23.080000 -43.310001 0.000000 2695.000000 -2040.000000 2908.000000 566.000000 -3010.000000 3059.000000 
1.580000 23.299999 85.040001 -23.709999 -42.810001 0.000000 2569.000000 -2029.000000 2807.000000 646.000000 -2995.000000 3100.000000 
1.470000 21.620001 84.889999 -24.309999 -42.349998 0.000000 2720.000000 -2004.000000 2838.000000 777.000000 -2938.000000 3096.000000 
1.470000 19.950001 84.790001 -24.959999 -41.939999 0.000000 2858.000000 -2084.000000 2874.000000 804.000000 -3035.000000 3235.000000 
1.380000 18.370001 84.730003 -25.600000 -41.570000 0.000000 2987.000000 -2103.000000 2906.000000 927.000000 -3076.000000 3343.000000 
1.190000 16.969999 84.620003 -26.209999 -40.880001 0.000000 3024.000000 -2161.000000 2955.000000 -404.000000 -6312.000000 12979.000000 
0.480000 16.280001 84.510002 -26.209999 -39.930000 0.000000 4832.000000 -1354.000000 3991.000000 3267.000000 -3131.000000 3457.000000 
0.770000 15.790000 84.839996 -26.420000 -38.820000 0.000000 4884.000000 -3290.000000 4605.000000 -534.000000 -3640.000000 3845.000000 
2.170000 14.330000 85.379997 -26.120001 -37.990002 0.000000 3472.000000 -2355.000000 4020.000000 1728.000000 -3086.000000 3391.000000 
2.530000 13.240000 85.629997 -25.850000 -37.080002 0.000000 3679.000000 -2177.000000 3355.000000 992.000000 -2958.000000 3627.000000 
2.530000 12.840000 85.849998 -25.600000 -36.310001 0.000000 3445.000000 -2084.000000 3187.000000 964.000000 -3014.000000 3513.000000 
3.150000 12.620000 86.059998 -25.400000 -35.570000 0.000000 3312.000000 -2085.000000 3185.000000 933.000000 -2802.000000 3498.000000 
3.770000 12.140000 86.260002 -25.180000 -34.900002 0.000000 3332.000000 -1954.000000 3036.000000 1171.000000 -2670.000000 3460.000000 
3.980000 11.470000 86.389999 -24.980000 -34.240002 0.000000 3271.000000 -1827.000000 2872.000000 1055.000000 -2562.000000 3475.000000 
4.220000 11.190000 86.480003 -24.780001 -33.639999 0.000000 3109.000000 -1734.000000 2744.000000 983.000000 -2510.000000 3417.000000 
4.480000 11.260000 86.580002 -24.650000 -33.070000 0.000000 2889.000000 -1639.000000 2551.000000 830.000000 -2337.000000 3328.000000 
4.720000 11.400000 86.620003 -24.610001 -32.570000 0.000000 2500.000000 -1488.000000 2259.000000 729.000000 -2208.000000 3135.000000 
4.860000 11.800000 86.620003 -24.709999 -32.169998 0.000000 2311.000000 -1406.000000 2085.000000 700.000000 -2239.000000 3073.000000 
4.760000 12.420000 86.580002 -24.920000 -31.959999 0.000000 2119.000000 -1347.000000 1980.000000 821.000000 -2299.000000 3020.000000 
4.380000 13.110000 86.470001 -25.379999 -31.860001 0.000000 1938.000000 -1324.000000 1750.000000 236.000000 -2639.000000 3100.000000 
4.030000 13.700000 86.309998 -25.650000 -31.639999 0.000000 8058.000000 -3505.000000 6708.000000 1964.000000 -5347.000000 7582.000000 
3.710000 13.920000 86.120003 -24.889999 -31.620001 0.000000 1920.000000 -1408.000000 3273.000000 1244.000000 -2391.000000 2314.000000 
4.010000 14.720000 86.129997 -24.299999 -31.040001 0.000000 3008.000000 -1622.000000 2763.000000 -374.000000 -2609.000000 3757.000000 
4.640000 15.630000 86.139999 -23.790001 -30.580000 0.000000 2486.000000 -1170.000000 1664.000000 -175.000000 -2092.000000 2715.000000 
5.210000 16.410000 86.180000 -23.219999 -29.760000 0.000000 2742.000000 -1583.000000 2794.000000 184.000000 -2553.000000 3674.000000 
5.330000 16.879999 86.120003 -22.660000 -29.160000 0.000000 2651.000000 -1816.000000 3524.000000 534.000000 -2591.000000 3613.000000 
5.410000 17.240000 86.000000 -22.190001 -28.459999 0.000000 2657.000000 -1730.000000 3323.000000 467.000000 -2426.000000 3543.000000 
5.730000 17.629999 85.980003 -21.809999 -27.770000 0.000000 2668.000000 -1589.000000 2981.000000 349.000000 -2434.000000 3596.000000 
6.060000 18.030001 85.900002 -21.530001 -27.320000 0.000000 2590.000000 -1711.000000 3144.000000 361.000000 -2436.000000 3571.000000 
6.260000 18.490000 85.790001 -21.290001 -26.940001 0.000000 2623.000000 -1603.000000 2947.000000 408.000000 -2375.000000 3561.000000 
6.350000 19.030001 85.629997 -21.040001 -26.480000 0.000000 2611.000000 -1617.000000 2997.000000 297.000000 -2324.000000 3534.000000 
6.520000 19.559999 85.449997 -20.799999 -26.350000 0.000000 2513.000000 -1641.000000 3001.000000 121.000000 -2394.000000 3555.000000 
6.710000 20.129999 85.290001 -20.590000 -26.340000 0.000000 2395.000000 -1746.000000 3101.000000 53.000000 -2398.000000 3448.000000 
6.810000 20.600000 85.089996 -20.520000 -26.290001 0.000000 2162.000000 -2076.000000 3260.000000 74.000000 -2434.000000 3485.000000 
6.750000 21.129999 84.860001 -20.610001 -26.040001 0.000000 2871.000000 -2274.000000 3079.000000 404.000000 -2552.000000 3651.000000 
6.480000 21.530001 84.540001 -20.530001 -25.760000 0.000000 2292.000000 -2214.000000 3366.000000 227.000000 -2599.000000 3805.000000 
6.210000 21.620001 84.290001 -19.940001 -25.180000 0.000000 4534.000000 -1473.000000 3763.000000 530.000000 -2756.000000 4283.000000 
5.530000 21.650000 83.870003 -19.750000 -24.930000 0.000000 40.000000 -2439.000000 3992.000000 212.000000 -3055.000000 4457.000000 
4.790000 21.790001 83.400002 -19.629999 -24.330000 0.000000 881.000000 -2630.000000 3541.000000 -3797.000000 -3688.000000 4935.000000 
3.570000 22.510000 82.830002 -19.490000 -24.059999 0.000000 1966.000000 -2493.000000 3464.000000 114.000000 -4314.000000 6125.000000 
1.900000 23.350000 82.220001 -19.209999 -22.870001 0.000000 3089.000000 -2720.000000 3786.000000 1722.000000 -4128.000000 5885.000000 
0.350000 23.830000 81.739998 -18.910000 -21.520000 0.000000 2866.000000 -2851.000000 3978.000000 1535.000000 -3740.000000 5003.000000 
-0.870000 23.920000 81.330002 -18.559999 -20.469999 0.000000 2871.000000 -2976.000000 4108.000000 536.000000 -3506.000000 4436.000000 
-1.730000 23.889999 81.040001 -18.110001 -19.760000 0.000000 3158.000000 -3206.000000 4402.000000 244.000000 -3545.000000 4677.000000 
-2.350000 23.740000 80.870003 -17.629999 -19.330000 0.000000 3264.000000 -3370.000000 4642.000000 469.000000 -3649.000000 5051.000000 
-2.820000 23.530001 80.809998 -17.129999 -19.110001 0.000000 3210.000000 -3496.000000 4811.000000 692.000000 -3540.000000 4977.000000 
-3.140000 23.389999 80.830002 -16.629999 -19.080000 0.000000 2964.000000 -3530.000000 4722.000000 744.000000 -3215.000000 4465.000000 
-3.400000 23.520000 80.889999 -16.139999 -19.360001 0.000000 2609.000000 -3386.000000 4485.000000 708.000000 -2989.000000 3957.000000 
-3.690000 23.930000 80.940002 -15.730000 -20.010000 0.000000 2136.000000 -3260.000000 4121.000000 413.000000 -2887.000000 3427.000000 
-4.070000 24.510000 80.919998 -15.420000 -20.900000 0.000000 1714.000000 -3215.000000 3670.000000 -17.000000 -2866.000000 2779.000000 
-4.630000 25.129999 80.839996 -15.250000 -21.940001 0.000000 1352.000000 -3220.000000 3144.000000 -305.000000 -2858.000000 2246.000000 
-5.420000 25.600000 80.699997 -15.250000 -23.170000 0.000000 1034.000000 -3325.000000 2872.000000 -354.000000 -2928.000000 1825.000000 
-6.410000 25.870001 80.540001 -15.430000 -24.610001 0.000000 903.000000 -3446.000000 2820.000000 -61.000000 -3135.000000 2180.000000 
-7.540000 25.920000 80.389999 -15.720000 -26.120001 0.000000 872.000000 -3328.000000 2679.000000 189.000000 -3178.000000 2737.000000 
-8.660000 25.780001 80.290001 -16.070000 -27.580000 0.000000 860.000000 -2962.000000 2672.000000 299.000000 -3114.000000 2976.000000 
-9.800000 25.590000 80.150002 -16.480000 -28.870001 0.000000 1058.000000 -2661.000000 2495.000000 388.000000 -2954.000000 3084.000000 
-11.010000 25.450001 79.930000 -16.840000 -29.950001 0.000000 1333.000000 -2342.000000 2443.000000 521.000000 -2641.000000 2973.000000 
-12.240000 25.379999 79.629997 -17.059999 -30.850000 0.000000 1476.000000 -2060.000000 2634.000000 822.000000 -2416.000000 2765.000000 
-13.350000 25.340000 79.339996 -17.139999 -31.709999 0.000000 1626.000000 -1851.000000 2539.000000 912.000000 -2342.000000 2685.000000 
-14.200000 25.129999 79.059998 -17.150000 -32.560001 0.000000 1538.000000 -1723.000000 2268.000000 724.000000 -2321.000000 2855.000000 
-14.640000 24.730000 78.879997 -17.139999 -33.369999 0.000000 1286.000000 -1592.000000 2035.000000 360.000000 -2205.000000 2976.000000 
-14.570000 24.100000 78.809998 -17.120001 -33.200001 0.000000 1084.000000 -1385.000000 1749.000000 16.000000 -1653.000000 2900.000000 
-13.610000 23.490000 79.089996 -16.910000 -32.709999 0.000000 1039.000000 -925.000000 1659.000000 -142.000000 -1310.000000 2801.000000 
-12.130000 23.100000 79.669998 -16.620001 -32.099998 0.000000 1407.000000 -651.000000 1977.000000 -87.000000 -1058.000000 2766.000000 
-10.600000 22.799999 80.279999 -16.290001 -31.389999 0.000000 1325.000000 -520.000000 2024.000000 -42.000000 -793.000000 2497.000000 
-9.190000 22.570000 80.849998 -15.880000 -30.620001 0.000000 1174.000000 -348.000000 2140.000000 32.000000 -502.000000 2119.000000 
-8.040000 22.410000 81.320000 -15.570000 -29.950001 0.000000 1377.000000 -353.000000 2353.000000 335.000000 -391.000000 2012.000000 
-7.200000 22.340000 81.629997 -15.230000 -29.400000 0.000000 1507.000000 -247.000000 2485.000000 492.000000 -322.000000 2091.000000 
-6.720000 22.469999 81.669998 -14.760000 -28.930000 0.000000 1608.000000 149.000000 2228.000000 483.000000 -177.000000 2434.000000 
-6.480000 22.690001 81.550003 -14.300000 -28.510000 0.000000 1643.000000 417.000000 1943.000000 295.000000 -260.000000 2825.000000 
-6.110000 22.780001 81.349998 -13.940000 -28.110001 0.000000 1689.000000 520.000000 1856.000000 106.000000 -340.000000 3034.000000 
-5.640000 22.750000 81.070000 -13.680000 -27.719999 0.000000 1663.000000 532.000000 2150.000000 -90.000000 -359.000000 3121.000000 
-5.170000 22.620001 80.730003 -13.550000 -27.350000 0.000000 1644.000000 453.000000 2690.000000 -159.000000 -327.000000 3147.000000 
-4.760000 22.450001 80.300003 -13.580000 -27.059999 0.000000 1718.000000 284.000000 3095.000000 -296.000000 -428.000000 3165.000000 
-4.420000 22.280001 79.760002 -13.700000 -26.850000 0.000000 1685.000000 176.000000 3290.000000 -393.000000 -563.000000 3336.000000 
-4.220000 22.170000 79.029999 -13.850000 -26.719999 0.000000 1526.000000 140.000000 3332.000000 -553.000000 -677.000000 3480.000000 
-4.430000 22.190001 77.980003 -14.080000 -26.700001 0.000000 1559.000000 81.000000 3595.000000 -818.000000 -748.000000 3702.000000 
-4.810000 22.240000 76.790001 -14.350000 -26.790001 0.000000 1720.000000 5.000000 4098.000000 -1013.000000 -936.000000 4070.000000 
-5.320000 22.260000 75.559998 -14.520000 -27.049999 0.000000 1659.000000 16.000000 4341.000000 -1300.000000 -1136.000000 4260.000000 
-5.860000 22.230000 74.339996 -14.640000 -27.480000 0.000000 1533.000000 -94.000000 4873.000000 -1655.000000 -1442.000000 4545.000000 
-6.350000 22.170000 73.180000 -14.720000 -28.010000 0.000000 1326.000000 -229.000000 5492.000000 -2144.000000 -1834.000000 5030.000000 
-6.720000 22.090000 72.180000 -14.680000 -28.600000 0.000000 1391.000000 -391.000000 6072.000000 -2622.000000 -2374.000000 5870.000000 
-6.870000 22.090000 71.379997 -14.470000 -29.020000 0.000000 1408.000000 -355.000000 6237.000000 -2861.000000 -2624.000000 6338.000000 
-6.740000 22.230000 70.830002 -14.030000 -29.150000 0.000000 1460.000000 -179.000000 5925.000000 -2814.000000 -2540.000000 6200.000000 
-6.410000 22.580000 70.480003 -13.530000 -29.059999 0.000000 1539.000000 -212.000000 5763.000000 -2590.000000 -2339.000000 5743.000000 
-5.940000 23.120001 70.290001 -13.020000 -28.799999 0.000000 1348.000000 -364.000000 5909.000000 -2423.000000 -2033.000000 5109.000000 
-5.450000 23.770000 70.180000 -12.430000 -28.510000 0.000000 968.000000 -419.000000 5601.000000 -2283.000000 -1830.000000 4427.000000 
-5.020000 24.440001 70.150002 -11.810000 -28.230000 0.000000 758.000000 -564.000000 5228.000000 -2283.000000 -1733.000000 3965.000000 
-4.680000 25.070000 70.120003 -11.140000 -28.020000 0.000000 790.000000 -571.000000 4995.000000 -2297.000000 -1647.000000 3706.000000 
-4.410000 25.580000 70.150002 -10.520000 -27.920000 0.000000 785.000000 -611.000000 4660.000000 -2077.000000 -1743.000000 3722.000000 
-4.200000 25.969999 70.220001 -10.000000 -27.930000 0.000000 851.000000 -740.000000 4668.000000 -1867.000000 -1865.000000 3946.000000 
-4.010000 26.280001 70.360001 -9.530000 -28.090000 0.000000 1015.000000 -790.000000 4734.000000 -1708.000000 -2079.000000 4333.000000 
-3.780000 26.540001 70.580002 -9.050000 -28.010000 0.000000 1182.000000 -790.000000 4828.000000 -2040.000000 -2198.000000 5448.000000 
-3.780000 26.760000 70.720001 -8.560000 -25.950001 0.000000 1754.000000 -752.000000 4720.000000 -1555.000000 -1819.000000 6128.000000 
-3.240000 26.290001 71.080002 -6.370000 -24.230000 0.000000 5612.000000 1996.000000 4885.000000 1113.000000 -1486.000000 3792.000000 
-2.160000 26.600000 71.550003 -5.690000 -22.969999 0.000000 1129.000000 -3117.000000 4664.000000 741.000000 -1837.000000 6038.000000 
-1.550000 27.690001 71.809998 -4.090000 -22.770000 0.000000 1577.000000 476.000000 3053.000000 -1253.000000 -1594.000000 4005.000000 
-1.470000 28.600000 71.870003 -3.520000 -22.950001 0.000000 1853.000000 -1141.000000 4597.000000 -308.000000 -1720.000000 4137.000000 
-1.080000 29.180000 72.050003 -2.530000 -23.190001 0.000000 1160.000000 -415.000000 3527.000000 -657.000000 -1600.000000 4137.000000 
-0.130000 29.490000 72.470001 -1.710000 -23.500000 0.000000 1666.000000 -339.000000 4326.000000 -754.000000 -1737.000000 4178.000000 
1.070000 29.549999 72.980003 -1.140000 -23.840000 0.000000 1499.000000 -473.000000 3912.000000 -550.000000 -1663.000000 3983.000000 
2.130000 29.350000 73.489998 -0.980000 -24.250000 0.000000 1774.000000 -711.000000 3893.000000 -483.000000 -1648.000000 3787.000000 
3.090000 28.750000 73.900002 -0.990000 -24.500000 0.000000 1786.000000 -753.000000 3857.000000 -304.000000 -1561.000000 3780.000000 
4.050000 28.110001 74.349998 -1.060000 -24.650000 0.000000 1917.000000 -817.000000 3799.000000 -210.000000 -1633.000000 3978.000000 
4.860000 27.500000 74.680000 -1.110000 -24.770000 0.000000 1958.000000 -772.000000 3808.000000 -251.000000 -1658.000000 3997.000000 
5.270000 26.889999 74.889999 -1.170000 -24.879999 0.000000 2007.000000 -749.000000 3808.000000 -142.000000 -1789.000000 4198.000000 
5.230000 26.360001 74.930000 -1.270000 -25.139999 0.000000 2056.000000 -757.000000 3795.000000 -133.000000 -1849.000000 4250.000000 
4.920000 25.969999 74.830002 -1.480000 -25.500000 0.000000 2057.000000 -850.000000 3757.000000 -75.000000 -1890.000000 4104.000000 
4.560000 25.709999 74.680000 -1.780000 -25.990000 0.000000 1884.000000 -887.000000 3772.000000 -146.000000 -1902.000000 3942.000000 
4.170000 25.600000 74.510002 -2.130000 -26.490000 0.000000 1795.000000 -984.000000 3836.000000 -245.000000 -1972.000000 3882.000000 
3.750000 25.639999 74.410004 -2.490000 -26.969999 0.000000 1728.000000 -1042.000000 3810.000000 -328.000000 -1998.000000 3826.000000 
3.320000 25.700001 74.290001 -2.800000 -27.350000 0.000000 1630.000000 -1060.000000 3862.000000 -340.000000 -2014.000000 3878.000000 
2.930000 25.760000 74.169998 -3.020000 -27.700001 0.000000 1654.000000 -1017.000000 3859.000000 -341.000000 -2014.000000 3881.000000 
2.670000 25.840000 74.120003 -3.150000 -27.930000 0.000000 1626.000000 -982.000000 3934.000000 -418.000000 -1983.000000 3888.000000 
2.590000 25.930000 74.139999 -3.170000 -28.120001 0.000000 1599.000000 -916.000000 3926.000000 -407.000000 -1902.000000 3910.000000 
2.640000 25.950001 74.190002 -3.110000 -28.180000 0.000000 1659.000000 -831.000000 3894.000000 -357.000000 -1863.000000 3941.000000 
2.730000 25.889999 74.269997 -3.020000 -28.100000 0.000000 1773.000000 -780.000000 3900.000000 -304.000000 -1827.000000 3976.000000 
2.840000 25.680000 74.320000 -2.980000 -28.040001 0.000000 1849.000000 -814.000000 3838.000000 -242.000000 -1794.000000 3968.000000 
3.010000 25.440001 74.449997 -2.960000 -27.959999 0.000000 1900.000000 -793.000000 3832.000000 -196.000000 -1791.000000 4026.000000 
3.170000 25.110001 74.589996 -2.950000 -27.910000 0.000000 1969.000000 -780.000000 3825.000000 -133.000000 -1799.000000 4029.000000 
