0.858254 -2.429921 -64.924978
0.812471 -2.389857 -64.982392
0.813037 -2.376391 -65.006552
0.775286 -2.303652 -65.036441
0.748038 -2.326535 -65.040096
0.703879 -2.259329 -65.145558
0.728925 -2.316675 -65.205917
0.646345 -2.528144 -65.144555
0.457422 -2.671292 -65.170447
0.363017 -2.747246 -65.319176
0.401103 -2.788422 -65.601747
0.701795 -2.780827 -66.113897
1.023172 -2.205699 -66.909443
1.256193 -1.543147 -67.731402
1.399547 -1.123973 -68.410946
1.809496 -0.552005 -69.384844
2.623379 0.32742 -70.919148
3.109814 0.877865 -72.063681
3.485128 0.096952 -71.450079
3.699644 -0.244745 -70.646678
3.852359 -0.127607 -70.460577
3.809215 -0.071613 -70.509709
3.035699 -0.260732 -70.317498
1.540684 -1.439074 -68.706429
0.092205 -3.053018 -66.708287
-1.045015 -4.899554 -64.868884
-1.824448 -6.593459 -63.451107
-2.567585 -8.240334 -62.219846
-3.317978 -9.860859 -61.156329
-4.079207 -11.275033 -60.346747
-4.510248 -12.669893 -59.602433
-4.21263 -14.175826 -58.860793
-3.013162 -15.589444 -58.209584
-1.423655 -16.625824 -57.877992
0.210775 -17.134065 -58.053374
1.546739 -16.440098 -59.322882
2.551258 -15.318007 -60.943624
3.405041 -14.027673 -62.616081
4.193992 -12.800332 -64.16245
4.858961 -11.652551 -65.564099
5.258152 -10.525013 -66.927399
5.279297 -9.343142 -68.321113
4.898484 -8.135777 -69.653843
4.240204 -6.978489 -70.904916
3.466734 -5.906873 -71.951164
2.683032 -4.894413 -72.79178
1.978444 -3.91837 -73.434976
1.377081 -2.976581 -73.930528
0.897283 -2.073474 -74.258645
0.526426 -1.15718 -74.537966
0.208221 -0.250864 -74.751642
-0.189196 0.729719 -75.005024
0.020425 1.905211 -75.564566
0.460824 2.372875 -75.635897
0.890476 2.167545 -75.631154
0.929277 0.597151 -74.54197
1.254905 -0.84159 -73.35931
1.1927 -1.90832 -72.500224
0.613691 -2.121496 -72.086917
0.054483 -2.489729 -71.684581
0.262257 -3.921535 -70.765304
1.686107 -5.742446 -69.254417
2.369815 -7.140595 -67.673512
2.186592 -6.469431 -67.672807
1.979203 -5.871169 -67.768056
2.663535 -5.705339 -67.438905
3.988084 -6.052246 -66.682514
5.411491 -6.258432 -66.056985
6.038086 -6.006093 -65.842239
5.787131 -6.743696 -65.227852
5.531075 -7.685087 -64.546929
5.388073 -8.620641 -63.894027
5.397663 -9.559769 -63.056157
4.915268 -9.78721 -62.543214
4.579224 -9.466686 -62.253073
4.097677 -9.785291 -61.716952
4.903505 -10.41377 -60.866449
5.809903 -10.769328 -60.101748
5.497658 -10.813438 -59.583448
4.956223 -11.199776 -59.233293
4.451049 -11.442735 -58.926635
4.028881 -11.425778 -58.674765
3.920297 -10.767598 -58.463414
4.257214 -9.743585 -58.294367
4.52433 -8.467078 -58.522552
5.235431 -7.115051 -58.767223
5.935448 -5.573967 -59.343466
6.693227 -3.950999 -60.214863
7.383328 -2.207912 -61.424669
7.949991 -0.193912 -63.210792
8.4696 2.033219 -65.796004
8.998445 4.424159 -69.342104
9.629679 6.928742 -74.170301
10.469395 9.418695 -80.567494
11.679269 11.780676 -89.08016
13.47996 13.787543 -100.393046
16.052863 15.182795 -115.46157
19.598203 15.682716 -135.686985
24.028506 14.982855 -162.677788
29.038695 12.555432 162.3353
33.689093 6.57947 119.614966
36.401515 -5.906838 72.080959
34.63052 -20.195703 23.025226
23.785538 -30.166494 -28.700498
-0.815967 -33.99581 -87.319571
-27.207363 -30.349283 -142.142208
-40.720898 -19.468301 -179.832391
-45.129873 -4.47852 154.549539
-45.087743 9.663991 135.455134
-42.75609 20.292869 120.061516
-39.144426 27.50278 107.040289
-34.675828 32.116143 95.489048
-30.132499 34.858149 85.846459
-25.967712 36.453348 77.940963
-22.171519 37.386266 71.27606
-18.838317 37.924307 65.798442
-15.780711 38.233653 61.0847
-12.844216 38.470594 56.849356
-10.016798 38.61954 52.977266
-7.35038 38.69422 49.432032
-4.824851 38.647338 46.078809
-2.709376 38.562835 43.34974
-0.891848 38.389846 41.40031
0.610961 38.27969 39.936775
2.346204 37.894154 37.315185
4.145477 37.419542 34.453782
5.6606 37.156933 32.557322
6.94821 37.043989 31.453456
8.201165 36.809493 29.88689
9.39784 36.419744 27.882689
10.357416 36.105895 26.375858
11.14071 35.93022 25.550453
11.756203 35.727306 24.722852
12.203647 35.433989 23.681737
12.608516 35.200719 22.784389
12.906196 35.103602 22.419986
13.182153 35.012103 22.167908
13.337387 34.849488 21.79443
13.529662 34.682231 21.391462
13.763938 34.590829 21.4888
14.019437 34.375681 21.221741
14.24397 34.061994 20.839919
14.461452 33.779805 20.674574
14.695746 33.511981 20.601577
14.893712 33.221472 20.464632
14.994126 32.960971 20.314113
15.114626 32.764061 20.31861
15.376202 32.575108 20.247249
15.681217 32.281401 20.03225
15.988005 31.9045 19.628641
16.336246 31.481369 19.264423
16.678399 31.069984 19.089847
16.972288 30.722491 18.915466
17.198529 30.42703 18.738684
17.34814 30.212051 18.627765
17.538291 30.051477 18.580197
17.68448 29.913697 18.507441
17.785828 29.727894 18.464023
17.949949 29.54839 18.392114
18.230574 29.367664 18.353358
18.532833 29.205366 18.320201
18.776651 29.016491 18.289499
18.946138 28.795258 18.40067
19.154268 28.60665 18.41029
19.36332 28.432692 18.489949
19.543036 28.30775 18.570714
19.703135 28.247403 18.695499
19.904234 28.2504 18.765882
20.112073 28.272025 18.813049
20.317032 28.264162 18.882482
20.474238 28.242697 19.006205
20.562558 28.21866 19.155512
20.656603 28.197594 19.301885
20.781963 28.152083 19.385825
20.970033 28.096098 19.388564
21.22316 27.991858 19.393026
21.443163 27.855 19.37222
21.707866 27.717459 19.402423
21.944889 27.620769 19.494508
22.054729 27.554327 19.621756
22.134146 27.516823 19.717307
22.178115 27.494549 19.886962
22.18527 27.496055 20.055372
22.213463 27.501535 20.187128
22.264858 27.514333 20.332551
22.349134 27.543507 20.462092
22.464091 27.540657 20.552574
22.511134 27.519701 20.671755
22.498663 27.511727 20.840215
22.45599 27.505179 21.055529
22.405694 27.516858 21.292384
22.342047 27.542995 21.570327
22.28326 27.590677 21.819117
22.220427 27.655966 22.044489
22.1585 27.717734 22.199645
22.055894 27.803533 22.450567
21.964756 27.874194 22.666226
21.992401 27.938299 22.757297
22.089803 27.967273 22.818313
22.257136 27.964782 22.831332
22.464565 27.993518 22.848777
22.639446 27.996102 22.841088
22.779219 28.027894 22.873814
22.823111 28.119931 22.989803
22.696722 28.279809 23.273327
22.377348 28.552952 23.665395
21.859761 28.963882 24.273217
21.179644 29.463925 25.072747
20.363952 29.985482 26.072532
19.491941 30.528991 27.212255
18.481858 31.088347 28.646357
17.337528 31.578075 30.270306
16.135522 32.065128 32.092281
14.783874 32.582429 34.279515
13.275878 33.109912 36.889662
11.393065 33.583162 39.916629
9.104633 34.040671 43.555677
6.410062 34.50101 47.950376
3.136411 34.881014 53.179767
-0.710641 35.083967 59.279627
-5.167496 35.073517 66.50781
-10.444491 34.749794 75.174596
-16.275301 33.892604 85.058698
-22.433127 32.293997 96.138378
-28.631547 29.571331 108.413264
-34.431175 25.088593 121.868816
-39.008641 18.248531 135.989775
-41.73932 8.788701 150.650588
-42.186729 -2.911612 166.541434
-39.616944 -14.84292 -175.459213
-33.106625 -24.330738 -154.298923
-22.547306 -30.019874 -129.69727
-9.711003 -32.448056 -102.796569
2.414158 -32.818873 -75.335668
11.873641 -32.370242 -46.660887
18.872941 -32.685478 -10.91317
23.804389 -33.107589 42.869778
26.440507 -24.079754 127.03691
26.630087 -23.988047 -158.992214
26.034401 -22.571598 -115.948137
25.1865 -19.757485 -93.294785
24.056917 -17.83641 -79.439555
22.693724 -16.620903 -70.078402
21.212131 -15.822706 -63.72853
19.63687 -15.29778 -59.125489
18.044756 -14.943911 -55.749973
16.485938 -14.740174 -53.166215
14.963182 -14.63098 -51.229915
13.459112 -14.56632 -49.821209
11.975099 -14.469023 -48.901128
10.524161 -14.337315 -48.298402
9.123354 -14.240999 -47.8697
7.799616 -14.176516 -47.60034
6.537248 -14.117211 -47.471144
5.310277 -14.033864 -47.442357
4.134738 -13.916864 -47.562592
3.006805 -13.753292 -47.796076
1.930324 -13.607 -48.079649
0.864056 -13.507802 -48.406388
-0.264284 -13.464047 -48.678589
-1.38017 -13.409376 -48.966495
-2.46757 -13.312686 -49.297357
-3.486529 -13.195311 -49.694613
-4.457128 -13.044286 -50.064625
-5.323724 -12.879473 -50.485472
-6.068926 -12.843524 -50.8493
-6.762853 -12.91846 -51.192976
-7.430797 -13.137934 -51.504693
-8.07425 -13.394458 -51.73271
-8.789864 -13.547482 -51.943874
-9.536211 -13.70911 -52.115009
-10.281957 -13.891885 -52.261306
-10.982152 -14.127376 -52.388983
-11.535678 -14.50464 -52.492836
-11.938739 -14.862072 -52.575978
-12.30361 -15.180495 -52.655165
-12.005374 -15.284517 -52.926018
-11.526837 -15.919316 -53.103612
-12.626841 -16.902537 -53.217612
-14.096037 -17.297781 -53.535487
-14.596878 -17.784701 -53.506473
-14.543677 -18.026523 -53.401902
-14.478882 -18.380281 -53.282148
-14.867805 -18.635275 -53.257176
-15.240295 -18.839294 -53.186683
-15.368351 -19.060281 -52.973228
-15.312401 -19.288696 -52.69242
-15.21336 -19.465335 -52.476956
-15.202468 -19.654278 -52.342268
-15.345977 -19.944321 -52.268895
-15.363807 -20.210167 -52.261451
-15.515439 -20.751685 -52.269081
-15.745162 -21.311913 -52.33587
-16.18052 -21.729876 -52.48199
-16.79545 -21.981627 -52.668828
-17.347364 -22.155414 -52.809332
-17.635423 -22.28351 -52.833596
-17.902677 -22.154318 -52.855249
-17.953961 -21.807457 -52.770893
-17.822529 -21.15212 -52.672448
-17.607677 -20.287747 -52.590903
-17.290758 -19.573914 -52.471366
-17.075178 -18.560069 -52.40573
-16.795297 -17.331541 -52.331309
-15.944493 -16.267274 -52.281257
-14.934165 -15.269685 -52.278657
-13.991599 -14.506367 -52.233691
-13.227017 -13.828124 -52.175699
-12.602817 -13.062309 -52.154282
-12.18539 -12.191009 -52.172292
-11.990431 -11.269559 -52.184957
-11.785142 -10.345057 -52.175452
-11.353338 -9.361361 -52.139211
-10.689899 -8.420677 -52.088977
-9.856023 -7.541777 -52.023608
-8.755909 -6.598285 -51.955142
-7.421348 -5.52537 -51.929378
-6.092801 -4.303113 -52.027411
-4.982227 -2.969286 -52.264281
-4.08032 -1.672234 -52.553616
-3.349039 -0.476952 -52.919178
-2.7194 0.568861 -53.353741
-2.151267 1.413482 -53.724068
-1.786573 1.977008 -53.990974
-1.609339 2.218844 -54.027841
-1.414348 2.370076 -53.924465
-0.809588 2.583004 -53.84643
0.279537 3.025041 -54.03305
1.081165 3.086116 -54.006497
1.66335 2.927527 -53.947733
2.069179 2.710148 -53.769349
2.316954 2.495153 -53.602942
2.369708 2.312032 -53.389703
2.365944 2.125786 -53.145733
2.401585 1.958649 -52.913836
2.588056 1.801626 -52.706254
2.814926 1.709634 -52.501696
3.022009 1.603034 -52.284075
3.293387 1.478499 -52.087354
3.602287 1.299327 -51.914287
3.979655 1.027821 -51.76916
4.442804 0.737534 -51.697892
4.962827 0.497771 -51.722056
5.431591 0.234489 -51.832669
5.788059 -0.063736 -51.955833
6.0584 -0.374154 -52.045663
6.202853 -0.719836 -52.118912
6.308673 -1.080588 -52.159233
6.471242 -1.449667 -52.216504
6.778581 -1.777968 -52.303349
7.180188 -2.106889 -52.405005
7.646264 -2.473361 -52.50248
8.102324 -2.905224 -52.49539
8.499469 -3.385055 -52.36628
8.833173 -3.787075 -52.183136
9.153858 -4.076388 -52.024769
9.424278 -4.388186 -51.880605
9.600031 -4.851644 -51.615413
9.593556 -5.557435 -51.0951
9.415312 -6.512519 -50.356682
9.216595 -7.661647 -49.495197
8.972694 -8.83053 -48.592097
8.629678 -9.938507 -47.640837
8.144696 -10.971292 -46.70432
7.669335 -11.886203 -45.81464
7.379262 -12.62316 -45.086766
6.788427 -12.940772 -44.709475
6.21209 -13.584887 -44.072211
5.782174 -14.045735 -43.644567
5.545176 -14.438403 -43.349387
5.393155 -14.618141 -43.173089
5.45613 -14.674078 -43.207461
5.735418 -14.695821 -43.221771
5.950185 -14.512977 -43.4998
6.091244 -14.112753 -43.979226
6.100017 -13.548485 -44.537354
6.244665 -13.174327 -44.962201
6.19127 -12.91625 -45.218443
6.078378 -12.735493 -45.359627
5.993469 -12.53591 -45.499683
5.164604 -7.254009 -52.071522
5.106335 -6.976747 -52.175809
4.974303 -6.681816 -52.283667
4.803269 -6.390045 -52.289394
4.539351 -6.108078 -52.25129
4.292556 -5.870031 -52.245547
4.110798 -5.662433 -52.20696
4.019754 -5.44588 -52.220653
6.055519 -6.222971 -48.026332
6.172276 -6.056627 -48.137311
12.932831 -6.080317 -49.251797
13.421415 -6.304011 -49.193313
13.860767 -6.474257 -49.197155
14.045824 -6.504886 -49.366892
13.746332 -6.69554 -49.012994
13.38318 -6.669208 -48.915475
12.776169 -6.540663 -48.951793
11.829016 -6.614376 -48.853816
10.90771 -7.084871 -48.367425
9.860878 -7.841841 -47.536606
8.576756 -8.517616 -46.626512
7.378318 -9.075721 -45.90642
6.631567 -9.23987 -45.577548
6.558593 -8.968634 -45.662632
6.630377 -8.43705 -45.933181
6.541685 -7.919467 -46.183429
6.161176 -7.610993 -46.228509
5.84663 -7.332592 -46.294957
5.799303 -6.814656 -46.635371
5.963555 -6.225257 -47.05966
6.141901 -5.768991 -47.445876
6.205743 -5.422102 -47.692815
6.174847 -5.132847 -47.841555
6.126827 -4.872247 -47.984722
6.081994 -4.589786 -48.126254
6.060595 -4.290832 -48.279057
6.033404 -3.947639 -48.52006
5.988335 -3.634002 -48.705205
5.865885 -3.384688 -48.797299
5.766496 -3.191963 -48.900122
5.675109 -3.023772 -48.993716
5.644245 -2.873587 -49.03302
5.659357 -2.709259 -49.187758
5.704852 -2.554418 -49.396047
5.694111 -2.341228 -49.546086
5.628322 -2.067857 -49.71651
5.550508 -1.84755 -49.820239
5.752721 -11.395225 -49.741661
5.993995 -11.197038 -49.85604
6.244926 -11.024531 -49.971587
6.4018 -10.89397 -50.034313
-0.08051 -3.802981 -50.383319
-0.046919 -3.386024 -50.615865
0.180328 -3.134445 -50.931738
0.455847 -2.960814 -51.207832
0.653332 -2.784907 -51.458198
0.773549 -2.694801 -51.671343
0.855516 -2.647393 -51.805408
0.791412 -2.460059 -51.930227
0.708542 -2.212923 -52.188347
0.74126 -2.029109 -52.364634
0.686737 -1.887535 -52.542807
0.468768 -1.507468 -52.739879
0.285038 -0.799603 -53.117447
0.21289 -0.184105 -53.440529
0.590468 0.10728 -53.767449
1.102146 0.442198 -54.1435
1.651345 0.77391 -54.386851
2.4588 0.938011 -54.494789
3.392809 0.764965 -54.562483
2.721798 1.448772 -54.536162
1.874765 2.106289 -54.529825
1.343973 1.982085 -54.214406
1.679518 2.058531 -54.226875
2.042366 2.185325 -54.287294
2.412092 2.183324 -54.31574
2.811531 2.117814 -54.393528
3.25871 1.962355 -54.555267
3.729003 1.6426 -54.698428
3.953553 1.41775 -54.811346
3.899243 1.240193 -54.769603
3.583471 1.080976 -54.649551
2.956006 0.894966 -54.375647
6.523742 -6.061817 -45.990876
6.120653 -5.672167 -45.914954
5.682632 -5.264192 -45.867226
