10.680000 35.660000 68.889999 -3.580000 -17.500000 0.000000 3933.000000 -1835.000000 4588.000000 998.000000 -2793.000000 4167.000000 
12.710000 35.259998 67.720001 -3.290000 -16.090000 0.000000 3565.000000 -2022.000000 4963.000000 715.000000 -2403.000000 3437.000000 
15.080000 35.049999 66.690002 -2.740000 -15.000000 0.000000 3157.000000 -2055.000000 5061.000000 239.000000 -2262.000000 3211.000000 
17.610001 35.150002 65.730003 -1.830000 -14.020000 0.000000 2734.000000 -1746.000000 4623.000000 72.000000 -2308.000000 3354.000000 
20.000000 35.919998 64.760002 -0.620000 -13.220000 0.000000 2359.000000 -1211.000000 3791.000000 -164.000000 -2384.000000 3455.000000 
22.049999 37.360001 63.770000 0.680000 -12.570000 0.000000 2069.000000 -990.000000 3404.000000 -590.000000 -2513.000000 3464.000000 
24.219999 39.130001 62.939999 2.030000 -11.950000 0.000000 1255.000000 -461.000000 2832.000000 -1082.000000 -2211.000000 3002.000000 
26.620001 40.990002 62.279999 3.570000 -11.250000 0.000000 1042.000000 -87.000000 2252.000000 -1522.000000 -1521.000000 1917.000000 
29.139999 42.799999 61.689999 5.580000 -10.010000 0.000000 594.000000 357.000000 1713.000000 -1849.000000 -987.000000 1348.000000 
31.660000 44.450001 61.110001 7.250000 -8.360000 0.000000 138.000000 604.000000 1835.000000 -2365.000000 -420.000000 597.000000 
34.049999 45.830002 60.430000 8.500000 -6.760000 0.000000 -101.000000 770.000000 2260.000000 -2791.000000 -198.000000 342.000000 
36.070000 46.990002 59.520000 9.200000 -5.450000 0.000000 -268.000000 614.000000 3170.000000 -2981.000000 -314.000000 614.000000 
37.700001 48.029999 58.459999 9.630000 -4.590000 0.000000 -689.000000 641.000000 3928.000000 -3081.000000 -769.000000 1253.000000 
38.990002 49.090000 57.389999 10.030000 -3.830000 0.000000 -716.000000 826.000000 4010.000000 -3618.000000 -790.000000 1242.000000 
40.090000 50.279999 56.480000 10.600000 -2.950000 0.000000 -309.000000 1110.000000 3766.000000 -4403.000000 -156.000000 282.000000 
41.049999 51.669998 55.820000 11.270000 -2.040000 0.000000 -339.000000 1318.000000 3691.000000 -4548.000000 348.000000 -363.000000 
41.939999 53.209999 55.430000 11.970000 -1.250000 0.000000 -778.000000 1583.000000 3442.000000 -4373.000000 467.000000 -332.000000 
42.779999 54.779999 55.270000 12.650000 -0.750000 0.000000 -1085.000000 1860.000000 3066.000000 -4473.000000 219.000000 -48.000000 
43.480000 56.299999 55.169998 13.200000 -0.530000 0.000000 -1623.000000 2009.000000 2684.000000 -4819.000000 11.000000 -24.000000 
43.830002 57.700001 54.900002 13.540000 -0.510000 0.000000 -2105.000000 1989.000000 2859.000000 -5267.000000 -115.000000 -15.000000 
43.810001 58.900002 54.450001 13.690000 -0.640000 0.000000 -2093.000000 1851.000000 3070.000000 -5534.000000 -333.000000 53.000000 
43.500000 59.849998 53.880001 13.570000 -0.880000 0.000000 -1924.000000 1506.000000 3866.000000 -5415.000000 -833.000000 681.000000 
42.990002 60.570000 53.320000 13.480000 -1.000000 0.000000 -1487.000000 1557.000000 3821.000000 -4747.000000 -911.000000 1284.000000 
42.150002 61.200001 52.700001 13.470000 -0.920000 0.000000 -1154.000000 1512.000000 3556.000000 -4364.000000 -854.000000 1283.000000 
40.869999 61.820000 51.919998 13.280000 -0.740000 0.000000 -681.000000 1257.000000 4047.000000 -3951.000000 -720.000000 1360.000000 
39.340000 62.400002 51.009998 13.020000 -0.590000 0.000000 -365.000000 1153.000000 4021.000000 -3427.000000 -704.000000 1677.000000 
37.630001 62.889999 49.950001 12.570000 -0.440000 0.000000 -57.000000 1018.000000 4198.000000 -3062.000000 -459.000000 1517.000000 
35.410000 63.299999 48.459999 11.530000 -0.800000 0.000000 270.000000 703.000000 4610.000000 -2497.000000 -779.000000 2122.000000 
32.779999 63.650002 46.580002 10.570000 -1.640000 0.000000 436.000000 616.000000 4278.000000 -2379.000000 -1278.000000 2971.000000 
29.910000 63.950001 44.470001 9.820000 -2.700000 0.000000 983.000000 518.000000 4095.000000 -2708.000000 -1397.000000 3100.000000 
26.820000 64.110001 42.139999 8.940000 -3.810000 0.000000 1203.000000 294.000000 4299.000000 -2633.000000 -1431.000000 3173.000000 
23.790001 64.129997 39.750000 7.900000 -4.960000 0.000000 1180.000000 82.000000 4387.000000 -2270.000000 -1627.000000 3384.000000 
20.950001 64.089996 37.500000 6.670000 -6.140000 0.000000 878.000000 -148.000000 4515.000000 -2505.000000 -1799.000000 3392.000000 
18.170000 63.990002 35.299999 5.360000 -7.380000 0.000000 694.000000 -357.000000 4986.000000 -2903.000000 -2010.000000 3359.000000 
15.470000 63.799999 33.130001 4.080000 -8.630000 0.000000 619.000000 -631.000000 5109.000000 -3059.000000 -2367.000000 3694.000000 
12.920000 63.560001 31.160000 2.900000 -9.830000 0.000000 799.000000 -535.000000 5096.000000 -3276.000000 -2419.000000 3595.000000 
10.590000 63.270000 29.350000 1.820000 -11.000000 0.000000 1055.000000 -587.000000 5542.000000 -3268.000000 -2516.000000 3669.000000 
8.590000 62.939999 27.820000 0.900000 -12.170000 0.000000 1287.000000 -556.000000 5682.000000 -2915.000000 -2772.000000 4122.000000 
7.040000 62.590000 26.690001 0.160000 -13.290000 0.000000 1711.000000 -707.000000 5579.000000 -2733.000000 -2812.000000 4082.000000 
5.770000 62.419998 25.700001 -0.310000 -14.310000 0.000000 1708.000000 -394.000000 5225.000000 -2710.000000 -2666.000000 3808.000000 
4.940000 62.439999 24.959999 -0.780000 -15.230000 0.000000 1219.000000 -321.000000 4907.000000 -2921.000000 -2473.000000 3428.000000 
4.950000 62.740002 24.910000 -0.910000 -16.059999 0.000000 -186.000000 -394.000000 6079.000000 -3500.000000 -2301.000000 2778.000000 
6.330000 63.240002 26.139999 -1.010000 -16.480000 0.000000 541.000000 -253.000000 4098.000000 -4000.000000 -1651.000000 2215.000000 
7.700000 63.660000 27.459999 -0.920000 -16.650000 0.000000 555.000000 -115.000000 3604.000000 -3493.000000 -1226.000000 2087.000000 
9.340000 63.860001 29.180000 -0.490000 -16.750000 0.000000 936.000000 16.000000 3926.000000 -3203.000000 -719.000000 1924.000000 
9.560000 63.139999 29.750000 -0.050000 -18.340000 0.000000 1260.000000 273.000000 3718.000000 -423.000000 -13686.000000 2978.000000 
10.260000 62.290001 30.520000 -0.350000 -20.230000 0.000000 2898.000000 -233.000000 4675.000000 -2893.000000 -1282.000000 3383.000000 
10.980000 61.540001 31.290001 -0.770000 -22.309999 0.000000 3176.000000 -620.000000 5189.000000 -3736.000000 -1666.000000 2585.000000 
12.290000 61.180000 32.689999 -1.110000 -24.250000 0.000000 2166.000000 -504.000000 4279.000000 -1835.000000 -1619.000000 2282.000000 
13.520000 61.480000 34.049999 -1.030000 -26.500000 0.000000 997.000000 -155.000000 4306.000000 -1933.000000 -2213.000000 2430.000000 
13.660000 61.240002 34.490002 -1.050000 -28.959999 0.000000 1332.000000 -171.000000 3499.000000 -3245.000000 -3248.000000 3251.000000 
13.370000 60.599998 34.619999 -0.840000 -31.020000 0.000000 1841.000000 -21.000000 4007.000000 -4008.000000 -3708.000000 3618.000000 
14.460000 60.669998 35.779999 -0.740000 -32.060001 0.000000 2052.000000 -10.000000 4127.000000 -2806.000000 -2873.000000 2872.000000 
14.460000 60.860001 36.020000 -0.320000 -32.099998 0.000000 1672.000000 214.000000 4004.000000 -2980.000000 -1674.000000 2091.000000 
15.290000 60.279999 36.799999 -0.210000 -32.310001 0.000000 1910.000000 91.000000 3952.000000 -2891.000000 -2765.000000 2647.000000 
16.480000 60.099998 37.820000 -0.060000 -32.270000 0.000000 1416.000000 55.000000 3735.000000 -2893.000000 -1959.000000 2101.000000 
17.270000 59.820000 38.580002 -0.010000 -32.150002 0.000000 1767.000000 91.000000 4212.000000 -3203.000000 -1955.000000 2081.000000 
18.000000 59.830002 39.349998 0.070000 -32.110001 0.000000 1453.000000 123.000000 4176.000000 -3577.000000 -2098.000000 2164.000000 
18.799999 59.840000 40.150002 0.070000 -31.930000 0.000000 1139.000000 233.000000 4015.000000 -3535.000000 -1851.000000 1943.000000 
19.850000 59.720001 41.189999 -0.010000 -31.690001 0.000000 1017.000000 260.000000 4140.000000 -2534.000000 -1580.000000 1802.000000 
20.840000 59.770000 42.240002 -0.240000 -31.490000 0.000000 1099.000000 135.000000 4835.000000 -3182.000000 -1254.000000 1700.000000 
21.170000 60.169998 42.860001 -0.330000 -31.600000 0.000000 1221.000000 85.000000 5529.000000 -3593.000000 -1518.000000 1477.000000 
21.129999 60.880001 43.299999 -0.050000 -31.910000 0.000000 1138.000000 227.000000 5635.000000 -4087.000000 -2079.000000 1490.000000 
21.090000 61.700001 43.790001 0.510000 -32.259998 0.000000 794.000000 452.000000 5474.000000 -4491.000000 -2463.000000 1530.000000 
21.170000 62.500000 44.369999 1.270000 -32.599998 0.000000 623.000000 582.000000 5341.000000 -4813.000000 -2882.000000 1553.000000 
21.389999 63.220001 45.090000 2.190000 -32.759998 0.000000 534.000000 746.000000 5178.000000 -4989.000000 -2645.000000 1459.000000 
21.780001 63.840000 45.939999 3.180000 -32.810001 0.000000 523.000000 887.000000 5145.000000 -5026.000000 -2673.000000 1504.000000 
22.360001 64.360001 46.910000 4.170000 -32.630001 0.000000 559.000000 942.000000 5101.000000 -5193.000000 -2472.000000 1411.000000 
23.160000 64.809998 48.080002 5.100000 -32.230000 0.000000 544.000000 987.000000 5208.000000 -5291.000000 -2432.000000 1364.000000 
24.170000 65.199997 49.480000 5.950000 -31.600000 0.000000 415.000000 1068.000000 5173.000000 -5237.000000 -2200.000000 1241.000000 
25.360001 65.529999 51.080002 6.720000 -30.750000 0.000000 355.000000 1111.000000 5272.000000 -5100.000000 -1971.000000 1149.000000 
26.740000 65.809998 52.910000 7.370000 -29.770000 0.000000 296.000000 1075.000000 5313.000000 -5051.000000 -1769.000000 1055.000000 
28.280001 66.050003 54.990002 7.800000 -28.690001 0.000000 221.000000 961.000000 5426.000000 -5070.000000 -1576.000000 1029.000000 
29.940001 66.239998 57.330002 8.070000 -27.570000 0.000000 132.000000 853.000000 5378.000000 -4949.000000 -1443.000000 981.000000 
31.580000 66.379997 59.799999 8.300000 -26.440001 0.000000 99.000000 812.000000 5179.000000 -4707.000000 -1382.000000 1028.000000 
33.099998 66.500000 62.279999 8.570000 -25.400000 0.000000 209.000000 783.000000 5062.000000 -4450.000000 -1467.000000 1090.000000 
34.480000 66.599998 64.720001 8.920000 -24.520000 0.000000 322.000000 814.000000 5049.000000 -4112.000000 -1564.000000 1132.000000 
35.740002 66.690002 67.089996 9.330000 -23.850000 0.000000 446.000000 823.000000 4968.000000 -3879.000000 -1717.000000 1210.000000 
36.959999 66.790001 69.410004 9.780000 -23.320000 0.000000 581.000000 843.000000 4846.000000 -3784.000000 -1810.000000 1181.000000 
38.240002 66.910004 71.779999 10.290000 -22.850000 0.000000 595.000000 826.000000 4715.000000 -3782.000000 -1826.000000 1156.000000 
39.639999 67.019997 74.269997 10.710000 -22.330000 0.000000 518.000000 778.000000 4582.000000 -3767.000000 -1731.000000 1120.000000 
41.259998 67.070000 77.000000 10.960000 -21.680000 0.000000 469.000000 632.000000 4451.000000 -3837.000000 -1539.000000 1097.000000 
42.939999 67.070000 79.849998 11.120000 -20.959999 0.000000 458.000000 534.000000 4337.000000 -3722.000000 -1401.000000 1091.000000 
44.480000 67.010002 82.629997 11.190000 -20.270000 0.000000 486.000000 429.000000 4233.000000 -3566.000000 -1362.000000 1146.000000 
45.840000 66.900002 85.379997 11.250000 -19.690001 0.000000 579.000000 364.000000 4127.000000 -3278.000000 -1337.000000 1166.000000 
46.810001 66.849998 87.809998 11.300000 -19.410000 0.000000 784.000000 337.000000 4097.000000 -2971.000000 -1537.000000 1292.000000 
47.380001 66.910004 89.910004 11.330000 -19.440001 0.000000 950.000000 309.000000 4067.000000 -2752.000000 -1799.000000 1420.000000 
47.830002 67.070000 91.900002 11.390000 -19.670000 0.000000 1084.000000 328.000000 4051.000000 -2562.000000 -1987.000000 1476.000000 
48.279999 67.339996 93.839996 11.460000 -20.010000 0.000000 1200.000000 328.000000 4022.000000 -2480.000000 -2152.000000 1499.000000 
48.790001 67.690002 95.800003 11.510000 -20.379999 0.000000 1180.000000 274.000000 3922.000000 -2545.000000 -2211.000000 1439.000000 
49.439999 68.059998 97.820000 11.520000 -20.600000 0.000000 1047.000000 206.000000 3797.000000 -2655.000000 -2036.000000 1365.000000 
50.060001 68.370003 99.839996 11.480000 -20.620001 0.000000 822.000000 118.000000 3608.000000 -2747.000000 -1802.000000 1288.000000 
50.610001 68.550003 101.809998 11.420000 -20.520000 0.000000 757.000000 37.000000 3497.000000 -2653.000000 -1577.000000 1188.000000 
50.610001 68.589996 103.309998 11.350000 -20.440001 0.000000 754.000000 -30.000000 3410.000000 -2528.000000 -1511.000000 1191.000000 
49.889999 68.540001 104.099998 11.100000 -20.450001 0.000000 880.000000 -196.000000 3274.000000 -2286.000000 -1414.000000 1190.000000 
48.680000 68.330002 104.510002 10.790000 -20.629999 0.000000 1068.000000 -291.000000 3253.000000 -1972.000000 -1404.000000 1266.000000 
46.950001 68.139999 104.480003 10.440000 -21.120001 0.000000 1286.000000 -380.000000 3294.000000 -1624.000000 -1485.000000 1272.000000 
44.799999 68.190002 104.089996 10.040000 -21.879999 0.000000 1422.000000 -407.000000 3278.000000 -1331.000000 -1793.000000 1402.000000 
42.430000 68.610001 103.489998 9.580000 -22.910000 0.000000 1313.000000 -361.000000 3163.000000 -1233.000000 -2195.000000 1497.000000 
40.020000 69.209999 102.760002 9.110000 -24.090000 0.000000 1202.000000 -389.000000 3115.000000 -1546.000000 -2440.000000 1564.000000 
37.439999 69.639999 101.790001 8.700000 -25.309999 0.000000 1134.000000 -374.000000 3013.000000 -1859.000000 -2514.000000 1571.000000 
34.880001 69.959999 100.730003 8.340000 -26.379999 0.000000 1091.000000 -360.000000 2945.000000 -2083.000000 -2432.000000 1581.000000 
32.380001 70.089996 99.610001 7.980000 -27.290001 0.000000 1120.000000 -358.000000 2969.000000 -2132.000000 -2328.000000 1561.000000 
30.059999 70.089996 98.550003 7.530000 -28.049999 0.000000 1168.000000 -411.000000 3094.000000 -2073.000000 -2269.000000 1562.000000 
27.910000 70.000000 97.639999 7.020000 -28.730000 0.000000 1187.000000 -420.000000 3214.000000 -1981.000000 -2263.000000 1641.000000 
25.440001 70.000000 96.370003 6.450000 -29.450001 0.000000 1217.000000 -412.000000 3321.000000 -1854.000000 -2341.000000 1689.000000 
22.750000 70.050003 94.790001 5.830000 -30.240000 0.000000 1162.000000 -422.000000 3433.000000 -1938.000000 -2504.000000 1697.000000 
19.959999 70.059998 93.169998 5.210000 -31.000000 0.000000 1143.000000 -476.000000 3473.000000 -2180.000000 -2593.000000 1706.000000 
17.270000 69.919998 91.510002 4.520000 -31.740000 0.000000 1047.000000 -576.000000 3517.000000 -2374.000000 -2694.000000 1691.000000 
15.030000 69.620003 90.129997 3.800000 -32.369999 0.000000 1025.000000 -710.000000 3641.000000 -2571.000000 -2792.000000 1747.000000 
13.310000 69.190002 89.269997 3.060000 -32.880001 0.000000 1156.000000 -827.000000 3781.000000 -2498.000000 -2830.000000 1813.000000 
11.910000 68.709999 88.699997 2.330000 -33.250000 0.000000 1314.000000 -898.000000 3926.000000 -2340.000000 -2832.000000 1926.000000 
10.550000 68.230003 88.199997 1.620000 -33.610001 0.000000 1449.000000 -909.000000 4009.000000 -2143.000000 -2882.000000 2055.000000 
9.080000 67.769997 87.589996 0.950000 -33.959999 0.000000 1479.000000 -890.000000 4017.000000 -2079.000000 -2987.000000 2128.000000 
7.510000 67.300003 86.809998 0.290000 -34.380001 0.000000 1405.000000 -885.000000 3917.000000 -2265.000000 -3058.000000 2080.000000 
5.910000 66.779999 85.930000 -0.380000 -34.750000 0.000000 1388.000000 -923.000000 3941.000000 -2518.000000 -3144.000000 2125.000000 
4.600000 66.209999 85.389999 -1.100000 -35.139999 0.000000 1401.000000 -998.000000 3986.000000 -2519.000000 -3180.000000 2112.000000 
3.330000 65.580002 84.820000 -1.870000 -35.500000 0.000000 1471.000000 -1083.000000 4056.000000 -2497.000000 -3283.000000 2157.000000 
2.030000 64.919998 84.110001 -2.650000 -35.849998 0.000000 1619.000000 -1151.000000 4262.000000 -2348.000000 -3328.000000 2275.000000 
1.120000 64.260002 83.809998 -3.470000 -36.119999 0.000000 1588.000000 -1259.000000 4268.000000 -2298.000000 -3279.000000 2291.000000 
0.650000 63.570000 83.830002 -4.310000 -36.360001 0.000000 1518.000000 -1297.000000 4212.000000 -2392.000000 -3337.000000 2359.000000 
0.320000 62.889999 83.970001 -5.090000 -36.430000 0.000000 1508.000000 -1303.000000 4218.000000 -2536.000000 -3285.000000 2333.000000 
-0.040000 62.139999 84.029999 -5.790000 -36.500000 0.000000 1569.000000 -1281.000000 4170.000000 -2483.000000 -3275.000000 2323.000000 
-0.430000 61.400002 84.099998 -6.450000 -36.630001 0.000000 1677.000000 -1314.000000 4089.000000 -2329.000000 -3313.000000 2336.000000 
-0.930000 60.650002 84.110001 -7.090000 -37.099998 0.000000 1794.000000 -1326.000000 4126.000000 -2150.000000 -3432.000000 2371.000000 
-1.670000 59.980000 83.839996 -7.730000 -37.520000 0.000000 1906.000000 -1372.000000 4166.000000 -1928.000000 -3536.000000 2435.000000 
-2.420000 59.380001 83.510002 -8.380000 -37.910000 0.000000 1975.000000 -1467.000000 4313.000000 -1911.000000 -3580.000000 2477.000000 
-3.100000 58.849998 83.199997 -9.010000 -38.310001 0.000000 1967.000000 -1504.000000 4454.000000 -1884.000000 -3621.000000 2467.000000 
-3.880000 58.549999 82.730003 -9.610000 -38.869999 0.000000 1854.000000 -1495.000000 4493.000000 -2088.000000 -3712.000000 2436.000000 
-4.540000 58.360001 82.330002 -10.170000 -39.259998 0.000000 1700.000000 -1515.000000 4516.000000 -2420.000000 -3722.000000 2351.000000 
-4.860000 58.160000 82.089996 -10.680000 -39.520000 0.000000 1551.000000 -1506.000000 4507.000000 -2704.000000 -3677.000000 2342.000000 
-4.870000 58.020000 82.080002 -11.090000 -39.580002 0.000000 1535.000000 -1467.000000 4510.000000 -2729.000000 -3540.000000 2285.000000 
-4.820000 57.990002 82.150002 -11.350000 -39.549999 0.000000 1647.000000 -1370.000000 4575.000000 -2572.000000 -3476.000000 2324.000000 
-4.760000 58.049999 82.190002 -11.550000 -39.360001 0.000000 1624.000000 -1312.000000 4527.000000 -2420.000000 -3377.000000 2277.000000 
-4.630000 58.189999 82.260002 -11.600000 -38.910000 0.000000 1683.000000 -1181.000000 4581.000000 -2396.000000 -3236.000000 2295.000000 
-4.500000 58.419998 82.300003 -11.560000 -38.490002 0.000000 1675.000000 -1058.000000 4506.000000 -2436.000000 -3071.000000 2244.000000 
-4.300000 58.700001 82.360001 -11.510000 -38.169998 0.000000 1482.000000 -986.000000 4324.000000 -2677.000000 -2981.000000 2199.000000 
-3.960000 58.959999 82.510002 -11.390000 -37.770000 0.000000 1421.000000 -848.000000 4239.000000 -2911.000000 -2795.000000 2134.000000 
-3.430000 59.189999 82.739998 -11.240000 -37.380001 0.000000 1313.000000 -783.000000 4179.000000 -3000.000000 -2684.000000 2053.000000 
-2.810000 59.389999 83.080002 -11.110000 -36.849998 0.000000 1295.000000 -772.000000 4116.000000 -3018.000000 -2561.000000 2064.000000 
-2.070000 59.540001 83.570000 -10.990000 -36.209999 0.000000 1319.000000 -755.000000 4230.000000 -2936.000000 -2457.000000 2059.000000 
-1.310000 59.720001 84.110001 -10.880000 -35.599998 0.000000 1310.000000 -757.000000 4254.000000 -2809.000000 -2337.000000 2067.000000 
-0.520000 59.880001 84.720001 -10.720000 -34.840000 0.000000 1389.000000 -743.000000 4318.000000 -2720.000000 -2228.000000 2060.000000 
0.190000 60.070000 85.309998 -10.560000 -34.119999 0.000000 1445.000000 -711.000000 4370.000000 -2587.000000 -2165.000000 2062.000000 
0.770000 60.299999 85.800003 -10.360000 -33.490002 0.000000 1443.000000 -694.000000 4347.000000 -2448.000000 -2125.000000 2052.000000 
1.120000 60.580002 86.099998 -10.110000 -33.080002 0.000000 1445.000000 -644.000000 4357.000000 -2317.000000 -2187.000000 1998.000000 
1.200000 60.950001 86.160004 -9.770000 -33.070000 0.000000 1342.000000 -567.000000 4275.000000 -2377.000000 -2242.000000 1956.000000 
1.160000 61.349998 86.089996 -9.440000 -33.240002 0.000000 1200.000000 -569.000000 4162.000000 -2547.000000 -2209.000000 1848.000000 
1.090000 61.730000 85.919998 -9.050000 -33.410000 0.000000 1034.000000 -483.000000 4035.000000 -2775.000000 -2205.000000 1758.000000 
1.060000 62.099998 85.790001 -8.680000 -33.580002 0.000000 913.000000 -440.000000 3896.000000 -2989.000000 -2138.000000 1667.000000 
1.080000 62.430000 85.730003 -8.350000 -33.630001 0.000000 823.000000 -399.000000 3844.000000 -3127.000000 -2143.000000 1650.000000 
1.110000 62.740002 85.690002 -8.040000 -33.810001 0.000000 834.000000 -368.000000 3873.000000 -3069.000000 -2213.000000 1650.000000 
1.090000 63.070000 85.620003 -7.780000 -33.900002 0.000000 870.000000 -358.000000 3987.000000 -2979.000000 -2274.000000 1697.000000 
1.060000 63.400002 85.589996 -7.530000 -33.759998 0.000000 885.000000 -355.000000 3992.000000 -2929.000000 -2255.000000 1679.000000 
1.120000 63.700001 85.650002 -7.300000 -33.820000 0.000000 719.000000 -342.000000 4122.000000 -10694.000000 -1070.000000 -2486.000000 
0.520000 63.330002 85.180000 -7.270000 -33.669998 0.000000 -931.000000 -1237.000000 1967.000000 -3923.000000 -2720.000000 2067.000000 
1.560000 63.810001 86.290001 -6.540000 -33.220001 0.000000 2363.000000 193.000000 4032.000000 -2451.000000 -2703.000000 2388.000000 
2.510000 63.750000 87.139999 -6.130000 -32.220001 0.000000 2205.000000 -133.000000 4613.000000 -2144.000000 -1713.000000 2078.000000 
3.710000 63.720001 88.169998 -5.810000 -31.230000 0.000000 2368.000000 29.000000 4566.000000 -2348.000000 -1719.000000 1900.000000 
4.350000 63.799999 88.699997 -5.520000 -30.520000 0.000000 1823.000000 -35.000000 4486.000000 -2427.000000 -1921.000000 2037.000000 
4.820000 63.959999 89.139999 -5.360000 -30.070000 0.000000 1291.000000 -202.000000 4462.000000 -2826.000000 -2150.000000 2111.000000 
5.330000 64.099998 89.599998 -5.230000 -29.930000 0.000000 1234.000000 -213.000000 4280.000000 -2991.000000 -2129.000000 2014.000000 
5.710000 64.209999 89.959999 -5.130000 -29.770000 0.000000 1011.000000 -268.000000 4308.000000 -3084.000000 -2212.000000 1946.000000 
5.990000 64.290001 90.239998 -5.110000 -29.709999 0.000000 822.000000 -340.000000 4278.000000 -3271.000000 -2314.000000 1861.000000 
6.230000 64.300003 90.489998 -5.100000 -29.790001 0.000000 745.000000 -369.000000 4225.000000 -3676.000000 -2726.000000 2004.000000 
6.460000 64.239998 90.739998 -5.030000 -29.400000 0.000000 675.000000 -302.000000 4168.000000 -2993.000000 -2005.000000 1544.000000 
6.830000 64.180000 91.120003 -5.030000 -28.350000 0.000000 1203.000000 -376.000000 4130.000000 -759.000000 -1486.000000 2318.000000 
7.370000 63.930000 91.639999 -4.720000 -27.910000 0.000000 1817.000000 -122.000000 4151.000000 -2755.000000 -2372.000000 2480.000000 
7.850000 63.700001 92.059998 -4.450000 -26.889999 0.000000 2054.000000 -249.000000 4043.000000 -2527.000000 -1759.000000 2011.000000 
7.900000 63.939999 92.059998 -4.150000 -26.580000 0.000000 1643.000000 -310.000000 3950.000000 -2809.000000 -2226.000000 2181.000000 
8.230000 64.169998 92.260002 -3.820000 -26.150000 0.000000 1489.000000 -315.000000 4009.000000 -2857.000000 -2075.000000 2079.000000 
8.460000 64.400002 92.360001 -3.460000 -25.500000 0.000000 1492.000000 -301.000000 3871.000000 -2786.000000 -1877.000000 2020.000000 
8.610000 64.639999 92.440002 -3.120000 -24.639999 0.000000 1594.000000 -289.000000 3981.000000 -2808.000000 -1837.000000 2138.000000 
8.760000 64.940002 92.470001 -2.770000 -23.570000 0.000000 1573.000000 -240.000000 3956.000000 -2738.000000 -1652.000000 2089.000000 
8.680000 65.300003 92.330002 -2.470000 -22.280001 0.000000 1557.000000 -237.000000 3992.000000 -2456.000000 -1501.000000 2000.000000 
8.120000 65.750000 91.779999 -2.270000 -21.340000 0.000000 1799.000000 -178.000000 3529.000000 -2068.000000 -2386.000000 2764.000000 
6.950000 66.330002 90.709999 -2.660000 -20.340000 0.000000 126.000000 -203.000000 2883.000000 -2561.000000 -3310.000000 3607.000000 
5.350000 66.699997 89.269997 -3.700000 -18.889999 0.000000 232.000000 -516.000000 3361.000000 -3835.000000 -2372.000000 2188.000000 
2.780000 66.410004 86.970001 -5.090000 -16.860001 0.000000 -477.000000 -1622.000000 5887.000000 -3619.000000 -1699.000000 1396.000000 
-0.250000 65.779999 84.309998 -6.100000 -14.850000 0.000000 482.000000 -1751.000000 5874.000000 -3094.000000 -1649.000000 1572.000000 
-2.750000 64.830002 82.139999 -6.510000 -13.630000 0.000000 1614.000000 -1584.000000 4550.000000 -2609.000000 -2190.000000 2295.000000 
-4.620000 63.650002 80.589996 -6.770000 -13.030000 0.000000 1850.000000 -1786.000000 4762.000000 -3039.000000 -2271.000000 2716.000000 
-6.190000 62.480000 79.330002 -7.090000 -13.070000 0.000000 1780.000000 -2023.000000 5265.000000 -3051.000000 -2617.000000 3112.000000 
-7.770000 61.520000 78.169998 -7.400000 -13.500000 0.000000 1686.000000 -1990.000000 5245.000000 -2675.000000 -3174.000000 3826.000000 
-9.360000 60.689999 77.050003 -7.720000 -14.140000 0.000000 1599.000000 -2025.000000 5259.000000 -2566.000000 -3539.000000 4174.000000 
-10.800000 59.820000 75.980003 -8.040000 -14.880000 0.000000 1616.000000 -2058.000000 5248.000000 -2740.000000 -3594.000000 4080.000000 
-11.810000 58.810001 75.199997 -8.390000 -15.540000 0.000000 1234.000000 -2190.000000 5288.000000 -2546.000000 -3608.000000 4011.000000 
-12.690000 57.869999 74.320000 -8.670000 -16.129999 0.000000 1520.000000 -2002.000000 5083.000000 -2448.000000 -3263.000000 3549.000000 
-13.250000 57.029999 73.570000 -8.980000 -16.709999 0.000000 1429.000000 -2015.000000 4823.000000 -2497.000000 -2924.000000 3049.000000 
-13.580000 56.160000 73.010002 -9.340000 -17.330000 0.000000 1170.000000 -2057.000000 4692.000000 -2547.000000 -2825.000000 2714.000000 
-13.900000 55.419998 72.510002 -9.760000 -18.010000 0.000000 636.000000 -2020.000000 4639.000000 -2699.000000 -2628.000000 2423.000000 
-14.170000 54.660000 72.110001 -10.180000 -18.740000 0.000000 197.000000 -2018.000000 4493.000000 -2928.000000 -2503.000000 2065.000000 
-14.450000 54.070000 71.839996 -10.580000 -19.580000 0.000000 -201.000000 -2030.000000 4431.000000 -2939.000000 -2491.000000 1691.000000 
-14.820000 53.480000 71.650002 -11.020000 -20.620001 0.000000 -488.000000 -2107.000000 4289.000000 -2767.000000 -2571.000000 1444.000000 
-15.310000 52.880001 71.540001 -11.380000 -21.920000 0.000000 -798.000000 -2057.000000 4098.000000 -2588.000000 -2780.000000 1415.000000 
-15.680000 52.270000 71.639999 -11.650000 -23.410000 0.000000 -663.000000 -1754.000000 3769.000000 -2090.000000 -2767.000000 1614.000000 
-15.890000 51.590000 71.860001 -11.870000 -24.879999 0.000000 -395.000000 -1449.000000 3245.000000 -1919.000000 -2871.000000 2147.000000 
-15.820000 50.930000 72.199997 -11.970000 -26.120001 0.000000 -171.000000 -1031.000000 2809.000000 -1452.000000 -2814.000000 2491.000000 
-15.470000 50.320000 72.660004 -11.990000 -27.049999 0.000000 44.000000 -751.000000 2649.000000 -1015.000000 -2604.000000 2708.000000 
-14.820000 49.799999 73.279999 -11.920000 -27.799999 0.000000 209.000000 -643.000000 2893.000000 -730.000000 -2354.000000 2724.000000 
-14.180000 49.330002 73.800003 -11.970000 -28.639999 0.000000 509.000000 -720.000000 3303.000000 -646.000000 -2188.000000 2597.000000 
-13.820000 48.910000 74.040001 -12.190000 -29.709999 0.000000 765.000000 -876.000000 3672.000000 -809.000000 -2048.000000 2363.000000 
-13.870000 48.650002 74.059998 -12.480000 -30.990000 0.000000 860.000000 -980.000000 3938.000000 -1093.000000 -1995.000000 2173.000000 
-14.060000 48.570000 73.930000 -12.700000 -32.279999 0.000000 886.000000 -915.000000 3859.000000 -1428.000000 -1972.000000 2141.000000 
-14.110000 48.610001 73.849998 -12.730000 -33.310001 0.000000 712.000000 -685.000000 3575.000000 -1646.000000 -1828.000000 2245.000000 
-13.930000 48.740002 73.919998 -12.570000 -33.990002 0.000000 557.000000 -425.000000 3469.000000 -1836.000000 -1710.000000 2504.000000 
-13.710000 48.970001 73.949997 -12.300000 -34.299999 0.000000 667.000000 -135.000000 3712.000000 -1806.000000 -1569.000000 2716.000000 
-13.620000 49.290001 73.849998 -12.080000 -34.369999 0.000000 1035.000000 -35.000000 4029.000000 -1686.000000 -1466.000000 2836.000000 
-13.870000 49.680000 73.440002 -11.790000 -34.310001 0.000000 1208.000000 144.000000 4330.000000 -1621.000000 -1373.000000 2858.000000 
-14.420000 50.070000 72.739998 -11.340000 -34.240002 0.000000 1300.000000 391.000000 4128.000000 -1638.000000 -1338.000000 2908.000000 
-15.050000 50.410000 71.860001 -10.780000 -34.110001 0.000000 1278.000000 563.000000 3895.000000 -1670.000000 -1443.000000 2965.000000 
-15.470000 50.639999 70.989998 -10.130000 -33.930000 0.000000 1192.000000 726.000000 3514.000000 -1882.000000 -1434.000000 3105.000000 
-15.410000 50.730000 70.320000 -9.410000 -33.709999 0.000000 1034.000000 946.000000 3094.000000 -2139.000000 -1348.000000 3271.000000 
-14.840000 50.650002 69.910004 -8.700000 -33.299999 0.000000 890.000000 1209.000000 2769.000000 -2217.000000 -1147.000000 3385.000000 
-13.900000 50.410000 69.680000 -8.100000 -32.779999 0.000000 852.000000 1256.000000 2747.000000 -2256.000000 -947.000000 3401.000000 
-12.810000 50.009998 69.519997 -7.610000 -32.110001 0.000000 806.000000 1286.000000 2855.000000 -2241.000000 -759.000000 3184.000000 
-11.730000 49.520000 69.389999 -7.280000 -31.420000 0.000000 441.000000 1054.000000 3439.000000 -2418.000000 -663.000000 2934.000000 
-10.820000 48.950001 69.220001 -7.100000 -30.860001 0.000000 438.000000 902.000000 3823.000000 -2770.000000 -600.000000 2735.000000 
-10.110000 48.320000 69.019997 -6.980000 -30.410000 0.000000 688.000000 814.000000 4003.000000 -3020.000000 -676.000000 2807.000000 
-9.500000 47.630001 68.849998 -6.860000 -29.950001 0.000000 965.000000 891.000000 3915.000000 -3000.000000 -712.000000 2991.000000 
-8.870000 46.840000 68.769997 -6.740000 -29.320000 0.000000 1032.000000 1008.000000 3611.000000 -2697.000000 -704.000000 3288.000000 
-8.140000 45.939999 68.750000 -6.640000 -28.620001 0.000000 1296.000000 1134.000000 3393.000000 -2365.000000 -805.000000 3566.000000 
-7.320000 44.919998 68.820000 -6.620000 -27.830000 0.000000 1439.000000 1057.000000 3465.000000 -2124.000000 -985.000000 3852.000000 
-6.430000 43.810001 68.910004 -6.710000 -27.000000 0.000000 1644.000000 954.000000 3708.000000 -1945.000000 -1108.000000 4006.000000 
-5.560000 42.669998 68.949997 -6.780000 -26.240000 0.000000 817.000000 787.000000 4215.000000 -1902.000000 -1240.000000 3937.000000 
-4.750000 41.599998 68.930000 -7.050000 -25.719999 0.000000 1306.000000 464.000000 4515.000000 -2087.000000 -1456.000000 4067.000000 
-4.040000 40.529999 68.860001 -7.370000 -25.389999 0.000000 1471.000000 282.000000 4480.000000 -2278.000000 -1638.000000 4085.000000 
-3.410000 39.470001 68.809998 -7.770000 -25.120001 0.000000 1195.000000 -1.000000 4682.000000 -2563.000000 -1791.000000 4001.000000 
-2.780000 38.450001 68.839996 -8.190000 -24.799999 0.000000 941.000000 -187.000000 4896.000000 -2784.000000 -1933.000000 3969.000000 
-2.250000 37.580002 68.919998 -8.590000 -24.469999 0.000000 1145.000000 -291.000000 4995.000000 -2996.000000 -2157.000000 4168.000000 
-1.910000 36.869999 69.059998 -8.920000 -24.059999 0.000000 1551.000000 -256.000000 4987.000000 -2881.000000 -2230.000000 4273.000000 
-1.860000 36.430000 69.139999 -9.260000 -23.559999 0.000000 1842.000000 -326.000000 5186.000000 -2473.000000 -2132.000000 4144.000000 
-2.110000 36.189999 69.129997 -9.400000 -23.040001 0.000000 1653.000000 -590.000000 5739.000000 -2104.000000 -2023.000000 4053.000000 
-2.380000 35.970001 69.089996 -9.280000 -22.520000 0.000000 1856.000000 -376.000000 5093.000000 -1787.000000 -1866.000000 3825.000000 
-2.460000 35.700001 69.169998 -9.040000 -22.100000 0.000000 1597.000000 -263.000000 4431.000000 -1543.000000 -1758.000000 3757.000000 
-2.370000 35.439999 69.300003 -8.850000 -21.889999 0.000000 1220.000000 -416.000000 4248.000000 -1539.000000 -1776.000000 3678.000000 
-2.130000 35.150002 69.540001 -8.780000 -21.870001 0.000000 1129.000000 -527.000000 4267.000000 -1705.000000 -1826.000000 3721.000000 
-1.790000 34.799999 69.910004 -8.750000 -22.000000 0.000000 1302.000000 -607.000000 4324.000000 -1834.000000 -1917.000000 3766.000000 
-1.430000 34.419998 70.379997 -8.660000 -22.180000 0.000000 1537.000000 -603.000000 4418.000000 -1833.000000 -1931.000000 3805.000000 
-1.120000 34.060001 70.849998 -8.490000 -22.250000 0.000000 1599.000000 -601.000000 4646.000000 -1571.000000 -1996.000000 4187.000000 
-1.000000 33.919998 71.209999 -8.290000 -22.090000 0.000000 3179.000000 -667.000000 4770.000000 -1110.000000 -1902.000000 4292.000000 
-0.790000 33.259998 71.669998 -7.910000 -21.639999 0.000000 2412.000000 -494.000000 4352.000000 -703.000000 -1658.000000 4060.000000 
-0.600000 32.950001 72.070000 -7.510000 -21.080000 0.000000 2056.000000 -500.000000 3865.000000 -300.000000 -1476.000000 3763.000000 
-0.420000 32.700001 72.430000 -7.110000 -20.580000 0.000000 2181.000000 -456.000000 3239.000000 -300.000000 -1370.000000 3610.000000 
-0.350000 32.419998 72.610001 -6.690000 -20.209999 0.000000 1887.000000 -294.000000 2575.000000 -403.000000 -1303.000000 3395.000000 
-0.120000 31.700001 72.900002 -6.410000 -20.080000 0.000000 1769.000000 -299.000000 2405.000000 -176.000000 -1386.000000 3472.000000 
0.290000 30.410000 73.209999 -6.470000 -20.299999 0.000000 1299.000000 -632.000000 3242.000000 -900.000000 -2307.000000 5489.000000 
0.130000 29.020000 73.110001 -6.390000 -19.120001 0.000000 1343.000000 -266.000000 3611.000000 -1874.000000 -2677.000000 7418.000000 
0.590000 28.150000 73.410004 -6.230000 -18.120001 0.000000 9905.000000 -518.000000 15268.000000 266.000000 -1774.000000 3704.000000 
1.420000 26.780001 73.739998 -5.670000 -17.309999 0.000000 2284.000000 -2236.000000 3813.000000 -616.000000 -1812.000000 4561.000000 
2.180000 25.959999 74.059998 -5.260000 -17.030001 0.000000 583.000000 -323.000000 5070.000000 775.000000 -2225.000000 5323.000000 
2.760000 25.590000 74.410004 -4.990000 -17.430000 0.000000 2686.000000 -1048.000000 3739.000000 -1180.000000 -1794.000000 3291.000000 
3.770000 24.920000 74.870003 -4.900000 -17.910000 0.000000 1365.000000 -921.000000 3671.000000 -104.000000 -1800.000000 3748.000000 
4.490000 24.320000 75.250000 -4.860000 -18.290001 0.000000 1621.000000 -1038.000000 4031.000000 -359.000000 -1880.000000 3706.000000 
4.450000 23.709999 75.379997 -4.840000 -18.660000 0.000000 2252.000000 -920.000000 3787.000000 -227.000000 -1986.000000 3797.000000 
3.790000 23.290001 75.320000 -4.630000 -19.049999 0.000000 2039.000000 -851.000000 3666.000000 -70.000000 -2100.000000 3942.000000 
3.150000 23.129999 75.250000 -4.320000 -19.480000 0.000000 1995.000000 -764.000000 3649.000000 -92.000000 -2146.000000 3915.000000 
2.830000 23.180000 75.260002 -4.140000 -19.920000 0.000000 1925.000000 -832.000000 3748.000000 -358.000000 -2169.000000 3782.000000 
2.750000 23.280001 75.370003 -4.140000 -20.309999 0.000000 1721.000000 -926.000000 3901.000000 -445.000000 -2123.000000 3706.000000 
2.650000 23.320000 75.480003 -4.300000 -20.750000 0.000000 1583.000000 -1011.000000 3967.000000 -392.000000 -2122.000000 3709.000000 
2.540000 23.260000 75.639999 -4.440000 -21.090000 0.000000 1902.000000 -921.000000 3834.000000 -363.000000 -2059.000000 3720.000000 
2.510000 23.049999 75.709999 -4.560000 -21.160000 0.000000 1918.000000 -778.000000 3755.000000 -247.000000 -1977.000000 3917.000000 
2.610000 22.889999 75.820000 -4.750000 -21.230000 0.000000 1779.000000 -871.000000 4059.000000 -361.000000 -1925.000000 3950.000000 
2.670000 22.830000 75.879997 -4.850000 -21.299999 0.000000 1667.000000 -662.000000 3915.000000 -314.000000 -1901.000000 3960.000000 
2.640000 22.900000 75.989998 -4.990000 -21.340000 0.000000 1764.000000 -709.000000 3999.000000 -425.000000 -1913.000000 4030.000000 
2.490000 23.170000 76.000000 -5.100000 -21.520000 0.000000 1550.000000 -646.000000 4009.000000 -498.000000 -1919.000000 3952.000000 
2.240000 23.500000 75.980003 -5.240000 -21.719999 0.000000 1503.000000 -650.000000 4018.000000 -526.000000 -1953.000000 3911.000000 
1.990000 23.840000 75.959999 -5.400000 -22.030001 0.000000 1593.000000 -689.000000 3986.000000 -543.000000 -1973.000000 3863.000000 
1.780000 24.100000 75.930000 -5.640000 -22.370001 0.000000 1569.000000 -739.000000 3987.000000 -503.000000 -2015.000000 3845.000000 
1.580000 24.230000 75.870003 -5.940000 -22.680000 0.000000 1545.000000 -798.000000 3950.000000 -542.000000 -2041.000000 3813.000000 
1.420000 24.309999 75.860001 -6.280000 -23.049999 0.000000 1557.000000 -831.000000 3985.000000 -497.000000 -2073.000000 3812.000000 
1.230000 24.330000 75.820000 -6.650000 -23.410000 0.000000 1518.000000 -911.000000 3964.000000 -475.000000 -2090.000000 3778.000000 
1.090000 24.309999 75.839996 -7.030000 -23.770000 0.000000 1490.000000 -952.000000 3962.000000 -470.000000 -2114.000000 3778.000000 
