47.320000 59.770000 55.810001 10.060000 -0.650000 0.000000 -2400.000000 1417.000000 3291.000000 -5141.000000 -224.000000 -141.000000 
47.169998 60.950001 55.310001 10.020000 -1.030000 0.000000 -2788.000000 1100.000000 3997.000000 -5699.000000 -742.000000 277.000000 
46.590000 62.009998 54.790001 9.900000 -1.500000 0.000000 -2431.000000 943.000000 4701.000000 -5874.000000 -1189.000000 786.000000 
45.650002 63.020000 54.310001 9.900000 -1.910000 0.000000 -2008.000000 1013.000000 4588.000000 -5493.000000 -1436.000000 1240.000000 
44.560001 64.000000 53.990002 10.070000 -2.160000 0.000000 -1521.000000 1170.000000 4383.000000 -4822.000000 -1418.000000 1588.000000 
43.400002 64.959999 53.750000 10.150000 -2.290000 0.000000 -1529.000000 1124.000000 4747.000000 -4352.000000 -1395.000000 1818.000000 
42.000000 65.860001 53.349998 10.320000 -2.330000 0.000000 -1187.000000 1269.000000 4416.000000 -3824.000000 -1291.000000 2223.000000 
40.310001 66.620003 52.590000 10.940000 -2.260000 0.000000 -294.000000 1470.000000 3593.000000 -3286.000000 -1109.000000 2316.000000 
38.540001 67.190002 51.529999 11.520000 -2.200000 0.000000 177.000000 1277.000000 3520.000000 -3347.000000 -1021.000000 2389.000000 
36.880001 67.529999 50.340000 11.750000 -2.140000 0.000000 22.000000 1059.000000 3749.000000 -3660.000000 -895.000000 2226.000000 
35.470001 67.680000 49.360001 11.150000 -2.250000 0.000000 149.000000 760.000000 4130.000000 -3478.000000 -1084.000000 2451.000000 
34.020000 67.760002 48.430000 10.070000 -2.410000 0.000000 218.000000 380.000000 4799.000000 -3397.000000 -1213.000000 2905.000000 
32.730000 67.769997 47.770000 9.010000 -2.470000 0.000000 454.000000 201.000000 5124.000000 -3310.000000 -1230.000000 3150.000000 
31.299999 67.610001 47.139999 8.280000 -2.170000 0.000000 1005.000000 273.000000 4704.000000 -3017.000000 -740.000000 2979.000000 
29.020000 67.440002 45.869999 7.800000 -1.760000 0.000000 1274.000000 416.000000 4589.000000 -2042.000000 -405.000000 2968.000000 
26.490000 67.529999 44.320000 7.390000 -1.740000 0.000000 1452.000000 460.000000 4699.000000 -1079.000000 -680.000000 3549.000000 
23.770000 67.620003 42.459999 7.050000 -2.130000 0.000000 1932.000000 396.000000 4567.000000 -1450.000000 -1051.000000 4030.000000 
21.049999 67.680000 40.389999 6.780000 -2.830000 0.000000 1801.000000 359.000000 4258.000000 -2237.000000 -1393.000000 4054.000000 
18.540001 67.690002 38.320000 6.370000 -3.620000 0.000000 1662.000000 158.000000 4384.000000 -2836.000000 -1321.000000 3687.000000 
16.580000 67.610001 36.660000 5.910000 -4.550000 0.000000 1278.000000 118.000000 4010.000000 -3034.000000 -1414.000000 3534.000000 
15.330000 67.550003 35.610001 5.270000 -5.610000 0.000000 1253.000000 -10.000000 4165.000000 -3078.000000 -1431.000000 3347.000000 
14.740000 67.519997 35.169998 4.470000 -6.720000 0.000000 759.000000 105.000000 4426.000000 -3355.000000 -1387.000000 3193.000000 
15.570000 67.500000 35.939999 3.460000 -7.810000 0.000000 933.000000 -284.000000 4906.000000 -3431.000000 -1379.000000 2976.000000 
17.020000 67.610001 37.400002 3.090000 -8.530000 0.000000 1262.000000 205.000000 4917.000000 -6578.000000 -1264.000000 4720.000000 
17.709999 67.099998 38.279999 2.550000 -9.360000 0.000000 2114.000000 -242.000000 5234.000000 -3255.000000 -518.000000 3410.000000 
17.160000 66.919998 38.099998 2.280000 -10.350000 0.000000 2307.000000 -149.000000 4872.000000 -3007.000000 -1032.000000 2840.000000 
16.020000 67.010002 37.209999 2.110000 -11.400000 0.000000 2098.000000 -102.000000 4522.000000 -2957.000000 -950.000000 2783.000000 
15.420000 66.900002 36.660000 2.120000 -12.840000 0.000000 1651.000000 52.000000 4014.000000 -3000.000000 -1583.000000 2918.000000 
15.540000 67.059998 36.660000 2.470000 -14.360000 0.000000 1417.000000 217.000000 3481.000000 -2975.000000 -1799.000000 2777.000000 
15.690000 67.339996 36.580002 2.500000 -15.820000 0.000000 1436.000000 141.000000 3368.000000 -3048.000000 -1683.000000 2701.000000 
16.330000 67.610001 36.919998 1.750000 -17.250000 0.000000 1458.000000 -39.000000 4193.000000 -3068.000000 -1406.000000 2547.000000 
18.070000 67.849998 38.220001 1.230000 -19.059999 0.000000 -1358.000000 -329.000000 8017.000000 -2949.000000 -2081.000000 2697.000000 
20.170000 68.059998 39.970001 1.610000 -20.840000 0.000000 1457.000000 178.000000 3395.000000 -2988.000000 -1908.000000 2442.000000 
21.209999 68.269997 41.000000 1.860000 -22.280001 0.000000 865.000000 222.000000 4086.000000 -3958.000000 -1506.000000 2115.000000 
20.360001 68.320000 40.380001 1.580000 -23.450001 0.000000 1542.000000 -44.000000 4243.000000 -4269.000000 -1186.000000 1728.000000 
20.370001 68.389999 40.509998 2.010000 -24.980000 0.000000 1337.000000 192.000000 3776.000000 -3517.000000 -3620.000000 2961.000000 
20.900000 68.139999 41.000000 2.490000 -25.910000 0.000000 1457.000000 285.000000 4105.000000 -3509.000000 -2737.000000 2828.000000 
21.600000 67.849998 41.590000 2.550000 -26.120001 0.000000 1513.000000 199.000000 4288.000000 -2708.000000 -1754.000000 2061.000000 
22.840000 67.410004 42.639999 2.260000 -26.320000 0.000000 1515.000000 120.000000 4345.000000 -3214.000000 -1983.000000 2219.000000 
24.150000 66.949997 43.779999 1.820000 -26.430000 0.000000 1114.000000 66.000000 4436.000000 -3430.000000 -1813.000000 2113.000000 
25.290001 66.660004 44.820000 1.670000 -26.370001 0.000000 1020.000000 181.000000 4033.000000 -3464.000000 -1685.000000 2007.000000 
26.200001 66.419998 45.650002 1.950000 -26.049999 0.000000 1021.000000 348.000000 3785.000000 -3355.000000 -1312.000000 2067.000000 
27.360001 66.290001 46.779999 2.170000 -25.610001 0.000000 1030.000000 327.000000 4093.000000 -3880.000000 -1545.000000 2148.000000 
28.590000 66.080002 47.970001 2.480000 -25.299999 0.000000 1147.000000 439.000000 4268.000000 -3699.000000 -1831.000000 2132.000000 
29.070000 66.089996 48.599998 2.670000 -24.889999 0.000000 1017.000000 394.000000 4509.000000 -2687.000000 -1365.000000 1949.000000 
29.650000 66.089996 49.299999 2.570000 -24.660000 0.000000 968.000000 256.000000 4848.000000 -2929.000000 -1275.000000 1644.000000 
30.100000 66.070000 49.830002 2.230000 -24.700001 0.000000 893.000000 120.000000 5163.000000 -3581.000000 -1257.000000 1453.000000 
30.389999 66.220001 50.270000 2.070000 -24.959999 0.000000 620.000000 134.000000 5244.000000 -4124.000000 -1768.000000 1518.000000 
30.389999 66.589996 50.549999 2.070000 -25.280001 0.000000 476.000000 174.000000 5359.000000 -4482.000000 -2186.000000 1567.000000 
30.450001 67.029999 50.990002 2.280000 -25.510000 0.000000 481.000000 252.000000 5466.000000 -4664.000000 -2406.000000 1660.000000 
30.730000 67.480003 51.680000 2.780000 -25.610001 0.000000 564.000000 387.000000 5520.000000 -4514.000000 -2344.000000 1620.000000 
31.230000 67.919998 52.599998 3.620000 -25.559999 0.000000 606.000000 584.000000 5530.000000 -4738.000000 -2395.000000 1682.000000 
31.969999 68.360001 53.750000 4.550000 -25.340000 0.000000 521.000000 751.000000 5416.000000 -4697.000000 -2113.000000 1560.000000 
32.930000 68.800003 55.119999 5.490000 -24.969999 0.000000 392.000000 873.000000 5309.000000 -4839.000000 -1974.000000 1443.000000 
34.270000 69.209999 56.860001 6.340000 -24.450001 0.000000 266.000000 938.000000 5202.000000 -4876.000000 -1720.000000 1327.000000 
35.779999 69.550003 58.810001 7.040000 -23.799999 0.000000 37.000000 941.000000 5059.000000 -5035.000000 -1491.000000 1270.000000 
37.419998 69.809998 60.980000 7.620000 -23.040001 0.000000 -67.000000 920.000000 5005.000000 -5053.000000 -1251.000000 1165.000000 
39.090000 69.959999 63.310001 8.040000 -22.219999 0.000000 -120.000000 834.000000 5025.000000 -5142.000000 -1050.000000 1071.000000 
40.709999 70.029999 65.750000 8.330000 -21.389999 0.000000 -146.000000 776.000000 5015.000000 -5123.000000 -1015.000000 1074.000000 
42.150002 70.070000 68.129997 8.570000 -20.629999 0.000000 -88.000000 773.000000 4968.000000 -4951.000000 -1113.000000 1085.000000 
43.389999 70.089996 70.449997 8.910000 -20.000000 0.000000 54.000000 812.000000 4936.000000 -4652.000000 -1370.000000 1152.000000 
44.529999 70.089996 72.730003 9.210000 -19.520000 0.000000 262.000000 808.000000 5025.000000 -4366.000000 -1629.000000 1282.000000 
45.709999 70.089996 75.040001 9.420000 -19.180000 0.000000 483.000000 753.000000 5018.000000 -4054.000000 -1787.000000 1365.000000 
47.040001 70.080002 77.449997 9.570000 -18.809999 0.000000 610.000000 683.000000 5024.000000 -3893.000000 -1809.000000 1475.000000 
48.610001 70.070000 80.080002 9.700000 -18.370001 0.000000 639.000000 647.000000 4954.000000 -3846.000000 -1713.000000 1514.000000 
50.400002 70.050003 82.930000 9.800000 -17.809999 0.000000 632.000000 601.000000 4886.000000 -3829.000000 -1525.000000 1512.000000 
52.419998 69.980003 86.019997 9.880000 -17.090000 0.000000 559.000000 556.000000 4750.000000 -3827.000000 -1295.000000 1469.000000 
54.439999 69.949997 89.220001 9.960000 -16.299999 0.000000 580.000000 509.000000 4656.000000 -3715.000000 -1105.000000 1418.000000 
56.430000 69.889999 92.529999 10.020000 -15.560000 0.000000 608.000000 465.000000 4558.000000 -3655.000000 -1024.000000 1425.000000 
58.220001 69.820000 95.669998 10.080000 -14.930000 0.000000 651.000000 439.000000 4492.000000 -3614.000000 -1043.000000 1477.000000 
59.779999 69.800003 98.730003 10.130000 -14.530000 0.000000 708.000000 411.000000 4411.000000 -3547.000000 -1152.000000 1482.000000 
61.240002 69.820000 101.709999 10.250000 -14.350000 0.000000 791.000000 438.000000 4330.000000 -3458.000000 -1328.000000 1554.000000 
62.549999 69.940002 104.559998 10.480000 -14.370000 0.000000 947.000000 495.000000 4264.000000 -3275.000000 -1491.000000 1617.000000 
63.900002 70.129997 107.400002 10.770000 -14.540000 0.000000 999.000000 537.000000 4151.000000 -3119.000000 -1627.000000 1655.000000 
65.360001 70.339996 110.309998 11.050000 -14.770000 0.000000 950.000000 555.000000 4000.000000 -3072.000000 -1690.000000 1666.000000 
66.849998 70.489998 113.220001 11.380000 -14.900000 0.000000 871.000000 524.000000 3829.000000 -3107.000000 -1602.000000 1631.000000 
68.379997 70.519997 116.209999 11.690000 -14.880000 0.000000 789.000000 490.000000 3701.000000 -3184.000000 -1450.000000 1578.000000 
69.769997 70.489998 119.000000 11.980000 -14.720000 0.000000 842.000000 503.000000 3632.000000 -3159.000000 -1264.000000 1558.000000 
70.709999 70.400002 121.440002 12.150000 -14.540000 0.000000 856.000000 463.000000 3589.000000 -3045.000000 -1174.000000 1540.000000 
71.230003 70.370003 123.489998 12.230000 -14.410000 0.000000 850.000000 436.000000 3509.000000 -2927.000000 -1183.000000 1560.000000 
71.660004 70.440002 125.430000 12.230000 -14.480000 0.000000 911.000000 402.000000 3539.000000 -2803.000000 -1239.000000 1562.000000 
71.570000 70.580002 126.870003 12.140000 -14.730000 0.000000 952.000000 351.000000 3539.000000 -2719.000000 -1360.000000 1602.000000 
71.430000 70.800003 128.289993 11.980000 -15.150000 0.000000 995.000000 303.000000 3560.000000 -2601.000000 -1507.000000 1622.000000 
71.169998 71.059998 129.500000 11.750000 -15.660000 0.000000 1058.000000 223.000000 3568.000000 -2466.000000 -1584.000000 1649.000000 
70.459999 71.209999 130.289993 11.500000 -16.129999 0.000000 1079.000000 135.000000 3509.000000 -2366.000000 -1538.000000 1644.000000 
69.739998 71.269997 131.059998 11.260000 -16.570000 0.000000 1120.000000 89.000000 3490.000000 -2275.000000 -1499.000000 1699.000000 
68.559998 71.220001 131.389999 11.040000 -16.969999 0.000000 1104.000000 59.000000 3361.000000 -2199.000000 -1403.000000 1658.000000 
67.269997 71.209999 131.559998 10.790000 -17.450001 0.000000 1016.000000 15.000000 3249.000000 -2245.000000 -1457.000000 1620.000000 
65.940002 71.360001 131.649994 10.490000 -18.070000 0.000000 825.000000 -31.000000 3104.000000 -2453.000000 -1590.000000 1587.000000 
64.360001 71.570000 131.429993 10.190000 -18.760000 0.000000 686.000000 -43.000000 2940.000000 -2637.000000 -1694.000000 1528.000000 
62.580002 71.820000 131.050003 9.900000 -19.559999 0.000000 553.000000 -1.000000 2814.000000 -2827.000000 -1878.000000 1466.000000 
60.630001 72.070000 130.429993 9.720000 -20.370001 0.000000 707.000000 116.000000 2819.000000 -2786.000000 -1942.000000 1524.000000 
58.250000 72.239998 129.350006 9.580000 -21.020000 0.000000 991.000000 180.000000 2868.000000 -2238.000000 -1904.000000 1617.000000 
55.400002 72.370003 127.720001 9.310000 -21.650000 0.000000 1282.000000 105.000000 3039.000000 -1875.000000 -1938.000000 1719.000000 
52.209999 72.540001 125.739998 8.810000 -22.320000 0.000000 1433.000000 -37.000000 3240.000000 -1616.000000 -2050.000000 1795.000000 
48.770000 72.760002 123.379997 8.060000 -23.040001 0.000000 1435.000000 -194.000000 3405.000000 -1598.000000 -2105.000000 1837.000000 
45.099998 72.949997 120.699997 7.130000 -23.850000 0.000000 1344.000000 -305.000000 3582.000000 -1796.000000 -2227.000000 1845.000000 
41.320000 73.059998 117.870003 6.070000 -24.809999 0.000000 1146.000000 -481.000000 3750.000000 -2149.000000 -2312.000000 1810.000000 
37.700001 73.050003 115.050003 4.960000 -25.879999 0.000000 912.000000 -660.000000 3909.000000 -2481.000000 -2300.000000 1687.000000 
34.360001 72.949997 112.459999 3.870000 -26.930000 0.000000 758.000000 -809.000000 3995.000000 -2756.000000 -2447.000000 1696.000000 
31.299999 72.769997 110.209999 2.850000 -27.840000 0.000000 697.000000 -893.000000 4063.000000 -2731.000000 -2528.000000 1714.000000 
28.490000 72.540001 108.209999 1.960000 -28.540001 0.000000 870.000000 -936.000000 4120.000000 -2591.000000 -2502.000000 1787.000000 
25.840000 72.309998 106.379997 1.200000 -29.129999 0.000000 974.000000 -901.000000 4173.000000 -2524.000000 -2490.000000 1875.000000 
23.070000 72.160004 104.449997 0.550000 -29.700001 0.000000 1017.000000 -814.000000 4145.000000 -2440.000000 -2559.000000 1910.000000 
20.139999 72.070000 102.279999 -0.020000 -30.340000 0.000000 1078.000000 -701.000000 4103.000000 -2534.000000 -2693.000000 2013.000000 
17.139999 71.949997 100.050003 -0.520000 -31.129999 0.000000 1149.000000 -647.000000 4122.000000 -2567.000000 -2896.000000 2058.000000 
14.250000 71.769997 97.779999 -0.990000 -31.969999 0.000000 1256.000000 -679.000000 4119.000000 -2660.000000 -3050.000000 2082.000000 
11.740000 71.529999 95.779999 -1.500000 -32.750000 0.000000 1232.000000 -712.000000 4149.000000 -2793.000000 -3146.000000 2095.000000 
9.620000 71.230003 94.059998 -2.080000 -33.419998 0.000000 1133.000000 -759.000000 4197.000000 -2907.000000 -3163.000000 2134.000000 
8.230000 70.820000 93.019997 -2.680000 -33.730000 0.000000 1069.000000 -807.000000 4295.000000 -3026.000000 -3029.000000 2114.000000 
7.700000 70.379997 92.739998 -3.310000 -33.599998 0.000000 1073.000000 -862.000000 4412.000000 -3163.000000 -2884.000000 2116.000000 
7.580000 69.889999 92.839996 -3.960000 -33.299999 0.000000 1010.000000 -908.000000 4457.000000 -3145.000000 -2711.000000 2143.000000 
7.430000 69.349998 92.959999 -4.580000 -33.180000 0.000000 1077.000000 -891.000000 4458.000000 -2999.000000 -2699.000000 2155.000000 
7.010000 68.879997 92.879997 -5.130000 -32.869999 0.000000 1275.000000 -867.000000 4538.000000 -2785.000000 -2731.000000 2250.000000 
6.590000 68.360001 92.739998 -5.630000 -32.779999 0.000000 1426.000000 -845.000000 4578.000000 -2566.000000 -2730.000000 2339.000000 
6.140000 67.830002 92.540001 -6.080000 -32.610001 0.000000 1513.000000 -829.000000 4491.000000 -2438.000000 -2684.000000 2379.000000 
5.780000 67.349998 92.290001 -6.500000 -32.650002 0.000000 1558.000000 -824.000000 4444.000000 -2433.000000 -2659.000000 2345.000000 
5.310000 66.980003 91.989998 -6.890000 -33.139999 0.000000 1478.000000 -821.000000 4377.000000 -2554.000000 -2689.000000 2295.000000 
4.750000 66.690002 91.580002 -7.260000 -33.599998 0.000000 1370.000000 -845.000000 4332.000000 -2674.000000 -2740.000000 2227.000000 
4.220000 66.519997 91.220001 -7.640000 -33.889999 0.000000 1234.000000 -856.000000 4253.000000 -2757.000000 -2755.000000 2198.000000 
3.570000 66.379997 90.750000 -7.990000 -34.279999 0.000000 1188.000000 -822.000000 4193.000000 -2700.000000 -2723.000000 2132.000000 
2.830000 66.239998 90.180000 -8.330000 -34.689999 0.000000 1151.000000 -826.000000 4168.000000 -2709.000000 -2735.000000 2067.000000 
2.100000 66.120003 89.580002 -8.620000 -35.009998 0.000000 1124.000000 -774.000000 4151.000000 -2721.000000 -2785.000000 2120.000000 
1.450000 66.010002 89.040001 -8.920000 -35.310001 0.000000 1084.000000 -757.000000 4090.000000 -2705.000000 -2738.000000 2045.000000 
1.030000 65.830002 88.620003 -9.240000 -35.439999 0.000000 1064.000000 -791.000000 4095.000000 -2831.000000 -2724.000000 2013.000000 
0.860000 65.610001 88.400002 -9.590000 -35.430000 0.000000 1001.000000 -821.000000 4054.000000 -2896.000000 -2676.000000 2007.000000 
0.880000 65.339996 88.389999 -9.960000 -35.450001 0.000000 1000.000000 -878.000000 4094.000000 -2894.000000 -2621.000000 2030.000000 
0.990000 65.080002 88.470001 -10.320000 -35.240002 0.000000 1101.000000 -893.000000 4235.000000 -2863.000000 -2636.000000 2057.000000 
1.080000 64.860001 88.519997 -10.650000 -34.919998 0.000000 1152.000000 -914.000000 4368.000000 -2647.000000 -2603.000000 2132.000000 
1.240000 64.739998 88.650002 -10.890000 -34.619999 0.000000 1209.000000 -880.000000 4521.000000 -2623.000000 -2622.000000 2195.000000 
1.470000 64.709999 88.870003 -11.010000 -34.290001 0.000000 1284.000000 -819.000000 4567.000000 -2696.000000 -2552.000000 2202.000000 
1.760000 64.760002 89.110001 -11.000000 -33.950001 0.000000 1271.000000 -767.000000 4580.000000 -2811.000000 -2440.000000 2186.000000 
2.100000 64.910004 89.370003 -10.870000 -33.680000 0.000000 1262.000000 -674.000000 4532.000000 -2947.000000 -2328.000000 2131.000000 
2.410000 65.120003 89.610001 -10.640000 -33.490002 0.000000 1215.000000 -603.000000 4556.000000 -3065.000000 -2312.000000 2091.000000 
2.720000 65.360001 89.820000 -10.400000 -33.330002 0.000000 1097.000000 -604.000000 4504.000000 -3113.000000 -2304.000000 2076.000000 
3.020000 65.599998 90.010002 -10.110000 -33.160000 0.000000 1016.000000 -561.000000 4486.000000 -3109.000000 -2245.000000 2044.000000 
3.290000 65.839996 90.190002 -9.780000 -32.869999 0.000000 1040.000000 -540.000000 4487.000000 -3112.000000 -2243.000000 2038.000000 
3.570000 66.089996 90.410004 -9.450000 -32.570000 0.000000 991.000000 -494.000000 4404.000000 -3047.000000 -2170.000000 1977.000000 
3.780000 66.370003 90.589996 -9.090000 -32.320000 0.000000 953.000000 -429.000000 4327.000000 -2993.000000 -2170.000000 1964.000000 
3.870000 66.660004 90.650002 -8.710000 -32.070000 0.000000 957.000000 -334.000000 4253.000000 -3007.000000 -2156.000000 1919.000000 
3.870000 66.940002 90.629997 -8.330000 -32.009998 0.000000 958.000000 -275.000000 4172.000000 -3065.000000 -2165.000000 1882.000000 
3.810000 67.169998 90.550003 -7.990000 -32.020000 0.000000 905.000000 -270.000000 4071.000000 -3131.000000 -2181.000000 1832.000000 
3.720000 67.349998 90.379997 -7.760000 -32.009998 0.000000 825.000000 -289.000000 3987.000000 -3111.000000 -2153.000000 1759.000000 
3.620000 67.470001 90.190002 -7.630000 -31.930000 0.000000 782.000000 -317.000000 3926.000000 -2993.000000 -2114.000000 1713.000000 
3.550000 67.559998 90.019997 -7.620000 -31.930000 0.000000 765.000000 -366.000000 3922.000000 -2944.000000 -2043.000000 1701.000000 
3.480000 67.599998 89.870003 -7.720000 -31.700001 0.000000 703.000000 -408.000000 3841.000000 -20255.000000 -7320.000000 8815.000000 
1.770000 67.040001 88.269997 -8.280000 -31.639999 0.000000 -8758.000000 -6356.000000 14902.000000 -113.000000 -1889.000000 1065.000000 
2.650000 67.570000 89.269997 -7.260000 -30.760000 0.000000 1999.000000 1201.000000 1683.000000 -459.000000 -1493.000000 2577.000000 
2.650000 67.589996 89.290001 -6.390000 -29.879999 0.000000 5506.000000 4217.000000 3434.000000 -167.000000 -793.000000 1429.000000 
4.270000 67.550003 90.639999 -6.110000 -29.600000 0.000000 8704.000000 293.000000 4315.000000 -2981.000000 -1640.000000 1422.000000 
5.240000 67.680000 91.410004 -5.840000 -29.049999 0.000000 -15.000000 -267.000000 4019.000000 -2986.000000 -1633.000000 1792.000000 
5.910000 67.830002 91.959999 -5.470000 -28.670000 0.000000 1164.000000 -52.000000 4264.000000 -3277.000000 -1956.000000 2047.000000 
6.820000 67.900002 92.769997 -5.390000 -28.330000 0.000000 383.000000 -321.000000 4343.000000 -3113.000000 -1890.000000 1911.000000 
7.400000 67.980003 93.330002 -5.250000 -28.290001 0.000000 726.000000 -227.000000 4166.000000 -3018.000000 -2019.000000 1907.000000 
7.870000 68.000000 93.769997 -5.260000 -28.010000 0.000000 454.000000 -421.000000 4394.000000 -3159.000000 -1884.000000 1869.000000 
8.310000 68.000000 94.199997 -5.200000 -27.570000 0.000000 797.000000 -348.000000 4225.000000 -3167.000000 -1754.000000 1829.000000 
8.670000 68.040001 94.570000 -5.100000 -27.049999 0.000000 1049.000000 -302.000000 3978.000000 -1349.000000 -2410.000000 3115.000000 
8.880000 68.070000 94.830002 -4.880000 -25.480000 0.000000 897.000000 -190.000000 4283.000000 -2514.000000 -1671.000000 2650.000000 
9.210000 68.010002 95.129997 -4.100000 -24.100000 0.000000 1420.000000 853.000000 3663.000000 -3707.000000 -1361.000000 1946.000000 
8.800000 67.940002 94.669998 -3.820000 -22.360001 0.000000 1406.000000 -380.000000 4936.000000 -2442.000000 -1387.000000 2131.000000 
8.940000 68.320000 94.669998 -3.450000 -20.770000 0.000000 1533.000000 -176.000000 3788.000000 -2589.000000 -1305.000000 1988.000000 
9.130000 68.680000 94.750000 -3.090000 -20.240000 0.000000 1130.000000 -132.000000 3904.000000 -2996.000000 -2012.000000 2441.000000 
8.710000 69.029999 94.309998 -2.800000 -19.760000 0.000000 1412.000000 -123.000000 4246.000000 -3364.000000 -2106.000000 2614.000000 
8.340000 69.349998 93.940002 -2.690000 -19.240000 0.000000 1236.000000 -333.000000 4486.000000 -3140.000000 -1971.000000 2314.000000 
7.750000 69.720001 93.370003 -2.580000 -18.570000 0.000000 1006.000000 -357.000000 4329.000000 -3690.000000 -2011.000000 2257.000000 
7.290000 70.199997 92.980003 -2.150000 -17.920000 0.000000 2366.000000 507.000000 2805.000000 -4015.000000 -2264.000000 2564.000000 
6.630000 70.510002 92.410004 -2.520000 -17.190001 0.000000 555.000000 -333.000000 4256.000000 -3160.000000 -2574.000000 3012.000000 
5.650000 70.779999 91.599998 -2.970000 -16.010000 0.000000 275.000000 -658.000000 4760.000000 -2852.000000 -2252.000000 2970.000000 
4.430000 70.769997 90.550003 -3.320000 -14.410000 0.000000 243.000000 -1055.000000 5431.000000 -3438.000000 -1906.000000 2581.000000 
3.820000 70.500000 89.940002 -3.300000 -12.270000 0.000000 720.000000 -925.000000 4794.000000 -3907.000000 -1498.000000 2267.000000 
3.740000 70.059998 89.900002 -3.050000 -10.640000 0.000000 1226.000000 -799.000000 4392.000000 -2595.000000 -1910.000000 2573.000000 
3.350000 69.699997 89.709999 -2.870000 -9.040000 0.000000 1317.000000 -972.000000 4874.000000 -2615.000000 -1553.000000 2929.000000 
2.000000 69.360001 88.779999 -2.760000 -7.810000 0.000000 1475.000000 -1086.000000 5214.000000 -2447.000000 -1715.000000 3090.000000 
0.090000 69.010002 87.349998 -2.620000 -6.960000 0.000000 1620.000000 -1037.000000 4970.000000 -2599.000000 -1801.000000 3360.000000 
-2.080000 68.699997 85.739998 -2.510000 -6.490000 0.000000 1720.000000 -1099.000000 4905.000000 -3004.000000 -1981.000000 3589.000000 
-4.340000 68.360001 84.000000 -2.500000 -6.330000 0.000000 1687.000000 -1186.000000 5005.000000 -3130.000000 -2134.000000 3893.000000 
-6.360000 67.970001 82.419998 -2.590000 -6.370000 0.000000 1567.000000 -1333.000000 5065.000000 -3009.000000 -2464.000000 4317.000000 
-8.160000 67.559998 80.910004 -2.770000 -6.520000 0.000000 1516.000000 -1490.000000 5394.000000 -3155.000000 -2621.000000 4508.000000 
-9.690000 67.129997 79.610001 -2.960000 -6.740000 0.000000 1515.000000 -1670.000000 5833.000000 -3359.000000 -2661.000000 4525.000000 
-10.900000 66.610001 78.470001 -3.120000 -7.050000 0.000000 1414.000000 -1843.000000 6132.000000 -3395.000000 -2851.000000 4555.000000 
-11.800000 66.139999 77.489998 -3.210000 -7.430000 0.000000 1254.000000 -1899.000000 6261.000000 -3351.000000 -2827.000000 4435.000000 
-12.280000 65.720001 76.820000 -3.160000 -7.810000 0.000000 1174.000000 -1896.000000 6291.000000 -3092.000000 -2669.000000 4052.000000 
-12.450000 65.309998 76.309998 -3.000000 -8.140000 0.000000 954.000000 -2069.000000 6560.000000 -3367.000000 -2488.000000 3551.000000 
-12.480000 64.930000 75.879997 -2.560000 -8.480000 0.000000 785.000000 -1686.000000 6005.000000 -2845.000000 -2297.000000 3188.000000 
-12.560000 64.690002 75.309998 -2.020000 -8.860000 0.000000 876.000000 -1742.000000 5268.000000 -2755.000000 -2320.000000 2800.000000 
-12.650000 64.510002 74.750000 -1.440000 -9.340000 0.000000 460.000000 -1417.000000 4430.000000 -2714.000000 -2119.000000 2628.000000 
-12.700000 64.269997 74.199997 -0.970000 -9.970000 0.000000 463.000000 -1201.000000 3629.000000 -2665.000000 -2146.000000 2548.000000 
-12.830000 63.840000 73.510002 -0.670000 -10.750000 0.000000 128.000000 -1159.000000 3331.000000 -2500.000000 -2170.000000 2414.000000 
-12.990000 63.259998 72.730003 -0.550000 -11.670000 0.000000 -231.000000 -1010.000000 3008.000000 -2208.000000 -2144.000000 2400.000000 
-13.020000 62.580002 71.989998 -0.630000 -12.620000 0.000000 -134.000000 -713.000000 2327.000000 -2160.000000 -2238.000000 2648.000000 
-12.990000 61.900002 71.309998 -0.840000 -13.360000 0.000000 -41.000000 -354.000000 1760.000000 -1073.000000 -2007.000000 2416.000000 
-12.810000 61.130001 70.650002 -1.190000 -14.140000 0.000000 -689.000000 -343.000000 2040.000000 -1265.000000 -1895.000000 2603.000000 
-12.390000 60.330002 70.120003 -1.860000 -15.040000 0.000000 -1419.000000 -500.000000 3236.000000 -1859.000000 -2016.000000 2696.000000 
-11.460000 59.529999 69.940002 -2.560000 -15.560000 0.000000 -868.000000 -391.000000 3314.000000 -2421.000000 -1813.000000 2255.000000 
-9.870000 58.779999 70.330002 -2.860000 -15.560000 0.000000 -227.000000 -64.000000 2739.000000 -2321.000000 -1359.000000 1568.000000 
-8.120000 58.080002 70.930000 -3.140000 -15.190000 0.000000 -334.000000 -79.000000 2678.000000 -1993.000000 -852.000000 920.000000 
-6.380000 57.509998 71.620003 -3.540000 -14.730000 0.000000 -808.000000 -164.000000 3141.000000 -1967.000000 -486.000000 524.000000 
-4.670000 56.980000 72.370003 -3.730000 -14.300000 0.000000 -672.000000 121.000000 2954.000000 -2065.000000 -49.000000 356.000000 
-3.030000 56.430000 73.129997 -3.530000 -13.860000 0.000000 -368.000000 679.000000 2312.000000 -2028.000000 488.000000 315.000000 
-1.520000 55.779999 73.830002 -3.200000 -13.460000 0.000000 -242.000000 1347.000000 1785.000000 -1878.000000 924.000000 514.000000 
-0.230000 54.959999 74.339996 -2.980000 -13.220000 0.000000 -222.000000 1774.000000 1452.000000 -1647.000000 1054.000000 839.000000 
0.750000 53.889999 74.599998 -2.960000 -13.100000 0.000000 -255.000000 1927.000000 1303.000000 -1387.000000 965.000000 1287.000000 
1.340000 52.570000 74.550003 -3.150000 -13.140000 0.000000 34.000000 1911.000000 1336.000000 -1195.000000 588.000000 1744.000000 
1.540000 51.070000 74.199997 -3.610000 -13.480000 0.000000 454.000000 1335.000000 1919.000000 -1436.000000 -133.000000 2433.000000 
1.430000 49.450001 73.610001 -4.500000 -14.460000 0.000000 452.000000 285.000000 4008.000000 -2286.000000 -935.000000 3119.000000 
1.300000 47.750000 73.070000 -4.940000 -15.340000 0.000000 -11.000000 1475.000000 5382.000000 -3202.000000 -1219.000000 3381.000000 
1.360000 46.169998 72.739998 -5.260000 -15.880000 0.000000 1003.000000 160.000000 5066.000000 -3065.000000 -1034.000000 3381.000000 
1.530000 44.910000 72.570000 -5.220000 -16.160000 0.000000 1183.000000 804.000000 4449.000000 -2847.000000 -699.000000 3311.000000 
1.780000 43.900002 72.570000 -5.190000 -16.340000 0.000000 1344.000000 1181.000000 3962.000000 -2830.000000 -295.000000 3007.000000 
1.990000 43.119999 72.620003 -5.350000 -16.559999 0.000000 1241.000000 1120.000000 3934.000000 -2986.000000 -86.000000 2794.000000 
2.090000 42.430000 72.669998 -5.650000 -16.740000 0.000000 1367.000000 854.000000 4492.000000 -2697.000000 112.000000 2572.000000 
1.930000 41.709999 72.660004 -5.820000 -16.850000 0.000000 1274.000000 933.000000 4229.000000 -2140.000000 131.000000 2540.000000 
1.530000 40.900002 72.519997 -5.940000 -16.940001 0.000000 1112.000000 839.000000 3950.000000 -1561.000000 30.000000 2665.000000 
1.030000 39.939999 72.330002 -6.060000 -17.000000 0.000000 971.000000 624.000000 4254.000000 -1302.000000 -51.000000 2985.000000 
0.540000 38.799999 72.129997 -6.030000 -17.129999 0.000000 1212.000000 642.000000 4268.000000 -1173.000000 -322.000000 3547.000000 
0.140000 37.389999 71.989998 -5.820000 -17.580000 0.000000 1347.000000 895.000000 3805.000000 -1385.000000 -838.000000 4562.000000 
-0.190000 35.840000 71.930000 -5.590000 -18.150000 0.000000 1458.000000 1047.000000 3684.000000 -1550.000000 -1299.000000 5655.000000 
-0.390000 34.270000 71.959999 -5.460000 -18.500000 0.000000 1691.000000 1003.000000 3985.000000 -1398.000000 -1382.000000 5946.000000 
-0.520000 32.790001 72.099998 -5.460000 -18.420000 0.000000 2434.000000 1045.000000 4307.000000 -1100.000000 -969.000000 5493.000000 
-0.670000 31.490000 72.250000 -5.620000 -18.219999 0.000000 2986.000000 907.000000 4794.000000 -648.000000 -842.000000 5168.000000 
-0.870000 30.379999 72.309998 -5.890000 -18.129999 0.000000 3341.000000 557.000000 5614.000000 -476.000000 -830.000000 5280.000000 
-1.100000 29.420000 72.300003 -5.970000 -18.200001 0.000000 3289.000000 650.000000 5713.000000 -467.000000 -996.000000 5533.000000 
-1.240000 28.559999 72.250000 -5.820000 -18.490000 0.000000 2624.000000 604.000000 5377.000000 -750.000000 -1250.000000 5809.000000 
-1.300000 27.900000 72.169998 -5.510000 -18.790001 0.000000 2214.000000 714.000000 5140.000000 -864.000000 -1419.000000 6150.000000 
-1.300000 27.450001 72.139999 -5.040000 -18.870001 0.000000 1987.000000 862.000000 4497.000000 -1076.000000 -1331.000000 6105.000000 
-1.210000 27.129999 72.180000 -4.560000 -18.740000 0.000000 1648.000000 806.000000 4458.000000 -1328.000000 -1260.000000 5728.000000 
-1.020000 26.850000 72.349998 -4.120000 -18.400000 0.000000 1866.000000 750.000000 4292.000000 -1251.000000 -1020.000000 5112.000000 
-0.740000 26.530001 72.610001 -3.680000 -17.820000 0.000000 2121.000000 765.000000 3958.000000 -838.000000 -698.000000 4706.000000 
-0.450000 26.100000 72.930000 -3.280000 -17.120001 0.000000 2325.000000 748.000000 3727.000000 -358.000000 -632.000000 4612.000000 
-0.170000 25.510000 73.209999 -2.990000 -16.450001 0.000000 2565.000000 529.000000 3992.000000 -135.000000 -671.000000 4606.000000 
0.030000 24.730000 73.410004 -2.670000 -15.820000 0.000000 2818.000000 486.000000 4034.000000 389.000000 -868.000000 4752.000000 
0.210000 23.709999 73.500000 -2.300000 -15.250000 0.000000 2975.000000 397.000000 4129.000000 796.000000 -915.000000 4831.000000 
0.450000 22.580000 73.519997 -1.830000 -15.400000 0.000000 2982.000000 357.000000 4102.000000 -3260.000000 -8980.000000 16433.000000 
-0.050000 21.420000 73.169998 -1.480000 -13.540000 0.000000 2945.000000 -225.000000 4040.000000 3869.000000 -698.000000 2495.000000 
0.240000 20.370001 73.300003 -0.910000 -12.010000 0.000000 2213.000000 262.000000 5026.000000 -1081.000000 -1325.000000 5662.000000 
0.850000 20.209999 73.459999 -0.650000 -10.970000 0.000000 1990.000000 -198.000000 6221.000000 -29.000000 -1283.000000 4690.000000 
1.480000 19.920000 73.800003 -0.330000 -10.260000 0.000000 2756.000000 -165.000000 5340.000000 -179.000000 -1179.000000 5126.000000 
1.670000 19.330000 74.050003 -0.150000 -10.160000 0.000000 2759.000000 -225.000000 5478.000000 490.000000 -1196.000000 4619.000000 
2.330000 18.430000 74.440002 -0.290000 -10.500000 0.000000 3333.000000 -585.000000 5228.000000 403.000000 -1260.000000 4456.000000 
3.420000 17.750000 74.830002 -0.530000 -11.090000 0.000000 2803.000000 -487.000000 3904.000000 588.000000 -1233.000000 3860.000000 
4.350000 17.340000 75.150002 -0.870000 -11.600000 0.000000 1948.000000 -425.000000 2944.000000 50.000000 -1351.000000 3910.000000 
4.660000 16.940001 75.379997 -1.370000 -12.040000 0.000000 1309.000000 -362.000000 2470.000000 181.000000 -1445.000000 3915.000000 
4.120000 16.600000 75.459999 -2.470000 -12.460000 0.000000 1581.000000 -1604.000000 4791.000000 231.000000 -1726.000000 4019.000000 
3.160000 16.510000 75.379997 -2.920000 -12.770000 0.000000 2350.000000 -141.000000 2847.000000 389.000000 -1703.000000 4802.000000 
2.310000 16.820000 75.330002 -3.550000 -13.440000 0.000000 1624.000000 -1198.000000 4710.000000 -36.000000 -1773.000000 3944.000000 
1.890000 17.160000 75.370003 -3.980000 -14.180000 0.000000 1776.000000 -742.000000 3514.000000 -49.000000 -1717.000000 3887.000000 
2.140000 17.440001 75.620003 -4.370000 -14.750000 0.000000 1563.000000 -961.000000 4087.000000 -129.000000 -1673.000000 3910.000000 
2.220000 17.590000 75.849998 -4.550000 -15.230000 0.000000 1688.000000 -810.000000 3886.000000 92.000000 -1602.000000 3902.000000 
1.910000 17.549999 75.980003 -4.600000 -15.520000 0.000000 1803.000000 -733.000000 3920.000000 162.000000 -1544.000000 4130.000000 
1.670000 17.510000 76.129997 -4.540000 -15.750000 0.000000 1905.000000 -638.000000 3873.000000 252.000000 -1525.000000 4067.000000 
1.730000 17.520000 76.309998 -4.490000 -15.840000 0.000000 1890.000000 -623.000000 3865.000000 79.000000 -1476.000000 4168.000000 
1.770000 17.480000 76.470001 -4.420000 -15.900000 0.000000 1862.000000 -578.000000 3924.000000 107.000000 -1462.000000 4241.000000 
1.670000 17.410000 76.610001 -4.350000 -15.960000 0.000000 1973.000000 -536.000000 3917.000000 130.000000 -1424.000000 4238.000000 
