3.856918 -31.86573 -6.714852
3.84027 -31.857617 -6.756324
3.827017 -31.857773 -6.84718
3.816645 -31.847534 -6.916873
3.745443 -31.862416 -6.983371
3.709281 -31.854524 -7.061573
3.68424 -31.856368 -7.108694
3.624687 -31.863243 -7.211103
3.593075 -31.849692 -7.287274
3.57326 -31.836876 -7.347198
3.567072 -31.845803 -7.382797
3.545011 -31.835972 -7.438711
3.537269 -31.838054 -7.505105
3.512231 -31.839811 -7.552232
3.446357 -31.831877 -7.644689
3.376521 -31.83033 -7.690814
3.351298 -31.81745 -7.725161
3.283002 -31.821012 -7.780502
3.251564 -31.807684 -7.846615
3.244457 -31.786538 -7.904985
3.234305 -31.77901 -7.904603
3.217919 -31.769858 -7.966009
3.219672 -31.774867 -8.032187
3.175929 -31.746464 -8.120005
3.133703 -31.748011 -8.137786
3.100121 -31.736759 -8.219845
3.086074 -31.746926 -8.265974
3.0603 -31.772411 -8.301192
2.982513 -31.809448 -8.350421
2.832253 -31.801793 -8.452465
2.641741 -31.821522 -8.545238
2.352943 -31.725996 -8.679993
1.712897 -31.577323 -8.800996
0.869003 -31.238803 -8.943001
0.081558 -30.666716 -9.063186
-0.47652 -29.836144 -9.024576
-0.563206 -28.718533 -8.882083
-0.032813 -27.691638 -8.203948
0.769332 -26.937443 -7.060123
1.669663 -26.713465 -5.105713
2.773098 -26.747063 -2.468028
4.106252 -26.626298 0.414049
6.208146 -25.691912 2.729985
8.458896 -24.349119 4.458263
10.152491 -22.831714 5.370289
12.018059 -22.014972 8.027549
14.336949 -21.493879 11.853822
14.87112 -20.751178 12.249404
15.440515 -19.824861 11.837994
15.493068 -19.215675 11.816576
15.176 -18.583752 11.097813
14.856258 -17.944195 10.035068
14.782485 -17.272129 8.845939
15.156164 -16.766279 9.14732
15.847978 -16.502691 11.105326
16.707113 -16.152556 13.917938
17.756557 -15.619062 17.268724
18.947177 -14.882138 21.040902
20.051311 -13.896677 24.772679
20.963938 -12.662638 27.860741
21.66876 -11.254166 30.13725
22.144334 -9.774204 31.531599
22.444552 -8.291493 32.165151
22.646368 -6.831484 32.390978
22.837913 -5.412603 32.667764
23.060471 -4.058933 33.138412
23.349809 -2.82627 34.500256
23.606896 -1.702611 36.222515
23.687208 -0.592451 36.815635
23.564022 0.523065 35.672376
23.251162 1.598619 32.906072
22.765637 2.670651 28.643331
22.242246 3.772289 23.881553
21.434647 4.99368 13.948544
20.775896 6.145853 3.911916
19.948756 7.404366 -12.43898
18.580772 9.537427 -52.934838
17.429396 11.724055 -118.413162
16.936201 13.346493 -159.114483
16.241113 14.424252 -172.45604
15.52432 15.118133 -176.500147
15.156569 15.405216 -176.579786
14.635127 14.86166 -165.840792
14.28515 14.999701 -164.684608
13.976077 15.025912 -161.569047
13.914013 14.676765 -155.126641
14.020886 14.20786 -146.862384
14.179365 13.894053 -140.391616
14.295215 13.664943 -135.235367
14.296074 13.474272 -130.660654
14.166827 13.275203 -125.614114
13.930522 13.071788 -120.349688
13.61231 12.818938 -114.274248
13.419807 12.603294 -109.188407
13.230874 12.341408 -103.681017
13.012941 11.991439 -97.562216
12.553264 11.486174 -90.519193
12.620213 11.198629 -85.439169
12.806199 10.750962 -78.178438
13.099458 10.122896 -68.913785
13.484728 9.492841 -59.580883
13.925202 9.010902 -51.59779
14.198693 8.624593 -45.505083
14.358421 8.391689 -41.579413
14.262025 8.316443 -40.585591
13.560312 7.892536 -40.324652
12.89342 7.588173 -40.69807
12.468725 7.403051 -40.651021
12.287921 7.099974 -38.602105
12.156415 6.760448 -36.04983
11.847743 6.636928 -35.798464
11.154551 6.703389 -38.366931
10.615786 7.042564 -41.779763
10.508737 7.322968 -43.100051
10.476772 7.511983 -43.819859
10.311276 7.784699 -45.541353
9.99416 8.028743 -47.679433
9.50624 8.31837 -50.599734
9.045535 8.579991 -53.034573
8.516368 8.765812 -55.143405
7.914376 8.999503 -57.681316
6.919093 9.075333 -60.526221
5.739914 8.978851 -62.981911
4.586435 8.934794 -65.78289
3.429918 9.114402 -69.833177
2.311489 9.478769 -74.942467
1.47123 9.93259 -79.849996
0.563214 10.259276 -83.956612
-0.185796 10.646767 -87.990575
-0.842044 10.991537 -91.674337
-1.426138 11.298563 -95.146319
-1.99584 11.579175 -98.487982
-2.527284 11.853816 -101.83191
-2.80983 12.122959 -105.054281
-3.308404 12.439002 -108.870586
-4.028154 12.822469 -113.388673
-4.611174 13.218403 -117.833535
-4.866004 13.60727 -121.864159
-4.893146 13.949043 -125.310181
-4.892148 14.266706 -128.522634
-4.90436 14.565346 -131.55291
-4.913826 14.93935 -135.113191
-4.907783 15.304363 -138.512601
-4.799461 15.72285 -142.167016
-4.764665 16.225401 -146.451695
-4.54045 16.811544 -151.61957
-4.107329 17.29709 -156.429203
-3.697755 17.687617 -160.704595
-3.35818 18.05645 -164.627281
-3.01593 18.334996 -167.606214
-2.579669 18.550163 -170.361595
-2.125553 18.694623 -172.107588
-1.695445 18.863508 -174.333116
-1.191255 19.015415 -176.519587
-0.614674 19.288395 179.682443
-0.094232 19.442752 176.479782
0.322598 19.606548 173.19755
0.582344 19.776397 169.371415
0.809132 19.878185 165.794466
0.927837 20.051404 161.346053
0.910583 20.221831 157.545716
0.968578 20.478059 152.817762
1.085318 20.745656 147.685532
1.330103 20.99129 142.189644
1.657976 21.210797 137.438127
2.131904 21.406209 133.343952
2.783469 21.567778 129.656523
3.590392 21.667697 125.895103
4.489099 21.698852 121.954201
5.327159 21.652804 118.526282
6.129025 21.545484 115.284739
6.988354 21.404382 110.434793
7.802843 21.271414 105.019366
8.594377 21.069309 99.086229
9.486457 20.867327 91.677878
10.372272 20.662941 84.358414
11.333405 20.448441 76.77898
12.383048 20.213838 68.908886
13.525113 19.901222 61.012408
14.767179 19.53276 52.97298
16.026747 19.058143 44.963342
17.323254 18.469781 37.017857
18.612456 17.75506 29.081534
19.843301 16.962187 21.147941
20.976568 16.082082 13.406511
22.083468 15.117522 5.443621
23.195162 14.00359 -2.964712
24.239322 12.792534 -11.034011
25.153185 11.489908 -18.580986
25.94793 10.117761 -25.43387
26.643258 8.672538 -31.991272
27.235272 7.105593 -38.4276
27.715735 5.516063 -44.322559
28.032579 3.870919 -49.700032
28.172359 2.200146 -54.699584
28.225479 0.589999 -59.022892
28.181451 -1.01289 -63.043846
28.140908 -2.563251 -66.542558
28.058964 -4.117307 -69.892201
27.939187 -5.641821 -73.171957
27.767355 -7.012991 -75.982532
27.594935 -8.319627 -78.559194
27.350523 -9.499364 -81.098354
27.114581 -10.478009 -83.06394
26.876832 -11.316332 -84.758185
26.622272 -12.071839 -86.442902
26.31779 -12.633868 -87.529033
26.029296 -13.033299 -88.067411
25.700214 -13.32481 -88.353249
25.442437 -13.443448 -87.457054
25.255155 -13.431751 -85.594476
25.140234 -13.3927 -83.398457
25.095701 -13.266715 -80.707231
25.123398 -13.084473 -77.800093
25.156078 -12.875782 -74.991264
25.273522 -12.622183 -72.259382
25.416963 -12.297708 -69.61443
25.595941 -11.882248 -66.805181
25.810223 -11.436291 -64.154853
25.907358 -10.94444 -61.637198
26.085289 -10.362931 -58.800136
26.157467 -9.814864 -56.197492
26.219354 -9.261945 -53.282364
26.251857 -8.722856 -50.276561
26.245182 -8.128199 -47.186078
26.322304 -7.363077 -43.09574
26.424052 -6.503087 -38.491556
26.576929 -5.614372 -33.794849
26.701228 -4.648011 -28.74597
26.74695 -3.68649 -23.449796
26.753646 -2.701838 -17.756205
26.646784 -1.815296 -12.299177
26.481648 -0.997165 -7.254598
26.295775 -0.143293 -2.015321
26.098953 0.757702 3.143739
25.848278 1.676252 8.695211
25.597954 2.686037 15.061912
25.292373 3.696282 22.254783
24.932862 4.657569 29.637643
24.566019 5.663329 37.305272
24.206014 6.635579 44.697223
23.851134 7.500041 51.400055
23.471079 8.213799 57.508889
23.038059 8.898355 63.485906
22.529396 9.558849 69.675248
21.998131 10.198245 75.935165
21.523419 10.913787 81.870037
21.13736 11.57141 86.909771
20.896795 12.13005 90.539393
20.684504 12.650249 93.905546
20.482467 13.145491 97.318819
20.233415 13.594687 100.881617
19.861648 14.053651 105.068744
19.385435 14.573008 110.080721
18.884246 15.10758 114.887576
18.447917 15.566646 119.342465
17.849378 16.088268 124.313149
17.535965 16.456328 128.0869
17.281755 16.750244 130.765747
17.190068 16.902287 133.0607
17.033036 16.98361 135.652792
16.805712 17.093437 138.787889
16.625888 17.218902 141.7121
16.461484 17.304256 143.983723
16.237761 17.366663 146.42117
15.824546 17.437055 149.588369
15.38849 17.516808 152.616902
14.965619 17.635378 155.282996
14.579149 17.76687 157.605367
14.27074 17.942867 159.535501
13.999797 18.113481 161.242489
13.856736 18.185658 162.766735
13.752555 18.216509 164.533302
13.627124 18.190191 166.645156
13.588275 18.05864 168.68341
13.602776 17.933066 170.442622
13.571562 17.801672 172.418986
13.484724 17.676665 174.468368
13.327034 17.543439 176.599346
13.125847 17.441134 178.63211
12.957097 17.321824 -179.493089
12.798993 17.20996 -177.771663
12.629514 17.090776 -176.040822
12.519291 16.959653 -174.571919
12.361149 16.798731 -172.819635
12.246796 16.632784 -171.18324
12.114895 16.425761 -169.400716
11.95076 16.216226 -167.330994
11.798725 15.987122 -165.206818
11.650765 15.666683 -162.781423
11.616918 15.394442 -160.949199
11.669239 15.141582 -159.558424
11.662062 14.989153 -158.261447
11.186069 14.471255 -153.690261
11.465952 14.417589 -154.706669
11.661813 13.983958 -153.680923
11.664248 13.905896 -153.12057
11.689089 13.825562 -152.675708
11.895346 13.508134 -152.077794
11.980285 13.467857 -152.38241
11.982524 13.343147 -151.93754
11.982504 13.278226 -151.630096
12.032083 13.228061 -151.552341
12.23315 13.187913 -151.984245
12.475709 13.164962 -152.628522
12.743247 13.079013 -153.128919
12.968567 12.949437 -152.984081
13.160457 12.77251 -152.469202
13.249757 12.633053 -151.635185
13.370442 12.523976 -151.008616
13.460221 12.299892 -149.780416
13.575286 12.122561 -148.862982
13.658383 11.869735 -147.366715
13.665025 11.615429 -145.556448
13.74275 11.37947 -144.276452
13.956374 11.205738 -143.849976
14.167109 11.061705 -143.599819
14.376988 10.935026 -143.417607
14.650659 10.813173 -143.518599
15.000563 10.668962 -143.763992
15.39541 10.555982 -144.40555
15.812668 10.405752 -144.918344
16.244967 10.291501 -145.761389
16.579437 10.142494 -145.99055
16.835466 10.007289 -145.909543
17.068779 9.811065 -145.27938
17.340126 9.595875 -144.719535
17.687114 9.350916 -144.261548
18.076965 9.099248 -143.891361
18.327995 8.848755 -142.639656
18.651778 8.536203 -141.321605
18.959875 8.167073 -139.748683
19.149005 7.79051 -137.68503
19.207056 7.40751 -134.947978
19.226394 7.01063 -132.082869
19.261102 6.683366 -129.840575
19.290238 6.423769 -128.053683
19.372757 6.233159 -126.943008
19.487052 6.052268 -125.964958
19.6714 5.891825 -125.376484
19.919563 5.721553 -124.89174
20.185416 5.547902 -124.402231
20.38694 5.341055 -123.631496
20.430227 5.075223 -121.756664
20.349524 4.788331 -119.347072
20.216889 4.496458 -116.735773
19.975076 4.35461 -114.702144
19.417965 4.194206 -111.247905
19.212874 4.345197 -111.3132
19.148773 4.566941 -112.430313
19.323963 4.712924 -113.784192
19.554517 4.663679 -113.888602
19.483535 4.4463 -111.609381
18.794229 4.287792 -107.703856
18.116684 4.310196 -105.247589
17.859616 4.394632 -104.600076
17.657891 4.526639 -104.376236
17.44811 4.826304 -105.049629
17.164997 5.247821 -106.016858
16.880874 5.693013 -106.962542
16.603966 6.096844 -107.705771
16.390501 6.479517 -108.377
16.146324 6.812698 -108.647592
15.840755 7.066062 -108.346986
15.598195 7.291808 -108.056131
15.255752 7.416862 -107.029299
14.854781 7.505712 -105.769667
14.568073 7.639888 -105.008758
14.315438 7.826512 -104.521516
14.126059 8.070303 -104.355736
14.155329 8.331089 -104.757985
14.170006 8.604282 -104.934889
14.414123 8.837808 -105.355286
14.725567 8.96729 -105.379752
15.235914 8.849428 -104.786417
15.919939 8.448585 -103.592529
16.615341 7.820321 -101.732931
17.120366 7.01865 -98.89535
17.489576 6.196594 -95.734403
17.6836 5.406665 -92.312969
17.792624 4.679803 -88.880827
17.976401 4.005515 -85.628861
18.296839 3.405678 -82.780038
18.756267 2.924601 -80.524865
19.376735 2.548359 -78.928968
19.957614 2.207291 -77.313349
20.3728 1.769179 -75.116881
20.605401 1.246429 -72.388561
20.711304 0.589503 -69.00023
20.79569 -0.15634 -65.313963
21.021758 -0.877289 -61.879108
21.374533 -1.52768 -58.895005
21.871376 -2.088777 -56.447559
22.454036 -2.540381 -54.489609
23.026064 -3.002285 -52.493587
23.502082 -3.508587 -50.231925
23.898829 -4.132438 -47.516671
24.256787 -4.848271 -44.508834
24.521605 -5.617776 -41.369986
24.7483 -6.374785 -38.363627
25.023871 -7.078524 -35.647739
25.372688 -7.798557 -32.910501
25.868041 -8.568173 -29.966592
26.510424 -9.476861 -26.587293
27.181987 -10.472244 -22.960737
27.78703 -11.482083 -19.498653
28.202753 -12.626728 -15.890241
28.4809 -13.917449 -12.183527
28.538127 -15.256688 -8.756643
28.458228 -16.597629 -5.753752
28.24605 -17.93485 -3.154437
28.007555 -19.230092 -0.95321
27.715929 -20.428564 0.870674
27.451343 -21.545987 2.381303
27.140663 -22.574528 3.621465
26.855497 -23.543561 4.621265
26.573002 -24.414933 5.310439
26.314531 -25.235846 5.819198
26.110643 -25.967669 6.228698
25.950332 -26.547313 6.377137
25.637334 -27.032767 6.358973
25.224551 -27.51582 6.275127
24.600191 -28.144386 6.43099
23.994515 -28.666715 6.535209
23.710672 -28.923385 6.58815
23.415474 -29.063426 6.412459
22.843742 -29.233085 6.085333
22.093479 -29.580311 5.841661
21.320538 -30.006385 5.693066
20.670004 -30.245495 5.406379
19.892412 -30.219111 4.625345
19.112124 -29.990909 3.515948
18.433675 -29.775554 2.595281
18.112159 -29.580992 2.016566
18.052811 -29.62511 2.024372
17.846924 -29.8566 2.195396
17.209207 -30.139143 2.085288
16.15391 -30.435773 1.73189
15.148386 -30.625271 1.377873
14.426762 -30.638708 1.052867
13.896619 -30.577849 0.779995
13.328444 -30.517526 0.540996
12.840394 -30.445024 0.297679
12.481433 -30.296005 -0.021589
12.2717 -30.102486 -0.258372
12.183858 -29.843123 -0.593568
12.1352 -29.579857 -0.960655
12.184813 -29.415795 -1.219162
12.296069 -29.350443 -1.369494
12.412252 -29.339322 -1.477453
12.422938 -29.313394 -1.654709
12.299217 -29.325497 -1.861042
12.099656 -29.374593 -2.010626
11.812739 -29.43748 -2.223908
11.470629 -29.490774 -2.469221
11.139624 -29.574526 -2.647028
10.773982 -29.677617 -2.811344
10.445469 -29.806838 -2.894408
10.088021 -29.93483 -2.959603
9.78261 -30.012093 -3.066778
9.498332 -30.063861 -3.140035
9.297312 -30.124873 -3.156103
9.157572 -30.177326 -3.15979
9.070575 -30.241527 -3.147513
9.014866 -30.272651 -3.145519
8.919434 -30.283823 -3.181476
8.77967 -30.348845 -3.187646
8.621567 -30.39534 -3.22557
8.428698 -30.451377 -3.275995
8.231412 -30.504342 -3.352804
8.061663 -30.509291 -3.493874
7.874042 -30.499006 -3.596233
7.710639 -30.521742 -3.664941
7.547149 -30.542716 -3.763765
7.402022 -30.517526 -3.846546
7.284859 -30.528934 -3.906997
7.807446 -27.185356 1.694623
7.679278 -27.184742 1.648096
7.553918 -27.176351 1.541087
7.454754 -27.170002 1.490733
7.38878 -27.191389 1.498401
7.371669 -27.220158 1.47878
7.375317 -27.243082 1.468882
7.443293 -27.261207 1.454554
7.541765 -27.254568 1.450693
7.594626 -27.243501 1.338504
7.598072 -27.239599 1.27231
