14.020000 22.180000 124.400002 -1468.000000 737.000000 3859.000000
14.020000 22.709999 124.510002 -1459.000000 693.000000 3663.000000
14.080000 23.180000 124.669998 -1420.000000 718.000000 3679.000000
14.250000 23.650000 124.860001 -1411.000000 878.000000 3719.000000
14.520000 24.180000 125.059998 -1454.000000 994.000000 3621.000000
14.800000 24.799999 125.260002 -1648.000000 1034.000000 3742.000000
15.030000 25.430000 125.410004 -1955.000000 946.000000 4270.000000
15.140000 25.870001 125.519997 -1282.000000 684.000000 3864.000000
15.270000 26.090000 125.620003 -1089.000000 831.000000 4182.000000
15.760000 26.520000 125.879997 -851.000000 1135.000000 3442.000000
16.139999 27.200001 126.089996 -2023.000000 811.000000 5086.000000
15.970000 27.150000 125.239998 -3850.000000 -215.000000 6803.000000
16.410000 26.709999 123.410004 -2689.000000 1839.000000 3703.000000
17.480000 26.129999 122.379997 -734.000000 2715.000000 3070.000000
17.730000 25.139999 122.250000 944.000000 1661.000000 4507.000000
17.830000 24.209999 122.190002 1061.000000 1059.000000 4849.000000
18.219999 23.790001 121.459999 96.000000 1683.000000 3870.000000
18.690001 23.670000 120.300003 -720.000000 2053.000000 3512.000000
18.950001 23.450001 119.290001 -559.000000 1709.000000 3674.000000
19.020000 23.090000 118.470001 25.000000 1384.000000 4018.000000
19.120001 22.780001 117.580002 120.000000 1535.000000 3992.000000
19.290001 22.660000 116.529999 -186.000000 1728.000000 3797.000000
19.459999 22.709999 115.410004 -526.000000 1696.000000 3617.000000
19.549999 22.830000 114.220001 -786.000000 1551.000000 3605.000000
19.570000 22.980000 112.970001 -957.000000 1486.000000 3512.000000
19.520000 23.080000 111.589996 -1029.000000 1448.000000 3528.000000
19.360001 23.129999 110.110001 -1106.000000 1358.000000 3554.000000
19.080000 23.190001 108.559998 -1264.000000 1193.000000 3597.000000
18.690001 23.340000 106.970001 -1494.000000 918.000000 3587.000000
18.240000 23.620001 105.370003 -1800.000000 711.000000 3613.000000
17.820000 23.990000 103.809998 -2159.000000 569.000000 3399.000000
17.459999 24.400000 102.290001 -2528.000000 578.000000 3190.000000
17.170000 24.770000 100.800003 -2703.000000 725.000000 3080.000000
16.900000 25.070000 99.339996 -2658.000000 930.000000 3010.000000
16.600000 25.240000 97.889999 -2393.000000 1096.000000 2942.000000
16.200001 25.290001 96.440002 -2174.000000 1068.000000 3008.000000
15.650000 25.299999 95.010002 -2228.000000 818.000000 3249.000000
14.970000 25.370001 93.610001 -2510.000000 438.000000 3358.000000
14.300000 25.690001 92.400002 -2797.000000 125.000000 2934.000000
13.730000 26.049999 91.300003 -2919.000000 348.000000 2677.000000
13.190000 26.379999 90.330002 -2817.000000 525.000000 2513.000000
12.630000 26.629999 89.410004 -2645.000000 573.000000 2562.000000
11.960000 26.770000 88.519997 -2498.000000 406.000000 2663.000000
11.210000 26.830000 87.650002 -2433.000000 228.000000 2817.000000
10.430000 26.820000 86.820000 -2396.000000 98.000000 2865.000000
9.630000 26.809999 86.059998 -2389.000000 26.000000 2886.000000
8.860000 26.840000 85.349998 -2400.000000 49.000000 2787.000000
8.150000 26.889999 84.669998 -2509.000000 176.000000 2775.000000
7.470000 26.940001 84.019997 -2616.000000 233.000000 2822.000000
6.760000 26.879999 83.330002 -2616.000000 148.000000 2945.000000
6.010000 26.650000 82.599998 -2418.000000 18.000000 3174.000000
5.220000 26.209999 81.820000 -2049.000000 -105.000000 3482.000000
4.460000 25.660000 81.070000 -1761.000000 -184.000000 3679.000000
3.760000 25.100000 80.349998 -1622.000000 -187.000000 3780.000000
3.110000 24.660000 79.660004 -1624.000000 -223.000000 3770.000000
2.520000 24.360001 78.980003 -1653.000000 -206.000000 3709.000000
1.970000 24.190001 78.360001 -1698.000000 -227.000000 3777.000000
1.460000 24.120001 77.760002 -1737.000000 -246.000000 3761.000000
0.980000 24.100000 77.169998 -1753.000000 -256.000000 3753.000000
0.520000 24.080000 76.589996 -1617.000000 -373.000000 3824.000000
0.070000 24.080000 76.070000 -1694.000000 -763.000000 4540.000000
-0.290000 24.280001 75.629997 -1818.000000 -829.000000 4334.000000
-0.500000 24.610001 75.230003 -2214.000000 -728.000000 4152.000000
-0.490000 24.959999 74.900002 -2390.000000 -293.000000 3539.000000
-0.390000 25.190001 74.650002 -2317.000000 37.000000 3433.000000
-0.310000 25.280001 74.470001 -1937.000000 98.000000 3577.000000
-0.250000 25.280001 74.330002 -1542.000000 174.000000 3609.000000
-0.210000 25.260000 74.169998 -1328.000000 204.000000 3641.000000
-0.250000 25.299999 73.949997 -1258.000000 88.000000 3685.000000
-0.360000 25.430000 73.680000 -1366.000000 -94.000000 3763.000000
-0.480000 25.660000 73.360001 -1531.000000 -171.000000 3655.000000
-0.600000 25.920000 73.010002 -1751.000000 -171.000000 3664.000000
-0.650000 26.150000 72.699997 -1827.000000 -86.000000 3646.000000
-0.650000 26.290001 72.440002 -1569.000000 40.000000 3524.000000
-0.590000 26.420000 72.199997 -1760.000000 207.000000 3423.000000
-0.580000 26.459999 71.959999 -1713.000000 186.000000 3567.000000
-0.660000 26.500000 71.699997 -1647.000000 -22.000000 3479.000000
-0.780000 26.510000 71.419998 -1787.000000 -133.000000 3788.000000
-0.890000 26.549999 71.150002 -1908.000000 -137.000000 3803.000000
-0.970000 26.559999 70.930000 -1660.000000 -99.000000 3779.000000
-0.980000 26.570000 70.750000 -1549.000000 12.000000 3887.000000
-0.930000 26.620001 70.570000 -1565.000000 161.000000 3853.000000
-0.910000 26.709999 70.349998 -1681.000000 63.000000 3831.000000
-0.910000 26.840000 70.089996 -1829.000000 18.000000 3615.000000
-0.900000 26.930000 69.839996 -1982.000000 14.000000 3578.000000
-0.890000 26.969999 69.610001 -1922.000000 30.000000 3544.000000
-0.910000 26.980000 69.400002 -1920.000000 -55.000000 3475.000000
-0.940000 26.959999 69.190002 -1858.000000 -10.000000 3523.000000
-0.950000 26.860001 68.989998 -1695.000000 31.000000 3689.000000
-0.950000 26.780001 68.820000 -1657.000000 38.000000 3764.000000
-0.950000 26.719999 68.650002 -1671.000000 15.000000 3785.000000
-0.940000 26.730000 68.449997 -1857.000000 25.000000 3729.000000
-0.920000 26.760000 68.250000 -2083.000000 51.000000 3729.000000
-0.880000 26.780001 68.070000 -2169.000000 72.000000 3706.000000
-0.820000 26.700001 67.940002 -2200.000000 132.000000 3673.000000
-0.750000 26.459999 67.820000 -1935.000000 151.000000 3751.000000
-0.720000 26.030001 67.690002 -1556.000000 92.000000 3883.000000
-0.740000 25.540001 67.559998 -1312.000000 58.000000 3833.000000
-0.760000 25.110001 67.430000 -1063.000000 48.000000 3745.000000
-0.770000 24.790001 67.269997 -1037.000000 46.000000 3573.000000
-0.810000 24.610001 67.070000 -1179.000000 -18.000000 3533.000000
-0.810000 24.530001 66.830002 -1426.000000 15.000000 3496.000000
-0.820000 24.469999 66.570000 -1645.000000 32.000000 3589.000000
-0.920000 24.350000 66.300003 -1592.000000 -132.000000 3672.000000
-1.100000 24.200001 66.040001 -1556.000000 -317.000000 3797.000000
-1.260000 24.059999 65.769997 -1504.000000 -371.000000 3768.000000
-1.370000 23.920000 65.540001 -1337.000000 -319.000000 3698.000000
-1.400000 23.840000 65.339996 -1339.000000 -207.000000 3855.000000
-1.430000 23.900000 65.129997 -1502.000000 -285.000000 4043.000000
-1.560000 24.120001 64.879997 -1655.000000 -648.000000 4182.000000
-1.700000 24.570000 64.610001 -1772.000000 -894.000000 4045.000000
-1.730000 25.180000 64.370003 -1964.000000 -900.000000 3905.000000
-1.580000 25.940001 64.199997 -2115.000000 -706.000000 3765.000000
-1.250000 26.820000 64.150002 -2342.000000 -450.000000 3654.000000
-0.820000 27.730000 64.199997 -2553.000000 -290.000000 3569.000000
-0.340000 28.580000 64.339996 -2701.000000 -235.000000 3645.000000
0.170000 29.370001 64.540001 -2674.000000 -241.000000 3710.000000
0.680000 30.139999 64.809998 -2607.000000 -291.000000 3950.000000
1.230000 30.969999 65.099998 -2493.000000 -307.000000 4114.000000
1.860000 32.009998 65.430000 -2335.000000 -269.000000 4033.000000
2.580000 33.410000 65.860001 -2154.000000 -127.000000 3915.000000
3.490000 35.290001 66.419998 -2182.000000 132.000000 3569.000000
4.690000 37.650002 67.250000 -2338.000000 509.000000 3205.000000
6.050000 40.380001 68.349998 -2544.000000 786.000000 2721.000000
7.490000 43.330002 69.639999 -2771.000000 852.000000 2277.000000
9.010000 46.400002 71.160004 -2856.000000 788.000000 2075.000000
10.680000 49.549999 72.970001 -3012.000000 712.000000 1874.000000
12.620000 52.759998 75.139999 -3076.000000 668.000000 1647.000000
14.940000 55.990002 77.779999 -3283.000000 760.000000 1232.000000
17.790001 59.080002 80.959999 -3663.000000 936.000000 999.000000
21.290001 61.980000 84.809998 -3804.000000 1135.000000 697.000000
25.480000 64.650002 89.410004 -3719.000000 1358.000000 406.000000
30.420000 67.019997 94.779999 -3680.000000 1383.000000 377.000000
36.279999 69.089996 101.080002 -3481.000000 1344.000000 380.000000
43.220001 70.860001 108.519997 -3272.000000 1233.000000 252.000000
51.490002 72.300003 117.309998 -3038.000000 1210.000000 156.000000
61.270000 73.349998 127.589996 -2918.000000 1309.000000 12.000000
72.430000 73.940002 139.259995 -2836.000000 1424.000000 -296.000000
84.389999 73.989998 151.770004 -2895.000000 1561.000000 -576.000000
96.160004 73.449997 164.160004 -3185.000000 1649.000000 -853.000000
106.870003 72.349998 175.610001 -3442.000000 1667.000000 -997.000000
115.919998 70.760002 -174.490005 -3576.000000 1671.000000 -1222.000000
123.050003 68.820000 -166.460007 -3622.000000 1595.000000 -1261.000000
128.610001 66.680000 -159.929993 -3452.000000 1524.000000 -1274.000000
132.990005 64.430000 -154.570007 -3267.000000 1521.000000 -1292.000000
136.529999 62.099998 -150.029999 -3022.000000 1427.000000 -1459.000000
139.490005 59.650002 -146.020004 -2784.000000 1366.000000 -1588.000000
142.070007 57.090000 -142.369995 -2775.000000 1390.000000 -1808.000000
144.330002 54.470001 -139.020004 -2893.000000 1539.000000 -2126.000000
146.300003 51.849998 -135.960007 -3159.000000 1659.000000 -2398.000000
147.970001 49.360001 -133.220001 -3392.000000 1703.000000 -2564.000000
149.320007 47.080002 -130.800003 -3507.000000 1595.000000 -2644.000000
150.369995 45.060001 -128.740005 -3436.000000 1367.000000 -2666.000000
151.169998 43.279999 -126.970001 -3243.000000 1298.000000 -2582.000000
151.789993 41.650002 -125.410004 -3040.000000 1323.000000 -2485.000000
152.300003 40.110001 -123.989998 -2900.000000 1365.000000 -2534.000000
152.750000 38.639999 -122.650002 -2856.000000 1409.000000 -2578.000000
153.199997 37.220001 -121.320000 -2807.000000 1431.000000 -2580.000000
153.639999 35.849998 -120.019997 -2707.000000 1386.000000 -2760.000000
154.059998 34.560001 -118.779999 -2646.000000 1348.000000 -2926.000000
154.449997 33.380001 -117.610001 -2756.000000 1304.000000 -3018.000000
154.789993 32.360001 -116.500000 -2890.000000 1297.000000 -3046.000000
155.080002 31.469999 -115.480003 -2938.000000 1286.000000 -2947.000000
155.309998 30.680000 -114.559998 -2849.000000 1347.000000 -2868.000000
155.520004 29.920000 -113.699997 -2630.000000 1381.000000 -2869.000000
155.729996 29.160000 -112.860001 -2352.000000 1348.000000 -2882.000000
155.960007 28.379999 -112.019997 -2227.000000 1301.000000 -2990.000000
156.229996 27.600000 -111.150002 -2260.000000 1293.000000 -3120.000000
156.500000 26.790001 -110.279999 -2344.000000 1240.000000 -3047.000000
156.789993 25.950001 -109.400002 -2396.000000 1183.000000 -3210.000000
157.080002 25.110001 -108.540001 -2539.000000 1184.000000 -3259.000000
157.369995 24.330000 -107.720001 -2558.000000 1152.000000 -3288.000000
157.649994 23.600000 -106.970001 -2458.000000 1150.000000 -3392.000000
157.910004 22.940001 -106.309998 -2348.000000 1174.000000 -3435.000000
158.149994 22.370001 -105.699997 -2182.000000 1196.000000 -3446.000000
158.360001 21.879999 -105.110001 -2036.000000 1210.000000 -3413.000000
158.550003 21.459999 -104.570000 -2011.000000 1210.000000 -3455.000000
158.729996 21.049999 -104.059998 -2042.000000 1247.000000 -3395.000000
158.919998 20.629999 -103.540001 -2038.000000 1240.000000 -3627.000000
159.130005 20.180000 -103.040001 -1984.000000 1154.000000 -3643.000000
159.330002 19.709999 -102.550003 -1863.000000 1102.000000 -3664.000000
159.539993 19.270000 -102.099998 -1861.000000 1141.000000 -3731.000000
159.729996 18.910000 -101.690002 -1890.000000 1182.000000 -3698.000000
159.899994 18.629999 -101.349998 -1818.000000 1243.000000 -3658.000000
160.039993 18.420000 -101.070000 -1746.000000 1248.000000 -3586.000000
160.169998 18.280001 -100.790001 -1673.000000 1209.000000 -3547.000000
160.309998 18.180000 -100.519997 -1648.000000 1175.000000 -3610.000000
160.460007 18.030001 -100.260002 -1511.000000 1098.000000 -3672.000000
160.619995 17.820000 -100.010002 -1470.000000 1081.000000 -3758.000000
160.789993 17.580000 -99.739998 -1535.000000 1078.000000 -3856.000000
160.960007 17.330000 -99.480003 -1608.000000 1076.000000 -3887.000000
161.119995 17.110001 -99.260002 -1637.000000 1136.000000 -3889.000000
161.270004 16.980000 -99.080002 -1641.000000 1174.000000 -3909.000000
161.380005 16.930000 -98.959999 -1610.000000 1227.000000 -3815.000000
161.460007 16.959999 -98.860001 -1538.000000 1210.000000 -3663.000000
161.529999 17.000000 -98.779999 -1406.000000 1182.000000 -3607.000000
161.600006 17.030001 -98.690002 -1328.000000 1124.000000 -3578.000000
161.699997 17.030001 -98.599998 -1302.000000 1108.000000 -3595.000000
161.809998 16.959999 -98.500000 -1238.000000 1058.000000 -3691.000000
161.949997 16.840000 -98.400002 -1211.000000 1075.000000 -3885.000000
162.089996 16.670000 -98.309998 -1239.000000 1147.000000 -4079.000000
162.229996 16.490000 -98.209999 -1232.000000 1146.000000 -4053.000000
162.339996 16.340000 -98.120003 -1275.000000 1157.000000 -4097.000000
162.429993 16.290001 -98.040001 -1344.000000 1201.000000 -4038.000000
162.490005 16.309999 -98.010002 -1301.000000 1199.000000 -3902.000000
162.520004 16.379999 -98.010002 -1252.000000 1212.000000 -3767.000000
162.550003 16.430000 -98.000000 -1058.000000 1217.000000 -3749.000000
162.580002 16.389999 -98.000000 -856.000000 1192.000000 -3793.000000
162.639999 16.280001 -97.970001 -880.000000 1163.000000 -3882.000000
162.720001 16.129999 -97.910004 -1086.000000 1164.000000 -4057.000000
162.800003 15.970000 -97.849998 -1193.000000 1171.000000 -4080.000000
162.860001 15.850000 -97.800003 -1253.000000 1209.000000 -4078.000000
162.899994 15.770000 -97.779999 -1173.000000 1203.000000 -4010.000000
162.929993 15.740000 -97.760002 -1074.000000 1152.000000 -4033.000000
162.940002 15.740000 -97.750000 -1070.000000 1146.000000 -3971.000000
162.949997 15.750000 -97.750000 -1069.000000 1158.000000 -3837.000000
162.940002 15.720000 -97.760002 -945.000000 1192.000000 -3843.000000
162.940002 15.670000 -97.769997 -1071.000000 1264.000000 -3907.000000
162.940002 15.630000 -97.760002 -1136.000000 1260.000000 -3945.000000
162.929993 15.620000 -97.760002 -1152.000000 1261.000000 -3973.000000
162.919998 15.630000 -97.779999 -1082.000000 1247.000000 -3971.000000
162.889999 15.680000 -97.790001 -941.000000 1260.000000 -3945.000000
162.860001 15.740000 -97.820000 -885.000000 1220.000000 -3898.000000
162.830002 15.780000 -97.839996 -933.000000 1227.000000 -3892.000000
162.789993 15.810000 -97.860001 -1019.000000 1267.000000 -3850.000000
162.759995 15.800000 -97.860001 -982.000000 1285.000000 -3840.000000
162.720001 15.780000 -97.849998 -1043.000000 1273.000000 -3861.000000
162.679993 15.760000 -97.820000 -1074.000000 1262.000000 -3820.000000
162.660004 15.750000 -97.779999 -1122.000000 1238.000000 -3848.000000
162.630005 15.730000 -97.779999 -1051.000000 1245.000000 -3870.000000
162.610001 15.710000 -97.769997 -990.000000 1232.000000 -3903.000000
162.600006 15.710000 -97.760002 -993.000000 1232.000000 -3969.000000
162.580002 15.720000 -97.730003 -1047.000000 1206.000000 -3977.000000
162.570007 15.730000 -97.720001 -1036.000000 1171.000000 -3972.000000
162.550003 15.750000 -97.709999 -1035.000000 1185.000000 -3961.000000
162.509995 15.790000 -97.709999 -1062.000000 1216.000000 -3856.000000
162.470001 15.820000 -97.709999 -973.000000 1189.000000 -3775.000000
162.419998 15.860000 -97.690002 -940.000000 1189.000000 -3751.000000
162.389999 15.860000 -97.690002 -911.000000 1167.000000 -3746.000000
162.369995 15.820000 -97.680000 -865.000000 1182.000000 -3763.000000
162.369995 15.760000 -97.660004 -898.000000 1213.000000 -3834.000000
162.360001 15.710000 -97.610001 -999.000000 1228.000000 -3896.000000
162.369995 15.660000 -97.550003 -1083.000000 1208.000000 -3965.000000
162.369995 15.630000 -97.510002 -1136.000000 1193.000000 -3953.000000
162.360001 15.620000 -97.500000 -1072.000000 1184.000000 -3840.000000
162.339996 15.630000 -97.489998 -987.000000 1203.000000 -3806.000000
162.309998 15.640000 -97.500000 -956.000000 1233.000000 -3782.000000
162.300003 15.640000 -97.489998 -979.000000 1235.000000 -3788.000000
162.279999 15.600000 -97.480003 -894.000000 1228.000000 -3764.000000
162.279999 15.550000 -97.459999 -891.000000 1227.000000 -3798.000000
162.279999 15.510000 -97.419998 -988.000000 1218.000000 -3828.000000
162.289993 15.470000 -97.370003 -1066.000000 1226.000000 -3859.000000
162.300003 15.430000 -97.330002 -1107.000000 1245.000000 -3927.000000
162.309998 15.390000 -97.300003 -1051.000000 1234.000000 -3941.000000
162.309998 15.360000 -97.290001 -1038.000000 1233.000000 -3955.000000
162.309998 15.360000 -97.269997 -1031.000000 1225.000000 -3916.000000
162.300003 15.350000 -97.260002 -1024.000000 1236.000000 -3881.000000
162.289993 15.360000 -97.269997 -1042.000000 1273.000000 -3863.000000
162.270004 15.370000 -97.239998 -1045.000000 1237.000000 -3831.000000
162.259995 15.390000 -97.230003 -1057.000000 1210.000000 -3808.000000
162.259995 15.390000 -97.230003 -995.000000 1216.000000 -3811.000000
162.259995 15.370000 -97.220001 -928.000000 1193.000000 -3855.000000
162.270004 15.330000 -97.190002 -906.000000 1168.000000 -3858.000000
162.279999 15.270000 -97.160004 -967.000000 1201.000000 -3950.000000
162.289993 15.220000 -97.129997 -1081.000000 1222.000000 -4011.000000
162.300003 15.170000 -97.089996 -1092.000000 1248.000000 -4060.000000
162.289993 15.140000 -97.059998 -1083.000000 1241.000000 -3998.000000
162.270004 15.140000 -97.050003 -1099.000000 1244.000000 -3928.000000
162.240005 15.170000 -97.059998 -1096.000000 1231.000000 -3884.000000
162.199997 15.220000 -97.070000 -1046.000000 1229.000000 -3798.000000
162.149994 15.260000 -97.080002 -982.000000 1248.000000 -3781.000000
162.119995 15.290000 -97.080002 -941.000000 1221.000000 -3829.000000
162.100006 15.280000 -97.080002 -912.000000 1227.000000 -3868.000000
162.080002 15.260000 -97.080002 -968.000000 1244.000000 -3962.000000
162.070007 15.240000 -97.070000 -1048.000000 1252.000000 -3994.000000
162.059998 15.240000 -97.059998 -1051.000000 1228.000000 -3977.000000
162.029999 15.260000 -97.040001 -1049.000000 1197.000000 -3908.000000
162.000000 15.290000 -97.040001 -1044.000000 1172.000000 -3779.000000
161.970001 15.320000 -97.019997 -1008.000000 1176.000000 -3730.000000
161.940002 15.330000 -97.019997 -992.000000 1207.000000 -3761.000000
161.919998 15.310000 -97.040001 -970.000000 1266.000000 -3791.000000
161.899994 15.280000 -97.059998 -956.000000 1285.000000 -3854.000000
161.899994 15.250000 -97.059998 -974.000000 1252.000000 -3906.000000
161.899994 15.230000 -97.040001 -1004.000000 1238.000000 -3896.000000
161.899994 15.230000 -97.050003 -1060.000000 1239.000000 -3892.000000
161.899994 15.250000 -97.050003 -1019.000000 1228.000000 -3889.000000
161.880005 15.260000 -97.080002 -941.000000 1247.000000 -3849.000000
161.869995 15.240000 -97.099998 -799.000000 1218.000000 -3825.000000
161.869995 15.190000 -97.089996 -788.000000 1209.000000 -3825.000000
161.869995 15.140000 -97.089996 -916.000000 1234.000000 -3860.000000
161.880005 15.100000 -97.089996 -1007.000000 1237.000000 -3833.000000
161.889999 15.040000 -97.089996 -926.000000 1207.000000 -3849.000000
161.889999 15.000000 -97.089996 -906.000000 1220.000000 -3870.000000
161.899994 14.970000 -97.080002 -968.000000 1202.000000 -3889.000000
161.899994 14.930000 -97.080002 -975.000000 1216.000000 -3912.000000
161.899994 14.910000 -97.070000 -955.000000 1260.000000 -3960.000000
161.889999 14.890000 -97.070000 -928.000000 1293.000000 -3929.000000
161.869995 14.890000 -97.080002 -952.000000 1289.000000 -3960.000000
161.860001 14.900000 -97.089996 -914.000000 1264.000000 -3894.000000
161.830002 14.900000 -97.099998 -790.000000 1279.000000 -3847.000000
161.800003 14.870000 -97.120003 -688.000000 1259.000000 -3824.000000
161.789993 14.830000 -97.110001 -807.000000 1264.000000 -3857.000000
161.789993 14.780000 -97.099998 -932.000000 1274.000000 -3897.000000
161.779999 14.750000 -97.059998 -1025.000000 1312.000000 -3989.000000
161.770004 14.730000 -97.040001 -966.000000 1347.000000 -4027.000000
161.740005 14.710000 -97.050003 -839.000000 1326.000000 -4009.000000
161.710007 14.690000 -97.050003 -805.000000 1282.000000 -3999.000000
161.669998 14.670000 -97.040001 -872.000000 1288.000000 -3985.000000
161.639999 14.660000 -97.019997 -942.000000 1318.000000 -4050.000000
161.589996 14.650000 -97.019997 -991.000000 1358.000000 -4037.000000
161.539993 14.670000 -96.989998 -997.000000 1335.000000 -4022.000000
161.479996 14.700000 -96.989998 -950.000000 1347.000000 -4018.000000
161.410004 14.740000 -97.010002 -904.000000 1381.000000 -4082.000000
161.330002 14.800000 -97.029999 -927.000000 1440.000000 -4091.000000
161.250000 14.900000 -97.070000 -942.000000 1505.000000 -4198.000000
161.160004 15.030000 -97.110001 -965.000000 1536.000000 -4351.000000
161.059998 15.240000 -97.160004 -996.000000 1555.000000 -4534.000000
160.940002 15.590000 -97.230003 -1142.000000 1514.000000 -4619.000000
160.789993 16.160000 -97.330002 -1347.000000 1478.000000 -4620.000000
160.580002 16.959999 -97.529999 -1489.000000 1451.000000 -4587.000000
160.309998 18.020000 -97.839996 -1618.000000 1533.000000 -4418.000000
159.960007 19.340000 -98.279999 -1685.000000 1653.000000 -4214.000000
159.509995 20.840000 -98.830002 -1640.000000 1745.000000 -4011.000000
158.979996 22.400000 -99.470001 -1439.000000 1772.000000 -3902.000000
158.429993 23.930000 -100.120003 -1215.000000 1797.000000 -3896.000000
157.880005 25.430000 -100.750000 -1195.000000 1750.000000 -3867.000000
157.330002 26.910000 -101.339996 -1322.000000 1689.000000 -3926.000000
156.800003 28.389999 -101.900002 -1547.000000 1682.000000 -4065.000000
156.250000 29.940001 -102.470001 -1838.000000 1802.000000 -4098.000000
155.610001 31.690001 -103.160004 -2189.000000 1893.000000 -3974.000000
154.839996 33.639999 -103.989998 -2488.000000 1899.000000 -3816.000000
153.940002 35.720001 -104.940002 -2513.000000 1839.000000 -3606.000000
152.910004 37.790001 -106.019997 -2278.000000 1795.000000 -3342.000000
151.729996 39.779999 -107.209999 -1935.000000 1780.000000 -3069.000000
150.460007 41.660000 -108.449997 -1683.000000 1822.000000 -2808.000000
149.169998 43.380001 -109.660004 -1640.000000 1891.000000 -2631.000000
147.929993 44.950001 -110.739998 -1776.000000 1962.000000 -2650.000000
146.770004 46.419998 -111.699997 -2146.000000 1937.000000 -2694.000000
145.669998 47.869999 -112.550003 -2564.000000 1925.000000 -2822.000000
144.550003 49.389999 -113.440002 -2992.000000 1868.000000 -2941.000000
143.240005 51.060001 -114.519997 -3317.000000 1855.000000 -2786.000000
141.639999 52.849998 -115.930000 -3521.000000 1881.000000 -2771.000000
139.619995 54.770000 -117.769997 -3545.000000 1882.000000 -2501.000000
137.110001 56.730000 -120.089996 -3253.000000 1889.000000 -2307.000000
134.089996 58.669998 -122.919998 -2822.000000 1884.000000 -2015.000000
130.589996 60.509998 -126.199997 -2513.000000 1830.000000 -1784.000000
126.760002 62.200001 -129.740005 -2378.000000 1768.000000 -1627.000000
122.779999 63.740002 -133.380005 -2499.000000 1706.000000 -1588.000000
118.709999 65.129997 -137.080002 -2775.000000 1692.000000 -1639.000000
114.339996 66.419998 -141.029999 -3087.000000 1662.000000 -1629.000000
109.379997 67.610001 -145.550003 -3355.000000 1650.000000 -1338.000000
103.570000 68.669998 -150.899994 -3564.000000 1549.000000 -1043.000000
96.809998 69.529999 -157.139999 -3617.000000 1378.000000 -726.000000
89.260002 70.110001 -164.139999 -3529.000000 1188.000000 -462.000000
81.279999 70.339996 -171.539993 -3311.000000 1154.000000 -428.000000
73.250000 70.180000 -178.990005 -3130.000000 1232.000000 -456.000000
65.559998 69.669998 173.889999 -2961.000000 1318.000000 -510.000000
58.389999 68.839996 167.330002 -2896.000000 1379.000000 -180.000000
51.730000 67.750000 161.320007 -2875.000000 1312.000000 132.000000
45.450001 66.379997 155.740005 -2884.000000 1103.000000 624.000000
39.590000 64.760002 150.619995 -2882.000000 823.000000 991.000000
34.320000 62.939999 146.100006 -2881.000000 577.000000 1282.000000
29.830000 61.009998 142.350006 -2891.000000 477.000000 1477.000000
26.100000 59.070000 139.350006 -2814.000000 456.000000 1470.000000
23.010000 57.169998 136.960007 -2704.000000 559.000000 1438.000000
20.330000 55.290001 134.979996 -2599.000000 609.000000 1601.000000
17.860001 53.340000 133.220001 -2520.000000 522.000000 1863.000000
15.480000 51.270000 131.589996 -2374.000000 295.000000 2236.000000
13.180000 49.139999 130.110001 -2279.000000 22.000000 2599.000000
11.030000 46.990002 128.779999 -2244.000000 -217.000000 2828.000000
9.130000 44.910000 127.650002 -2298.000000 -307.000000 2874.000000
7.490000 42.939999 126.739998 -2257.000000 -283.000000 2883.000000
6.050000 41.070000 126.019997 -2091.000000 -207.000000 2880.000000
4.750000 39.230000 125.430000 -2041.000000 -168.000000 3135.000000
3.500000 37.400002 124.940002 -1896.000000 -281.000000 3402.000000
2.240000 35.590000 124.489998 -1632.000000 -553.000000 3710.000000
0.990000 33.910000 124.070000 -1344.000000 -809.000000 3898.000000
-0.180000 32.459999 123.669998 -1336.000000 -971.000000 3895.000000
-1.220000 31.270000 123.309998 -1513.000000 -1017.000000 3659.000000
-2.130000 30.330000 123.029999 -1757.000000 -944.000000 3546.000000
-2.880000 29.530001 122.839996 -1985.000000 -791.000000 3400.000000
-3.530000 28.750000 122.699997 -2138.000000 -626.000000 3335.000000
-4.160000 27.879999 122.570000 -2093.000000 -588.000000 3322.000000
-4.830000 26.850000 122.449997 -1858.000000 -653.000000 3502.000000
-5.520000 25.700001 122.349998 -1569.000000 -822.000000 3696.000000
-6.210000 24.480000 122.260002 -1343.000000 -906.000000 3741.000000
-6.850000 23.299999 122.230003 -1175.000000 -963.000000 3771.000000
-7.460000 22.209999 122.230003 -1030.000000 -952.000000 3736.000000
-8.010000 21.290001 122.230003 -1059.000000 -846.000000 3794.000000
-8.520000 20.490000 122.250000 -1253.000000 -771.000000 3860.000000
-9.030000 19.719999 122.290001 -1249.000000 -844.000000 4067.000000
-9.580000 18.920000 122.330002 -1077.000000 -973.000000 4157.000000
-10.130000 18.110001 122.349998 -915.000000 -1064.000000 4067.000000
-10.630000 17.330000 122.360001 -879.000000 -1087.000000 4089.000000
-11.070000 16.639999 122.370003 -934.000000 -1080.000000 3908.000000
-11.470000 16.090000 122.379997 -1039.000000 -1057.000000 3901.000000
-11.810000 15.680000 122.379997 -1248.000000 -1057.000000 4036.000000
-12.130000 15.290000 122.379997 -1121.000000 -1102.000000 4090.000000
-12.430000 14.880000 122.379997 -970.000000 -1124.000000 4178.000000
-12.700000 14.460000 122.389999 -800.000000 -1169.000000 4238.000000
-12.940000 14.060000 122.440002 -783.000000 -1174.000000 4226.000000
-13.130000 13.740000 122.489998 -998.000000 -1135.000000 4107.000000
-13.300000 13.490000 122.540001 -1135.000000 -1056.000000 3859.000000
-13.450000 13.270000 122.589996 -1237.000000 -1005.000000 3859.000000
-13.600000 13.050000 122.620003 -1136.000000 -884.000000 3835.000000
-13.740000 12.800000 122.650002 -931.000000 -873.000000 3966.000000
-13.900000 12.510000 122.690002 -680.000000 -905.000000 4050.000000
-14.080000 12.280000 122.699997 -646.000000 -933.000000 4100.000000
-14.280000 12.160000 122.690002 -900.000000 -996.000000 3938.000000
-14.500000 12.130000 122.650002 -1147.000000 -1010.000000 3784.000000
-14.710000 12.130000 122.599998 -1317.000000 -949.000000 3750.000000
-14.900000 12.070000 122.550003 -1232.000000 -891.000000 3755.000000
-15.080000 11.880000 122.540001 -925.000000 -843.000000 3834.000000
-15.260000 11.610000 122.519997 -790.000000 -877.000000 3899.000000
-15.440000 11.310000 122.510002 -654.000000 -942.000000 3934.000000
-15.630000 11.070000 122.500000 -757.000000 -1049.000000 3886.000000
-15.820000 10.930000 122.480003 -944.000000 -1091.000000 3863.000000
-15.970000 10.870000 122.449997 -1142.000000 -1066.000000 3903.000000
-16.110001 10.850000 122.419998 -1210.000000 -1084.000000 3803.000000
-16.219999 10.840000 122.389999 -1191.000000 -1026.000000 3862.000000
-16.299999 10.810000 122.379997 -1004.000000 -1004.000000 3963.000000
-16.389999 10.770000 122.360001 -833.000000 -990.000000 3866.000000
-16.480000 10.770000 122.339996 -747.000000 -1017.000000 3741.000000
-16.580000 10.800000 122.320000 -836.000000 -1036.000000 3629.000000
-16.670000 10.860000 122.320000 -1006.000000 -1025.000000 3607.000000
-16.730000 10.910000 122.349998 -1139.000000 -972.000000 3705.000000
-16.790001 10.930000 122.389999 -1060.000000 -945.000000 3932.000000
-16.840000 10.870000 122.440002 -860.000000 -917.000000 4019.000000
-16.900000 10.790000 122.470001 -736.000000 -953.000000 4026.000000
-16.990000 10.750000 122.470001 -737.000000 -1010.000000 3921.000000
-17.090000 10.770000 122.459999 -773.000000 -1046.000000 3718.000000
-17.200001 10.840000 122.440002 -886.000000 -1016.000000 3605.000000
-17.320000 10.910000 122.430000 -880.000000 -1016.000000 3341.000000
-17.450001 10.950000 122.389999 -837.000000 -1224.000000 4167.000000
-17.500000 10.990000 122.300003 -42.000000 -1250.000000 4431.000000
-17.540001 11.250000 122.120003 -259.000000 -1181.000000 4522.000000
-17.590000 11.750000 121.940002 -1024.000000 -1241.000000 4018.000000
-17.650000 12.220000 121.849998 -1605.000000 -1247.000000 3874.000000
-17.600000 12.440000 121.860001 -1737.000000 -1024.000000 3666.000000
-17.530001 12.420000 121.910004 -1132.000000 -938.000000 3788.000000
-17.549999 12.280000 121.949997 -617.000000 -1149.000000 4005.000000
-17.639999 12.180000 121.900002 -598.000000 -1281.000000 4035.000000
-17.740000 12.200000 121.809998 -865.000000 -1355.000000 4062.000000
-17.830000 12.320000 121.750000 -1114.000000 -1329.000000 4029.000000
-17.850000 12.470000 121.709999 -1189.000000 -1204.000000 3965.000000
-17.830000 12.580000 121.660004 -1162.000000 -1044.000000 4021.000000
-17.809999 12.620000 121.610001 -1089.000000 -1030.000000 4069.000000
-17.820000 12.630000 121.559998 -995.000000 -1146.000000 4125.000000
-17.860001 12.640000 121.459999 -920.000000 -1217.000000 3983.000000
-17.900000 12.670000 121.330002 -1030.000000 -1301.000000 3878.000000
-17.900000 12.700000 121.220001 -1080.000000 -1260.000000 3860.000000
-17.870001 12.730000 121.169998 -992.000000 -1323.000000 3809.000000
-17.870001 12.790000 121.129997 -936.000000 -1446.000000 3806.000000
-17.879999 12.870000 121.059998 -952.000000 -1452.000000 3772.000000
-17.879999 12.940000 121.000000 -929.000000 -1554.000000 3661.000000
-17.879999 12.980000 120.980003 -885.000000 -1679.000000 3911.000000
-17.860001 13.010000 120.980003 -732.000000 -1867.000000 4205.000000
-17.790001 13.120000 120.989998 -446.000000 -2113.000000 4515.000000
-17.650000 13.410000 120.959999 -170.000000 -2245.000000 4634.000000
-17.400000 13.910000 120.900002 -146.000000 -2312.000000 4520.000000
-17.059999 14.680000 120.849998 -382.000000 -2352.000000 4340.000000
-16.670000 15.720000 120.809998 -765.000000 -2453.000000 4218.000000
-16.200001 16.920000 120.800003 -1131.000000 -2505.000000 4109.000000
-15.650000 18.160000 120.860001 -1338.000000 -2591.000000 4087.000000
-15.010000 19.350000 121.000000 -1310.000000 -2650.000000 3984.000000
-14.310000 20.490000 121.199997 -1165.000000 -2689.000000 3988.000000
-13.510000 21.590000 121.500000 -1038.000000 -2643.000000 3976.000000
-12.610000 22.650000 121.870003 -911.000000 -2508.000000 3874.000000
-11.630000 23.680000 122.309998 -858.000000 -2355.000000 3681.000000
-10.580000 24.690001 122.769997 -878.000000 -2143.000000 3342.000000
-9.470000 25.650000 123.230003 -991.000000 -1914.000000 3047.000000
-8.330000 26.559999 123.680000 -1153.000000 -1722.000000 2970.000000
-7.160000 27.389999 124.129997 -1275.000000 -1566.000000 2897.000000
-5.980000 28.100000 124.570000 -1368.000000 -1443.000000 2944.000000
-4.820000 28.650000 124.949997 -1451.000000 -1368.000000 3002.000000
-3.680000 29.090000 125.269997 -1377.000000 -1290.000000 2934.000000
-2.550000 29.440001 125.519997 -1261.000000 -1160.000000 2753.000000
-1.430000 29.719999 125.730003 -1159.000000 -1004.000000 2671.000000
-0.290000 29.920000 125.900002 -1107.000000 -781.000000 2560.000000
0.870000 30.070000 126.019997 -1200.000000 -551.000000 2474.000000
2.090000 30.190001 126.080002 -1514.000000 -279.000000 2516.000000
3.390000 30.250000 126.120003 -1938.000000 20.000000 2524.000000
4.690000 30.260000 126.089996 -2152.000000 284.000000 2425.000000
5.900000 30.250000 125.949997 -2134.000000 523.000000 2381.000000
7.030000 30.180000 125.699997 -2069.000000 705.000000 2214.000000
8.060000 30.059999 125.330002 -1871.000000 843.000000 2128.000000
8.980000 29.969999 124.870003 -1622.000000 951.000000 2138.000000
9.830000 29.889999 124.330002 -1629.000000 1058.000000 2370.000000
10.660000 29.840000 123.760002 -1845.000000 1190.000000 2660.000000
11.450000 29.830000 123.160004 -2108.000000 1320.000000 3040.000000
12.210000 29.870001 122.540001 -2318.000000 1459.000000 2950.000000
12.920000 29.950001 121.889999 -2419.000000 1616.000000 2752.000000
13.580000 30.120001 121.199997 -2443.000000 1724.000000 2163.000000
14.140000 30.400000 120.459999 -2567.000000 1770.000000 1737.000000
14.640000 30.730000 119.690002 -2796.000000 1795.000000 1527.000000
15.090000 31.000000 118.910004 -2975.000000 1913.000000 1564.000000
15.460000 31.110001 118.110001 -3027.000000 2124.000000 1886.000000
15.740000 30.990000 117.320000 -3004.000000 2338.000000 2322.000000
15.910000 30.639999 116.550003 -2881.000000 2491.000000 2654.000000
15.970000 30.190001 115.790001 -2779.000000 2540.000000 2860.000000
15.960000 29.780001 115.040001 -2706.000000 2410.000000 2680.000000
15.870000 29.480000 114.239998 -2853.000000 2272.000000 2512.000000
15.740000 29.270000 113.410004 -3018.000000 2201.000000 2219.000000
15.580000 29.100000 112.610001 -3054.000000 2155.000000 2243.000000
15.430000 28.879999 111.900002 -3005.000000 2234.000000 2361.000000
15.300000 28.620001 111.320000 -2762.000000 2347.000000 2670.000000
15.200000 28.309999 110.830002 -2584.000000 2480.000000 2910.000000
15.100000 27.969999 110.419998 -2677.000000 2534.000000 3121.000000
14.950000 27.629999 110.029999 -2775.000000 2362.000000 3340.000000
14.750000 27.320000 109.650002 -2857.000000 2105.000000 3358.000000
14.520000 26.980000 109.250000 -2970.000000 1884.000000 3284.000000
14.280000 26.530001 108.849998 -2963.000000 1774.000000 3408.000000
14.080000 25.950001 108.500000 -2711.000000 1729.000000 3408.000000
13.910000 25.280001 108.199997 -2307.000000 1763.000000 3401.000000
13.810000 24.540001 107.949997 -1814.000000 1865.000000 3328.000000
13.720000 23.780001 107.750000 -1521.000000 1987.000000 3643.000000
13.680000 23.080000 107.669998 -1453.000000 2172.000000 4041.000000
13.650000 22.420000 107.779999 -1903.000000 2181.000000 5428.000000
13.800000 21.830000 108.110001 -2596.000000 2237.000000 4799.000000
13.790000 21.290001 108.489998 -2297.000000 1312.000000 4213.000000
13.430000 20.840000 108.449997 -1777.000000 690.000000 3878.000000
13.210000 20.490000 108.010002 -1424.000000 952.000000 3254.000000
13.420000 20.090000 107.779999 -1330.000000 1298.000000 3125.000000
13.500000 19.590000 107.849998 -1107.000000 1207.000000 3544.000000
13.630000 19.110001 108.040001 -1030.000000 1321.000000 3368.000000
13.720000 18.610001 108.160004 -1134.000000 1470.000000 3668.000000
13.660000 18.090000 108.199997 -1056.000000 1300.000000 3886.000000
13.460000 17.600000 108.190002 -925.000000 1058.000000 4027.000000
13.240000 17.219999 108.129997 -909.000000 851.000000 4040.000000
13.050000 17.000000 107.989998 -1035.000000 779.000000 3938.000000
12.980000 16.920000 107.860001 -1277.000000 935.000000 3708.000000
12.980000 16.840000 107.790001 -1417.000000 986.000000 3733.000000
12.960000 16.719999 107.760002 -1358.000000 991.000000 3769.000000
12.970000 16.559999 107.730003 -1207.000000 1142.000000 3729.000000
12.980000 16.360001 107.660004 -1199.000000 1063.000000 3679.000000
12.930000 16.150000 107.540001 -1210.000000 907.000000 3703.000000
12.890000 15.920000 107.389999 -1209.000000 797.000000 3751.000000
12.870000 15.640000 107.239998 -1192.000000 754.000000 3913.000000
12.890000 15.340000 107.129997 -934.000000 773.000000 4003.000000
12.970000 15.020000 107.110001 -674.000000 888.000000 4004.000000
13.090000 14.720000 107.120003 -545.000000 970.000000 3996.000000
13.230000 14.520000 107.150002 -516.000000 999.000000 4022.000000
13.380000 14.430000 107.190002 -592.000000 1041.000000 3943.000000
13.540000 14.410000 107.220001 -740.000000 1064.000000 3905.000000
13.670000 14.470000 107.260002 -874.000000 1054.000000 3848.000000
13.780000 14.580000 107.300003 -1053.000000 1031.000000 3838.000000
13.880000 14.720000 107.339996 -1110.000000 1000.000000 3777.000000
13.970000 14.880000 107.370003 -1134.000000 994.000000 3751.000000
14.060000 15.010000 107.430000 -1148.000000 1015.000000 3743.000000
14.160000 15.150000 107.500000 -1198.000000 1010.000000 3752.000000
14.260000 15.280000 107.559998 -1260.000000 1060.000000 3771.000000
14.350000 15.390000 107.629997 -1310.000000 1080.000000 3768.000000
14.440000 15.470000 107.690002 -1259.000000 1080.000000 3768.000000
14.510000 15.500000 107.769997 -1161.000000 1107.000000 3708.000000
14.560000 15.510000 107.839996 -1106.000000 1060.000000 3746.000000
14.600000 15.520000 107.900002 -1143.000000 1092.000000 3747.000000
14.630000 15.530000 107.959999 -1161.000000 1070.000000 3698.000000
14.650000 15.530000 108.019997 -1103.000000 1043.000000 3750.000000
14.650000 15.520000 108.070000 -1040.000000 999.000000 3763.000000
14.660000 15.530000 108.120003 -1041.000000 999.000000 3745.000000
14.690000 15.540000 108.180000 -1021.000000 1019.000000 3773.000000
14.740000 15.590000 108.239998 -1087.000000 1059.000000 3788.000000
14.800000 15.650000 108.309998 -1225.000000 1068.000000 3827.000000
14.860000 15.700000 108.389999 -1195.000000 1120.000000 3724.000000
14.890000 15.750000 108.489998 -1176.000000 1088.000000 3716.000000
14.920000 15.800000 108.570000 -1256.000000 1044.000000 3686.000000
14.940000 15.830000 108.650002 -1246.000000 1040.000000 3713.000000
14.960000 15.830000 108.720001 -1149.000000 1058.000000 3748.000000
14.980000 15.820000 108.809998 -1081.000000 1064.000000 3720.000000
15.010000 15.830000 108.870003 -1089.000000 1069.000000 3700.000000
15.040000 15.860000 108.930000 -1067.000000 1076.000000 3711.000000
15.070000 15.900000 108.980003 -1072.000000 1055.000000 3739.000000
15.110000 15.950000 109.029999 -1133.000000 1080.000000 3725.000000
15.150000 16.010000 109.080002 -1224.000000 1078.000000 3734.000000
15.190000 16.070000 109.139999 -1272.000000 1072.000000 3696.000000
15.220000 16.100000 109.190002 -1232.000000 1065.000000 3722.000000
