-3.710000 21.950001 118.220001 -1466.000000 -217.000000 3774.000000
-3.700000 21.950001 118.220001 -1454.000000 -190.000000 3780.000000
-3.690000 21.959999 118.199997 -1434.000000 -204.000000 3764.000000
-3.690000 21.959999 118.199997 -1444.000000 -205.000000 3788.000000
-3.690000 21.959999 118.209999 -1448.000000 -206.000000 3763.000000
-3.680000 21.959999 118.220001 -1452.000000 -206.000000 3753.000000
-3.670000 21.969999 118.209999 -1455.000000 -183.000000 3777.000000
-3.660000 21.980000 118.199997 -1455.000000 -202.000000 3771.000000
-3.650000 21.980000 118.180000 -1443.000000 -204.000000 3767.000000
-3.640000 21.980000 118.180000 -1431.000000 -205.000000 3815.000000
-3.640000 21.969999 118.180000 -1415.000000 -200.000000 3801.000000
-3.630000 21.959999 118.169998 -1406.000000 -196.000000 3782.000000
-3.620000 21.959999 118.160004 -1417.000000 -187.000000 3802.000000
-3.610000 21.959999 118.160004 -1394.000000 -194.000000 3818.000000
-3.600000 21.959999 118.150002 -1413.000000 -192.000000 3842.000000
-3.590000 21.969999 118.150002 -1360.000000 -173.000000 3846.000000
-3.580000 21.980000 118.129997 -1179.000000 -172.000000 4046.000000
-3.580000 22.030001 118.139999 -1071.000000 -226.000000 4094.000000
-3.600000 22.120001 118.180000 -996.000000 -263.000000 4273.000000
-3.580000 22.290001 118.239998 -973.000000 -205.000000 4498.000000
-3.520000 22.510000 118.320000 -1049.000000 -12.000000 4792.000000
-3.470000 22.680000 118.440002 -1207.000000 215.000000 4980.000000
-3.560000 22.870001 118.599998 -859.000000 36.000000 4837.000000
-3.750000 23.379999 118.720001 -19.000000 -273.000000 4504.000000
-3.920000 24.219999 118.699997 312.000000 -316.000000 3888.000000
-4.050000 25.320000 118.519997 -342.000000 -265.000000 3841.000000
-4.130000 26.690001 118.279999 -1025.000000 -242.000000 3808.000000
-4.230000 28.219999 118.019997 -1608.000000 -463.000000 3909.000000
-4.310000 29.889999 117.669998 -1971.000000 -672.000000 4126.000000
-4.310000 31.690001 117.209999 -1972.000000 -576.000000 4004.000000
-4.060000 33.520000 116.779999 -1633.000000 -168.000000 3823.000000
-3.790000 35.230000 116.300003 -1463.000000 -172.000000 4338.000000
-4.140000 36.759998 115.199997 -3884.000000 -3256.000000 4367.000000
-4.290000 37.509998 113.589996 -3315.000000 -2055.000000 4861.000000
-2.950000 37.169998 112.790001 -1544.000000 1112.000000 5281.000000
-1.560000 36.570000 112.459999 -1022.000000 1388.000000 3584.000000
-0.580000 36.060001 111.980003 -1220.000000 511.000000 3756.000000
0.070000 35.750000 111.019997 -1998.000000 -139.000000 3620.000000
0.590000 35.540001 109.760002 -2186.000000 -314.000000 3408.000000
1.330000 35.250000 108.650002 -1562.000000 127.000000 3361.000000
2.160000 35.130001 107.779999 -1050.000000 569.000000 3233.000000
2.900000 35.349998 106.889999 -1042.000000 659.000000 3267.000000
3.500000 35.939999 105.910004 -1486.000000 463.000000 3290.000000
3.890000 37.029999 104.830002 -2205.000000 135.000000 3115.000000
4.180000 38.349998 103.800003 -2795.000000 -121.000000 2874.000000
4.480000 39.689999 102.800003 -3123.000000 -50.000000 2602.000000
4.810000 40.919998 101.760002 -3111.000000 121.000000 2362.000000
5.190000 41.970001 100.739998 -2923.000000 288.000000 1987.000000
5.560000 42.799999 99.699997 -2950.000000 437.000000 1986.000000
5.890000 43.480000 98.620003 -3042.000000 333.000000 1753.000000
6.180000 43.990002 97.459999 -3084.000000 277.000000 1705.000000
6.490000 44.349998 96.220001 -2913.000000 304.000000 1680.000000
6.810000 44.619999 94.860001 -2514.000000 330.000000 2066.000000
7.110000 44.900002 93.470001 -2336.000000 282.000000 1889.000000
7.290000 45.240002 92.110001 -2475.000000 236.000000 2180.000000
7.340000 45.740002 90.779999 -2990.000000 146.000000 2217.000000
7.250000 46.340000 89.480003 -3397.000000 96.000000 2139.000000
7.010000 46.910000 88.160004 -3450.000000 -10.000000 2441.000000
6.710000 47.520000 86.910004 -3323.000000 -43.000000 2254.000000
6.380000 48.180000 85.769997 -3356.000000 65.000000 2013.000000
6.010000 48.950001 84.750000 -3437.000000 101.000000 1969.000000
5.630000 49.830002 83.830002 -3248.000000 156.000000 2046.000000
5.190000 50.860001 83.040001 -3398.000000 89.000000 1972.000000
4.680000 51.970001 82.370003 -3586.000000 63.000000 1883.000000
4.120000 53.070000 81.790001 -3708.000000 28.000000 1797.000000
3.510000 54.070000 81.250000 -3683.000000 -16.000000 1729.000000
2.890000 54.959999 80.760002 -3659.000000 -22.000000 1581.000000
2.300000 55.720001 80.300003 -3432.000000 76.000000 1549.000000
1.780000 56.470001 79.930000 -3276.000000 194.000000 1208.000000
1.210000 57.270000 79.550003 -3340.000000 177.000000 986.000000
0.610000 58.150002 79.190002 -3504.000000 107.000000 858.000000
-0.030000 59.110001 78.790001 -3772.000000 10.000000 748.000000
-0.730000 60.029999 78.309998 -4086.000000 -142.000000 994.000000
-1.450000 60.790001 77.730003 -4187.000000 -290.000000 1507.000000
-2.160000 61.299999 77.050003 -4116.000000 -436.000000 1853.000000
-2.840000 61.580002 76.330002 -3973.000000 -567.000000 2076.000000
-3.460000 61.689999 75.629997 -3670.000000 -578.000000 2230.000000
-3.970000 61.779999 74.989998 -3564.000000 -559.000000 2095.000000
-4.450000 61.849998 74.410004 -3510.000000 -576.000000 2209.000000
-6.410000 63.919998 72.459999 -3781.000000 -582.000000 1477.000000
-6.930000 64.830002 72.040001 -4067.000000 -565.000000 1378.000000
-7.440000 65.660004 71.620003 -4404.000000 -597.000000 1406.000000
-7.910000 66.250000 71.190002 -4492.000000 -703.000000 1794.000000
-8.160000 66.660004 70.879997 -4106.000000 -580.000000 1829.000000
-8.220000 66.919998 70.699997 -3750.000000 -433.000000 1811.000000
-8.210000 67.050003 70.610001 -3615.000000 -355.000000 1754.000000
-8.060000 67.220001 70.629997 -3548.000000 -291.000000 1306.000000
-7.940000 67.320000 70.599998 -3581.000000 -311.000000 1689.000000
-7.890000 67.470001 70.440002 -3698.000000 -337.000000 1565.000000
-7.820000 67.519997 70.279999 -4126.000000 -290.000000 1600.000000
-7.720000 67.480003 70.150002 -4288.000000 -300.000000 1603.000000
-7.480000 67.370003 70.160004 -4163.000000 -207.000000 1655.000000
-7.080000 67.260002 70.290001 -3823.000000 -11.000000 1772.000000
-6.710000 67.269997 70.400002 -3609.000000 55.000000 1528.000000
-6.520000 67.400002 70.410004 -3878.000000 -90.000000 1642.000000
-6.480000 67.650002 70.309998 -4276.000000 -286.000000 1643.000000
-6.520000 67.919998 70.150002 -4430.000000 -340.000000 1742.000000
-6.440000 68.160004 70.070000 -4414.000000 -243.000000 1461.000000
-6.240000 68.209999 70.120003 -4459.000000 -194.000000 1403.000000
-5.960000 68.129997 70.260002 -4447.000000 -260.000000 1301.000000
-5.680000 67.959999 70.459999 -4443.000000 -314.000000 1046.000000
-5.350000 67.709999 70.720001 -4391.000000 -294.000000 883.000000
-4.910000 67.400002 71.120003 -4340.000000 -222.000000 851.000000
-4.350000 67.120003 71.680000 -4246.000000 -44.000000 825.000000
-3.680000 66.940002 72.419998 -4324.000000 115.000000 708.000000
-3.000000 66.849998 73.230003 -4478.000000 111.000000 893.000000
-2.310000 66.900002 74.110001 -4605.000000 131.000000 964.000000
-1.580000 67.080002 75.080002 -4620.000000 181.000000 909.000000
-0.770000 67.330002 76.199997 -4723.000000 282.000000 903.000000
0.160000 67.580002 77.489998 -4784.000000 432.000000 782.000000
1.220000 67.769997 78.959999 -4730.000000 632.000000 609.000000
2.390000 67.879997 80.589996 -4605.000000 796.000000 370.000000
3.620000 67.919998 82.320000 -4520.000000 897.000000 340.000000
4.850000 67.919998 84.110001 -4433.000000 970.000000 258.000000
6.070000 67.900002 85.949997 -4330.000000 994.000000 498.000000
7.310000 67.849998 87.860001 -4233.000000 1014.000000 586.000000
8.510000 67.779999 89.809998 -4129.000000 978.000000 658.000000
9.660000 67.660004 91.730003 -4054.000000 974.000000 715.000000
10.750000 67.519997 93.639999 -3971.000000 1009.000000 593.000000
11.830000 67.370003 95.580002 -3849.000000 1076.000000 485.000000
12.890000 67.250000 97.570000 -3648.000000 1101.000000 415.000000
13.930000 67.190002 99.580002 -3497.000000 1085.000000 481.000000
14.910000 67.209999 101.580002 -3478.000000 998.000000 521.000000
15.800000 67.269997 103.580002 -3454.000000 920.000000 685.000000
16.650000 67.360001 105.559998 -3415.000000 874.000000 807.000000
17.450001 67.419998 107.510002 -3346.000000 902.000000 923.000000
18.190001 67.449997 109.400002 -3260.000000 907.000000 1026.000000
18.840000 67.449997 111.220001 -3165.000000 880.000000 1079.000000
19.389999 67.459999 112.959999 -3135.000000 822.000000 1142.000000
19.799999 67.510002 114.570000 -3220.000000 719.000000 1095.000000
20.059999 67.599998 116.080002 -3266.000000 596.000000 1061.000000
20.280001 67.790001 117.580002 -3278.000000 508.000000 878.000000
20.459999 68.080002 119.110001 -3387.000000 445.000000 813.000000
20.600000 68.419998 120.629997 -3527.000000 383.000000 842.000000
20.610001 68.779999 122.040001 -3616.000000 293.000000 984.000000
20.400000 69.070000 123.209999 -3625.000000 177.000000 1191.000000
19.940001 69.239998 124.099998 -3527.000000 107.000000 1465.000000
19.260000 69.290001 124.730003 -3392.000000 6.000000 1502.000000
18.480000 69.260002 125.220001 -3191.000000 -52.000000 1523.000000
17.790001 69.220001 125.820000 -3079.000000 23.000000 1385.000000
17.040001 69.199997 126.339996 -3192.000000 -36.000000 1284.000000
16.100000 69.150002 126.690002 -3392.000000 -161.000000 1376.000000
15.050000 69.099998 126.910004 -3534.000000 -328.000000 1440.000000
13.870000 69.019997 126.989998 -3603.000000 -465.000000 1658.000000
12.710000 68.970001 127.070000 -3610.000000 -606.000000 1655.000000
11.630000 68.940002 127.220001 -3407.000000 -621.000000 1701.000000
10.600000 68.930000 127.389999 -3282.000000 -628.000000 1728.000000
9.480000 69.010002 127.470001 -3320.000000 -648.000000 1654.000000
8.310000 69.150002 127.470001 -3360.000000 -658.000000 1714.000000
7.060000 69.300003 127.389999 -3436.000000 -736.000000 1775.000000
5.710000 69.410004 127.190002 -3476.000000 -855.000000 1862.000000
4.330000 69.480003 126.919998 -3470.000000 -931.000000 1739.000000
2.970000 69.470001 126.639999 -3448.000000 -997.000000 1735.000000
1.630000 69.419998 126.370003 -3559.000000 -1102.000000 1704.000000
0.320000 69.339996 126.089996 -3728.000000 -1190.000000 1703.000000
-0.960000 69.230003 125.839996 -3679.000000 -1270.000000 1738.000000
-2.220000 69.080002 125.529999 -3556.000000 -1336.000000 1800.000000
-3.490000 68.900002 125.150002 -3437.000000 -1308.000000 1787.000000
-4.720000 68.660004 124.769997 -3317.000000 -1270.000000 1905.000000
-5.880000 68.449997 124.419998 -3255.000000 -1187.000000 1831.000000
-7.050000 68.269997 124.050003 -3390.000000 -1249.000000 1893.000000
-8.260000 68.089996 123.639999 -3470.000000 -1421.000000 2018.000000
-9.450000 67.930000 123.220001 -3528.000000 -1554.000000 1968.000000
-10.560000 67.720001 122.839996 -3546.000000 -1595.000000 2116.000000
-11.570000 67.480003 122.459999 -3500.000000 -1470.000000 1892.000000
-12.440000 67.180000 122.169998 -3416.000000 -1266.000000 1718.000000
-13.200000 66.809998 121.940002 -3369.000000 -1154.000000 1754.000000
-13.970000 66.379997 121.660004 -3390.000000 -1184.000000 1817.000000
-14.770000 65.910004 121.320000 -3405.000000 -1379.000000 2127.000000
-15.590000 65.440002 120.949997 -3369.000000 -1502.000000 2219.000000
-16.309999 64.980003 120.660004 -3402.000000 -1489.000000 2184.000000
-16.889999 64.510002 120.449997 -3395.000000 -1310.000000 2192.000000
-17.379999 64.029999 120.269997 -3382.000000 -1198.000000 2075.000000
-17.820000 63.509998 120.110001 -3387.000000 -1186.000000 2178.000000
-18.250000 62.980000 119.940002 -3397.000000 -1262.000000 2236.000000
-18.690001 62.450001 119.730003 -3337.000000 -1333.000000 2294.000000
-19.139999 61.990002 119.470001 -3260.000000 -1384.000000 2281.000000
-19.610001 61.580002 119.180000 -3243.000000 -1376.000000 2225.000000
-20.059999 61.250000 118.870003 -3217.000000 -1284.000000 2114.000000
-20.510000 60.970001 118.519997 -3238.000000 -1291.000000 2135.000000
-20.969999 60.730000 118.169998 -3250.000000 -1329.000000 2151.000000
-21.389999 60.490002 117.790001 -3242.000000 -1262.000000 2257.000000
-21.760000 60.279999 117.440002 -3211.000000 -1153.000000 2128.000000
-22.059999 60.060001 117.150002 -3265.000000 -1054.000000 2109.000000
-22.309999 59.840000 116.910004 -3315.000000 -981.000000 2089.000000
-22.520000 59.619999 116.690002 -3256.000000 -902.000000 1976.000000
-22.730000 59.410000 116.489998 -3143.000000 -835.000000 1950.000000
-22.990000 59.250000 116.250000 -3183.000000 -807.000000 1946.000000
-23.280001 59.119999 115.970001 -3238.000000 -745.000000 1983.000000
-23.469999 59.099998 115.790001 -4043.000000 -778.000000 2343.000000
-23.850000 59.180000 115.540001 -4318.000000 -1181.000000 2252.000000
-24.230000 59.349998 115.220001 -4431.000000 -1031.000000 1986.000000
-24.370001 59.380001 115.080002 -4255.000000 -634.000000 1948.000000
-24.280001 59.349998 115.120003 -3805.000000 -392.000000 1681.000000
-24.200001 59.200001 115.169998 -3412.000000 -464.000000 1813.000000
-24.209999 59.020000 115.180000 -3512.000000 -585.000000 1851.000000
-24.260000 58.790001 115.190002 -3621.000000 -754.000000 1874.000000
-24.270000 58.500000 115.220001 -3627.000000 -800.000000 1777.000000
-24.240000 58.160000 115.290001 -3451.000000 -842.000000 1671.000000
-24.180000 57.799999 115.379997 -3395.000000 -916.000000 1693.000000
-24.190001 57.430000 115.440002 -3438.000000 -1115.000000 1812.000000
-24.260000 57.070000 115.419998 -3496.000000 -1385.000000 2172.000000
-24.340000 56.700001 115.339996 -3144.000000 -1489.000000 2744.000000
-24.540001 56.500000 115.080002 -2999.000000 -1690.000000 2422.000000
-24.850000 56.299999 114.750000 -3217.000000 -2158.000000 2843.000000
-25.190001 56.209999 114.370003 -3348.000000 -2445.000000 2625.000000
-25.459999 56.160000 114.019997 -3213.000000 -2527.000000 2604.000000
-25.639999 56.180000 113.680000 -2993.000000 -2543.000000 2529.000000
-25.790001 56.270000 113.330002 -2735.000000 -2558.000000 2413.000000
-25.980000 56.450001 112.910004 -2799.000000 -2709.000000 2314.000000
-26.150000 56.669998 112.489998 -2874.000000 -2810.000000 2243.000000
-26.270000 56.950001 112.070000 -2831.000000 -2882.000000 2072.000000
-26.330000 57.259998 111.680000 -2809.000000 -2902.000000 2015.000000
-26.320000 57.570000 111.330002 -2894.000000 -2916.000000 1992.000000
-26.230000 57.840000 111.019997 -3044.000000 -2925.000000 1943.000000
-26.059999 58.029999 110.769997 -3128.000000 -2924.000000 1883.000000
-25.760000 58.119999 110.599998 -3101.000000 -2849.000000 1844.000000
-25.320000 58.060001 110.519997 -3079.000000 -2677.000000 1787.000000
-24.730000 57.820000 110.550003 -3055.000000 -2475.000000 1766.000000
-24.040001 57.400002 110.650002 -3053.000000 -2333.000000 1789.000000
-23.280001 56.840000 110.769997 -3003.000000 -2129.000000 1667.000000
-22.459999 56.130001 110.940002 -2847.000000 -2012.000000 1596.000000
-21.600000 55.290001 111.120003 -2706.000000 -1809.000000 1497.000000
-20.719999 54.340000 111.279999 -2796.000000 -1679.000000 1461.000000
-19.870001 53.279999 111.400002 -2999.000000 -1666.000000 1645.000000
-19.100000 52.209999 111.430000 -3034.000000 -1591.000000 1679.000000
-18.370001 51.150002 111.379997 -3019.000000 -1424.000000 1795.000000
-17.690001 50.110001 111.230003 -3034.000000 -1143.000000 1877.000000
-17.059999 49.110001 110.989998 -2998.000000 -854.000000 1923.000000
-16.450001 48.200001 110.680000 -2950.000000 -552.000000 1890.000000
-15.950000 47.410000 110.269997 -2956.000000 -308.000000 1733.000000
-15.550000 46.740002 109.750000 -3050.000000 -68.000000 1532.000000
-15.280000 46.060001 109.139999 -3398.000000 24.000000 1467.000000
-15.090000 45.310001 108.470001 -3762.000000 37.000000 1564.000000
-14.930000 44.459999 107.779999 -3881.000000 37.000000 1819.000000
-14.730000 43.540001 107.089996 -3723.000000 144.000000 1930.000000
-14.460000 42.560001 106.430000 -3402.000000 349.000000 2073.000000
-14.130000 41.599998 105.800003 -3207.000000 609.000000 2175.000000
-13.830000 40.709999 105.160004 -3108.000000 810.000000 2218.000000
-13.600000 39.959999 104.489998 -3121.000000 968.000000 2237.000000
-13.450000 39.290001 103.830002 -3347.000000 1082.000000 2267.000000
-13.390000 38.639999 103.169998 -3640.000000 1081.000000 2304.000000
-13.380000 37.930000 102.540001 -3867.000000 998.000000 2348.000000
-13.370000 37.139999 101.959999 -3922.000000 882.000000 2462.000000
-13.310000 36.250000 101.470001 -3784.000000 794.000000 2625.000000
-13.200000 35.340000 101.059998 -3396.000000 837.000000 2672.000000
-13.000000 34.490002 100.709999 -3050.000000 1051.000000 2764.000000
-12.750000 33.689999 100.430000 -2870.000000 1322.000000 2873.000000
-12.510000 33.000000 100.169998 -2839.000000 1517.000000 2982.000000
-12.350000 32.380001 99.959999 -2891.000000 1440.000000 3210.000000
-12.270000 31.850000 99.790001 -2986.000000 1204.000000 3282.000000
-12.250000 31.379999 99.660004 -2936.000000 938.000000 3269.000000
-12.210000 30.969999 99.570000 -2968.000000 874.000000 3385.000000
-12.080000 30.540001 99.559998 -2814.000000 851.000000 3445.000000
-11.930000 30.110001 99.599998 -2770.000000 837.000000 3384.000000
-11.750000 29.629999 99.709999 -2847.000000 768.000000 3467.000000
-11.540000 29.110001 99.839996 -2685.000000 734.000000 3358.000000
-11.310000 28.540001 100.019997 -2384.000000 694.000000 3351.000000
-11.050000 27.930000 100.230003 -2083.000000 665.000000 3320.000000
-10.820000 27.330000 100.440002 -1824.000000 608.000000 3249.000000
-10.620000 26.770000 100.620003 -1743.000000 553.000000 3204.000000
-10.450000 26.250000 100.809998 -1747.000000 459.000000 3454.000000
-10.290000 25.780001 101.029999 -1955.000000 500.000000 3461.000000
-10.070000 25.290001 101.330002 -2020.000000 553.000000 3339.000000
-9.750000 24.620001 101.760002 -2160.000000 528.000000 3616.000000
-9.540000 23.709999 102.120003 -2365.000000 -130.000000 4919.000000
-9.210000 22.850000 102.419998 -1642.000000 4.000000 4660.000000
-8.800000 22.049999 102.680000 -1243.000000 29.000000 4679.000000
-8.440000 21.350000 102.849998 -1210.000000 43.000000 4597.000000
-8.130000 20.809999 103.000000 -1091.000000 50.000000 4325.000000
-7.890000 20.410000 103.110001 -1009.000000 -74.000000 4152.000000
-7.740000 20.129999 103.160004 -946.000000 -252.000000 4036.000000
-7.640000 19.969999 103.180000 -962.000000 -407.000000 3904.000000
-7.550000 19.950001 103.190002 -1082.000000 -457.000000 3886.000000
-7.460000 20.010000 103.199997 -1222.000000 -466.000000 3857.000000
-7.360000 20.120001 103.220001 -1388.000000 -471.000000 3823.000000
-7.270000 20.260000 103.239998 -1570.000000 -542.000000 3910.000000
-7.210000 20.400000 103.269997 -1702.000000 -635.000000 3890.000000
-7.140000 20.530001 103.320000 -1709.000000 -677.000000 3843.000000
-7.060000 20.610001 103.389999 -1698.000000 -671.000000 3833.000000
-6.960000 20.639999 103.500000 -1598.000000 -620.000000 3845.000000
-6.850000 20.610001 103.620003 -1482.000000 -571.000000 3835.000000
-6.740000 20.549999 103.760002 -1443.000000 -515.000000 3808.000000
-6.620000 20.500000 103.900002 -1424.000000 -422.000000 3768.000000
-6.490000 20.459999 104.059998 -1417.000000 -335.000000 3793.000000
-6.360000 20.430000 104.209999 -1438.000000 -278.000000 3802.000000
-6.240000 20.430000 104.360001 -1472.000000 -240.000000 3826.000000
-6.120000 20.450001 104.500000 -1497.000000 -230.000000 3818.000000
-6.030000 20.469999 104.620003 -1490.000000 -276.000000 3853.000000
-5.940000 20.490000 104.739998 -1457.000000 -287.000000 3815.000000
-5.860000 20.500000 104.839996 -1440.000000 -301.000000 3809.000000
-5.780000 20.510000 104.930000 -1425.000000 -294.000000 3787.000000
-5.710000 20.510000 105.019997 -1431.000000 -315.000000 3798.000000
-5.650000 20.520000 105.110001 -1464.000000 -300.000000 3774.000000
-5.590000 20.559999 105.199997 -1504.000000 -285.000000 3752.000000
