33.880001 56.049999 95.300003 -4229.000000 733.000000 687.000000
34.029999 56.830002 94.820000 -3853.000000 852.000000 454.000000
34.130001 57.549999 94.449997 -3831.000000 885.000000 171.000000
34.119999 58.220001 94.129997 -3717.000000 882.000000 188.000000
33.990002 58.799999 93.809998 -3974.000000 1045.000000 -6.000000
33.709999 59.230000 93.459999 -3667.000000 751.000000 54.000000
33.099998 59.580002 92.870003 -3774.000000 471.000000 220.000000
32.270000 59.849998 92.110001 -3718.000000 399.000000 280.000000
31.209999 59.980000 91.169998 -3880.000000 291.000000 445.000000
29.879999 59.959999 90.019997 -3413.000000 -32.000000 793.000000
28.440001 59.889999 88.830002 -3359.000000 27.000000 866.000000
27.059999 59.820000 87.750000 -3501.000000 161.000000 883.000000
25.680000 59.740002 86.779999 -3467.000000 -36.000000 963.000000
24.200001 59.689999 85.769997 -3427.000000 -420.000000 1096.000000
22.690001 59.680000 84.709999 -3401.000000 -593.000000 1163.000000
21.100000 59.639999 83.540001 -3402.000000 -943.000000 1536.000000
19.580000 59.599998 82.320000 -3466.000000 -780.000000 1649.000000
18.190001 59.529999 81.139999 -3452.000000 -675.000000 1639.000000
16.910000 59.419998 79.989998 -3404.000000 -545.000000 1665.000000
15.750000 59.279999 78.870003 -3404.000000 -326.000000 1664.000000
14.690000 59.099998 77.769997 -3302.000000 -183.000000 1732.000000
13.740000 58.900002 76.750000 -3237.000000 -91.000000 1777.000000
12.810000 58.700001 75.750000 -3206.000000 -129.000000 1964.000000
11.910000 58.520000 74.779999 -3233.000000 -114.000000 2138.000000
11.060000 58.410000 73.870003 -3198.000000 -77.000000 2189.000000
10.280000 58.389999 73.070000 -3308.000000 -114.000000 2116.000000
9.740000 58.529999 72.459999 -3323.000000 -161.000000 2146.000000
9.520000 58.799999 72.059998 -3943.000000 32.000000 2368.000000
9.780000 59.189999 72.080002 -4550.000000 519.000000 2024.000000
10.040000 59.290001 72.070000 -4780.000000 714.000000 2006.000000
10.110000 58.919998 71.870003 -3845.000000 485.000000 2452.000000
9.990000 58.349998 71.559998 -3659.000000 365.000000 2885.000000
9.890000 57.990002 71.300003 -3897.000000 251.000000 2926.000000
9.990000 57.880001 71.260002 -4145.000000 228.000000 2707.000000
10.270000 58.040001 71.430000 -4367.000000 273.000000 2176.000000
10.660000 58.349998 71.690002 -4766.000000 371.000000 1734.000000
11.110000 58.700001 72.080002 -5081.000000 308.000000 1385.000000
11.620000 59.060001 72.589996 -5306.000000 318.000000 1080.000000
12.160000 59.369999 73.180000 -5149.000000 442.000000 938.000000
12.830000 59.619999 73.959999 -5042.000000 571.000000 871.000000
13.730000 59.810001 75.059998 -5305.000000 737.000000 695.000000
14.820000 59.900002 76.480003 -5614.000000 822.000000 603.000000
16.059999 59.840000 78.160004 -5711.000000 936.000000 641.000000
17.389999 59.669998 80.050003 -5521.000000 1121.000000 595.000000
18.740000 59.430000 82.080002 -5234.000000 1270.000000 614.000000
20.120001 59.160000 84.269997 -5018.000000 1378.000000 645.000000
21.549999 58.880001 86.639999 -4790.000000 1470.000000 569.000000
23.010000 58.610001 89.169998 -4558.000000 1464.000000 470.000000
24.480000 58.380001 91.830002 -4311.000000 1470.000000 419.000000
25.969999 58.200001 94.599998 -4166.000000 1505.000000 361.000000
27.440001 58.049999 97.489998 -4075.000000 1493.000000 426.000000
28.879999 57.910000 100.410004 -4033.000000 1447.000000 439.000000
30.250000 57.740002 103.349998 -3927.000000 1405.000000 434.000000
31.559999 57.540001 106.309998 -3737.000000 1441.000000 464.000000
32.820000 57.310001 109.279999 -3619.000000 1496.000000 422.000000
34.000000 57.090000 112.230003 -3416.000000 1486.000000 426.000000
35.070000 56.900002 115.120003 -3229.000000 1336.000000 549.000000
36.119999 56.799999 118.040001 -2910.000000 1224.000000 569.000000
37.180000 56.790001 121.029999 -2656.000000 1147.000000 655.000000
38.250000 56.889999 124.050003 -2598.000000 1153.000000 633.000000
39.259998 57.070000 127.029999 -2618.000000 1117.000000 620.000000
40.180000 57.310001 129.929993 -2659.000000 959.000000 657.000000
40.950001 57.610001 132.679993 -2741.000000 749.000000 852.000000
41.580002 57.930000 135.279999 -2730.000000 651.000000 1044.000000
42.110001 58.259998 137.759995 -2578.000000 577.000000 1189.000000
42.669998 58.650002 140.220001 -2468.000000 555.000000 1028.000000
43.259998 59.130001 142.690002 -2445.000000 497.000000 800.000000
43.770000 59.680000 145.039993 -2483.000000 367.000000 774.000000
44.130001 60.299999 147.179993 -2658.000000 286.000000 892.000000
44.209999 60.950001 148.919998 -2941.000000 260.000000 1134.000000
43.840000 61.540001 150.160004 -3028.000000 206.000000 1466.000000
43.000000 62.020000 150.860001 -2967.000000 127.000000 1744.000000
41.730000 62.400002 151.100006 -2825.000000 -14.000000 1876.000000
40.139999 62.730000 150.979996 -2789.000000 -73.000000 1874.000000
38.439999 63.060001 150.660004 -2745.000000 -160.000000 1835.000000
36.779999 63.490002 150.289993 -2837.000000 -200.000000 1734.000000
35.279999 64.029999 149.929993 -3089.000000 -278.000000 1649.000000
33.709999 64.620003 149.380005 -3341.000000 -420.000000 1900.000000
31.860001 65.199997 148.440002 -3446.000000 -563.000000 2272.000000
29.709999 65.709999 147.100006 -3422.000000 -564.000000 2607.000000
27.309999 66.110001 145.470001 -3324.000000 -418.000000 2634.000000
24.730000 66.370003 143.639999 -3202.000000 -386.000000 2560.000000
21.959999 66.500000 141.610001 -3146.000000 -489.000000 2516.000000
19.080000 66.540001 139.449997 -3148.000000 -653.000000 2412.000000
16.200001 66.510002 137.229996 -3358.000000 -784.000000 2380.000000
13.380000 66.430000 135.009995 -3782.000000 -806.000000 2411.000000
10.630000 66.250000 132.789993 -4097.000000 -824.000000 2618.000000
7.880000 65.949997 130.559998 -4200.000000 -939.000000 2743.000000
5.180000 65.510002 128.369995 -4189.000000 -1187.000000 2686.000000
2.690000 64.879997 126.430000 -3674.000000 -1126.000000 3085.000000
0.520000 64.230003 124.779999 -3397.000000 -930.000000 2855.000000
-1.430000 63.689999 123.339996 -3382.000000 -1071.000000 2737.000000
-3.140000 63.240002 122.089996 -3390.000000 -1173.000000 2675.000000
-4.630000 62.840000 121.019997 -3436.000000 -1079.000000 2659.000000
-5.910000 62.450001 120.059998 -3493.000000 -980.000000 2829.000000
-6.970000 62.009998 119.269997 -3484.000000 -821.000000 2963.000000
-7.860000 61.529999 118.610001 -3421.000000 -751.000000 2949.000000
-8.680000 61.040001 117.989998 -3332.000000 -761.000000 2841.000000
-9.460000 60.599998 117.410004 -3358.000000 -806.000000 2918.000000
-10.180000 60.240002 116.839996 -3357.000000 -709.000000 2608.000000
-10.890000 59.880001 116.230003 -3305.000000 -759.000000 2743.000000
-11.550000 59.509998 115.660004 -3266.000000 -706.000000 2691.000000
-12.200000 59.110001 115.070000 -3166.000000 -726.000000 2610.000000
-12.840000 58.650002 114.480003 -3023.000000 -815.000000 2546.000000
-13.450000 58.150002 113.930000 -2981.000000 -846.000000 2538.000000
-13.990000 57.619999 113.419998 -2981.000000 -788.000000 2510.000000
-14.460000 57.049999 112.970001 -3002.000000 -692.000000 2589.000000
-14.910000 56.419998 112.540001 -2882.000000 -630.000000 2634.000000
-15.360000 55.779999 112.099998 -2764.000000 -573.000000 2591.000000
-15.890000 55.119999 111.589996 -2682.000000 -667.000000 2429.000000
-16.700001 54.419998 110.870003 -2035.000000 -1580.000000 2393.000000
-17.040001 53.889999 110.540001 -4017.000000 -1323.000000 3093.000000
-16.650000 53.830002 110.839996 -4695.000000 -430.000000 2695.000000
-16.440001 53.849998 111.010002 -4311.000000 -528.000000 2356.000000
-16.510000 53.680000 110.839996 -3512.000000 -120.000000 2592.000000
-16.559999 53.459999 110.650002 -3438.000000 -216.000000 2545.000000
-16.570000 53.270000 110.599998 -3675.000000 -694.000000 2406.000000
-16.490000 53.040001 110.690002 -3564.000000 -580.000000 2338.000000
-16.420000 52.750000 110.709999 -3416.000000 -407.000000 2310.000000
-16.459999 52.439999 110.639999 -3207.000000 -516.000000 2242.000000
-16.520000 52.169998 110.550003 -3396.000000 -611.000000 2406.000000
-16.490000 51.889999 110.529999 -3397.000000 -406.000000 2449.000000
-16.430000 51.549999 110.540001 -3072.000000 -430.000000 2488.000000
-16.500000 51.200001 110.449997 -3102.000000 -468.000000 2552.000000
-16.580000 50.889999 110.389999 -3546.000000 -415.000000 2698.000000
-16.660000 50.410000 110.379997 -3245.000000 -830.000000 2462.000000
-16.809999 49.650002 110.400002 -2589.000000 -796.000000 2539.000000
-16.969999 48.880001 110.339996 -2469.000000 -619.000000 2954.000000
-17.230000 48.320000 110.220001 -2411.000000 -856.000000 2947.000000
-17.750000 48.000000 109.949997 -2377.000000 -1217.000000 3148.000000
-18.330000 47.910000 109.589996 -2571.000000 -1356.000000 3254.000000
-18.870001 48.020000 109.230003 -2678.000000 -1661.000000 3345.000000
-19.290001 48.360001 108.910004 -2948.000000 -1878.000000 3301.000000
-19.530001 48.820000 108.699997 -3132.000000 -1949.000000 3273.000000
-19.559999 49.389999 108.650002 -3602.000000 -1936.000000 3206.000000
-19.420000 50.029999 108.779999 -4009.000000 -1986.000000 3202.000000
-19.030001 50.639999 109.250000 -4039.000000 -2152.000000 3235.000000
-18.379999 51.160000 110.070000 -3780.000000 -2249.000000 3090.000000
-17.540001 51.560001 111.160004 -3552.000000 -2257.000000 3088.000000
-16.530001 51.880001 112.419998 -3506.000000 -2270.000000 2973.000000
-15.400000 52.150002 113.849998 -3507.000000 -2413.000000 2874.000000
-14.170000 52.389999 115.379997 -3528.000000 -2587.000000 2878.000000
-12.870000 52.650002 116.970001 -3390.000000 -2735.000000 2751.000000
-11.560000 52.889999 118.570000 -3036.000000 -2851.000000 2761.000000
-10.230000 53.150002 120.169998 -2652.000000 -2881.000000 2517.000000
-8.710000 53.419998 121.940002 -2235.000000 -2762.000000 2233.000000
-6.850000 53.599998 123.970001 -2215.000000 -2449.000000 2397.000000
-4.570000 53.730000 126.220001 -2666.000000 -1890.000000 2612.000000
-1.950000 53.849998 128.619995 -3226.000000 -1250.000000 2857.000000
0.880000 53.959999 131.130005 -3611.000000 -703.000000 2524.000000
3.610000 53.830002 133.619995 -3789.000000 -678.000000 2119.000000
6.070000 53.310001 135.869995 -3773.000000 -845.000000 1744.000000
8.190000 52.380001 137.660004 -3785.000000 -880.000000 1416.000000
9.980000 50.910000 138.929993 -3823.000000 -720.000000 1139.000000
11.540000 48.889999 139.690002 -3512.000000 -266.000000 980.000000
12.740000 46.500000 139.520004 -1914.000000 899.000000 694.000000
13.650000 44.160000 138.869995 -1536.000000 1274.000000 818.000000
14.450000 41.900002 137.960007 -1230.000000 1563.000000 865.000000
15.090000 39.810001 136.889999 -1027.000000 1605.000000 982.000000
15.560000 37.980000 135.679993 -964.000000 1573.000000 1124.000000
15.930000 36.369999 134.330002 -1026.000000 1706.000000 1128.000000
16.260000 34.950001 132.880005 -1166.000000 1981.000000 1097.000000
16.600000 33.730000 131.440002 -1300.000000 2430.000000 1142.000000
16.940001 32.709999 130.070007 -1422.000000 2873.000000 1113.000000
17.160000 31.900000 128.740005 -1555.000000 3145.000000 1166.000000
17.129999 31.320000 127.360001 -1840.000000 3118.000000 1399.000000
16.840000 30.930000 125.849998 -2237.000000 2979.000000 1577.000000
16.320000 30.639999 124.260002 -2488.000000 2837.000000 1544.000000
15.670000 30.360001 122.629997 -2554.000000 2882.000000 1666.000000
14.960000 30.010000 121.029999 -2363.000000 3095.000000 1850.000000
14.190000 29.600000 119.500000 -2051.000000 3206.000000 2122.000000
13.330000 29.190001 118.089996 -1802.000000 3067.000000 2477.000000
12.400000 28.889999 116.830002 -2017.000000 2817.000000 2840.000000
11.460000 28.700001 115.760002 -2550.000000 2638.000000 2932.000000
10.560000 28.590000 114.860001 -3175.000000 2564.000000 3000.000000
9.670000 28.500000 114.059998 -3592.000000 2485.000000 3161.000000
8.800000 28.360001 113.309998 -3706.000000 2401.000000 3517.000000
7.920000 28.129999 112.589996 -3460.000000 2196.000000 3694.000000
7.010000 27.830000 111.940002 -2923.000000 1888.000000 3872.000000
6.150000 27.570000 111.349998 -2486.000000 1662.000000 3885.000000
5.400000 27.389999 110.839996 -2213.000000 1545.000000 3859.000000
4.790000 27.360001 110.470001 -2016.000000 1560.000000 3539.000000
4.270000 27.520000 110.239998 -1955.000000 1593.000000 3460.000000
3.930000 27.920000 110.209999 -2004.000000 1577.000000 3172.000000
3.710000 28.389999 110.290001 -2701.000000 1547.000000 3176.000000
3.690000 28.799999 110.500000 -2916.000000 1363.000000 4034.000000
3.820000 29.250000 110.769997 -3105.000000 1343.000000 3804.000000
3.910000 29.490000 110.870003 -3511.000000 1367.000000 4768.000000
3.990000 29.209999 110.809998 -4143.000000 1345.000000 6485.000000
4.100000 28.400000 110.680000 -3408.000000 1402.000000 6311.000000
4.240000 27.500000 110.610001 -1599.000000 1555.000000 4926.000000
4.310000 26.879999 110.510002 -168.000000 1510.000000 3929.000000
4.340000 26.600000 110.300003 342.000000 1392.000000 3292.000000
4.340000 26.580000 109.980003 -139.000000 1045.000000 3169.000000
4.190000 26.799999 109.599998 -978.000000 435.000000 3483.000000
3.880000 27.270000 109.199997 -1764.000000 -119.000000 3680.000000
3.590000 27.809999 108.900002 -2350.000000 -420.000000 3797.000000
3.420000 28.290001 108.690002 -2501.000000 -442.000000 3524.000000
3.380000 28.650000 108.589996 -2505.000000 -233.000000 3456.000000
3.480000 28.900000 108.580002 -2223.000000 20.000000 3188.000000
3.610000 29.020000 108.580002 -2092.000000 157.000000 3337.000000
3.710000 29.070000 108.580002 -2028.000000 161.000000 3377.000000
3.770000 29.080000 108.610001 -1998.000000 71.000000 3428.000000
3.880000 29.059999 108.730003 -1936.000000 82.000000 3449.000000
4.090000 29.000000 108.959999 -1846.000000 206.000000 3496.000000
4.360000 28.950001 109.260002 -1791.000000 374.000000 3626.000000
4.660000 28.920000 109.589996 -1756.000000 520.000000 3621.000000
4.970000 28.950001 109.919998 -1745.000000 668.000000 3653.000000
5.260000 29.020000 110.220001 -1746.000000 753.000000 3626.000000
5.540000 29.150000 110.510002 -1754.000000 788.000000 3594.000000
5.780000 29.309999 110.800003 -1785.000000 825.000000 3611.000000
6.020000 29.520000 111.080002 -1851.000000 851.000000 3551.000000
6.240000 29.799999 111.349998 -1927.000000 867.000000 3448.000000
6.450000 30.100000 111.620003 -2007.000000 876.000000 3310.000000
6.610000 30.420000 111.879997 -2207.000000 854.000000 3345.000000
6.740000 30.730000 112.099998 -2355.000000 823.000000 3274.000000
6.810000 31.030001 112.290001 -2387.000000 740.000000 3266.000000
6.850000 31.290001 112.440002 -2391.000000 662.000000 3256.000000
6.860000 31.510000 112.580002 -2406.000000 646.000000 3206.000000
6.870000 31.680000 112.690002 -2395.000000 632.000000 3204.000000
6.860000 31.780001 112.779999 -2358.000000 616.000000 3266.000000
6.840000 31.799999 112.849998 -2256.000000 598.000000 3309.000000
