41.230000 58.520000 81.849998 10.450000 -18.059999 0.000000 1348.000000 -105.000000 3622.000000 -1059.000000 -1177.000000 2237.000000 
45.709999 59.119999 83.260002 11.310000 -16.290001 0.000000 953.000000 102.000000 3394.000000 -1121.000000 -1200.000000 2556.000000 
50.180000 59.689999 84.629997 12.040000 -14.670000 0.000000 819.000000 247.000000 3407.000000 -1492.000000 -966.000000 2340.000000 
54.619999 60.250000 86.010002 12.650000 -13.200000 0.000000 726.000000 355.000000 3400.000000 -2220.000000 -521.000000 1778.000000 
59.049999 60.830002 87.459999 13.100000 -11.880000 0.000000 342.000000 466.000000 3269.000000 -2503.000000 -582.000000 1918.000000 
63.369999 61.369999 88.949997 13.420000 -10.550000 0.000000 -123.000000 556.000000 3148.000000 -2296.000000 -991.000000 2491.000000 
67.570000 61.910000 90.400002 13.940000 -9.010000 0.000000 -377.000000 737.000000 3037.000000 -2260.000000 -1316.000000 2762.000000 
71.690002 62.400002 91.809998 14.480000 -7.210000 0.000000 -434.000000 781.000000 3000.000000 -2506.000000 -1021.000000 2118.000000 
75.790001 62.779999 93.199997 15.160000 -5.050000 0.000000 -525.000000 800.000000 2858.000000 -2808.000000 -214.000000 938.000000 
79.930000 62.990002 94.599998 16.240000 -2.640000 0.000000 -443.000000 920.000000 2597.000000 -2901.000000 373.000000 237.000000 
84.169998 63.110001 96.169998 17.030001 -0.180000 0.000000 -233.000000 797.000000 2541.000000 -2879.000000 814.000000 -25.000000 
88.190002 63.250000 97.769997 17.540001 1.900000 0.000000 -1409.000000 906.000000 2845.000000 -2953.000000 589.000000 405.000000 
91.790001 63.630001 99.309998 17.770000 3.610000 0.000000 -2060.000000 908.000000 2900.000000 -3608.000000 351.000000 551.000000 
94.910004 64.220001 100.720001 17.830000 5.060000 0.000000 -2594.000000 978.000000 2843.000000 -4486.000000 204.000000 489.000000 
97.540001 64.849998 101.849998 17.809999 6.230000 0.000000 -2642.000000 1064.000000 2725.000000 -4730.000000 -81.000000 697.000000 
99.580002 65.440002 102.540001 17.750000 7.300000 0.000000 -2506.000000 1167.000000 2681.000000 -4489.000000 -317.000000 965.000000 
101.110001 65.959999 102.760002 17.620001 8.410000 0.000000 -2717.000000 1175.000000 2617.000000 -4413.000000 -246.000000 889.000000 
102.230003 66.339996 102.650002 17.450001 9.690000 0.000000 -2360.000000 1124.000000 2761.000000 -4307.000000 86.000000 411.000000 
103.050003 66.580002 102.379997 16.980000 11.180000 0.000000 -2110.000000 856.000000 3240.000000 -3992.000000 537.000000 12.000000 
103.839996 66.760002 102.309998 16.150000 12.700000 0.000000 -2241.000000 639.000000 4020.000000 -3290.000000 781.000000 36.000000 
104.720001 67.150002 102.629997 15.250000 13.830000 0.000000 -2269.000000 545.000000 4445.000000 -2708.000000 681.000000 434.000000 
105.970001 67.800003 103.589996 14.340000 14.050000 0.000000 -1965.000000 479.000000 4622.000000 -2527.000000 -138.000000 1248.000000 
107.620003 68.680000 105.190002 13.510000 13.840000 0.000000 -2077.000000 432.000000 4523.000000 -3678.000000 -646.000000 1447.000000 
109.519997 69.720001 107.110001 13.160000 13.390000 0.000000 -2579.000000 567.000000 3856.000000 -5236.000000 -950.000000 1444.000000 
111.379997 70.660004 109.029999 13.140000 12.960000 0.000000 -2625.000000 736.000000 3391.000000 -5614.000000 -925.000000 1473.000000 
112.589996 71.540001 110.290001 13.230000 12.700000 0.000000 -2459.000000 740.000000 3511.000000 -5569.000000 -814.000000 1336.000000 
113.260002 72.250000 111.019997 13.410000 12.570000 0.000000 -2103.000000 719.000000 3692.000000 -4933.000000 -743.000000 1559.000000 
113.190002 72.860001 110.980003 13.280000 12.520000 0.000000 -1472.000000 585.000000 4190.000000 -4247.000000 -728.000000 1782.000000 
112.940002 73.300003 110.709999 13.050000 12.570000 0.000000 -1533.000000 567.000000 4257.000000 -3896.000000 -343.000000 1629.000000 
112.680000 73.529999 110.430000 12.730000 12.630000 0.000000 -1593.000000 501.000000 4118.000000 -3543.000000 -147.000000 1453.000000 
112.669998 73.620003 110.430000 12.410000 12.570000 0.000000 -1928.000000 548.000000 4224.000000 -3194.000000 -264.000000 1813.000000 
112.750000 73.730003 110.650002 12.560000 12.390000 0.000000 -1767.000000 753.000000 3944.000000 -3358.000000 -404.000000 2093.000000 
112.510002 73.949997 110.730003 12.690000 12.230000 0.000000 -1035.000000 772.000000 3700.000000 -3102.000000 -237.000000 2290.000000 
111.449997 74.489998 110.040001 12.510000 11.880000 0.000000 -594.000000 576.000000 4256.000000 -3204.000000 -459.000000 2118.000000 
110.470001 75.169998 109.370003 12.030000 11.440000 0.000000 -1043.000000 470.000000 4460.000000 -3032.000000 -371.000000 2165.000000 
108.870003 75.860001 107.970001 11.220000 10.840000 0.000000 -1513.000000 283.000000 4050.000000 -3269.000000 -365.000000 2144.000000 
106.669998 76.279999 105.980003 10.650000 10.070000 0.000000 -788.000000 288.000000 4093.000000 -3807.000000 -593.000000 1816.000000 
105.690002 76.489998 105.199997 10.780000 9.360000 0.000000 -1079.000000 656.000000 3661.000000 -4012.000000 -431.000000 1716.000000 
104.870003 76.730003 104.580002 10.850000 8.740000 0.000000 -1089.000000 658.000000 3692.000000 -3789.000000 -431.000000 1887.000000 
103.500000 77.010002 103.480003 10.740000 8.170000 0.000000 -993.000000 643.000000 3993.000000 -3253.000000 -404.000000 2028.000000 
101.730003 77.480003 102.040001 10.300000 7.530000 0.000000 -780.000000 450.000000 4238.000000 -2640.000000 -749.000000 2485.000000 
99.570000 78.070000 100.180000 9.750000 6.750000 0.000000 -409.000000 228.000000 4515.000000 -2606.000000 -1013.000000 2594.000000 
97.639999 78.769997 98.459999 9.080000 5.930000 0.000000 -632.000000 158.000000 4457.000000 -3043.000000 -981.000000 2492.000000 
95.800003 79.379997 96.769997 8.410000 5.090000 0.000000 -745.000000 214.000000 4277.000000 -3437.000000 -1063.000000 2406.000000 
93.440002 79.870003 94.500000 7.740000 4.290000 0.000000 -1172.000000 219.000000 4008.000000 -3696.000000 -1080.000000 2502.000000 
90.330002 80.010002 91.540001 7.860000 3.610000 0.000000 -914.000000 443.000000 4026.000000 -4089.000000 -939.000000 2447.000000 
87.129997 79.959999 88.379997 7.960000 3.060000 0.000000 -727.000000 487.000000 4013.000000 -4025.000000 -842.000000 2393.000000 
84.040001 79.750000 85.320000 7.960000 2.620000 0.000000 -537.000000 463.000000 3825.000000 -3802.000000 -783.000000 2359.000000 
81.599998 79.540001 82.889999 7.490000 2.240000 0.000000 -599.000000 352.000000 4056.000000 -3407.000000 -703.000000 2262.000000 
79.820000 79.410004 81.139999 6.580000 1.880000 0.000000 -833.000000 240.000000 4312.000000 -3212.000000 -613.000000 2009.000000 
78.250000 79.389999 79.669998 5.720000 1.410000 0.000000 -904.000000 189.000000 4422.000000 -3055.000000 -676.000000 2063.000000 
76.769997 79.309998 78.300003 5.750000 0.820000 0.000000 -617.000000 339.000000 4166.000000 -3133.000000 -797.000000 2384.000000 
73.599998 79.220001 75.300003 5.730000 0.080000 0.000000 -107.000000 471.000000 3896.000000 -3092.000000 -1208.000000 3011.000000 
70.470001 79.099998 72.279999 5.320000 -0.590000 0.000000 253.000000 205.000000 3884.000000 -3049.000000 -1598.000000 3639.000000 
66.459999 78.889999 68.220001 4.690000 -1.030000 0.000000 478.000000 120.000000 4439.000000 -3179.000000 -1413.000000 3360.000000 
63.950001 78.639999 65.599998 3.630000 -1.230000 0.000000 321.000000 -220.000000 4525.000000 -3207.000000 -1006.000000 2672.000000 
64.220001 78.400002 65.699997 3.100000 -1.360000 0.000000 -18529.000000 826.000000 8212.000000 -3302.000000 -687.000000 2189.000000 
63.580002 78.309998 65.029999 2.440000 -1.420000 0.000000 222.000000 -980.000000 4882.000000 -5058.000000 21.000000 114.000000 
62.970001 78.070000 64.290001 2.520000 -2.770000 0.000000 101.000000 21.000000 2764.000000 816.000000 -3844.000000 2981.000000 
60.630001 77.339996 62.009998 3.080000 -4.760000 0.000000 -159.000000 1151.000000 4950.000000 -3255.000000 -1719.000000 2167.000000 
61.150002 76.849998 62.540001 2.100000 -6.570000 0.000000 -303.000000 -148.000000 6091.000000 -4023.000000 -939.000000 2289.000000 
62.599998 76.680000 64.000000 1.680000 -8.310000 0.000000 -955.000000 -262.000000 5402.000000 -5329.000000 -1378.000000 1954.000000 
60.580002 76.029999 62.160000 1.190000 -9.490000 0.000000 -78.000000 -231.000000 5106.000000 -4173.000000 -1322.000000 2699.000000 
61.349998 75.949997 63.000000 2.190000 -10.150000 0.000000 -134.000000 716.000000 4257.000000 -3655.000000 -1431.000000 2376.000000 
61.029999 75.559998 62.740002 3.160000 -10.450000 0.000000 162.000000 1258.000000 3464.000000 -3573.000000 -1109.000000 2248.000000 
61.500000 75.250000 63.189999 3.780000 -10.750000 0.000000 506.000000 327.000000 4592.000000 -3231.000000 -1121.000000 2086.000000 
61.439999 74.599998 62.990002 3.180000 -10.870000 0.000000 532.000000 167.000000 4539.000000 -3503.000000 -902.000000 2090.000000 
62.119999 74.019997 63.650002 2.750000 -10.750000 0.000000 -223.000000 45.000000 3693.000000 -2918.000000 -365.000000 1793.000000 
61.840000 73.410004 63.540001 2.070000 -11.020000 0.000000 566.000000 137.000000 4536.000000 -3841.000000 -1267.000000 2188.000000 
62.119999 72.980003 63.959999 2.460000 -11.230000 0.000000 785.000000 289.000000 4159.000000 -3518.000000 -1254.000000 2254.000000 
62.869999 72.570000 64.879997 1.610000 -11.310000 0.000000 1229.000000 10.000000 4261.000000 -3116.000000 -1087.000000 2262.000000 
63.060001 72.080002 65.190002 1.180000 -11.360000 0.000000 1476.000000 94.000000 4587.000000 -3061.000000 -1138.000000 2256.000000 
63.270000 71.760002 65.480003 1.440000 -11.260000 0.000000 1371.000000 246.000000 4513.000000 -3204.000000 -1010.000000 2289.000000 
63.090000 71.480003 65.370003 1.010000 -11.180000 0.000000 1104.000000 56.000000 4429.000000 -3462.000000 -1091.000000 2277.000000 
62.939999 71.139999 65.290001 0.380000 -11.080000 0.000000 1048.000000 -117.000000 4404.000000 -3471.000000 -1053.000000 2167.000000 
62.919998 70.879997 65.290001 -0.170000 -11.040000 0.000000 1137.000000 -69.000000 4175.000000 -3401.000000 -1132.000000 2232.000000 
62.700001 70.629997 65.199997 -0.160000 -10.990000 0.000000 1071.000000 130.000000 4070.000000 -3433.000000 -1078.000000 2139.000000 
63.270000 70.610001 65.949997 -1.110000 -11.320000 0.000000 1424.000000 -529.000000 5195.000000 -3388.000000 -1694.000000 1824.000000 
63.529999 70.760002 66.349998 -0.860000 -11.450000 0.000000 1328.000000 22.000000 4157.000000 -3154.000000 -1269.000000 2079.000000 
63.529999 71.000000 66.419998 -1.320000 -11.630000 0.000000 1123.000000 -219.000000 4254.000000 -3487.000000 -1632.000000 2160.000000 
63.360001 71.239998 66.330002 -2.000000 -11.870000 0.000000 1153.000000 -423.000000 4881.000000 -3708.000000 -1882.000000 2251.000000 
63.430000 71.550003 66.540001 -2.460000 -12.070000 0.000000 1036.000000 -412.000000 5283.000000 -4054.000000 -1925.000000 2003.000000 
63.590000 71.879997 66.849998 -2.610000 -12.210000 0.000000 816.000000 -326.000000 5279.000000 -4512.000000 -2116.000000 1943.000000 
64.059998 72.099998 67.480003 -2.540000 -12.270000 0.000000 741.000000 -271.000000 5180.000000 -4574.000000 -2178.000000 1860.000000 
64.680000 72.160004 68.239998 -2.250000 -12.140000 0.000000 726.000000 -165.000000 5350.000000 -4654.000000 -2044.000000 1777.000000 
65.269997 72.110001 69.059998 -2.000000 -11.870000 0.000000 676.000000 -160.000000 5359.000000 -4634.000000 -1887.000000 1784.000000 
65.769997 72.040001 69.779999 -1.780000 -11.490000 0.000000 714.000000 -151.000000 5370.000000 -4498.000000 -1751.000000 1728.000000 
66.239998 71.930000 70.500000 -1.720000 -11.120000 0.000000 778.000000 -238.000000 5371.000000 -4330.000000 -1693.000000 1737.000000 
66.809998 71.870003 71.339996 -1.690000 -10.800000 0.000000 773.000000 -247.000000 5328.000000 -4263.000000 -1715.000000 1769.000000 
67.449997 71.849998 72.290001 -1.610000 -10.520000 0.000000 764.000000 -225.000000 5296.000000 -4297.000000 -1682.000000 1730.000000 
68.220001 71.860001 73.419998 -1.510000 -10.260000 0.000000 761.000000 -227.000000 5333.000000 -4285.000000 -1645.000000 1728.000000 
69.080002 71.919998 74.750000 -1.220000 -10.130000 0.000000 775.000000 -186.000000 5305.000000 -4200.000000 -1739.000000 1675.000000 
70.010002 72.029999 76.110001 -0.940000 -10.050000 0.000000 718.000000 -167.000000 5321.000000 -4285.000000 -1788.000000 1655.000000 
71.059998 72.120003 77.570000 -0.590000 -10.000000 0.000000 584.000000 -135.000000 5294.000000 -4406.000000 -1784.000000 1511.000000 
72.070000 72.180000 79.040001 -0.300000 -9.900000 0.000000 307.000000 -133.000000 5090.000000 -4521.000000 -1668.000000 1314.000000 
73.150002 72.139999 80.629997 0.080000 -9.760000 0.000000 122.000000 -116.000000 4933.000000 -4620.000000 -1616.000000 1203.000000 
74.209999 71.970001 82.260002 0.650000 -9.570000 0.000000 190.000000 -7.000000 4878.000000 -4455.000000 -1483.000000 1202.000000 
75.199997 71.709999 83.849998 1.400000 -9.350000 0.000000 230.000000 69.000000 4785.000000 -4339.000000 -1334.000000 1158.000000 
75.989998 71.440002 85.279999 1.880000 -9.130000 0.000000 248.000000 59.000000 4557.000000 -4133.000000 -1190.000000 1101.000000 
76.599998 71.220001 86.599998 2.160000 -8.930000 0.000000 244.000000 59.000000 4459.000000 -3928.000000 -1108.000000 1035.000000 
77.250000 71.050003 88.059998 2.310000 -8.850000 0.000000 199.000000 47.000000 4317.000000 -3767.000000 -1109.000000 962.000000 
77.919998 70.910004 89.589996 2.620000 -8.830000 0.000000 249.000000 105.000000 4314.000000 -3650.000000 -1021.000000 939.000000 
78.699997 70.790001 91.250000 2.840000 -8.860000 0.000000 349.000000 120.000000 4338.000000 -3471.000000 -1005.000000 1061.000000 
79.559998 70.580002 93.040001 3.250000 -8.870000 0.000000 533.000000 197.000000 4401.000000 -3387.000000 -850.000000 1170.000000 
80.480003 70.309998 94.919998 3.710000 -8.940000 0.000000 603.000000 222.000000 4402.000000 -3485.000000 -874.000000 1321.000000 
81.519997 70.099998 96.980003 4.310000 -9.090000 0.000000 586.000000 275.000000 4204.000000 -3482.000000 -893.000000 1269.000000 
82.570000 69.959999 99.089996 5.090000 -9.280000 0.000000 521.000000 358.000000 4031.000000 -3528.000000 -942.000000 1151.000000 
83.540001 69.900002 101.160004 5.850000 -9.540000 0.000000 275.000000 349.000000 3668.000000 -3608.000000 -1015.000000 962.000000 
84.339996 69.839996 103.059998 6.470000 -9.730000 0.000000 87.000000 318.000000 3579.000000 -3737.000000 -911.000000 863.000000 
84.800003 69.550003 104.709999 7.160000 -9.790000 0.000000 192.000000 407.000000 3567.000000 -3698.000000 -580.000000 858.000000 
84.879997 69.089996 106.000000 7.670000 -9.840000 0.000000 315.000000 407.000000 3641.000000 -3591.000000 -460.000000 931.000000 
84.680000 68.610001 107.089996 7.960000 -9.990000 0.000000 560.000000 386.000000 3802.000000 -3489.000000 -421.000000 1187.000000 
84.389999 68.269997 108.120003 8.080000 -10.440000 0.000000 922.000000 292.000000 3885.000000 -3037.000000 -758.000000 1465.000000 
84.300003 68.120003 109.410004 8.140000 -11.160000 0.000000 1276.000000 196.000000 3949.000000 -2656.000000 -1114.000000 1720.000000 
84.709999 68.120003 111.150002 8.250000 -11.940000 0.000000 1472.000000 224.000000 4023.000000 -2497.000000 -1256.000000 1828.000000 
85.430000 68.160004 113.129997 8.390000 -12.660000 0.000000 1311.000000 260.000000 3919.000000 -2673.000000 -1245.000000 1709.000000 
86.190002 68.169998 115.129997 8.530000 -13.200000 0.000000 955.000000 287.000000 3709.000000 -3084.000000 -1087.000000 1510.000000 
86.849998 67.940002 117.050003 8.960000 -13.440000 0.000000 701.000000 436.000000 3482.000000 -3435.000000 -694.000000 1369.000000 
87.129997 67.519997 118.610001 9.530000 -13.600000 0.000000 632.000000 508.000000 3390.000000 -3644.000000 -546.000000 1329.000000 
87.260002 67.120003 120.010002 10.000000 -13.820000 0.000000 677.000000 488.000000 3347.000000 -3606.000000 -560.000000 1403.000000 
87.040001 66.709999 121.150002 10.370000 -14.110000 0.000000 864.000000 466.000000 3415.000000 -3418.000000 -611.000000 1505.000000 
86.839996 66.360001 122.320000 10.550000 -14.530000 0.000000 993.000000 372.000000 3513.000000 -3196.000000 -807.000000 1576.000000 
86.699997 66.110001 123.550003 10.630000 -15.010000 0.000000 1083.000000 250.000000 3590.000000 -3013.000000 -935.000000 1607.000000 
86.320000 65.849998 124.639999 10.660000 -15.430000 0.000000 1198.000000 158.000000 3679.000000 -2887.000000 -869.000000 1712.000000 
85.739998 65.320000 125.589996 10.730000 -15.740000 0.000000 1422.000000 88.000000 3831.000000 -2757.000000 -741.000000 1907.000000 
85.160004 64.709999 126.550003 10.960000 -16.059999 0.000000 1743.000000 159.000000 3922.000000 -2521.000000 -681.000000 2153.000000 
84.699997 64.309998 127.699997 11.310000 -16.490000 0.000000 2035.000000 230.000000 3944.000000 -2362.000000 -723.000000 2385.000000 
84.610001 64.250000 129.110001 11.710000 -17.010000 0.000000 2195.000000 362.000000 3913.000000 -2311.000000 -695.000000 2384.000000 
84.790001 64.470001 130.759995 12.070000 -17.639999 0.000000 2075.000000 445.000000 3732.000000 -2552.000000 -760.000000 2271.000000 
85.239998 64.910004 132.660004 12.300000 -18.420000 0.000000 1720.000000 480.000000 3549.000000 -2931.000000 -913.000000 2014.000000 
85.800003 65.480003 134.600006 12.420000 -19.330000 0.000000 1339.000000 488.000000 3306.000000 -3247.000000 -1146.000000 1817.000000 
85.919998 65.980003 136.100006 12.270000 -20.240000 0.000000 1001.000000 375.000000 3288.000000 -3751.000000 -1199.000000 1670.000000 
85.669998 66.129997 137.199997 11.930000 -21.020000 0.000000 850.000000 229.000000 3419.000000 -4001.000000 -1158.000000 1723.000000 
84.879997 65.980003 137.789993 11.510000 -21.650000 0.000000 1051.000000 121.000000 3699.000000 -3825.000000 -1158.000000 1819.000000 
83.879997 65.730003 138.250000 11.120000 -22.200001 0.000000 1344.000000 6.000000 3926.000000 -3542.000000 -1239.000000 2079.000000 
82.760002 65.559998 138.610001 10.840000 -22.730000 0.000000 1614.000000 -40.000000 3940.000000 -3108.000000 -1289.000000 2307.000000 
81.919998 65.730003 139.289993 10.760000 -23.290001 0.000000 1985.000000 75.000000 4071.000000 -2655.000000 -1440.000000 2475.000000 
81.500000 66.139999 140.250000 10.800000 -23.820000 0.000000 2128.000000 176.000000 3965.000000 -2449.000000 -1409.000000 2457.000000 
81.230003 66.599998 141.220001 10.900000 -24.340000 0.000000 2026.000000 317.000000 3788.000000 -2589.000000 -1305.000000 2361.000000 
80.779999 66.930000 141.910004 10.950000 -24.790001 0.000000 1748.000000 386.000000 3577.000000 -2967.000000 -1094.000000 2118.000000 
79.959999 66.910004 142.160004 10.810000 -25.180000 0.000000 1426.000000 328.000000 3453.000000 -3434.000000 -957.000000 2026.000000 
78.809998 66.629997 142.089996 10.410000 -25.540001 0.000000 1281.000000 167.000000 3477.000000 -3700.000000 -856.000000 2011.000000 
77.559998 66.339996 141.929993 9.950000 -25.940001 0.000000 1444.000000 96.000000 3607.000000 -3531.000000 -1024.000000 2130.000000 
75.879997 66.150002 141.449997 9.440000 -26.430000 0.000000 1668.000000 -12.000000 3792.000000 -3243.000000 -1308.000000 2273.000000 
74.370003 66.300003 141.059998 8.980000 -26.950001 0.000000 1928.000000 -83.000000 3928.000000 -2830.000000 -1533.000000 2482.000000 
73.160004 66.660004 140.899994 8.590000 -27.450001 0.000000 2064.000000 -107.000000 3962.000000 -2590.000000 -1699.000000 2537.000000 
71.800003 67.000000 140.589996 8.270000 -27.860001 0.000000 2052.000000 -107.000000 3947.000000 -2686.000000 -1590.000000 2474.000000 
70.550003 67.199997 140.380005 7.950000 -28.170000 0.000000 1919.000000 -73.000000 3835.000000 -2847.000000 -1451.000000 2395.000000 
69.389999 67.309998 140.139999 7.570000 -28.440001 0.000000 1776.000000 -112.000000 3738.000000 -3072.000000 -1379.000000 2364.000000 
68.059998 67.470001 139.729996 7.140000 -28.730000 0.000000 1725.000000 -107.000000 3803.000000 -3198.000000 -1364.000000 2340.000000 
66.849998 67.680000 139.339996 6.670000 -29.090000 0.000000 1779.000000 -106.000000 3813.000000 -3148.000000 -1464.000000 2348.000000 
65.510002 68.000000 138.770004 6.130000 -29.549999 0.000000 1779.000000 -131.000000 3889.000000 -3183.000000 -1677.000000 2357.000000 
64.070000 68.370003 138.059998 5.530000 -30.010000 0.000000 1675.000000 -171.000000 3878.000000 -3334.000000 -1819.000000 2288.000000 
62.740002 68.660004 137.380005 4.920000 -30.459999 0.000000 1558.000000 -187.000000 3892.000000 -3356.000000 -1936.000000 2280.000000 
61.070000 68.750000 136.380005 4.290000 -30.719999 0.000000 1502.000000 -276.000000 3883.000000 -3425.000000 -1880.000000 2217.000000 
59.549999 68.489998 135.440002 3.660000 -30.760000 0.000000 1536.000000 -388.000000 3926.000000 -3340.000000 -1736.000000 2306.000000 
58.330002 68.070000 134.770004 3.090000 -30.610001 0.000000 1712.000000 -411.000000 4035.000000 -3183.000000 -1587.000000 2419.000000 
57.130001 67.589996 134.210007 2.560000 -30.510000 0.000000 1923.000000 -432.000000 4152.000000 -2968.000000 -1576.000000 2540.000000 
56.220001 67.370003 133.910004 2.120000 -30.450001 0.000000 2094.000000 -351.000000 4149.000000 -2738.000000 -1645.000000 2623.000000 
55.200001 67.440002 133.539993 1.800000 -30.440001 0.000000 2155.000000 -239.000000 4041.000000 -2613.000000 -1704.000000 2672.000000 
54.430000 67.690002 133.259995 1.580000 -30.450001 0.000000 2113.000000 -150.000000 3910.000000 -2648.000000 -1762.000000 2577.000000 
53.849998 67.970001 133.080002 1.410000 -30.330000 0.000000 1994.000000 -90.000000 3727.000000 -2767.000000 -1746.000000 2418.000000 
53.349998 68.190002 132.860001 1.230000 -29.980000 0.000000 1771.000000 -119.000000 3605.000000 -3106.000000 -1550.000000 2341.000000 
52.779999 68.260002 132.550003 0.960000 -29.650000 0.000000 1681.000000 -213.000000 3680.000000 -3050.000000 -1516.000000 2421.000000 
52.320000 68.180000 132.330002 0.650000 -29.350000 0.000000 1752.000000 -243.000000 3853.000000 -3002.000000 -1540.000000 2528.000000 
51.709999 68.010002 131.929993 0.250000 -29.100000 0.000000 1889.000000 -344.000000 4087.000000 -2928.000000 -1600.000000 2605.000000 
51.290001 67.820000 131.720001 -0.190000 -28.900000 0.000000 1978.000000 -434.000000 4161.000000 -2689.000000 -1612.000000 2616.000000 
51.150002 67.809998 131.759995 -0.500000 -28.660000 0.000000 2109.000000 -354.000000 4230.000000 -2650.000000 -1647.000000 2507.000000 
51.049999 67.989998 131.800003 -0.670000 -28.660000 0.000000 2049.000000 -287.000000 4177.000000 -2802.000000 -1637.000000 2285.000000 
51.060001 68.400002 131.929993 -0.700000 -28.780001 0.000000 1834.000000 -202.000000 3920.000000 -3053.000000 -1601.000000 2122.000000 
51.110001 68.860001 132.059998 -0.630000 -28.809999 0.000000 1573.000000 -113.000000 3731.000000 -3297.000000 -1474.000000 2027.000000 
51.240002 69.230003 132.220001 -0.580000 -28.809999 0.000000 1379.000000 -145.000000 3718.000000 -3423.000000 -1489.000000 2005.000000 
51.180000 69.529999 132.210007 -0.630000 -28.930000 0.000000 1278.000000 -164.000000 3721.000000 -3417.000000 -1702.000000 2183.000000 
50.759998 69.820000 131.839996 -0.820000 -29.290001 0.000000 1411.000000 -222.000000 3851.000000 -3313.000000 -1881.000000 2317.000000 
50.230000 70.070000 131.350006 -1.140000 -29.559999 0.000000 1528.000000 -281.000000 4017.000000 -3256.000000 -1918.000000 2296.000000 
49.709999 70.279999 130.830002 -1.500000 -29.629999 0.000000 1634.000000 -355.000000 4147.000000 -3222.000000 -1821.000000 2230.000000 
49.450001 70.480003 130.529999 -1.800000 -29.629999 0.000000 1637.000000 -339.000000 4206.000000 -3274.000000 -1736.000000 2111.000000 
49.369999 70.680000 130.419998 -2.010000 -29.480000 0.000000 1539.000000 -298.000000 4192.000000 -3421.000000 -1671.000000 2025.000000 
49.340000 70.900002 130.369995 -2.190000 -29.340000 0.000000 1369.000000 -300.000000 4186.000000 -3543.000000 -1560.000000 1940.000000 
49.209999 71.050003 130.220001 -2.350000 -29.370001 0.000000 1245.000000 -299.000000 4195.000000 -3479.000000 -1636.000000 2019.000000 
49.049999 71.180000 130.039993 -2.530000 -29.360001 0.000000 1332.000000 -283.000000 4384.000000 -3465.000000 -1658.000000 2063.000000 
48.790001 71.330002 129.779999 -2.700000 -29.760000 0.000000 1399.000000 -302.000000 4371.000000 -3414.000000 -1831.000000 2102.000000 
48.430000 71.480003 129.429993 -2.870000 -30.580000 0.000000 1454.000000 -291.000000 4329.000000 -3400.000000 -2017.000000 2142.000000 
47.990002 71.680000 129.020004 -3.040000 -31.059999 0.000000 1410.000000 -297.000000 4261.000000 -3500.000000 -1985.000000 2116.000000 
47.580002 71.900002 128.619995 -3.150000 -31.020000 0.000000 1361.000000 -271.000000 4262.000000 -3580.000000 -1864.000000 2029.000000 
47.400002 72.059998 128.389999 -3.260000 -30.930000 0.000000 1267.000000 -271.000000 4202.000000 -3702.000000 -1794.000000 1937.000000 
47.340000 72.120003 128.229996 -3.340000 -30.580000 0.000000 1210.000000 -265.000000 4226.000000 -3722.000000 -1690.000000 1932.000000 
47.259998 72.099998 128.039993 -3.490000 -30.090000 0.000000 1205.000000 -289.000000 4289.000000 -3731.000000 -1604.000000 2011.000000 
47.310001 71.949997 128.009995 -3.610000 -29.400000 0.000000 1326.000000 -259.000000 4357.000000 -3625.000000 -1531.000000 2088.000000 
47.450001 71.720001 128.080002 -3.670000 -28.820000 0.000000 1446.000000 -240.000000 4439.000000 -3405.000000 -1590.000000 2231.000000 
47.509998 71.529999 128.119995 -3.720000 -28.450001 0.000000 1608.000000 -261.000000 4517.000000 -3169.000000 -1639.000000 2254.000000 
47.439999 71.449997 128.050003 -3.750000 -28.299999 0.000000 1676.000000 -271.000000 4479.000000 -3124.000000 -1697.000000 2233.000000 
47.330002 71.470001 127.949997 -3.730000 -28.290001 0.000000 1642.000000 -239.000000 4464.000000 -3239.000000 -1686.000000 2179.000000 
47.360001 71.529999 127.919998 -3.680000 -28.120001 0.000000 1444.000000 -240.000000 4355.000000 -3464.000000 -1620.000000 2084.000000 
47.529999 71.620003 128.009995 -3.600000 -28.049999 0.000000 1307.000000 -185.000000 4205.000000 -3575.000000 -1546.000000 1923.000000 
47.759998 71.639999 128.139999 -3.520000 -27.900000 0.000000 1166.000000 -184.000000 4142.000000 -3659.000000 -1566.000000 1965.000000 
48.099998 71.610001 128.380005 -3.440000 -27.680000 0.000000 1218.000000 -149.000000 4166.000000 -3660.000000 -1534.000000 1983.000000 
48.310001 71.580002 128.570007 -3.460000 -27.629999 0.000000 1301.000000 -229.000000 4172.000000 -3573.000000 -1569.000000 2012.000000 
48.480000 71.519997 128.740005 -3.540000 -27.500000 0.000000 1370.000000 -295.000000 4268.000000 -3429.000000 -1581.000000 2057.000000 
48.630001 71.440002 128.860001 -3.590000 -27.280001 0.000000 1481.000000 -268.000000 4386.000000 -3231.000000 -1555.000000 2096.000000 
48.669998 71.419998 128.940002 -3.600000 -27.000000 0.000000 1503.000000 -265.000000 4405.000000 -3109.000000 -1451.000000 2050.000000 
48.689999 71.430000 129.020004 -3.560000 -26.850000 0.000000 1471.000000 -234.000000 4410.000000 -3129.000000 -1481.000000 2050.000000 
48.840000 71.440002 129.139999 -3.490000 -26.969999 0.000000 1422.000000 -223.000000 4343.000000 -3308.000000 -1528.000000 2043.000000 
48.970001 71.430000 129.289993 -3.490000 -27.320000 0.000000 1381.000000 -293.000000 4270.000000 -3421.000000 -1664.000000 2093.000000 
49.099998 71.470001 129.449997 -3.440000 -27.719999 0.000000 1465.000000 -264.000000 4264.000000 -3429.000000 -1767.000000 2170.000000 
49.150002 71.550003 129.529999 -3.370000 -27.870001 0.000000 1506.000000 -247.000000 4261.000000 -3404.000000 -1746.000000 2174.000000 
49.230000 71.639999 129.600006 -3.310000 -27.920000 0.000000 1565.000000 -249.000000 4270.000000 -3331.000000 -1685.000000 2150.000000 
49.330002 71.699997 129.690002 -3.200000 -27.690001 0.000000 1549.000000 -197.000000 4184.000000 -3264.000000 -1601.000000 2119.000000 
49.540001 71.779999 129.830002 -3.090000 -27.280001 0.000000 1470.000000 -146.000000 4166.000000 -3325.000000 -1462.000000 2034.000000 
49.660000 71.879997 129.919998 -2.960000 -26.889999 0.000000 1366.000000 -110.000000 4099.000000 -3359.000000 -1392.000000 1988.000000 
49.889999 71.900002 130.020004 -2.920000 -26.709999 0.000000 1349.000000 -125.000000 4085.000000 -3388.000000 -1494.000000 2051.000000 
50.130001 71.900002 130.160004 -2.950000 -26.510000 0.000000 1400.000000 -212.000000 4121.000000 -3440.000000 -1530.000000 2118.000000 
50.290001 71.879997 130.229996 -3.040000 -26.520000 0.000000 1477.000000 -257.000000 4200.000000 -3380.000000 -1615.000000 2216.000000 
50.320000 71.839996 130.210007 -3.150000 -26.540001 0.000000 1565.000000 -328.000000 4229.000000 -3223.000000 -1666.000000 2234.000000 
50.389999 71.809998 130.279999 -3.690000 -25.870001 0.000000 2124.000000 -1985.000000 8769.000000 -1285.000000 -498.000000 1490.000000 
50.320000 71.900002 130.199997 -3.160000 -25.280001 0.000000 1369.000000 74.000000 3938.000000 -3250.000000 -1215.000000 1919.000000 
50.700001 72.080002 130.610001 -2.890000 -25.680000 0.000000 1522.000000 -135.000000 4088.000000 -3377.000000 -1597.000000 1992.000000 
51.509998 72.070000 131.250000 -2.580000 -25.590000 0.000000 1317.000000 -37.000000 4126.000000 -3675.000000 -1464.000000 1956.000000 
52.220001 72.139999 131.850006 -2.310000 -25.200001 0.000000 1278.000000 -14.000000 4066.000000 -3701.000000 -1293.000000 1932.000000 
52.990002 72.129997 132.500000 -2.110000 -24.870001 0.000000 1278.000000 -22.000000 4043.000000 -3654.000000 -1261.000000 1928.000000 
53.509998 72.040001 132.940002 -2.020000 -24.629999 0.000000 1289.000000 -94.000000 4048.000000 -3555.000000 -1350.000000 2001.000000 
53.950001 71.900002 133.320007 -1.970000 -24.629999 0.000000 1340.000000 -117.000000 4030.000000 -3472.000000 -1439.000000 2004.000000 
54.169998 71.790001 133.539993 -1.940000 -24.700001 0.000000 1370.000000 -158.000000 4057.000000 -3432.000000 -1471.000000 2021.000000 
54.230000 71.669998 133.619995 -1.880000 -25.090000 0.000000 1397.000000 -156.000000 4069.000000 -3613.000000 -1754.000000 2246.000000 
54.160000 71.559998 133.580002 -1.800000 -25.070000 0.000000 1362.000000 -177.000000 3953.000000 -3289.000000 -1581.000000 2202.000000 
54.220001 71.440002 133.660004 -1.670000 -24.840000 0.000000 1480.000000 -121.000000 4023.000000 -3177.000000 -1428.000000 2182.000000 
54.340000 71.320000 133.750000 -1.570000 -24.570000 0.000000 1728.000000 -180.000000 4261.000000 -3185.000000 -1387.000000 2232.000000 
54.369999 71.139999 133.770004 -1.410000 -24.400000 0.000000 1704.000000 -97.000000 4179.000000 -3131.000000 -1518.000000 2305.000000 
54.520000 71.019997 133.899994 -1.250000 -24.139999 0.000000 1752.000000 -83.000000 4059.000000 -3127.000000 -1465.000000 2285.000000 
54.639999 70.970001 133.990005 -1.140000 -24.170000 0.000000 1690.000000 -126.000000 4071.000000 -3112.000000 -1472.000000 2198.000000 
54.939999 70.919998 134.190002 -1.010000 -24.440001 0.000000 1627.000000 -102.000000 4006.000000 -3189.000000 -1512.000000 2108.000000 
55.139999 70.910004 134.289993 -0.950000 -24.620001 0.000000 1447.000000 -160.000000 4046.000000 -3344.000000 -1516.000000 1941.000000 
55.349998 70.980003 134.380005 -0.880000 -24.750000 0.000000 1307.000000 -166.000000 4104.000000 -3494.000000 -1503.000000 1837.000000 
55.560001 71.059998 134.460007 -0.770000 -24.750000 0.000000 1172.000000 -123.000000 4063.000000 -3606.000000 -1454.000000 1788.000000 
55.810001 71.089996 134.580002 -0.620000 -24.450001 0.000000 1107.000000 -98.000000 4096.000000 -3664.000000 -1345.000000 1740.000000 
56.060001 71.040001 134.729996 -0.480000 -24.110001 0.000000 1108.000000 -113.000000 4104.000000 -3659.000000 -1338.000000 1822.000000 
56.259998 70.949997 134.899994 -0.350000 -23.750000 0.000000 1180.000000 -86.000000 4143.000000 -3547.000000 -1353.000000 1925.000000 
56.279999 70.830002 134.940002 -0.270000 -23.469999 0.000000 1358.000000 -118.000000 4206.000000 -3385.000000 -1456.000000 2064.000000 
56.230000 70.699997 134.949997 -0.210000 -23.400000 0.000000 1470.000000 -102.000000 4150.000000 -3193.000000 -1549.000000 2149.000000 
56.090000 70.599998 134.899994 -0.190000 -23.559999 0.000000 1519.000000 -126.000000 4086.000000 -3112.000000 -1609.000000 2133.000000 
55.930000 70.540001 134.809998 -0.230000 -23.790001 0.000000 1478.000000 -183.000000 3945.000000 -3066.000000 -1531.000000 2103.000000 
56.020000 70.489998 134.949997 -0.150000 -23.400000 0.000000 1521.000000 -92.000000 4039.000000 -3179.000000 -1400.000000 2119.000000 
56.230000 70.360001 135.149994 -0.020000 -22.700001 0.000000 1481.000000 -77.000000 4134.000000 -3317.000000 -1284.000000 2145.000000 
56.520000 70.220001 135.389999 0.130000 -22.129999 0.000000 1457.000000 -49.000000 4156.000000 -3360.000000 -1200.000000 2135.000000 
56.790001 70.050003 135.619995 0.290000 -21.500000 0.000000 1455.000000 -52.000000 4116.000000 -3390.000000 -1171.000000 2139.000000 
56.900002 69.849998 135.729996 0.400000 -21.290001 0.000000 1460.000000 -90.000000 4119.000000 -3275.000000 -1277.000000 2210.000000 
56.919998 69.669998 135.759995 0.530000 -21.049999 0.000000 1486.000000 -92.000000 4164.000000 -3249.000000 -1322.000000 2263.000000 
56.950001 69.580002 135.809998 0.700000 -20.930000 0.000000 1496.000000 -69.000000 4185.000000 -3211.000000 -1292.000000 2225.000000 
57.049999 69.500000 135.910004 0.940000 -20.610001 0.000000 1451.000000 -31.000000 4145.000000 -3305.000000 -1252.000000 2214.000000 
57.230000 69.419998 136.050003 1.230000 -20.059999 0.000000 1368.000000 32.000000 4154.000000 -3445.000000 -1087.000000 2156.000000 
57.619999 69.320000 136.440002 1.570000 -19.270000 0.000000 1264.000000 105.000000 4125.000000 -3674.000000 -778.000000 2064.000000 
58.000000 69.209999 136.809998 1.910000 -18.840000 0.000000 1136.000000 121.000000 4122.000000 -3725.000000 -1051.000000 2218.000000 
58.470001 69.099998 137.320007 2.260000 -18.110001 0.000000 1034.000000 170.000000 3953.000000 -1885.000000 -540.000000 2652.000000 
58.160000 68.980003 137.119995 2.370000 -17.129999 0.000000 1637.000000 -131.000000 3818.000000 -3754.000000 -800.000000 2604.000000 
57.939999 68.860001 136.889999 2.870000 -17.150000 0.000000 1639.000000 298.000000 4940.000000 -3534.000000 -1027.000000 2338.000000 
58.470001 69.029999 137.429993 3.240000 -17.620001 0.000000 1276.000000 226.000000 4063.000000 -3356.000000 -1239.000000 2207.000000 
58.790001 69.360001 137.830002 3.700000 -17.799999 0.000000 1346.000000 493.000000 4079.000000 -3600.000000 -1167.000000 2088.000000 
59.040001 69.760002 138.199997 3.370000 -17.680000 0.000000 973.000000 90.000000 4335.000000 -3440.000000 -1028.000000 2095.000000 
59.330002 70.110001 138.619995 3.130000 -17.150000 0.000000 927.000000 196.000000 4133.000000 -3491.000000 -950.000000 2211.000000 
59.520000 70.349998 138.889999 2.740000 -17.260000 0.000000 869.000000 129.000000 4201.000000 -3253.000000 -1238.000000 2507.000000 
59.310001 70.480003 138.779999 2.190000 -17.430000 0.000000 1245.000000 -153.000000 4554.000000 -3482.000000 -1294.000000 2586.000000 
58.590000 70.589996 138.130005 1.590000 -17.309999 0.000000 1043.000000 -242.000000 4526.000000 -3253.000000 -1284.000000 2622.000000 
58.070000 70.750000 137.669998 1.000000 -16.959999 0.000000 1014.000000 -294.000000 4961.000000 -251.000000 -4072.000000 5496.000000 
57.860001 71.120003 137.449997 0.580000 -16.410000 0.000000 -1251.000000 -839.000000 6453.000000 -2778.000000 -1446.000000 2930.000000 
56.290001 71.260002 135.990005 0.610000 -15.430000 0.000000 695.000000 -779.000000 6166.000000 -3975.000000 -253.000000 1305.000000 
54.799999 71.620003 134.580002 1.300000 -14.910000 0.000000 1075.000000 -359.000000 4564.000000 -3913.000000 -851.000000 2052.000000 
53.750000 71.959999 133.660004 2.080000 -15.330000 0.000000 551.000000 -205.000000 3682.000000 -3589.000000 -1349.000000 2547.000000 
52.639999 72.300003 132.710007 2.580000 -15.860000 0.000000 398.000000 -345.000000 4078.000000 -3534.000000 -1363.000000 2500.000000 
50.880001 72.449997 131.240005 2.990000 -16.400000 0.000000 664.000000 -355.000000 4005.000000 -3230.000000 -1546.000000 2647.000000 
48.750000 72.610001 129.429993 3.270000 -17.110001 0.000000 941.000000 -359.000000 4139.000000 -3265.000000 -2032.000000 3120.000000 
46.270000 72.750000 127.300003 3.140000 -17.900000 0.000000 505.000000 -581.000000 4679.000000 -3569.000000 -2469.000000 3509.000000 
43.650002 72.870003 125.050003 2.730000 -18.590000 0.000000 78.000000 -758.000000 5624.000000 -3793.000000 -2569.000000 3561.000000 
41.209999 72.860001 122.910004 2.210000 -19.160000 0.000000 412.000000 -878.000000 5454.000000 -3753.000000 -2431.000000 3408.000000 
39.000000 72.769997 120.970001 1.560000 -19.650000 0.000000 480.000000 -961.000000 5119.000000 -3432.000000 -2329.000000 3325.000000 
36.970001 72.629997 119.190002 0.730000 -20.059999 0.000000 240.000000 -1104.000000 5227.000000 -3265.000000 -2132.000000 3084.000000 
35.049999 72.440002 117.459999 -0.180000 -20.580000 0.000000 61.000000 -1145.000000 5524.000000 -3202.000000 -1790.000000 2745.000000 
33.189999 72.250000 115.730003 -1.000000 -20.240000 0.000000 17.000000 -1020.000000 5371.000000 -3217.000000 -1187.000000 2255.000000 
31.959999 71.980003 114.510002 -1.590000 -19.980000 0.000000 -13.000000 -742.000000 4745.000000 -3407.000000 -600.000000 1725.000000 
31.709999 71.510002 114.190002 -1.960000 -20.000000 0.000000 76.000000 -543.000000 4118.000000 -3105.000000 -994.000000 2058.000000 
31.930000 70.989998 114.370003 -2.290000 -20.889999 0.000000 185.000000 -489.000000 3456.000000 -2448.000000 -2025.000000 3019.000000 
31.280001 70.669998 113.860001 -2.590000 -21.910000 0.000000 441.000000 -401.000000 3108.000000 -2260.000000 -2474.000000 3113.000000 
28.700001 70.580002 111.650002 -3.160000 -23.150000 0.000000 512.000000 -612.000000 3076.000000 -2421.000000 -2733.000000 2877.000000 
25.120001 70.500000 108.510002 -4.210000 -24.540001 0.000000 300.000000 -1358.000000 3421.000000 -2807.000000 -3047.000000 2922.000000 
21.520000 70.370003 105.230003 -5.610000 -25.830000 0.000000 -593.000000 -2017.000000 4673.000000 -3304.000000 -3899.000000 3763.000000 
18.389999 70.120003 102.309998 -7.180000 -26.820000 0.000000 -1433.000000 -2485.000000 5964.000000 -3981.000000 -4021.000000 3866.000000 
16.280001 69.629997 100.230003 -8.590000 -27.110001 0.000000 -1165.000000 -2068.000000 6110.000000 -4046.000000 -2958.000000 2966.000000 
16.040001 69.010002 99.779999 -9.390000 -26.280001 0.000000 -355.000000 -1256.000000 4557.000000 -3420.000000 -1813.000000 2068.000000 
17.180000 68.430000 100.650002 -9.550000 -24.990000 0.000000 -280.000000 -659.000000 3046.000000 -2809.000000 -910.000000 1402.000000 
18.639999 67.680000 101.830002 -9.380000 -23.660000 0.000000 -533.000000 -322.000000 2286.000000 -2381.000000 -348.000000 963.000000 
20.280001 66.910004 103.230003 -9.350000 -22.629999 0.000000 -532.000000 -390.000000 2184.000000 -1976.000000 -90.000000 582.000000 
21.430000 65.669998 104.050003 -9.470000 -22.090000 0.000000 -531.000000 -430.000000 2149.000000 -1588.000000 30.000000 339.000000 
21.610001 64.300003 104.029999 -9.720000 -22.139999 0.000000 -103.000000 -480.000000 2332.000000 -1169.000000 39.000000 214.000000 
21.000000 63.029999 103.430000 -9.960000 -22.559999 0.000000 412.000000 -350.000000 2509.000000 -930.000000 -410.000000 940.000000 
19.799999 61.849998 102.320000 -10.170000 -24.190001 0.000000 788.000000 -91.000000 2699.000000 -414.000000 -2725.000000 3865.000000 
18.920000 60.880001 101.489998 -10.300000 -25.450001 0.000000 851.000000 1.000000 3351.000000 -777.000000 -3669.000000 5487.000000 
18.340000 59.830002 100.269997 -10.220000 -26.030001 0.000000 448.000000 -18.000000 3689.000000 -1852.000000 -3258.000000 5106.000000 
19.350000 58.430000 100.099998 -10.110000 -25.420000 0.000000 317.000000 -301.000000 4112.000000 -2607.000000 -2004.000000 3707.000000 
21.219999 56.889999 100.650002 -9.890000 -24.190001 0.000000 848.000000 -375.000000 4577.000000 -2365.000000 -951.000000 2448.000000 
22.920000 55.709999 101.070000 -9.580000 -22.830000 0.000000 952.000000 -457.000000 4609.000000 -1864.000000 -266.000000 1676.000000 
24.049999 55.000000 101.139999 -9.100000 -21.690001 0.000000 437.000000 -266.000000 4103.000000 -1744.000000 -10.000000 1353.000000 
24.540001 54.639999 100.820000 -8.630000 -20.930000 0.000000 161.000000 -64.000000 3377.000000 -1863.000000 99.000000 1228.000000 
24.690001 54.400002 100.199997 -8.440000 -20.590000 0.000000 -144.000000 172.000000 3267.000000 -2564.000000 451.000000 945.000000 
24.900000 54.110001 99.519997 -8.410000 -20.450001 0.000000 -233.000000 428.000000 3387.000000 -2340.000000 914.000000 706.000000 
25.250000 53.630001 98.940002 -8.470000 -20.670000 0.000000 -728.000000 495.000000 3163.000000 -2251.000000 957.000000 1092.000000 
25.660000 52.980000 98.379997 -8.540000 -21.290001 0.000000 -367.000000 534.000000 3340.000000 -1918.000000 525.000000 1682.000000 
25.969999 52.240002 97.739998 -8.550000 -22.250000 0.000000 -119.000000 394.000000 3916.000000 -1769.000000 -277.000000 2417.000000 
26.070000 51.549999 96.980003 -8.490000 -23.600000 0.000000 -250.000000 61.000000 4607.000000 -1767.000000 -1101.000000 2966.000000 
25.900000 51.000000 96.110001 -8.320000 -25.170000 0.000000 -519.000000 -234.000000 5017.000000 -2450.000000 -1605.000000 3287.000000 
25.480000 50.660000 95.169998 -7.820000 -26.600000 0.000000 -314.000000 43.000000 4628.000000 -3063.000000 -1892.000000 3566.000000 
24.969999 50.480000 94.230003 -7.100000 -27.500000 0.000000 -45.000000 523.000000 4122.000000 -2457.000000 -1399.000000 3320.000000 
24.580000 50.380001 93.349998 -6.340000 -28.120001 0.000000 66.000000 994.000000 3800.000000 -2567.000000 -1078.000000 3318.000000 
24.389999 50.290001 92.580002 -5.710000 -28.559999 0.000000 265.000000 1310.000000 3542.000000 -2784.000000 -1222.000000 3835.000000 
24.309999 50.189999 91.830002 -5.280000 -28.730000 0.000000 199.000000 1366.000000 3707.000000 -2909.000000 -1306.000000 4066.000000 
24.129999 50.080002 91.019997 -5.080000 -28.670000 0.000000 -190.000000 1116.000000 3966.000000 -3096.000000 -1211.000000 3667.000000 
23.670000 49.970001 90.139999 -5.190000 -28.510000 0.000000 -764.000000 650.000000 4246.000000 -3469.000000 -1196.000000 3106.000000 
22.889999 49.860001 89.199997 -5.530000 -28.400000 0.000000 -1226.000000 202.000000 4819.000000 -3667.000000 -1346.000000 2805.000000 
21.930000 49.660000 88.250000 -5.890000 -28.400000 0.000000 -994.000000 -104.000000 5827.000000 -3494.000000 -1496.000000 2891.000000 
21.040001 49.330002 87.360001 -5.940000 -28.520000 0.000000 -82.000000 31.000000 6078.000000 -3050.000000 -1781.000000 3272.000000 
20.440001 48.939999 86.620003 -5.640000 -28.650000 0.000000 758.000000 469.000000 5136.000000 -2798.000000 -1940.000000 3596.000000 
20.170000 48.500000 86.129997 -5.360000 -28.900000 0.000000 803.000000 747.000000 4482.000000 -2823.000000 -2030.000000 3926.000000 
20.150000 48.099998 85.849998 -5.310000 -29.200001 0.000000 482.000000 659.000000 4666.000000 -2994.000000 -2246.000000 4454.000000 
20.200001 47.790001 85.709999 -5.400000 -29.250000 0.000000 431.000000 475.000000 4773.000000 -2611.000000 -2522.000000 4927.000000 
20.230000 47.470001 85.570000 -5.500000 -28.840000 0.000000 387.000000 429.000000 4684.000000 -2185.000000 -2568.000000 4984.000000 
20.129999 47.189999 85.370003 -5.630000 -27.990000 0.000000 656.000000 275.000000 4635.000000 -2004.000000 -2303.000000 4530.000000 
20.070000 46.900002 85.129997 -5.780000 -27.500000 0.000000 835.000000 150.000000 4902.000000 -1859.000000 -2112.000000 4011.000000 
20.260000 46.419998 84.980003 -5.930000 -27.010000 0.000000 1117.000000 -259.000000 5913.000000 -1773.000000 -1956.000000 3787.000000 
20.600000 45.900002 84.800003 -5.880000 -26.549999 0.000000 1613.000000 -358.000000 5921.000000 -1375.000000 -1928.000000 3689.000000 
21.100000 45.400002 84.650002 -5.580000 -26.580000 0.000000 1753.000000 -160.000000 5182.000000 -1438.000000 -2072.000000 3829.000000 
21.660000 45.080002 84.589996 -5.190000 -26.809999 0.000000 1285.000000 -167.000000 4605.000000 -1996.000000 -2180.000000 3885.000000 
22.389999 44.939999 84.690002 -4.860000 -26.980000 0.000000 641.000000 -285.000000 4526.000000 -2380.000000 -2117.000000 3821.000000 
23.290001 44.799999 85.029999 -4.550000 -27.100000 0.000000 307.000000 -293.000000 4794.000000 -2307.000000 -2013.000000 3648.000000 
24.209999 44.709999 85.540001 -4.260000 -27.330000 0.000000 310.000000 -348.000000 5161.000000 -2506.000000 -2299.000000 3942.000000 
24.680000 44.820000 85.970001 -3.840000 -27.820000 0.000000 448.000000 -217.000000 5456.000000 -2554.000000 -2792.000000 4542.000000 
24.570000 45.090000 86.059998 -3.420000 -28.350000 0.000000 1590.000000 -50.000000 5921.000000 -2600.000000 -3137.000000 4942.000000 
23.700001 45.119999 85.540001 -3.070000 -28.879999 0.000000 1099.000000 -263.000000 5832.000000 -2417.000000 -3203.000000 5000.000000 
23.020000 45.049999 84.940002 -2.710000 -29.070000 0.000000 1466.000000 -194.000000 4953.000000 -1898.000000 -2897.000000 4640.000000 
23.049999 44.639999 84.510002 -2.410000 -28.750000 0.000000 1653.000000 -114.000000 4167.000000 -1273.000000 -2425.000000 4094.000000 
24.000000 44.000000 84.709999 -2.150000 -27.959999 0.000000 1301.000000 -75.000000 3567.000000 -767.000000 -1812.000000 3331.000000 
25.160000 43.410000 85.019997 -1.950000 -26.950001 0.000000 901.000000 -103.000000 2922.000000 -576.000000 -1293.000000 2566.000000 
26.080000 42.759998 85.150002 -1.940000 -25.850000 0.000000 597.000000 -202.000000 2608.000000 -578.000000 -1056.000000 2154.000000 
26.510000 42.020000 85.019997 -2.180000 -25.650000 0.000000 508.000000 -418.000000 2808.000000 -823.000000 -1083.000000 2040.000000 
26.410000 41.320000 84.470001 -2.650000 -26.110001 0.000000 722.000000 -669.000000 3113.000000 -727.000000 -1300.000000 2196.000000 
25.969999 40.680000 83.790001 -3.190000 -26.799999 0.000000 1174.000000 -975.000000 3745.000000 -1039.000000 -1693.000000 2197.000000 
25.059999 39.849998 82.809998 -3.750000 -27.709999 0.000000 1734.000000 -1271.000000 4697.000000 -1431.000000 -2176.000000 2403.000000 
23.700001 38.790001 81.559998 -4.360000 -28.950001 0.000000 1596.000000 -1575.000000 5602.000000 -1442.000000 -2954.000000 3155.000000 
22.270000 37.689999 80.309998 -4.830000 -30.370001 0.000000 1203.000000 -1573.000000 5926.000000 -1328.000000 -4109.000000 4475.000000 
21.139999 36.459999 79.309998 -5.120000 -31.629999 0.000000 1208.000000 -1482.000000 5729.000000 -1132.000000 -4755.000000 5568.000000 
20.450001 35.320000 78.639999 -5.230000 -32.389999 0.000000 1443.000000 -1311.000000 5090.000000 -783.000000 -4502.000000 5470.000000 
20.190001 34.299999 78.250000 -5.210000 -32.630001 0.000000 1626.000000 -1079.000000 4315.000000 -425.000000 -3632.000000 4542.000000 
20.549999 33.439999 78.209999 -5.100000 -32.349998 0.000000 1738.000000 -898.000000 3734.000000 -260.000000 -2683.000000 3505.000000 
21.540001 33.009998 78.559998 -4.860000 -31.510000 0.000000 1408.000000 -637.000000 3210.000000 -431.000000 -1873.000000 2660.000000 
22.469999 32.759998 78.949997 -4.590000 -30.680000 0.000000 945.000000 -428.000000 2789.000000 -327.000000 -1546.000000 2277.000000 
23.100000 32.560001 79.300003 -4.490000 -30.240000 0.000000 872.000000 -469.000000 2680.000000 -153.000000 -1704.000000 2535.000000 
23.280001 32.250000 79.440002 -4.560000 -30.059999 0.000000 1155.000000 -417.000000 3195.000000 -725.000000 -1841.000000 2909.000000 
22.980000 31.870001 79.300003 -4.950000 -30.180000 0.000000 1959.000000 -838.000000 4207.000000 -576.000000 -2074.000000 3053.000000 
22.690001 31.400000 79.190002 -5.350000 -30.309999 0.000000 2042.000000 -1072.000000 5142.000000 -796.000000 -2369.000000 3446.000000 
22.370001 30.950001 79.040001 -5.550000 -30.639999 0.000000 1972.000000 -1039.000000 5345.000000 -685.000000 -2889.000000 4048.000000 
22.080000 30.600000 78.860001 -5.530000 -31.070000 0.000000 1854.000000 -962.000000 5064.000000 -580.000000 -3214.000000 4533.000000 
21.780001 30.260000 78.589996 -5.360000 -31.320000 0.000000 1713.000000 -775.000000 4334.000000 -426.000000 -3058.000000 4208.000000 
21.610001 30.090000 78.360001 -5.070000 -31.139999 0.000000 1559.000000 -595.000000 3721.000000 -449.000000 -2643.000000 3641.000000 
21.709999 30.129999 78.309998 -4.770000 -31.190001 0.000000 1394.000000 -529.000000 3553.000000 -584.000000 -2344.000000 3199.000000 
21.910000 30.240000 78.300003 -4.510000 -31.209999 0.000000 1286.000000 -531.000000 3518.000000 -720.000000 -2166.000000 2916.000000 
22.010000 30.340000 78.239998 -4.350000 -31.370001 0.000000 1207.000000 -506.000000 3439.000000 -828.000000 -2183.000000 2892.000000 
21.879999 30.500000 78.080002 -4.340000 -31.780001 0.000000 991.000000 -567.000000 3588.000000 -853.000000 -2328.000000 3020.000000 
21.639999 30.629999 77.900002 -4.490000 -32.230000 0.000000 790.000000 -659.000000 3761.000000 -819.000000 -2546.000000 3270.000000 
21.270000 30.680000 77.720001 -4.720000 -32.689999 0.000000 1036.000000 -734.000000 4005.000000 -1181.000000 -2916.000000 3662.000000 
20.820000 30.620001 77.519997 -5.050000 -33.099998 0.000000 1309.000000 -943.000000 4481.000000 -829.000000 -3005.000000 3724.000000 
20.299999 30.389999 77.260002 -5.320000 -33.049999 0.000000 1524.000000 -1070.000000 4850.000000 -647.000000 -2844.000000 3575.000000 
20.000000 30.049999 77.050003 -5.430000 -33.029999 0.000000 1638.000000 -925.000000 4542.000000 -482.000000 -2701.000000 3482.000000 
20.080000 29.570000 77.050003 -5.420000 -32.930000 0.000000 1634.000000 -756.000000 4072.000000 -522.000000 -2597.000000 3399.000000 
20.320000 29.180000 77.120003 -5.360000 -32.980000 0.000000 1599.000000 -650.000000 3747.000000 -523.000000 -2567.000000 3357.000000 
20.469999 28.969999 77.169998 -5.280000 -32.900002 0.000000 1538.000000 -603.000000 3785.000000 -629.000000 -2537.000000 3291.000000 
20.370001 28.990000 77.110001 -5.240000 -32.500000 0.000000 1468.000000 -649.000000 3877.000000 -678.000000 -2537.000000 3294.000000 
20.150000 29.170000 77.029999 -5.200000 -32.389999 0.000000 1387.000000 -640.000000 3942.000000 -700.000000 -2560.000000 3333.000000 
19.900000 29.350000 76.849998 -5.190000 -32.599998 0.000000 1280.000000 -623.000000 3923.000000 -714.000000 -2586.000000 3307.000000 
19.760000 29.510000 76.769997 -5.220000 -32.779999 0.000000 1181.000000 -655.000000 3849.000000 -779.000000 -2600.000000 3307.000000 
19.629999 29.590000 76.730003 -5.280000 -33.049999 0.000000 1183.000000 -722.000000 4040.000000 -737.000000 -2611.000000 3336.000000 
19.530001 29.600000 76.720001 -5.320000 -32.980000 0.000000 1383.000000 -610.000000 3885.000000 -719.000000 -2593.000000 3290.000000 
19.420000 29.520000 76.639999 -5.490000 -33.200001 0.000000 1384.000000 -665.000000 3914.000000 -687.000000 -2617.000000 3348.000000 
19.340000 29.370001 76.610001 -5.770000 -33.169998 0.000000 1324.000000 -720.000000 3897.000000 -588.000000 -2618.000000 3363.000000 
19.270000 29.170000 76.540001 -6.100000 -32.950001 0.000000 1354.000000 -757.000000 3858.000000 -569.000000 -2646.000000 3390.000000 
19.209999 28.910000 76.500000 -6.430000 -33.180000 0.000000 1399.000000 -727.000000 3879.000000 -533.000000 -2678.000000 3430.000000 
19.129999 28.719999 76.470001 -6.800000 -33.250000 0.000000 1409.000000 -741.000000 3855.000000 -554.000000 -2655.000000 3406.000000 
19.020000 28.629999 76.470001 -7.210000 -33.040001 0.000000 1471.000000 -759.000000 3743.000000 -550.000000 -2622.000000 3372.000000 
18.910000 28.559999 76.489998 -7.680000 -33.049999 0.000000 1392.000000 -829.000000 3924.000000 -602.000000 -2603.000000 3325.000000 
18.790001 28.520000 76.529999 -8.230000 -33.020000 0.000000 1383.000000 -1111.000000 4422.000000 -622.000000 -2659.000000 3327.000000 
18.660000 28.450001 76.480003 -8.660000 -33.119999 0.000000 1568.000000 -1337.000000 5058.000000 -600.000000 -2647.000000 3350.000000 
18.480000 28.309999 76.349998 -8.850000 -33.020000 0.000000 1503.000000 -1256.000000 4845.000000 -517.000000 -2738.000000 3418.000000 
18.389999 28.180000 76.300003 -8.850000 -33.130001 0.000000 1376.000000 -1041.000000 4253.000000 -470.000000 -2806.000000 3496.000000 
18.400000 28.110001 76.339996 -8.760000 -32.889999 0.000000 1432.000000 -862.000000 3759.000000 -459.000000 -2724.000000 3408.000000 
18.440001 28.059999 76.339996 -8.700000 -32.709999 0.000000 1432.000000 -849.000000 3715.000000 -574.000000 -2618.000000 3246.000000 
18.469999 28.059999 76.419998 -8.690000 -32.810001 0.000000 1367.000000 -883.000000 3854.000000 -599.000000 -2629.000000 3270.000000 
18.430000 28.170000 76.389999 -8.760000 -32.840000 0.000000 1269.000000 -949.000000 3988.000000 -606.000000 -2679.000000 3320.000000 
18.270000 28.320000 76.339996 -8.860000 -32.639999 0.000000 1280.000000 -937.000000 3999.000000 -573.000000 -2702.000000 3357.000000 
18.100000 28.450001 76.320000 -8.950000 -32.400002 0.000000 1309.000000 -889.000000 3910.000000 -598.000000 -2676.000000 3319.000000 
18.000000 28.559999 76.290001 -9.070000 -32.540001 0.000000 1262.000000 -903.000000 3882.000000 -599.000000 -2688.000000 3335.000000 
