1.950000 29.270000 64.269997 -9.050000 -17.969999 0.000000 2303.000000 -646.000000 3597.000000 1117.000000 -1376.000000 4035.000000 
1.950000 29.320000 64.250000 -9.030000 -17.959999 0.000000 2287.000000 -659.000000 3616.000000 1104.000000 -1400.000000 4039.000000 
1.880000 29.320000 64.260002 -9.030000 -18.010000 0.000000 2276.000000 -679.000000 3614.000000 1250.000000 -1444.000000 4126.000000 
1.780000 29.240000 64.160004 -9.030000 -18.070000 0.000000 2308.000000 -693.000000 3634.000000 1246.000000 -1467.000000 4098.000000 
1.790000 29.180000 64.180000 -9.030000 -18.150000 0.000000 2281.000000 -685.000000 3599.000000 1115.000000 -1518.000000 4067.000000 
1.640000 29.020000 64.070000 -9.050000 -18.379999 0.000000 2298.000000 -760.000000 3633.000000 590.000000 -1710.000000 4084.000000 
1.660000 28.930000 64.070000 -9.020000 -18.500000 0.000000 2355.000000 -744.000000 3619.000000 1268.000000 -1622.000000 4279.000000 
1.530000 28.660000 64.110001 -8.930000 -19.190001 0.000000 2206.000000 -714.000000 3694.000000 -226.000000 -1779.000000 968.000000 
1.700000 28.400000 64.389999 -8.760000 -19.750000 0.000000 2483.000000 -660.000000 3613.000000 1559.000000 -2089.000000 5855.000000 
1.500000 28.049999 64.500000 -8.670000 -20.100000 0.000000 2685.000000 -836.000000 3555.000000 2476.000000 -2311.000000 6160.000000 
1.390000 27.840000 64.610001 -8.450000 -20.010000 0.000000 2674.000000 -728.000000 3491.000000 3010.000000 -2238.000000 6286.000000 
1.440000 28.059999 64.800003 -8.210000 -19.719999 0.000000 2886.000000 -803.000000 3464.000000 2278.000000 -2468.000000 5225.000000 
1.260000 28.809999 64.900002 -8.330000 -19.540001 0.000000 3094.000000 -701.000000 3717.000000 1560.000000 -2723.000000 5198.000000 
1.740000 29.600000 65.480003 -9.100000 -19.180000 0.000000 3156.000000 -1484.000000 3313.000000 749.000000 -2220.000000 5410.000000 
2.250000 30.910000 66.230003 -10.010000 -18.840000 0.000000 3543.000000 -1498.000000 2892.000000 1503.000000 -2118.000000 4872.000000 
2.720000 32.160000 67.129997 -10.870000 -18.240000 0.000000 4025.000000 -2069.000000 6412.000000 2465.000000 -1845.000000 4805.000000 
2.780000 33.560001 67.639999 -11.340000 -17.730000 0.000000 3457.000000 -2440.000000 7461.000000 2457.000000 -1944.000000 3989.000000 
3.470000 35.790001 68.599998 -11.190000 -17.209999 0.000000 3789.000000 -1934.000000 7992.000000 2370.000000 -1718.000000 3902.000000 
3.750000 37.939999 69.360001 -10.540000 -16.809999 0.000000 3810.000000 -1803.000000 7189.000000 1788.000000 -1683.000000 4723.000000 
3.730000 40.439999 69.879997 -9.440000 -16.469999 0.000000 3456.000000 -1510.000000 5492.000000 1481.000000 -1578.000000 4878.000000 
3.940000 44.119999 70.650002 -8.020000 -16.110001 0.000000 3430.000000 -1226.000000 4173.000000 1631.000000 -1548.000000 4714.000000 
4.430000 47.950001 71.739998 -6.510000 -15.610000 0.000000 3478.000000 -963.000000 3365.000000 1993.000000 -1438.000000 4733.000000 
5.090000 51.400002 72.870003 -5.000000 -15.090000 0.000000 2433.000000 -633.000000 2522.000000 2136.000000 -1566.000000 4823.000000 
5.370000 53.910000 73.449997 -3.450000 -14.530000 0.000000 2394.000000 -260.000000 1738.000000 2303.000000 -1560.000000 4625.000000 
5.910000 55.849998 73.900002 -2.150000 -14.100000 0.000000 3357.000000 -474.000000 1585.000000 1944.000000 -1796.000000 5021.000000 
7.120000 57.290001 74.470001 -0.860000 -13.630000 0.000000 3276.000000 235.000000 2140.000000 1265.000000 -1650.000000 5575.000000 
8.410000 58.099998 74.769997 0.120000 -13.180000 0.000000 2919.000000 -26.000000 3070.000000 871.000000 -1549.000000 4670.000000 
10.080000 58.650002 75.129997 0.890000 -12.720000 0.000000 2390.000000 -201.000000 3520.000000 500.000000 -1267.000000 3870.000000 
12.320000 58.750000 75.660004 1.720000 -12.240000 0.000000 2099.000000 -102.000000 3426.000000 665.000000 -1274.000000 4052.000000 
15.380000 58.060001 76.540001 2.550000 -11.780000 0.000000 2019.000000 -120.000000 3092.000000 533.000000 -1260.000000 4555.000000 
18.700001 57.009998 77.599998 3.420000 -11.260000 0.000000 2137.000000 -62.000000 3053.000000 366.000000 -1129.000000 4539.000000 
21.860001 55.860001 78.529999 4.250000 -10.730000 0.000000 2218.000000 -113.000000 3321.000000 63.000000 -822.000000 3704.000000 
25.030001 54.590000 79.410004 5.080000 -9.920000 0.000000 2236.000000 -70.000000 3754.000000 -71.000000 -662.000000 3388.000000 
28.090000 53.299999 80.209999 5.810000 -9.020000 0.000000 2050.000000 -157.000000 4134.000000 545.000000 -610.000000 3816.000000 
31.059999 52.189999 81.000000 6.780000 -8.290000 0.000000 2021.000000 45.000000 4085.000000 648.000000 -739.000000 4124.000000 
33.990002 51.209999 81.800003 8.090000 -7.380000 0.000000 2230.000000 282.000000 3737.000000 438.000000 -541.000000 3662.000000 
36.939999 50.570000 82.720001 9.630000 -5.600000 0.000000 2304.000000 462.000000 3298.000000 163.000000 -79.000000 2814.000000 
39.830002 50.299999 83.709999 11.230000 -4.010000 0.000000 2036.000000 535.000000 2924.000000 -43.000000 215.000000 2413.000000 
42.480000 50.360001 84.629997 12.730000 -2.760000 0.000000 1374.000000 572.000000 3077.000000 -349.000000 299.000000 2496.000000 
44.910000 50.630001 85.410004 13.960000 -1.890000 0.000000 884.000000 505.000000 3250.000000 -732.000000 296.000000 2727.000000 
47.139999 51.000000 86.120003 15.210000 -1.170000 0.000000 425.000000 646.000000 3463.000000 -742.000000 244.000000 3247.000000 
49.130001 51.419998 86.660004 16.730000 -0.400000 0.000000 556.000000 937.000000 3043.000000 -653.000000 241.000000 3435.000000 
50.830002 51.910000 87.029999 18.290001 0.330000 0.000000 376.000000 1113.000000 2764.000000 -867.000000 245.000000 3409.000000 
52.320000 52.439999 87.250000 19.709999 0.980000 0.000000 366.000000 1271.000000 2852.000000 -1299.000000 281.000000 3312.000000 
53.560001 52.970001 87.279999 20.740000 1.620000 0.000000 703.000000 1204.000000 3155.000000 -1654.000000 459.000000 2980.000000 
54.650002 53.450001 87.199997 21.680000 2.170000 0.000000 128.000000 1468.000000 3292.000000 -1648.000000 438.000000 3239.000000 
55.520000 53.900002 86.959999 22.490000 2.600000 0.000000 173.000000 1536.000000 3237.000000 -1802.000000 414.000000 3385.000000 
56.180000 54.299999 86.540001 23.190001 2.990000 0.000000 213.000000 1630.000000 3070.000000 -1943.000000 544.000000 3287.000000 
56.669998 54.650002 86.000000 23.740000 3.340000 0.000000 197.000000 1687.000000 2925.000000 -1907.000000 595.000000 3263.000000 
56.950001 54.970001 85.320000 24.090000 3.660000 0.000000 158.000000 1726.000000 2853.000000 -1754.000000 627.000000 3204.000000 
57.020000 55.290001 84.500000 24.129999 4.030000 0.000000 56.000000 1601.000000 2898.000000 -1415.000000 603.000000 3383.000000 
56.900002 55.619999 83.580002 23.879999 4.330000 0.000000 -357.000000 1579.000000 3061.000000 -1094.000000 467.000000 3635.000000 
56.490002 55.980000 82.500000 23.520000 4.680000 0.000000 -175.000000 1521.000000 3125.000000 -1195.000000 551.000000 3259.000000 
55.720001 56.439999 81.250000 22.760000 4.790000 0.000000 56.000000 1234.000000 3625.000000 -1391.000000 451.000000 2910.000000 
54.490002 57.020000 79.739998 21.570000 3.980000 0.000000 657.000000 1075.000000 4686.000000 -1099.000000 -141.000000 3314.000000 
53.220001 57.700001 78.309998 20.290001 2.640000 0.000000 1062.000000 947.000000 5502.000000 -1512.000000 -1135.000000 4610.000000 
51.709999 58.360001 76.739998 19.090000 1.220000 0.000000 1480.000000 984.000000 5710.000000 -2052.000000 -1579.000000 5871.000000 
50.599998 59.020000 75.540001 18.219999 0.040000 0.000000 1670.000000 1084.000000 5285.000000 -2015.000000 -1771.000000 6200.000000 
49.919998 59.650002 74.839996 17.700001 -0.720000 0.000000 1846.000000 1120.000000 4882.000000 -1142.000000 -1658.000000 5849.000000 
49.590000 60.259998 74.419998 17.340000 -1.050000 0.000000 1429.000000 1146.000000 4522.000000 -757.000000 -1242.000000 5209.000000 
49.529999 60.810001 74.250000 17.590000 -1.080000 0.000000 911.000000 1265.000000 3863.000000 -1165.000000 -770.000000 4592.000000 
49.099998 61.279999 73.699997 17.920000 -0.660000 0.000000 1183.000000 1209.000000 3559.000000 -1386.000000 -430.000000 4107.000000 
48.840000 61.599998 73.239998 18.379999 -0.070000 0.000000 1593.000000 1467.000000 3513.000000 -1740.000000 -63.000000 3925.000000 
48.410000 61.610001 72.580002 18.330000 0.360000 0.000000 1568.000000 1285.000000 3947.000000 -1933.000000 48.000000 3480.000000 
47.830002 61.689999 71.800003 17.600000 0.480000 0.000000 1431.000000 1067.000000 4453.000000 -2062.000000 -80.000000 3687.000000 
47.430000 61.820000 71.220001 16.860001 0.300000 0.000000 1262.000000 1085.000000 4747.000000 -876.000000 -370.000000 4253.000000 
47.270000 61.930000 70.900002 16.360001 -0.090000 0.000000 1259.000000 1101.000000 4640.000000 -245.000000 -610.000000 4589.000000 
47.480000 62.020000 70.930000 16.320000 -0.340000 0.000000 1248.000000 1184.000000 4231.000000 -345.000000 -520.000000 4497.000000 
47.919998 61.980000 71.260002 16.799999 0.040000 0.000000 953.000000 1329.000000 3799.000000 -332.000000 127.000000 3957.000000 
48.639999 62.040001 71.959999 17.469999 0.510000 0.000000 1181.000000 1433.000000 3493.000000 -303.000000 184.000000 3669.000000 
49.209999 62.139999 72.540001 18.170000 0.710000 0.000000 969.000000 1499.000000 3268.000000 318.000000 75.000000 3537.000000 
48.980000 62.020000 72.669998 18.280001 0.980000 0.000000 1796.000000 1246.000000 3542.000000 -279.000000 104.000000 4015.000000 
49.180000 62.349998 73.150002 18.600000 1.330000 0.000000 1308.000000 1381.000000 3435.000000 -1643.000000 321.000000 3224.000000 
48.410000 62.830002 72.750000 18.350000 1.390000 0.000000 1214.000000 1256.000000 3962.000000 -1545.000000 -162.000000 3886.000000 
47.849998 63.189999 72.589996 17.820000 1.000000 0.000000 1415.000000 1230.000000 4460.000000 -1074.000000 -601.000000 4584.000000 
47.099998 63.520000 72.330002 17.570000 0.490000 0.000000 1593.000000 1186.000000 4151.000000 -690.000000 -880.000000 4684.000000 
46.049999 64.260002 71.900002 17.930000 0.360000 0.000000 -2452.000000 2827.000000 2909.000000 -1595.000000 -561.000000 5219.000000 
45.869999 64.610001 72.389999 17.860001 0.150000 0.000000 2333.000000 1233.000000 3888.000000 -1809.000000 -567.000000 4520.000000 
44.310001 64.779999 71.480003 17.650000 -0.220000 0.000000 1919.000000 1063.000000 4052.000000 -1411.000000 -800.000000 4759.000000 
43.610001 65.110001 71.309998 17.540001 -0.420000 0.000000 1720.000000 1208.000000 4214.000000 -490.000000 -766.000000 4817.000000 
42.869999 65.320000 71.139999 17.600000 -0.430000 0.000000 1692.000000 1276.000000 4015.000000 -842.000000 -598.000000 4531.000000 
42.080002 65.379997 70.830002 17.709999 -0.590000 0.000000 2129.000000 1185.000000 3544.000000 4436.000000 -1151.000000 4004.000000 
41.160000 65.230003 70.349998 17.910000 -0.290000 0.000000 2075.000000 1219.000000 3222.000000 215.000000 53.000000 3801.000000 
39.849998 64.860001 69.440002 18.270000 0.230000 0.000000 -3200.000000 2622.000000 2060.000000 -1768.000000 509.000000 4577.000000 
40.830002 64.699997 70.660004 18.090000 0.600000 0.000000 2243.000000 1043.000000 3370.000000 -583.000000 -140.000000 3721.000000 
39.599998 64.410004 69.820000 17.799999 0.230000 0.000000 2029.000000 964.000000 3463.000000 -468.000000 -658.000000 3979.000000 
38.759998 64.290001 69.220001 17.379999 -0.360000 0.000000 2166.000000 908.000000 3582.000000 -638.000000 -755.000000 4314.000000 
37.490002 64.029999 68.199997 16.650000 -1.120000 0.000000 2101.000000 807.000000 4048.000000 -766.000000 -872.000000 4545.000000 
36.480000 63.810001 67.400002 15.690000 -2.050000 0.000000 1994.000000 747.000000 4604.000000 -682.000000 -1120.000000 4521.000000 
35.820000 63.580002 66.970001 14.870000 -2.990000 0.000000 2083.000000 723.000000 4621.000000 -647.000000 -1197.000000 4518.000000 
35.259998 63.500000 66.680000 14.380000 -3.770000 0.000000 2218.000000 671.000000 4186.000000 -683.000000 -1091.000000 4311.000000 
35.099998 63.830002 66.750000 13.980000 -4.330000 0.000000 1933.000000 729.000000 3948.000000 -918.000000 -979.000000 3863.000000 
35.400002 64.370003 67.190002 13.640000 -5.390000 0.000000 52.000000 280.000000 5312.000000 -760.000000 -1321.000000 3641.000000 
35.770000 64.949997 67.699997 13.730000 -6.310000 0.000000 122.000000 1045.000000 5523.000000 -1278.000000 -1299.000000 4312.000000 
35.209999 65.430000 67.379997 13.780000 -7.470000 0.000000 1362.000000 756.000000 3660.000000 -1168.000000 -1652.000000 4755.000000 
34.570000 65.750000 67.029999 13.640000 -8.460000 0.000000 1877.000000 691.000000 4032.000000 -1019.000000 -1864.000000 4912.000000 
33.500000 65.629997 66.410004 13.520000 -8.750000 0.000000 1857.000000 761.000000 4087.000000 -2410.000000 -1301.000000 4622.000000 
34.549999 65.690002 67.980003 13.290000 -9.320000 0.000000 5046.000000 155.000000 5756.000000 -615.000000 -1472.000000 3721.000000 
34.840000 65.750000 68.709999 13.490000 -9.200000 0.000000 1487.000000 890.000000 3977.000000 -1386.000000 -757.000000 3169.000000 
35.720001 65.889999 69.879997 13.920000 -9.380000 0.000000 1585.000000 985.000000 3934.000000 -1328.000000 -1016.000000 3648.000000 
36.049999 65.870003 70.639999 14.350000 -9.910000 0.000000 1716.000000 1073.000000 4163.000000 -1251.000000 -1249.000000 4046.000000 
35.799999 65.790001 70.949997 14.650000 -10.320000 0.000000 1868.000000 990.000000 3911.000000 -1594.000000 -1229.000000 3959.000000 
35.349998 65.500000 71.110001 14.940000 -10.660000 0.000000 1953.000000 1030.000000 3939.000000 -1861.000000 -1120.000000 3523.000000 
35.660000 64.940002 71.870003 15.010000 -11.210000 0.000000 1694.000000 968.000000 3978.000000 -1279.000000 -1477.000000 5114.000000 
35.810001 64.300003 72.510002 15.690000 -11.860000 0.000000 1765.000000 1204.000000 3677.000000 -1890.000000 -2090.000000 4915.000000 
36.299999 63.759998 73.440002 16.160000 -12.130000 0.000000 1879.000000 1120.000000 3540.000000 -916.000000 -1328.000000 3925.000000 
36.480000 63.160000 74.099998 16.570000 -12.380000 0.000000 1969.000000 1167.000000 3498.000000 -1168.000000 -1511.000000 4141.000000 
36.820000 62.450001 74.800003 16.790001 -12.600000 0.000000 2236.000000 1240.000000 3802.000000 -1408.000000 -1530.000000 3911.000000 
36.919998 61.900002 75.190002 16.860001 -12.700000 0.000000 2222.000000 1220.000000 3884.000000 -1761.000000 -1521.000000 4030.000000 
36.889999 61.419998 75.529999 17.049999 -12.690000 0.000000 1967.000000 1295.000000 3741.000000 -1659.000000 -1297.000000 3830.000000 
36.730000 61.150002 75.680000 17.100000 -12.550000 0.000000 1961.000000 1279.000000 3740.000000 -1855.000000 -1337.000000 3872.000000 
36.799999 60.990002 76.059998 16.920000 -12.400000 0.000000 1755.000000 1221.000000 3821.000000 -1902.000000 -1419.000000 3718.000000 
36.970001 61.020000 76.519997 16.840000 -12.310000 0.000000 1651.000000 1411.000000 4015.000000 -2121.000000 -1472.000000 3721.000000 
36.810001 61.090000 76.750000 16.690001 -12.220000 0.000000 1499.000000 1425.000000 4088.000000 -2610.000000 -1446.000000 3912.000000 
36.820000 61.160000 77.099998 16.520000 -11.880000 0.000000 1130.000000 1436.000000 3970.000000 -2067.000000 -1102.000000 3769.000000 
37.040001 61.090000 77.599998 16.000000 -11.780000 0.000000 1229.000000 1276.000000 4488.000000 -2660.000000 -1280.000000 3566.000000 
37.290001 60.630001 78.230003 15.540000 -11.490000 0.000000 1020.000000 1395.000000 5164.000000 -3889.000000 -1061.000000 4618.000000 
38.299999 60.349998 79.610001 14.810000 -11.310000 0.000000 3999.000000 1436.000000 7584.000000 -2385.000000 -1434.000000 3796.000000 
38.650002 60.430000 80.580002 14.430000 -11.160000 0.000000 1237.000000 1091.000000 5417.000000 -2791.000000 -1712.000000 4052.000000 
38.750000 60.650002 81.529999 14.500000 -11.030000 0.000000 1388.000000 1370.000000 5504.000000 -2740.000000 -1720.000000 3956.000000 
39.080002 61.029999 82.709999 14.910000 -10.630000 0.000000 1334.000000 1499.000000 5425.000000 -2833.000000 -1500.000000 3896.000000 
39.490002 61.459999 84.110001 15.620000 -10.090000 0.000000 1335.000000 1616.000000 5222.000000 -3096.000000 -1306.000000 3848.000000 
40.240002 62.020000 85.730003 16.549999 -9.460000 0.000000 1133.000000 1785.000000 4942.000000 -3325.000000 -1126.000000 3710.000000 
41.099998 62.630001 87.449997 17.580000 -8.830000 0.000000 903.000000 1907.000000 4622.000000 -3567.000000 -1049.000000 3685.000000 
41.970001 63.230000 89.209999 18.610001 -8.170000 0.000000 736.000000 1999.000000 4390.000000 -3543.000000 -907.000000 3644.000000 
42.869999 63.750000 91.019997 19.540001 -7.490000 0.000000 525.000000 1951.000000 4111.000000 -3465.000000 -744.000000 3531.000000 
43.700001 64.180000 92.830002 20.410000 -6.810000 0.000000 404.000000 1983.000000 3939.000000 -3529.000000 -649.000000 3432.000000 
44.400002 64.430000 94.699997 21.200001 -6.200000 0.000000 385.000000 2014.000000 3925.000000 -3552.000000 -595.000000 3434.000000 
44.970001 64.519997 96.550003 21.870001 -5.630000 0.000000 393.000000 1996.000000 3944.000000 -3405.000000 -538.000000 3380.000000 
45.310001 64.480003 98.250000 22.420000 -5.210000 0.000000 512.000000 1967.000000 3975.000000 -3213.000000 -662.000000 3355.000000 
45.520000 64.379997 99.900002 22.809999 -4.880000 0.000000 638.000000 1902.000000 4046.000000 -2876.000000 -784.000000 3432.000000 
45.750000 64.239998 101.620003 23.010000 -4.770000 0.000000 802.000000 1788.000000 4005.000000 -2608.000000 -921.000000 3371.000000 
45.860001 64.180000 103.290001 23.139999 -4.870000 0.000000 950.000000 1778.000000 4048.000000 -2491.000000 -1019.000000 3301.000000 
45.900002 64.199997 104.910004 23.290001 -4.880000 0.000000 1124.000000 1815.000000 4071.000000 -2353.000000 -971.000000 3257.000000 
46.130001 64.290001 106.669998 23.459999 -4.770000 0.000000 1179.000000 1798.000000 4019.000000 -2350.000000 -881.000000 3161.000000 
46.270000 64.419998 108.449997 23.600000 -4.570000 0.000000 1127.000000 1749.000000 3962.000000 -2493.000000 -814.000000 3148.000000 
46.529999 64.529999 110.360001 23.760000 -4.370000 0.000000 1050.000000 1731.000000 3895.000000 -2491.000000 -763.000000 3131.000000 
46.759998 64.599998 112.339996 23.740000 -4.160000 0.000000 994.000000 1619.000000 3931.000000 -2557.000000 -769.000000 3226.000000 
47.080002 64.690002 114.440002 23.730000 -3.900000 0.000000 1071.000000 1618.000000 3970.000000 -2381.000000 -722.000000 3221.000000 
47.650002 64.750000 116.790001 23.750000 -3.770000 0.000000 1076.000000 1587.000000 3909.000000 -2181.000000 -751.000000 3177.000000 
48.299999 64.889999 119.269997 23.910000 -3.720000 0.000000 1136.000000 1629.000000 3849.000000 -2138.000000 -763.000000 3207.000000 
49.020000 65.129997 121.830002 24.139999 -3.600000 0.000000 1153.000000 1640.000000 3802.000000 -2225.000000 -693.000000 3127.000000 
49.869999 65.400002 124.540001 24.410000 -3.270000 0.000000 1109.000000 1613.000000 3709.000000 -2257.000000 -570.000000 3095.000000 
50.869999 65.650002 127.419998 24.790001 -2.900000 0.000000 1071.000000 1621.000000 3592.000000 -2288.000000 -490.000000 3069.000000 
51.799999 65.900002 130.389999 25.219999 -2.570000 0.000000 1056.000000 1634.000000 3479.000000 -2265.000000 -425.000000 3017.000000 
52.700001 66.279999 133.339996 25.639999 -2.450000 0.000000 1086.000000 1621.000000 3378.000000 -2233.000000 -494.000000 3042.000000 
53.470001 66.809998 136.179993 26.020000 -2.550000 0.000000 1065.000000 1656.000000 3377.000000 -2126.000000 -611.000000 3043.000000 
53.900002 67.470001 138.710007 26.299999 -3.070000 0.000000 1078.000000 1625.000000 3390.000000 -2203.000000 -766.000000 3034.000000 
54.200001 68.120003 141.130005 26.469999 -3.660000 0.000000 994.000000 1594.000000 3414.000000 -2354.000000 -892.000000 3087.000000 
54.279999 68.709999 143.369995 26.469999 -4.310000 0.000000 869.000000 1496.000000 3394.000000 -2534.000000 -999.000000 3148.000000 
54.080002 69.309998 145.330002 26.340000 -5.030000 0.000000 763.000000 1474.000000 3514.000000 -2728.000000 -1120.000000 3225.000000 
53.980000 69.940002 147.300003 26.110001 -5.840000 0.000000 717.000000 1465.000000 3583.000000 -2735.000000 -1181.000000 3260.000000 
53.750000 70.510002 149.130005 25.830000 -6.660000 0.000000 719.000000 1432.000000 3582.000000 -2658.000000 -1267.000000 3285.000000 
53.520000 71.040001 150.919998 25.549999 -7.520000 0.000000 791.000000 1426.000000 3628.000000 -2499.000000 -1339.000000 3240.000000 
53.049999 71.459999 152.479996 25.200001 -8.380000 0.000000 851.000000 1364.000000 3664.000000 -2438.000000 -1318.000000 3183.000000 
52.520000 71.699997 154.020004 24.860001 -9.200000 0.000000 898.000000 1323.000000 3651.000000 -2454.000000 -1346.000000 3172.000000 
52.080002 71.809998 155.619995 24.510000 -9.860000 0.000000 945.000000 1293.000000 3706.000000 -2299.000000 -1186.000000 3104.000000 
51.549999 71.879997 157.160004 24.170000 -10.430000 0.000000 1095.000000 1247.000000 3734.000000 -2137.000000 -1084.000000 3097.000000 
50.830002 71.989998 158.529999 23.760000 -11.130000 0.000000 1182.000000 1175.000000 3761.000000 -1969.000000 -1075.000000 2992.000000 
49.759998 72.190002 159.570007 23.340000 -12.030000 0.000000 1333.000000 1171.000000 3911.000000 -1858.000000 -1204.000000 2990.000000 
48.480000 72.519997 160.389999 22.850000 -12.980000 0.000000 1326.000000 1140.000000 3988.000000 -1763.000000 -1382.000000 3081.000000 
47.270000 72.949997 161.229996 22.309999 -14.060000 0.000000 1289.000000 1082.000000 3995.000000 -1840.000000 -1510.000000 3158.000000 
46.070000 73.389999 162.020004 21.770000 -15.140000 0.000000 1213.000000 1076.000000 4060.000000 -1983.000000 -1531.000000 3294.000000 
44.950001 73.779999 162.830002 21.250000 -16.150000 0.000000 1099.000000 1039.000000 3992.000000 -2125.000000 -1520.000000 3318.000000 
44.070000 74.220001 163.759995 20.760000 -17.030001 0.000000 991.000000 996.000000 3916.000000 -2234.000000 -1567.000000 3313.000000 
42.880001 74.660004 164.369995 20.299999 -17.920000 0.000000 1040.000000 983.000000 3911.000000 -2297.000000 -1656.000000 3261.000000 
41.779999 75.019997 165.029999 19.850000 -18.780001 0.000000 1038.000000 961.000000 3902.000000 -2236.000000 -1673.000000 3192.000000 
40.340000 75.349998 165.350006 19.420000 -19.709999 0.000000 1075.000000 956.000000 3883.000000 -2184.000000 -1797.000000 3239.000000 
38.959999 75.790001 165.580002 19.040001 -20.629999 0.000000 1010.000000 996.000000 3797.000000 -2115.000000 -1851.000000 3233.000000 
37.369999 76.180000 165.490005 18.620001 -21.530001 0.000000 1023.000000 981.000000 3895.000000 -2161.000000 -1891.000000 3264.000000 
35.570000 76.459999 165.169998 18.120001 -22.290001 0.000000 1026.000000 948.000000 3969.000000 -2171.000000 -1892.000000 3250.000000 
33.439999 76.599998 164.490005 17.549999 -22.900000 0.000000 971.000000 858.000000 3986.000000 -2199.000000 -1880.000000 3226.000000 
30.900000 76.529999 163.399994 16.930000 -23.360001 0.000000 1011.000000 776.000000 4041.000000 -2112.000000 -1872.000000 3190.000000 
28.389999 76.410004 162.279999 16.240000 -24.040001 0.000000 1127.000000 687.000000 4137.000000 -1954.000000 -1904.000000 3121.000000 
25.870001 76.360001 161.080002 15.590000 -24.650000 0.000000 1191.000000 668.000000 4148.000000 -1791.000000 -1996.000000 3150.000000 
23.309999 76.480003 159.809998 14.970000 -25.330000 0.000000 1252.000000 681.000000 4178.000000 -1680.000000 -2052.000000 3086.000000 
20.840000 76.720001 158.479996 14.400000 -25.969999 0.000000 1208.000000 675.000000 4167.000000 -1777.000000 -2137.000000 3146.000000 
18.490000 76.949997 157.210007 13.880000 -26.340000 0.000000 1112.000000 692.000000 4169.000000 -1852.000000 -2134.000000 3150.000000 
16.430000 77.199997 156.070007 13.400000 -26.100000 0.000000 1036.000000 683.000000 4126.000000 -1985.000000 -2077.000000 3151.000000 
14.490000 77.379997 155.000000 12.930000 -26.059999 0.000000 930.000000 662.000000 4132.000000 -2048.000000 -1973.000000 3055.000000 
12.940000 77.400002 154.240005 12.460000 -25.910000 0.000000 975.000000 625.000000 4174.000000 -2085.000000 -1902.000000 3014.000000 
12.170000 77.269997 154.169998 12.020000 -25.450001 0.000000 956.000000 599.000000 4115.000000 -1933.000000 -1816.000000 3005.000000 
11.660000 77.160004 154.300003 11.570000 -25.139999 0.000000 1016.000000 548.000000 4148.000000 -1840.000000 -1876.000000 3027.000000 
10.510000 77.089996 153.880005 11.120000 -25.350000 0.000000 1007.000000 524.000000 4095.000000 -1852.000000 -1997.000000 3086.000000 
9.070000 77.059998 153.100006 10.740000 -25.650000 0.000000 1020.000000 546.000000 4090.000000 -1844.000000 -2022.000000 3142.000000 
7.730000 77.150002 152.309998 10.410000 -25.920000 0.000000 1042.000000 548.000000 4013.000000 -1830.000000 -2125.000000 3139.000000 
5.840000 77.300003 151.029999 10.160000 -26.410000 0.000000 1061.000000 602.000000 4062.000000 -1945.000000 -2217.000000 3134.000000 
3.850000 77.510002 149.600006 9.930000 -26.719999 0.000000 995.000000 612.000000 4133.000000 -2211.000000 -2247.000000 3128.000000 
1.920000 77.779999 148.160004 9.700000 -26.719999 0.000000 798.000000 660.000000 4071.000000 -2393.000000 -2204.000000 3150.000000 
0.120000 78.000000 146.809998 9.430000 -26.809999 0.000000 610.000000 655.000000 4160.000000 -2542.000000 -2115.000000 3117.000000 
-1.160000 78.129997 145.910004 9.100000 -26.600000 0.000000 499.000000 636.000000 4172.000000 -2598.000000 -1990.000000 3110.000000 
-2.010000 78.180000 145.429993 8.750000 -26.270000 0.000000 455.000000 624.000000 4152.000000 -2496.000000 -1961.000000 3086.000000 
-2.450000 78.209999 145.320007 8.370000 -26.000000 0.000000 546.000000 609.000000 4155.000000 -2360.000000 -1956.000000 3090.000000 
-2.750000 78.120003 145.320007 8.020000 -25.790001 0.000000 724.000000 611.000000 4172.000000 -2214.000000 -1944.000000 3113.000000 
-2.860000 78.010002 145.470001 7.710000 -25.400000 0.000000 906.000000 649.000000 4269.000000 -2016.000000 -1934.000000 3119.000000 
-2.770000 77.860001 145.779999 7.390000 -25.020000 0.000000 1002.000000 625.000000 4255.000000 -1943.000000 -1971.000000 3173.000000 
-2.390000 77.690002 146.309998 7.110000 -25.170000 0.000000 1056.000000 622.000000 4283.000000 -2042.000000 -1935.000000 3180.000000 
-1.710000 77.510002 147.100006 6.830000 -25.059999 0.000000 1027.000000 593.000000 4261.000000 -2064.000000 -1932.000000 3096.000000 
-1.340000 77.410004 147.580002 6.550000 -25.090000 0.000000 954.000000 560.000000 4228.000000 -2096.000000 -2015.000000 3181.000000 
-1.160000 77.300003 147.860001 6.330000 -25.379999 0.000000 930.000000 545.000000 4252.000000 -2118.000000 -2016.000000 3154.000000 
-0.620000 77.120003 148.479996 6.110000 -25.650000 0.000000 993.000000 520.000000 4326.000000 -2158.000000 -2121.000000 3274.000000 
-0.070000 76.970001 149.089996 5.950000 -25.559999 0.000000 1047.000000 520.000000 4327.000000 -2036.000000 -2120.000000 3347.000000 
0.350000 76.809998 149.559998 5.810000 -25.590000 0.000000 1132.000000 513.000000 4363.000000 -1972.000000 -2131.000000 3373.000000 
0.760000 76.699997 149.970001 5.680000 -25.600000 0.000000 1229.000000 513.000000 4445.000000 -1972.000000 -2116.000000 3384.000000 
1.260000 76.610001 150.470001 5.590000 -25.549999 0.000000 1208.000000 558.000000 4553.000000 -1984.000000 -2075.000000 3351.000000 
1.580000 76.660004 150.779999 5.490000 -25.110001 0.000000 1134.000000 549.000000 4498.000000 -2007.000000 -2013.000000 3328.000000 
1.560000 76.709999 150.839996 5.360000 -24.940001 0.000000 1050.000000 548.000000 4505.000000 -2159.000000 -2034.000000 3295.000000 
1.350000 76.790001 150.660004 5.190000 -25.120001 0.000000 988.000000 531.000000 4579.000000 -2299.000000 -2106.000000 3353.000000 
1.020000 76.919998 150.360001 5.030000 -25.020000 0.000000 828.000000 499.000000 4474.000000 -2318.000000 -2068.000000 3390.000000 
0.750000 76.989998 150.119995 4.930000 -24.879999 0.000000 814.000000 557.000000 4518.000000 -2323.000000 -1976.000000 3379.000000 
0.780000 77.019997 150.130005 4.900000 -24.930000 0.000000 829.000000 593.000000 4439.000000 -2223.000000 -1985.000000 3348.000000 
1.000000 77.019997 150.309998 4.890000 -24.850000 0.000000 878.000000 553.000000 4352.000000 -2234.000000 -1953.000000 3274.000000 
1.440000 77.019997 150.660004 4.900000 -24.700001 0.000000 900.000000 588.000000 4271.000000 -2269.000000 -1831.000000 3226.000000 
1.950000 77.029999 151.100006 4.940000 -24.459999 0.000000 834.000000 620.000000 4240.000000 -2263.000000 -1738.000000 3149.000000 
2.280000 77.089996 151.399994 4.940000 -24.200001 0.000000 833.000000 605.000000 4257.000000 -2264.000000 -1753.000000 3179.000000 
2.670000 77.180000 151.809998 4.960000 -23.950001 0.000000 714.000000 645.000000 4155.000000 -2247.000000 -1644.000000 3156.000000 
3.040000 77.220001 152.139999 4.960000 -23.809999 0.000000 773.000000 631.000000 4208.000000 -2237.000000 -1704.000000 3217.000000 
3.540000 77.250000 152.630005 5.000000 -23.690001 0.000000 786.000000 680.000000 4162.000000 -2206.000000 -1715.000000 3261.000000 
4.310000 77.230003 153.339996 5.050000 -23.480000 0.000000 840.000000 689.000000 4137.000000 -2185.000000 -1731.000000 3265.000000 
4.860000 77.199997 153.860001 5.090000 -23.530001 0.000000 885.000000 692.000000 4161.000000 -2192.000000 -1744.000000 3264.000000 
5.630000 77.129997 154.529999 5.150000 -23.250000 0.000000 1043.000000 717.000000 4204.000000 -2046.000000 -1704.000000 3307.000000 
6.590000 77.110001 155.399994 5.190000 -23.340000 0.000000 1154.000000 720.000000 4263.000000 -1829.000000 -1669.000000 3231.000000 
7.330000 77.150002 156.050003 5.230000 -23.270000 0.000000 1214.000000 693.000000 4264.000000 -1882.000000 -1675.000000 3197.000000 
7.950000 77.260002 156.580002 5.300000 -23.770000 0.000000 1170.000000 725.000000 4305.000000 -1887.000000 -2081.000000 3545.000000 
5.560000 77.029999 154.210007 5.420000 -24.330000 0.000000 14179.000000 3854.000000 11800.000000 -4241.000000 -4478.000000 3990.000000 
7.590000 77.629997 156.210007 6.270000 -23.170000 0.000000 -1158.000000 1668.000000 3849.000000 -740.000000 147.000000 3188.000000 
9.410000 77.839996 157.880005 7.320000 -22.020000 0.000000 189.000000 2286.000000 2880.000000 -2487.000000 851.000000 3845.000000 
11.680000 77.989998 159.940002 7.800000 -21.070000 0.000000 971.000000 1034.000000 4291.000000 -2339.000000 -1019.000000 3443.000000 
13.760000 78.169998 161.869995 8.230000 -20.420000 0.000000 976.000000 935.000000 3583.000000 -2240.000000 -1144.000000 3203.000000 
14.880000 78.410004 162.889999 8.620000 -20.200001 0.000000 1090.000000 1029.000000 3663.000000 -2624.000000 -1372.000000 3455.000000 
16.370001 78.529999 164.240005 8.900000 -20.020000 0.000000 995.000000 932.000000 3665.000000 -2511.000000 -1343.000000 3337.000000 
17.590000 78.610001 165.369995 9.180000 -20.010000 0.000000 1135.000000 1031.000000 3758.000000 -2623.000000 -1408.000000 3303.000000 
18.350000 78.629997 166.039993 9.380000 -20.309999 0.000000 1049.000000 1000.000000 3931.000000 -2692.000000 -1626.000000 3391.000000 
18.820000 78.599998 166.449997 9.540000 -20.690001 0.000000 952.000000 938.000000 3952.000000 -2583.000000 -1662.000000 3322.000000 
19.080000 78.480003 166.630005 9.620000 -21.049999 0.000000 880.000000 908.000000 3982.000000 -2523.000000 -1652.000000 3281.000000 
19.549999 78.239998 167.000000 9.640000 -21.170000 0.000000 861.000000 872.000000 4043.000000 -2574.000000 -1567.000000 3275.000000 
20.520000 77.970001 167.830002 9.680000 -20.790001 0.000000 1045.000000 908.000000 4151.000000 -2267.000000 -1336.000000 3122.000000 
21.500000 77.790001 168.720001 9.740000 -20.049999 0.000000 1287.000000 943.000000 4226.000000 -2025.000000 -1263.000000 3201.000000 
22.700001 77.690002 169.830002 9.880000 -19.510000 0.000000 1415.000000 963.000000 4154.000000 -1769.000000 -1221.000000 3228.000000 
23.860001 77.730003 170.929993 10.080000 -19.000000 0.000000 1566.000000 1014.000000 4158.000000 -1778.000000 -1260.000000 3331.000000 
24.860001 77.849998 171.860001 10.370000 -18.639999 0.000000 1649.000000 1063.000000 4131.000000 -1952.000000 -1275.000000 3451.000000 
25.900000 77.980003 172.809998 10.670000 -18.420000 0.000000 1605.000000 1049.000000 4157.000000 -2041.000000 -1280.000000 3385.000000 
26.740000 78.099998 173.550003 11.020000 -18.260000 0.000000 1547.000000 1091.000000 4144.000000 -2224.000000 -1246.000000 3214.000000 
27.920000 78.169998 174.580002 11.390000 -18.209999 0.000000 1454.000000 1151.000000 4078.000000 -2812.000000 -1442.000000 3624.000000 
29.049999 78.209999 175.539993 11.750000 -18.100000 0.000000 1363.000000 1149.000000 3957.000000 -2662.000000 -1351.000000 3607.000000 
30.290001 78.129997 176.570007 12.070000 -17.820000 0.000000 1312.000000 1121.000000 3888.000000 -2467.000000 -1139.000000 3329.000000 
31.620001 77.919998 177.690002 12.290000 -17.540001 0.000000 1350.000000 1058.000000 3859.000000 -2596.000000 -1125.000000 3345.000000 
32.720001 77.680000 178.580002 12.400000 -17.230000 0.000000 1361.000000 1084.000000 4029.000000 -2621.000000 -1087.000000 3428.000000 
33.619999 77.440002 179.330002 12.460000 -17.090000 0.000000 1327.000000 1049.000000 4003.000000 -2584.000000 -1039.000000 3338.000000 
34.470001 77.150002 -179.940002 12.460000 -16.750000 0.000000 1380.000000 1029.000000 4015.000000 -2483.000000 -1025.000000 3286.000000 
34.840000 76.910004 -179.669998 12.420000 -16.940001 0.000000 1373.000000 1033.000000 4024.000000 -2420.000000 -1148.000000 3293.000000 
34.689999 76.750000 -179.830002 12.350000 -17.440001 0.000000 1392.000000 1004.000000 4009.000000 -2426.000000 -1294.000000 3380.000000 
34.290001 76.540001 179.720001 12.250000 -17.870001 0.000000 1410.000000 978.000000 4029.000000 -2391.000000 -1286.000000 3360.000000 
33.700001 76.269997 179.089996 12.150000 -18.420000 0.000000 1456.000000 982.000000 4016.000000 -2271.000000 -1381.000000 3254.000000 
33.090000 75.959999 178.410004 12.050000 -18.100000 0.000000 1470.000000 967.000000 4026.000000 -2113.000000 -1104.000000 3297.000000 
31.010000 75.610001 176.300003 11.870000 -17.559999 0.000000 1627.000000 875.000000 4044.000000 -2396.000000 -1171.000000 3730.000000 
29.750000 75.320000 174.940002 11.660000 -18.120001 0.000000 1544.000000 878.000000 4131.000000 -2223.000000 -1565.000000 3456.000000 
28.549999 74.949997 173.610001 11.330000 -18.580000 0.000000 1547.000000 728.000000 4099.000000 -2190.000000 -1550.000000 3507.000000 
26.410000 74.680000 171.369995 10.860000 -18.889999 0.000000 3601.000000 247.000000 3897.000000 795.000000 -3667.000000 4374.000000 
22.620001 74.000000 167.539993 10.240000 -18.480000 0.000000 1343.000000 457.000000 4937.000000 -2851.000000 -737.000000 3045.000000 
21.629999 73.610001 166.270004 9.640000 -17.500000 0.000000 698.000000 162.000000 3929.000000 -1626.000000 -963.000000 3506.000000 
21.040001 73.400002 165.479996 8.970000 -17.330000 0.000000 477.000000 28.000000 4452.000000 310.000000 -1406.000000 2706.000000 
18.840000 73.080002 163.229996 8.180000 -18.030001 0.000000 1638.000000 -451.000000 4454.000000 -1194.000000 -2166.000000 3507.000000 
15.330000 72.330002 159.839996 7.590000 -18.959999 0.000000 1832.000000 -214.000000 3867.000000 -1413.000000 -2295.000000 3293.000000 
11.400000 72.010002 156.089996 6.920000 -19.990000 0.000000 1900.000000 -327.000000 3870.000000 -1026.000000 -3004.000000 3969.000000 
7.190000 71.570000 152.110001 6.160000 -21.030001 0.000000 2113.000000 -421.000000 4163.000000 -2062.000000 -2768.000000 3048.000000 
3.380000 71.110001 148.449997 5.310000 -22.180000 0.000000 1943.000000 -541.000000 4617.000000 -2098.000000 -2893.000000 3562.000000 
-0.100000 70.669998 145.050003 4.500000 -23.370001 0.000000 1726.000000 -574.000000 4824.000000 -1728.000000 -3440.000000 4106.000000 
-3.200000 70.279999 141.929993 3.790000 -24.420000 0.000000 1543.000000 -612.000000 4701.000000 -2028.000000 -3364.000000 4039.000000 
-5.810000 69.900002 139.210007 3.150000 -25.280001 0.000000 1411.000000 -654.000000 4523.000000 -2179.000000 -3107.000000 3637.000000 
-7.920000 69.489998 136.889999 2.490000 -26.070000 0.000000 1201.000000 -655.000000 4362.000000 -2032.000000 -2942.000000 3373.000000 
-9.750000 69.070000 134.820007 1.710000 -26.680000 0.000000 1138.000000 -671.000000 4019.000000 -2242.000000 -2604.000000 3009.000000 
-11.420000 68.559998 132.899994 0.770000 -27.090000 0.000000 1228.000000 -663.000000 3542.000000 -2751.000000 -1940.000000 2325.000000 
-12.970000 67.949997 131.050003 -0.500000 -27.559999 0.000000 1229.000000 -726.000000 3268.000000 -2949.000000 -1613.000000 1854.000000 
-14.510000 67.230003 129.220001 -2.250000 -28.209999 0.000000 1158.000000 -946.000000 3250.000000 -2675.000000 -1398.000000 1435.000000 
-16.180000 66.410004 127.290001 -4.350000 -29.350000 0.000000 944.000000 -1152.000000 3991.000000 -2193.000000 -1908.000000 1526.000000 
-18.070000 65.440002 125.160004 -6.570000 -31.059999 0.000000 856.000000 -1361.000000 4935.000000 -1501.000000 -2699.000000 2019.000000 
-20.070000 64.269997 122.870003 -8.600000 -32.910000 0.000000 650.000000 -1543.000000 5901.000000 -1530.000000 -3389.000000 2565.000000 
-21.990000 62.930000 120.599998 -10.170000 -34.709999 0.000000 570.000000 -1521.000000 6117.000000 -1640.000000 -3639.000000 2902.000000 
-23.730000 61.650002 118.440002 -11.240000 -36.310001 0.000000 847.000000 -1406.000000 5432.000000 -1740.000000 -3840.000000 2975.000000 
-25.379999 60.740002 116.430000 -11.940000 -37.490002 0.000000 865.000000 -1281.000000 4892.000000 -1553.000000 -3916.000000 3060.000000 
-26.910000 60.049999 114.550003 -12.370000 -38.049999 0.000000 1040.000000 -1159.000000 4571.000000 -1989.000000 -3473.000000 2707.000000 
-28.350000 59.540001 112.779999 -12.600000 -38.150002 0.000000 1103.000000 -983.000000 4329.000000 -1956.000000 -2959.000000 2469.000000 
-29.639999 59.180000 111.150002 -12.730000 -38.259998 0.000000 1375.000000 -896.000000 4348.000000 -1937.000000 -2863.000000 2269.000000 
-30.870001 58.869999 109.510002 -12.760000 -38.220001 0.000000 1599.000000 -773.000000 4309.000000 -1819.000000 -2805.000000 2285.000000 
-32.009998 58.669998 107.839996 -12.760000 -38.139999 0.000000 1844.000000 -607.000000 4050.000000 -1889.000000 -2914.000000 2371.000000 
-32.980000 58.580002 106.169998 -12.810000 -37.980000 0.000000 1850.000000 -608.000000 3815.000000 -1455.000000 -2854.000000 2444.000000 
-33.619999 58.689999 104.639999 -12.860000 -37.939999 0.000000 1581.000000 -552.000000 3606.000000 -1284.000000 -2983.000000 2682.000000 
-34.090000 58.900002 103.110001 -12.950000 -37.860001 0.000000 1240.000000 -567.000000 3433.000000 -1162.000000 -3050.000000 2997.000000 
-34.369999 59.200001 101.610001 -13.140000 -37.759998 0.000000 620.000000 -613.000000 3513.000000 -990.000000 -3086.000000 3290.000000 
-34.340000 59.500000 100.360001 -13.340000 -37.560001 0.000000 -188.000000 -456.000000 3341.000000 -968.000000 -2877.000000 3385.000000 
-33.930000 59.779999 99.440002 -13.460000 -37.189999 0.000000 -234.000000 -381.000000 3378.000000 -1152.000000 -2630.000000 3356.000000 
-33.189999 59.939999 98.870003 -13.450000 -36.669998 0.000000 -187.000000 -286.000000 3395.000000 -1353.000000 -2420.000000 3288.000000 
-32.009998 59.830002 98.769997 -13.290000 -36.049999 0.000000 91.000000 -95.000000 3183.000000 -1616.000000 -2103.000000 3144.000000 
-30.670000 59.590000 98.849998 -13.020000 -35.430000 0.000000 660.000000 7.000000 3067.000000 -2084.000000 -1843.000000 2918.000000 
-29.379999 59.279999 98.900002 -12.840000 -34.810001 0.000000 822.000000 13.000000 3021.000000 -2040.000000 -1753.000000 2690.000000 
-28.170000 58.939999 98.910004 -12.780000 -34.090000 0.000000 972.000000 11.000000 3047.000000 -1767.000000 -1623.000000 2633.000000 
-27.049999 58.580002 98.800003 -12.840000 -33.299999 0.000000 1110.000000 38.000000 3303.000000 -1521.000000 -1647.000000 2606.000000 
-25.990000 58.180000 98.580002 -13.030000 -32.450001 0.000000 1031.000000 -18.000000 3744.000000 -1280.000000 -1838.000000 2775.000000 
-25.030001 57.750000 98.230003 -13.230000 -31.590000 0.000000 941.000000 -58.000000 3939.000000 -1099.000000 -1810.000000 2652.000000 
-24.250000 57.270000 97.690002 -13.370000 -31.059999 0.000000 949.000000 -68.000000 3664.000000 -1256.000000 -1668.000000 2256.000000 
-23.570000 56.720001 97.050003 -13.440000 -30.690001 0.000000 1061.000000 47.000000 3380.000000 -1308.000000 -1454.000000 2149.000000 
-22.760000 56.130001 96.440002 -13.450000 -30.350000 0.000000 1076.000000 277.000000 3334.000000 -1382.000000 -1394.000000 2251.000000 
-21.799999 55.439999 95.879997 -13.460000 -30.020000 0.000000 1155.000000 306.000000 3764.000000 -1447.000000 -1506.000000 2658.000000 
-20.700001 54.680000 95.349998 -13.400000 -29.730000 0.000000 1309.000000 214.000000 4232.000000 -1596.000000 -1702.000000 3129.000000 
-19.440001 53.910000 94.919998 -13.190000 -29.629999 0.000000 1409.000000 66.000000 4391.000000 -1909.000000 -1820.000000 3254.000000 
-18.209999 53.250000 94.449997 -12.850000 -29.580000 0.000000 1400.000000 -37.000000 4302.000000 -1935.000000 -1808.000000 3155.000000 
-17.330000 52.790001 93.709999 -12.450000 -29.590000 0.000000 1416.000000 -62.000000 4203.000000 -1792.000000 -1814.000000 3071.000000 
-16.740000 52.509998 92.739998 -12.040000 -29.440001 0.000000 1183.000000 81.000000 4199.000000 -1794.000000 -1688.000000 3185.000000 
-16.320000 52.369999 91.699997 -11.700000 -29.490000 0.000000 1350.000000 23.000000 4505.000000 -1681.000000 -1975.000000 3297.000000 
-15.960000 52.349998 90.660004 -11.360000 -29.559999 0.000000 1472.000000 158.000000 4676.000000 -1936.000000 -2229.000000 3964.000000 
-15.590000 52.400002 89.669998 -11.060000 -28.990000 0.000000 1632.000000 135.000000 4913.000000 -1266.000000 -2512.000000 5018.000000 
-15.270000 52.590000 88.639999 -10.750000 -28.270000 0.000000 1681.000000 35.000000 5192.000000 -1070.000000 -2529.000000 5270.000000 
-14.990000 52.910000 87.639999 -10.360000 -27.469999 0.000000 1385.000000 10.000000 5290.000000 -1427.000000 -2487.000000 5155.000000 
-14.660000 53.259998 86.779999 -9.890000 -26.730000 0.000000 945.000000 47.000000 5435.000000 -1656.000000 -2420.000000 4967.000000 
-14.280000 53.599998 86.089996 -9.290000 -25.910000 0.000000 822.000000 101.000000 5338.000000 -1795.000000 -2267.000000 4781.000000 
-13.800000 53.889999 85.599998 -8.520000 -25.070000 0.000000 1104.000000 209.000000 4899.000000 -1921.000000 -2093.000000 4565.000000 
-13.180000 54.119999 85.320000 -7.690000 -24.200001 0.000000 1605.000000 289.000000 4440.000000 -2046.000000 -1852.000000 4286.000000 
-12.400000 54.279999 85.220001 -6.920000 -23.370001 0.000000 2030.000000 443.000000 4121.000000 -1825.000000 -1672.000000 3910.000000 
-11.380000 54.360001 85.379997 -6.280000 -22.440001 0.000000 2355.000000 525.000000 4078.000000 -1590.000000 -1335.000000 3723.000000 
-10.210000 54.470001 85.709999 -5.750000 -21.400000 0.000000 2469.000000 577.000000 3990.000000 -1132.000000 -1190.000000 3784.000000 
-8.980000 54.619999 86.080002 -5.220000 -20.510000 0.000000 2320.000000 766.000000 3760.000000 -378.000000 -1153.000000 4225.000000 
-7.760000 54.880001 86.449997 -4.820000 -19.840000 0.000000 2072.000000 503.000000 3464.000000 89.000000 -1140.000000 4351.000000 
-6.530000 55.119999 86.849998 -4.480000 -19.129999 0.000000 1912.000000 472.000000 3329.000000 6.000000 -1081.000000 4089.000000 
-5.240000 55.320000 87.330002 -4.190000 -18.360001 0.000000 1704.000000 388.000000 3366.000000 -130.000000 -1006.000000 3960.000000 
-3.880000 55.320000 87.870003 -4.010000 -17.610001 0.000000 1592.000000 196.000000 3509.000000 -289.000000 -1000.000000 3867.000000 
-2.520000 55.060001 88.430000 -3.880000 -17.059999 0.000000 1582.000000 86.000000 3990.000000 -134.000000 -1049.000000 4073.000000 
-1.290000 54.580002 88.930000 -3.700000 -16.809999 0.000000 1956.000000 19.000000 4185.000000 152.000000 -1212.000000 4119.000000 
-0.190000 54.110001 89.320000 -3.450000 -16.860001 0.000000 2194.000000 59.000000 4159.000000 347.000000 -1490.000000 4126.000000 
-0.020000 54.389999 88.820000 -3.130000 -17.129999 0.000000 2907.000000 258.000000 4304.000000 -291.000000 -1909.000000 4462.000000 
-0.520000 54.730000 87.970001 -2.950000 -17.320000 0.000000 1938.000000 -327.000000 4913.000000 -1402.000000 -2252.000000 4986.000000 
-1.060000 55.060001 87.150002 -2.840000 -17.680000 0.000000 1594.000000 -351.000000 5226.000000 -884.000000 -2521.000000 5575.000000 
-1.530000 55.250000 86.470001 -2.740000 -18.020000 0.000000 1902.000000 -377.000000 5555.000000 -479.000000 -2378.000000 5361.000000 
-2.130000 55.419998 85.730003 -2.490000 -18.240000 0.000000 2087.000000 -266.000000 5574.000000 -425.000000 -2384.000000 5196.000000 
-2.680000 55.320000 85.050003 -2.170000 -18.379999 0.000000 2125.000000 -276.000000 5182.000000 152.000000 -2400.000000 5355.000000 
-2.910000 54.919998 84.430000 -1.790000 -18.350000 0.000000 1997.000000 -253.000000 4738.000000 424.000000 -2208.000000 5106.000000 
-2.590000 54.169998 84.000000 -0.950000 -18.139999 0.000000 2103.000000 984.000000 3992.000000 175.000000 -1948.000000 4753.000000 
-1.780000 52.990002 84.070000 -0.580000 -17.740000 0.000000 1781.000000 -347.000000 3669.000000 186.000000 -1536.000000 3759.000000 
-0.850000 51.660000 84.330002 -0.350000 -17.440001 0.000000 1654.000000 -403.000000 3094.000000 661.000000 -1481.000000 3315.000000 
-0.100000 50.200001 84.500000 -0.360000 -17.190001 0.000000 1889.000000 -648.000000 2635.000000 1273.000000 -1479.000000 3011.000000 
0.260000 48.740002 84.370003 -0.470000 -17.120001 0.000000 2066.000000 -646.000000 2445.000000 1491.000000 -1644.000000 2986.000000 
0.340000 47.310001 84.029999 -0.740000 -17.230000 0.000000 2297.000000 -759.000000 2657.000000 1448.000000 -1818.000000 3404.000000 
0.150000 45.990002 83.489998 -1.210000 -17.469999 0.000000 2235.000000 -830.000000 3182.000000 1028.000000 -1909.000000 3963.000000 
0.040000 44.660000 82.919998 -1.840000 -17.740000 0.000000 1959.000000 -908.000000 3690.000000 513.000000 -1902.000000 3920.000000 
-0.210000 43.419998 82.339996 -2.000000 -17.950001 0.000000 6696.000000 -308.000000 13699.000000 349.000000 -1870.000000 3817.000000 
-0.370000 42.430000 81.510002 -1.830000 -18.160000 0.000000 893.000000 -422.000000 674.000000 -67.000000 -2184.000000 3655.000000 
-0.670000 42.080002 80.629997 -1.670000 -18.200001 0.000000 3407.000000 -644.000000 4724.000000 627.000000 -1756.000000 3909.000000 
-0.890000 41.939999 79.849998 -1.400000 -17.350000 0.000000 968.000000 -495.000000 3491.000000 1133.000000 -1518.000000 4969.000000 
-0.760000 41.459999 79.180000 -1.130000 -16.360001 0.000000 1721.000000 -699.000000 4086.000000 129.000000 -1501.000000 3795.000000 
0.310000 40.430000 79.040001 -0.690000 -15.170000 0.000000 1039.000000 -621.000000 3874.000000 348.000000 -1894.000000 4647.000000 
1.440000 38.799999 78.849998 0.060000 -13.840000 0.000000 2178.000000 -269.000000 3836.000000 1487.000000 -1660.000000 3983.000000 
1.870000 36.930000 78.279999 1.000000 -12.500000 0.000000 2695.000000 127.000000 3545.000000 1342.000000 -1539.000000 4458.000000 
2.470000 35.110001 77.889999 1.770000 -11.330000 0.000000 2666.000000 238.000000 3540.000000 1493.000000 -1183.000000 4263.000000 
3.230000 33.349998 77.699997 2.180000 -10.580000 0.000000 2861.000000 176.000000 3416.000000 1640.000000 -1196.000000 4593.000000 
4.030000 31.809999 77.639999 2.240000 -10.140000 0.000000 3086.000000 -3.000000 3275.000000 1050.000000 -925.000000 4074.000000 
4.900000 30.660000 77.650002 2.130000 -10.250000 0.000000 3370.000000 81.000000 3213.000000 1671.000000 -1137.000000 3896.000000 
5.400000 29.629999 77.480003 1.690000 -10.240000 0.000000 2887.000000 -167.000000 3246.000000 1389.000000 -885.000000 4553.000000 
5.960000 29.260000 77.320000 0.970000 -10.440000 0.000000 2746.000000 -497.000000 3351.000000 832.000000 -1373.000000 4714.000000 
5.690000 28.969999 76.690002 0.300000 -10.630000 0.000000 2676.000000 -507.000000 3338.000000 1063.000000 -1441.000000 4755.000000 
4.850000 28.760000 75.900002 -0.250000 -10.870000 0.000000 2686.000000 -443.000000 3298.000000 451.000000 -1417.000000 4309.000000 
4.080000 28.549999 75.150002 -0.710000 -11.180000 0.000000 2817.000000 -446.000000 3321.000000 1339.000000 -1310.000000 3869.000000 
3.560000 28.340000 74.540001 -1.100000 -11.510000 0.000000 2851.000000 -434.000000 3275.000000 1133.000000 -1344.000000 4040.000000 
3.110000 28.480000 73.989998 -1.460000 -11.760000 0.000000 2810.000000 -463.000000 3302.000000 1267.000000 -1282.000000 4080.000000 
2.900000 28.400000 73.559998 -1.910000 -12.010000 0.000000 2815.000000 -700.000000 3286.000000 872.000000 -1306.000000 3959.000000 
2.680000 28.700001 73.260002 -2.310000 -12.170000 0.000000 2578.000000 -695.000000 3341.000000 1308.000000 -1311.000000 3995.000000 
2.200000 28.080000 72.720001 -2.630000 -12.250000 0.000000 2564.000000 -746.000000 3375.000000 840.000000 -1374.000000 4039.000000 
1.950000 28.150000 72.239998 -2.770000 -12.160000 0.000000 2756.000000 -648.000000 3245.000000 1267.000000 -1246.000000 4063.000000 
1.440000 28.209999 71.720001 -2.640000 -12.130000 0.000000 2757.000000 -459.000000 3272.000000 1727.000000 -1413.000000 3828.000000 
0.660000 27.940001 70.930000 -2.500000 -12.060000 0.000000 2686.000000 -519.000000 3295.000000 1140.000000 -1305.000000 3970.000000 
0.480000 28.240000 70.489998 -2.270000 -11.770000 0.000000 2573.000000 -409.000000 3383.000000 2081.000000 -847.000000 3425.000000 
0.750000 28.459999 70.169998 -1.890000 -11.700000 0.000000 2664.000000 -202.000000 3368.000000 997.000000 -1102.000000 4204.000000 
1.190000 27.940001 70.050003 -1.570000 -11.360000 0.000000 2861.000000 -233.000000 3281.000000 1165.000000 -739.000000 4168.000000 
