12.32016 -6.460694 -41.426455
11.227608 -6.242443 -41.302404
10.118489 -5.973769 -41.121766
9.223615 -5.402463 -41.014491
9.086128 -5.273243 -40.497446
8.796832 -4.799901 -40.026772
8.707376 -4.081618 -39.830383
9.153459 -3.317352 -39.794592
10.006739 -2.586142 -39.895056
10.930945 -2.018629 -39.989943
12.024535 -1.67889 -39.641277
12.542167 -1.071403 -39.67176
13.389741 -1.155253 -38.883069
15.542933 -1.485446 -37.895887
18.6939 -0.477266 -39.404535
20.889882 1.892091 -44.238056
23.25298 2.03084 -45.1267
25.058954 1.325676 -43.532084
26.394994 1.468302 -43.661548
27.874964 2.186515 -45.069361
29.4399 2.723844 -45.793225
30.835357 2.895492 -45.254483
31.755636 2.750118 -43.168774
32.57362 2.479385 -40.513799
33.572431 2.331063 -37.934095
34.656985 2.21838 -35.085151
35.754068 2.131154 -31.977608
36.739132 2.009164 -28.267203
37.657348 1.887407 -24.379628
38.32634 1.681628 -20.310675
38.777461 1.380934 -16.124712
39.020442 1.044252 -12.349199
39.1865 0.788082 -9.121489
39.354917 0.635282 -6.319891
39.514111 0.58581 -3.872319
39.639247 0.715607 -2.209725
39.734608 1.242872 -1.770903
39.843648 1.880415 -1.649149
40.074376 2.570649 -1.392914
40.483511 3.398528 -0.992773
41.043719 4.309286 -0.368534
41.676895 5.360741 -0.035207
42.271254 6.502554 -0.256784
42.681358 7.66341 -1.376762
42.79916 8.765615 -3.356823
42.597579 9.870401 -6.62157
42.124407 11.08974 -11.636121
41.481924 12.508794 -18.464349
40.887756 14.156017 -26.336587
40.37575 16.129711 -35.442062
39.999358 18.540356 -46.345504
39.798375 21.076123 -59.052236
39.766551 22.895813 -73.54409
39.711742 23.067677 -91.831151
39.488767 21.8525 -112.327547
39.110133 20.958438 -131.851369
38.563574 20.965227 -148.857023
37.936996 21.817223 -164.847172
37.283121 23.611904 179.687798
36.778494 26.047678 166.036807
36.438514 28.710533 154.646275
36.301179 31.350928 144.592538
36.213101 33.618897 135.952324
36.074835 35.486689 128.828391
35.781135 36.981477 123.671498
34.991602 37.816534 122.98811
34.057026 38.24258 124.00884
33.351133 38.648323 124.002341
32.843514 39.298136 123.344532
32.302326 40.040225 123.514249
31.621255 40.736687 124.219501
30.701443 41.260705 125.72615
29.763932 41.576466 126.923681
28.879994 41.746904 127.721919
28.045818 41.890971 127.93742
27.125107 42.078214 128.221382
26.088435 42.337087 128.774474
25.163727 42.633174 128.894884
24.33328 42.928998 128.821645
23.617057 43.275714 128.637783
23.131614 43.668314 128.089299
22.789823 43.987471 127.213599
22.617787 44.157347 126.34901
22.36808 44.222661 125.990985
22.224296 44.246047 125.031491
22.049671 44.217507 124.120649
21.785778 44.188895 123.768361
21.022477 44.22456 125.007709
19.950425 44.307556 127.342534
19.30679 44.285711 128.541403
18.696363 44.277626 129.937185
18.322024 44.311383 130.790871
17.907771 44.327488 131.600962
17.751658 44.315408 131.904652
17.931693 44.226023 131.035315
18.158937 44.132193 130.185996
18.151849 44.104156 129.871425
17.983964 44.126374 129.797982
17.80531 44.128876 129.696762
17.651597 44.076813 129.307845
17.403544 43.997538 129.126486
16.987681 43.972888 129.362422
16.489296 43.962261 129.680557
16.129982 43.859933 129.533808
15.995325 43.65611 128.504219
15.537072 43.506031 128.400705
14.796456 43.384935 129.100094
13.741249 43.233565 130.647406
12.811227 43.025909 131.369376
12.077299 42.759974 131.396327
11.143639 42.654668 132.19414
10.697467 42.431032 131.772803
10.769007 42.02243 129.716108
10.368402 41.762612 129.17373
9.042594 41.920809 131.454189
8.755862 41.928957 131.000576
8.643625 41.91308 130.307541
8.381546 41.927326 130.239265
8.658769 41.749562 128.783317
8.459369 41.658081 128.338843
8.439317 41.499969 127.490646
8.504568 41.29319 126.632112
8.346479 41.230687 126.342663
8.387822 41.072125 125.594257
8.226397 40.87974 125.416589
8.054898 40.658342 125.173622
7.93179 40.434591 124.894942
7.578384 40.262498 125.251985
7.26968 40.102114 125.252915
6.930901 39.964614 125.395827
6.553509 39.883379 125.499305
6.330624 39.751837 125.636401
5.861675 39.690917 126.846754
6.213703 39.576004 125.003916
6.353447 39.568216 123.984962
6.687301 39.456802 122.425461
7.019719 39.270132 120.80571
7.344733 39.045967 118.885057
7.729402 38.755806 116.829526
8.35609 38.502983 114.043737
9.227973 38.312481 110.908571
10.428667 38.185711 107.290334
11.912906 38.096391 103.319475
13.643784 38.017387 98.973258
15.365949 37.944244 95.160731
17.036408 37.831488 91.746848
18.733168 37.618604 88.496887
20.236043 37.402809 85.742118
21.625759 37.189645 83.309038
22.991819 36.915387 80.787415
24.338499 36.594081 78.171794
25.746389 36.233584 75.393437
27.324814 35.831238 72.142294
29.007527 35.376492 68.620414
30.840128 34.904933 64.880942
32.683573 34.402902 61.142899
34.511855 33.854693 57.465531
36.274405 33.23631 53.821366
37.85888 32.577197 50.5372
39.265958 31.857674 47.541591
40.534679 31.084723 44.665145
41.74402 30.234175 41.733935
42.896879 29.326376 38.767943
43.963542 28.394243 35.92292
44.9971 27.43344 33.164388
45.992443 26.385786 30.385331
46.87014 25.29835 27.806808
47.698244 24.236091 25.511688
48.478001 23.116382 23.291072
49.145898 21.959624 21.352851
49.721124 20.774793 19.618938
50.137306 19.503186 18.043457
50.411164 18.199085 16.647598
50.694528 16.835407 15.159322
50.984409 15.492844 13.784791
51.37376 14.184538 12.419415
51.794644 12.809795 11.03208
52.207526 11.354144 9.558548
52.529366 9.899131 8.217167
52.76451 8.435018 6.996686
52.890228 7.03045 5.99204
52.955975 5.686399 5.114747
52.978043 4.376838 4.420589
53.04734 3.169348 3.895137
53.150708 2.032227 3.556502
53.269627 1.004053 3.495991
53.358985 0.11865 3.788454
53.427167 -0.702073 4.186112
53.48531 -1.431602 4.762222
53.535709 -2.089642 5.514938
53.54986 -2.713012 6.375889
53.558956 -3.337596 7.265949
53.532948 -3.957886 8.071404
53.49195 -4.542224 8.983282
53.390642 -5.009244 10.089138
53.268299 -5.457745 11.06764
53.176077 -5.885869 11.931848
53.137771 -6.216903 12.855501
53.112196 -6.48039 13.818794
53.137308 -6.752214 14.654599
53.094663 -6.858416 15.964496
53.001571 -6.838283 17.546079
52.896527 -6.711052 19.408486
52.727415 -6.550954 21.271248
52.49798 -6.259256 23.214891
52.465657 -5.845744 25.294826
52.545203 -5.268577 27.539597
52.629898 -4.553243 29.999611
52.663642 -3.860278 32.314671
52.665515 -3.20268 34.304873
52.685903 -2.512044 36.309854
52.567897 -1.642158 38.642881
52.35049 -0.660401 41.174276
51.958839 0.427041 43.795437
51.553138 1.595637 46.42911
51.173265 2.819818 49.07963
50.870792 3.917328 51.306415
50.564439 5.097681 53.796312
50.359561 6.594466 56.761822
50.102143 8.084353 59.635089
49.777937 9.607414 62.498243
49.294143 11.348784 65.864428
48.798199 12.989087 69.032971
48.198061 14.427176 71.896469
47.691386 15.957682 74.821759
47.250719 17.591873 77.771377
46.729449 19.087083 80.634949
46.254633 20.443542 83.184603
45.903735 21.871779 85.570959
45.538043 23.410364 88.28927
45.065094 24.762018 90.838949
44.517787 25.754473 92.899036
43.728889 26.786293 95.436938
42.913251 27.878441 98.099782
42.086017 28.91405 100.727761
41.243494 29.760431 103.210489
40.471924 30.502367 105.563136
39.892129 31.305738 107.66911
39.432406 32.23661 109.951789
39.057913 33.177146 112.104167
38.57515 34.012714 114.541873
38.090756 34.699468 116.826164
37.456869 35.156802 119.206192
36.792018 35.498807 121.567343
36.062791 35.788429 123.936185
35.289825 35.96257 126.28218
34.562575 36.126596 128.535939
33.854671 36.426489 130.865711
33.209574 36.742389 133.039491
32.559115 37.137285 135.193347
31.929273 37.470486 137.107364
31.268002 37.627439 138.925647
30.58689 37.761881 140.762888
29.862828 37.859533 142.670391
29.221871 37.923759 144.351018
28.558936 38.050528 146.072218
27.908675 38.337277 147.807541
27.243531 38.620856 149.414838
26.571275 38.817872 150.795625
25.83044 38.975873 152.170092
24.990215 39.127476 153.66454
24.125714 39.170084 155.137326
23.423748 39.17648 156.310073
22.830686 39.163657 157.366651
22.507724 39.219848 157.965078
22.324412 39.304406 158.419647
22.323437 39.414273 158.498915
22.37512 39.504011 158.382908
22.448343 39.596617 158.150532
22.460442 39.61326 158.01119
22.439278 39.550069 157.968642
22.4333 39.45501 158.0175
22.456827 39.342115 158.148381
22.606529 39.248231 158.184591
22.81736 39.234231 158.219683
23.165042 39.260173 157.886808
23.533121 39.298242 157.484894
23.860288 39.309051 157.084904
24.134425 39.204633 156.711961
24.325786 38.961846 156.505143
24.732366 38.808098 155.786384
25.383436 38.676914 154.567367
25.760418 38.227406 154.117554
25.899849 38.203892 154.238967
26.201246 38.087133 154.022422
26.894728 37.85324 153.081732
27.80855 37.705886 151.818934
28.793291 37.592465 150.459556
29.653065 37.468029 149.275583
30.431374 37.325622 148.333501
30.756857 37.508039 148.742146
31.388528 37.532879 148.010143
31.802293 37.194235 147.712108
32.065365 36.542137 147.772924
32.62593 36.17752 147.327079
33.104562 35.75735 147.411669
33.525577 35.474334 147.62584
33.741257 34.979135 148.012152
33.280855 34.04294 149.676037
32.951146 33.770577 150.669093
32.351851 33.255651 152.193185
32.221474 32.670321 152.101018
32.071072 32.388677 152.050059
32.023338 32.241456 151.722815
32.085348 31.995438 151.220481
32.245797 31.805785 150.692384
32.38319 31.853625 150.62391
32.662326 31.898774 150.407407
32.963047 32.114803 150.140465
33.115524 32.343283 150.0297
33.224957 32.547725 149.725509
33.263294 32.805563 149.435451
33.446853 33.082456 148.879099
33.706643 33.208423 148.425198
34.130086 33.438216 147.8208
34.443228 33.618025 147.712587
34.727444 33.71223 147.887536
34.999325 33.588442 148.343267
35.425927 33.362896 148.919208
36.014327 32.911807 149.288499
36.598052 32.296364 149.991804
37.167198 31.747377 150.929986
37.77048 31.20088 151.862662
38.197151 30.523471 153.250983
38.404747 29.639216 155.142217
38.58138 28.72044 157.122671
38.580931 27.768927 159.597422
38.528754 26.858872 162.267531
38.540278 26.035373 164.922541
38.546179 25.335168 167.745683
38.596184 24.714345 170.647173
38.67965 24.166574 173.644928
38.748244 23.653249 176.973756
38.824754 23.187622 -179.447539
38.85513 22.720042 -175.540425
38.878582 22.256047 -171.432552
38.950437 21.824603 -167.405906
39.08263 21.52644 -163.6356
39.29484 21.417551 -160.296985
39.519686 21.354763 -157.096548
39.736723 21.284555 -153.835262
39.868496 21.214276 -150.278881
39.896337 21.153527 -146.46303
39.866187 21.131124 -142.514998
39.775818 21.19533 -138.628065
39.610046 21.330525 -134.838113
39.405887 21.49312 -131.207901
39.178073 21.585669 -127.617933
38.91066 21.656991 -123.959828
38.603984 21.750241 -120.252716
38.444845 21.893413 -116.831504
38.484264 22.064661 -113.75494
38.682283 22.158148 -110.580867
39.124839 22.253805 -107.634059
39.798132 22.382487 -105.006413
40.683959 22.597572 -102.673155
41.688789 22.83873 -100.334125
42.697084 23.120929 -97.736423
43.684358 23.443202 -94.898414
44.486167 23.685885 -91.573027
45.08762 23.816541 -87.95971
45.462287 23.761325 -84.162958
45.703626 23.519976 -80.202428
45.865636 23.046484 -76.257597
45.905789 22.366121 -72.393931
45.815519 21.546385 -68.793267
45.613755 20.544514 -65.327303
45.258111 19.363397 -62.095391
44.894834 18.091271 -59.056894
44.50658 16.813203 -56.209632
44.077406 15.676042 -53.885409
43.566746 14.677396 -51.885898
43.062334 13.697666 -50.06295
42.543968 12.725503 -48.281334
41.932794 11.828171 -46.674176
41.3133 10.997736 -45.22689
40.644317 10.114926 -43.669996
40.110738 9.405377 -42.353977
39.769559 8.89107 -41.365311
39.626235 8.544821 -40.573147
39.663969 8.27754 -40.000578
39.740523 8.034205 -39.422705
39.805526 7.842582 -38.924461
39.85942 7.670758 -38.419048
39.896029 7.425233 -37.804423
39.942583 7.182746 -37.241609
39.741925 6.863385 -36.616887
39.312084 6.49321 -36.003609
38.6567 6.009218 -35.18508
37.872552 5.505513 -34.272114
37.129835 5.017858 -33.466407
36.446873 4.719823 -32.968913
35.829807 4.827506 -33.10781
35.229484 5.222448 -33.738655
34.745011 5.857297 -34.736585
33.982354 6.353218 -35.62648
32.91332 6.441368 -35.78473
31.832322 6.30375 -35.707839
30.579079 5.840348 -35.09392
29.470578 5.039426 -34.058065
27.820639 4.308112 -33.170364
26.359967 3.890596 -32.774274
25.567357 3.350955 -32.286548
24.222747 3.02048 -32.099719
23.17713 2.338514 -31.500676
22.017332 1.94409 -31.340185
21.467397 1.417043 -31.08561
21.058455 0.594529 -30.527394
20.587901 -0.143196 -30.061819
20.018123 -0.71784 -29.661122
19.31334 -1.341026 -29.118572
18.400681 -1.875663 -28.686822
17.540644 -2.306207 -28.343106
16.627495 -2.364906 -28.438027
15.823102 -2.403305 -28.474943
15.311922 -2.583487 -28.351009
14.843395 -2.896545 -28.104544
14.265743 -3.216524 -27.857766
13.565994 -3.300466 -27.88815
13.05341 -3.576779 -27.674566
12.805316 -4.00444 -27.271532
12.716038 -4.294514 -26.883272
12.910953 -4.390716 -26.628483
13.157207 -4.27749 -26.610527
13.528317 -4.208653 -26.569049
13.919471 -4.127653 -26.501217
17.778499 -3.301552 -29.701336
17.264786 -3.241696 -29.970468
16.446359 -3.091249 -30.26002
15.478398 -2.932767 -30.522575
14.557988 -3.043813 -30.408653
13.841935 -3.420021 -30.02559
13.298023 -3.625032 -29.758066
13.192267 -3.454438 -29.719682
13.368804 -3.296826 -29.693811
13.614474 -3.300155 -29.561638
13.86589 -3.233806 -29.51212
14.13312 -3.078517 -29.506924
23.207285 -5.598351 -16.954387
21.669891 -5.964982 -17.526953
20.392363 -5.690071 -18.716969
19.854455 -4.622218 -20.738505
19.878975 -3.621211 -22.588504
20.163837 -2.868494 -24.07608
