48.349998 75.139999 111.949997 -1.600000 -68.559998 0.000000 1438.000000 12.000000 3461.000000 -1747.000000 -3154.000000 775.000000 
48.389999 75.050003 111.309998 -1.380000 -68.059998 0.000000 2222.000000 -619.000000 4679.000000 -3070.000000 -4004.000000 1264.000000 
48.980000 74.860001 111.209999 -1.220000 -67.690002 0.000000 1793.000000 -882.000000 4849.000000 -2723.000000 -3440.000000 611.000000 
49.150002 74.570000 110.639999 -1.050000 -67.349998 0.000000 1411.000000 -590.000000 5245.000000 -2945.000000 -3571.000000 860.000000 
49.230000 74.129997 110.000000 -1.140000 -67.110001 0.000000 1588.000000 -817.000000 3866.000000 -2934.000000 -3508.000000 982.000000 
48.869999 73.279999 108.680000 -0.800000 -66.989998 0.000000 1346.000000 -15.000000 2783.000000 -3199.000000 -4421.000000 1206.000000 
46.529999 72.650002 105.690002 -0.610000 -66.440002 0.000000 2090.000000 205.000000 3669.000000 -2366.000000 -5686.000000 2255.000000 
43.270000 72.239998 101.830002 -0.760000 -65.809998 0.000000 3488.000000 -182.000000 4831.000000 -1871.000000 -4914.000000 1182.000000 
40.869999 71.010002 98.320000 -0.900000 -64.870003 0.000000 3962.000000 -406.000000 5209.000000 -1707.000000 -5008.000000 1416.000000 
39.810001 69.529999 95.709999 -0.790000 -63.959999 0.000000 3965.000000 -288.000000 4882.000000 -1595.000000 -4663.000000 1222.000000 
39.020000 68.199997 93.279999 -0.430000 -63.150002 0.000000 3666.000000 -140.000000 4456.000000 -1489.000000 -4487.000000 1083.000000 
38.380001 67.139999 90.930000 -0.080000 -62.419998 0.000000 3356.000000 -259.000000 4410.000000 -1535.000000 -4308.000000 1209.000000 
38.410000 66.279999 89.059998 0.230000 -61.830002 0.000000 2948.000000 -348.000000 4311.000000 -1787.000000 -3993.000000 1154.000000 
40.669998 66.110001 89.080002 0.480000 -61.330002 0.000000 2531.000000 -439.000000 4306.000000 -2036.000000 -3741.000000 1168.000000 
43.369999 66.269997 89.529999 0.700000 -60.730000 0.000000 2163.000000 -407.000000 4197.000000 -2136.000000 -3471.000000 1305.000000 
46.250000 66.669998 90.190002 1.000000 -60.119999 0.000000 1824.000000 -248.000000 3986.000000 -2206.000000 -2943.000000 1079.000000 
49.349998 67.180000 91.050003 1.320000 -59.410000 0.000000 1390.000000 -138.000000 3801.000000 -2349.000000 -2461.000000 1037.000000 
52.430000 67.730003 91.940002 1.870000 -58.549999 0.000000 1097.000000 115.000000 3417.000000 -2373.000000 -2240.000000 1195.000000 
55.220001 68.309998 92.589996 2.530000 -57.630001 0.000000 799.000000 280.000000 3067.000000 -2138.000000 -2090.000000 1323.000000 
57.540001 68.949997 92.800003 3.150000 -56.799999 0.000000 835.000000 362.000000 2764.000000 -1925.000000 -2005.000000 1251.000000 
59.439999 69.669998 92.620003 3.260000 -56.150002 0.000000 573.000000 191.000000 3009.000000 -1964.000000 -1715.000000 992.000000 
61.009998 70.379997 92.089996 2.850000 -55.730000 0.000000 367.000000 7.000000 3382.000000 -2307.000000 -1360.000000 667.000000 
62.200001 71.029999 91.139999 2.370000 -55.570000 0.000000 192.000000 -4.000000 3522.000000 -2488.000000 -1108.000000 408.000000 
63.099998 71.550003 89.930000 1.800000 -55.540001 0.000000 179.000000 -35.000000 3353.000000 -2732.000000 -1076.000000 517.000000 
63.700001 72.029999 88.470001 1.100000 -55.790001 0.000000 -40.000000 -115.000000 3197.000000 -3011.000000 -1170.000000 403.000000 
64.040001 72.519997 86.900002 0.130000 -56.200001 0.000000 26.000000 -278.000000 3351.000000 -2984.000000 -1018.000000 131.000000 
64.180000 73.080002 85.260002 -1.140000 -56.820000 0.000000 176.000000 -446.000000 3775.000000 -3060.000000 -788.000000 -218.000000 
64.139999 73.750000 83.570000 -2.450000 -57.599998 0.000000 202.000000 -575.000000 3829.000000 -3006.000000 -1035.000000 -113.000000 
63.750000 74.540001 81.580002 -3.720000 -58.570000 0.000000 16.000000 -767.000000 3569.000000 -3301.000000 -1263.000000 -70.000000 
62.990002 75.419998 79.309998 -4.790000 -59.840000 0.000000 -695.000000 -979.000000 3361.000000 -3474.000000 -1538.000000 -203.000000 
61.900002 76.360001 76.769997 -5.920000 -61.169998 0.000000 -1192.000000 -1394.000000 3879.000000 -3663.000000 -1598.000000 -349.000000 
60.450001 77.230003 73.980003 -7.100000 -62.580002 0.000000 -1383.000000 -1554.000000 4358.000000 -4214.000000 -1396.000000 -736.000000 
58.400002 77.940002 70.709999 -8.150000 -63.910000 0.000000 -1422.000000 -1494.000000 4533.000000 -4448.000000 -888.000000 -955.000000 
55.529999 78.440002 66.730003 -8.910000 -65.059998 0.000000 -1638.000000 -1244.000000 4137.000000 -4401.000000 -423.000000 -1056.000000 
51.770000 78.739998 62.029999 -9.490000 -66.139999 0.000000 -1777.000000 -1069.000000 3696.000000 -4374.000000 -263.000000 -1051.000000 
46.990002 78.919998 56.520000 -10.110000 -67.180000 0.000000 -1686.000000 -1143.000000 3638.000000 -4305.000000 -400.000000 -946.000000 
41.200001 79.010002 50.240002 -10.880000 -68.139999 0.000000 -1457.000000 -1360.000000 3907.000000 -3953.000000 -635.000000 -911.000000 
34.619999 79.000000 43.410000 -11.790000 -69.260002 0.000000 -1265.000000 -1541.000000 4115.000000 -3722.000000 -1154.000000 -1007.000000 
27.120001 78.910004 35.860001 -12.760000 -70.199997 0.000000 -1006.000000 -1591.000000 4141.000000 -3538.000000 -2074.000000 -342.000000 
19.040001 78.730003 27.889999 -13.890000 -70.940002 0.000000 -752.000000 -1806.000000 4374.000000 -3806.000000 -3034.000000 -31.000000 
11.030000 78.440002 20.110001 -15.090000 -71.599998 0.000000 -315.000000 -1834.000000 4737.000000 -3969.000000 -3158.000000 -342.000000 
4.000000 78.110001 13.430000 -15.860000 -72.209999 0.000000 198.000000 -1782.000000 4879.000000 -3827.000000 -2715.000000 -756.000000 
-2.140000 77.800003 7.660000 -16.150000 -72.790001 0.000000 436.000000 -1641.000000 4707.000000 -3290.000000 -2343.000000 -913.000000 
-7.730000 77.459999 2.530000 -16.530001 -73.440002 0.000000 300.000000 -1577.000000 4440.000000 -2865.000000 -2077.000000 -900.000000 
-12.970000 77.110001 -2.290000 -17.120001 -74.199997 0.000000 47.000000 -1644.000000 4286.000000 -2911.000000 -2313.000000 -741.000000 
-18.020000 76.639999 -6.890000 -17.780001 -75.110001 0.000000 -133.000000 -1753.000000 4211.000000 -2919.000000 -2569.000000 -660.000000 
-22.809999 76.010002 -11.160000 -18.490000 -76.239998 0.000000 -193.000000 -1920.000000 4289.000000 -3118.000000 -2619.000000 -933.000000 
-27.260000 75.239998 -14.990000 -18.940001 -77.519997 0.000000 -234.000000 -1942.000000 4393.000000 -3429.000000 -2655.000000 -1158.000000 
-31.080000 74.410004 -18.120001 -18.930000 -78.820000 0.000000 -132.000000 -1859.000000 4334.000000 -3598.000000 -2895.000000 -860.000000 
-34.009998 73.519997 -20.290001 -18.510000 -80.029999 0.000000 117.000000 -1644.000000 4280.000000 -3406.000000 -3307.000000 -403.000000 
-36.810001 72.610001 -22.200001 -18.139999 -81.040001 0.000000 326.000000 -1532.000000 4278.000000 -2867.000000 -3768.000000 367.000000 
-39.320000 71.730003 -23.840000 -17.770000 -81.879997 0.000000 530.000000 -1412.000000 4409.000000 -2828.000000 -3696.000000 371.000000 
-41.500000 70.919998 -25.190001 -17.430000 -82.709999 0.000000 627.000000 -1345.000000 4374.000000 -2686.000000 -3226.000000 41.000000 
-43.230000 70.190002 -26.150000 -17.010000 -83.610001 0.000000 687.000000 -1187.000000 4265.000000 -2767.000000 -2920.000000 -307.000000 
-43.900002 69.480003 -26.110001 -16.559999 -84.570000 0.000000 572.000000 -1151.000000 4103.000000 -2827.000000 -2814.000000 -481.000000 
-44.900002 68.959999 -26.430000 -15.990000 -85.459999 0.000000 447.000000 -1022.000000 3825.000000 -2609.000000 -2771.000000 -317.000000 
-45.639999 68.580002 -26.510000 -15.610000 -86.220001 0.000000 441.000000 -1096.000000 3764.000000 -2740.000000 -3178.000000 -22.000000 
-45.930000 68.169998 -26.120001 -15.300000 -86.879997 0.000000 288.000000 -1212.000000 3888.000000 -3126.000000 -3248.000000 -111.000000 
-46.139999 67.419998 -25.629999 -15.660000 -87.580002 0.000000 314.000000 -1311.000000 4026.000000 -3325.000000 -3383.000000 -397.000000 
-47.330002 66.589996 -26.070000 -15.710000 -87.930000 0.000000 397.000000 -1380.000000 4329.000000 -2871.000000 -3962.000000 559.000000 
-48.400002 65.889999 -26.410000 -15.520000 -87.849998 0.000000 656.000000 -1239.000000 4297.000000 -2291.000000 -4550.000000 1271.000000 
-48.900002 65.010002 -26.260000 -15.260000 -87.559998 0.000000 855.000000 -1102.000000 4181.000000 -2491.000000 -3579.000000 296.000000 
-48.389999 64.410004 -25.360001 -14.830000 -87.309998 0.000000 905.000000 -969.000000 4207.000000 -2218.000000 -3173.000000 106.000000 
-47.860001 64.290001 -24.559999 -14.580000 -87.139999 0.000000 1192.000000 -959.000000 4236.000000 -1690.000000 -3036.000000 -80.000000 
-47.720001 64.260002 -24.139999 -14.380000 -87.209999 0.000000 1041.000000 -923.000000 3711.000000 -1787.000000 -2541.000000 -241.000000 
-47.759998 64.190002 -24.030001 -14.320000 -87.610001 0.000000 902.000000 -958.000000 3460.000000 -1881.000000 -2523.000000 -394.000000 
-48.360001 64.050003 -24.389999 -14.720000 -88.080002 0.000000 747.000000 -1080.000000 3581.000000 -2019.000000 -2609.000000 -34.000000 
-48.970001 63.950001 -24.700001 -15.270000 -88.760002 0.000000 587.000000 -1226.000000 3848.000000 -2171.000000 -2240.000000 -368.000000 
-49.459999 63.910000 -24.950001 -15.710000 -89.519997 0.000000 314.000000 -1343.000000 4112.000000 -2202.000000 -2253.000000 -498.000000 
-49.860001 63.849998 -25.059999 -16.049999 -90.379997 0.000000 71.000000 -1333.000000 3964.000000 -2114.000000 -2308.000000 -655.000000 
-50.639999 63.669998 -25.459999 -16.299999 -91.290001 0.000000 329.000000 -1292.000000 3908.000000 -2550.000000 -2802.000000 -527.000000 
-51.959999 63.290001 -26.330000 -16.070000 -91.989998 0.000000 458.000000 -1310.000000 4230.000000 -1773.000000 -4881.000000 2012.000000 
-52.919998 62.439999 -26.860001 -15.860000 -92.690002 0.000000 755.000000 -1097.000000 3851.000000 -5032.000000 -4319.000000 -236.000000 
-53.779999 61.549999 -27.469999 -15.770000 -93.599998 0.000000 1263.000000 -1008.000000 3904.000000 -3957.000000 -3883.000000 -883.000000 
-54.090000 61.169998 -27.650000 -15.840000 -93.959999 0.000000 1193.000000 -1303.000000 4645.000000 -847.000000 -3129.000000 -529.000000 
-54.180000 60.930000 -27.719999 -15.960000 -94.919998 0.000000 1709.000000 -1377.000000 4873.000000 -2666.000000 -3546.000000 -333.000000 
-54.700001 60.209999 -28.200001 -16.020000 -96.510002 0.000000 1430.000000 -1267.000000 4295.000000 -2674.000000 -3608.000000 -521.000000 
-55.070000 60.000000 -28.670000 -16.150000 -97.959999 0.000000 1193.000000 -1325.000000 4288.000000 -2439.000000 -3010.000000 -782.000000 
-55.299999 60.500000 -29.120001 -16.450001 -99.790001 0.000000 947.000000 -1304.000000 4016.000000 -2612.000000 -2883.000000 -1329.000000 
-55.540001 61.080002 -29.610001 -15.770000 -101.949997 0.000000 -955.000000 -203.000000 7179.000000 -2792.000000 -3241.000000 -775.000000 
-55.139999 60.700001 -29.510000 -15.240000 -104.370003 0.000000 1444.000000 -1465.000000 3143.000000 -3218.000000 -3295.000000 -704.000000 
-55.599998 60.259998 -30.190001 -14.340000 -106.419998 0.000000 1101.000000 -1123.000000 3952.000000 -2386.000000 -2707.000000 -1078.000000 
-56.380001 60.240002 -31.180000 -13.690000 -108.320000 0.000000 1489.000000 -1280.000000 4359.000000 -2458.000000 -2598.000000 -1311.000000 
-57.849998 60.610001 -32.689999 -12.940000 -110.180000 0.000000 1512.000000 -1204.000000 4678.000000 -2823.000000 -2948.000000 -1323.000000 
-59.380001 60.919998 -34.259998 -12.910000 -111.910004 0.000000 1082.000000 -1347.000000 3494.000000 -2983.000000 -3050.000000 -1507.000000 
-61.880001 61.419998 -36.610001 -12.800000 -113.550003 0.000000 1933.000000 -1630.000000 3121.000000 -2807.000000 -2768.000000 -1360.000000 
-64.489998 61.669998 -39.130001 -12.260000 -115.379997 0.000000 2807.000000 -1090.000000 4462.000000 -3969.000000 -2116.000000 -1937.000000 
-66.889999 61.849998 -41.369999 -11.830000 -116.690002 0.000000 -119.000000 -1048.000000 4743.000000 -3613.000000 -2540.000000 -1435.000000 
-69.400002 62.400002 -43.639999 -11.630000 -117.470001 0.000000 -828.000000 -1232.000000 4680.000000 -3477.000000 -3087.000000 -733.000000 
-71.540001 63.009998 -45.549999 -11.560000 -117.949997 0.000000 -2072.000000 -1399.000000 4124.000000 -3375.000000 -2788.000000 -977.000000 
-73.290001 63.400002 -46.990002 -11.400000 -117.959999 0.000000 67.000000 -763.000000 3393.000000 -1344.000000 -2198.000000 -833.000000 
-74.910004 63.610001 -48.290001 -11.360000 -117.610001 0.000000 -1731.000000 -876.000000 5451.000000 -1892.000000 -1867.000000 -782.000000 
-76.010002 63.709999 -49.209999 -11.590000 -117.309998 0.000000 732.000000 -858.000000 3171.000000 -2674.000000 -2350.000000 -896.000000 
-76.980003 63.389999 -50.110001 -10.850000 -117.320000 0.000000 583.000000 -764.000000 3880.000000 -2633.000000 -2044.000000 -1148.000000 
-78.059998 63.430000 -51.160000 -10.430000 -117.550003 0.000000 456.000000 -845.000000 4085.000000 -2838.000000 -2084.000000 -1332.000000 
-78.989998 63.660000 -52.110001 -10.360000 -117.900002 0.000000 549.000000 -923.000000 4251.000000 -3120.000000 -2065.000000 -1359.000000 
-80.169998 63.779999 -53.230000 -10.400000 -118.330002 0.000000 421.000000 -936.000000 4310.000000 -3258.000000 -2061.000000 -1437.000000 
-81.220001 63.910000 -54.240002 -10.320000 -118.739998 0.000000 11.000000 -892.000000 4345.000000 -3304.000000 -1899.000000 -1453.000000 
-82.260002 64.089996 -55.240002 -9.700000 -119.519997 0.000000 -95.000000 -473.000000 4707.000000 -3022.000000 -1359.000000 -1753.000000 
-83.430000 64.370003 -56.340000 -9.270000 -119.820000 0.000000 920.000000 -699.000000 4374.000000 -3319.000000 -1964.000000 -1146.000000 
-84.580002 64.510002 -57.410000 -8.900000 -120.089996 0.000000 558.000000 -765.000000 4286.000000 -3151.000000 -1930.000000 -1276.000000 
-85.889999 64.449997 -58.660000 -8.760000 -120.400002 0.000000 338.000000 -763.000000 4226.000000 -3199.000000 -1925.000000 -1370.000000 
-86.820000 64.620003 -59.639999 -8.740000 -120.940002 0.000000 164.000000 -868.000000 4370.000000 -3093.000000 -1612.000000 -1586.000000 
-87.650002 64.849998 -60.529999 -8.890000 -121.449997 0.000000 306.000000 -918.000000 4398.000000 -3214.000000 -1844.000000 -1385.000000 
-88.059998 64.900002 -60.990002 -8.680000 -121.980003 0.000000 897.000000 -760.000000 4086.000000 -3212.000000 -2058.000000 -1196.000000 
-88.430000 64.940002 -61.389999 -8.420000 -122.430000 0.000000 865.000000 -758.000000 4334.000000 -3326.000000 -1861.000000 -1339.000000 
-88.970001 65.120003 -62.000000 -8.270000 -122.820000 0.000000 679.000000 -747.000000 4470.000000 -3411.000000 -1872.000000 -1509.000000 
-89.279999 65.269997 -62.419998 -8.120000 -123.040001 0.000000 741.000000 -711.000000 4384.000000 -3332.000000 -2005.000000 -1343.000000 
-89.949997 65.309998 -63.189999 -8.160000 -123.160004 0.000000 798.000000 -728.000000 4227.000000 -3586.000000 -1995.000000 -1207.000000 
-90.559998 65.540001 -63.930000 -7.990000 -123.440002 0.000000 745.000000 -721.000000 4449.000000 -3267.000000 -1743.000000 -1347.000000 
-91.349998 65.919998 -64.879997 -7.610000 -123.830002 0.000000 652.000000 -618.000000 4147.000000 -3089.000000 -1600.000000 -1281.000000 
-92.209999 66.330002 -65.889999 -7.180000 -124.250000 0.000000 587.000000 -616.000000 4299.000000 -3362.000000 -1623.000000 -1360.000000 
-93.050003 66.660004 -66.830002 -6.960000 -124.610001 0.000000 709.000000 -638.000000 4421.000000 -3522.000000 -1715.000000 -1378.000000 
-93.779999 66.919998 -67.610001 -7.180000 -125.029999 0.000000 596.000000 -763.000000 4522.000000 -3580.000000 -1708.000000 -1463.000000 
-94.589996 67.070000 -68.379997 -7.510000 -125.570000 0.000000 611.000000 -853.000000 4474.000000 -3590.000000 -1645.000000 -1657.000000 
-95.489998 67.209999 -69.239998 -7.720000 -126.089996 0.000000 472.000000 -847.000000 4624.000000 -3730.000000 -1605.000000 -1688.000000 
-96.650002 67.370003 -70.349998 -7.800000 -126.489998 0.000000 432.000000 -826.000000 4667.000000 -3835.000000 -1615.000000 -1659.000000 
-97.959999 67.529999 -71.540001 -7.580000 -126.760002 0.000000 400.000000 -763.000000 4849.000000 -3970.000000 -1576.000000 -1680.000000 
-99.309998 67.760002 -72.730003 -7.070000 -126.940002 0.000000 319.000000 -727.000000 4907.000000 -4101.000000 -1582.000000 -1668.000000 
-100.690002 68.000000 -73.919998 -6.490000 -127.050003 0.000000 234.000000 -684.000000 4993.000000 -4164.000000 -1503.000000 -1654.000000 
-101.989998 68.300003 -75.019997 -6.200000 -127.099998 0.000000 232.000000 -697.000000 4989.000000 -4098.000000 -1436.000000 -1720.000000 
-103.120003 68.650002 -75.860001 -5.820000 -127.150002 0.000000 213.000000 -682.000000 5090.000000 -4021.000000 -1327.000000 -1745.000000 
-104.180000 68.910004 -76.639999 -5.690000 -127.250000 0.000000 337.000000 -717.000000 4976.000000 -3893.000000 -1326.000000 -1710.000000 
-105.260002 69.110001 -77.379997 -5.230000 -127.510002 0.000000 292.000000 -613.000000 4977.000000 -3919.000000 -1266.000000 -1692.000000 
-106.610001 69.290001 -78.370003 -5.030000 -128.000000 0.000000 223.000000 -594.000000 4881.000000 -3901.000000 -1200.000000 -1667.000000 
-108.120003 69.440002 -79.519997 -4.520000 -128.589996 0.000000 90.000000 -491.000000 4880.000000 -4022.000000 -1138.000000 -1531.000000 
-109.769997 69.570000 -80.739998 -4.110000 -129.279999 0.000000 -110.000000 -439.000000 4789.000000 -4016.000000 -1060.000000 -1500.000000 
-111.449997 69.709999 -81.980003 -3.580000 -129.929993 0.000000 -248.000000 -374.000000 4775.000000 -3971.000000 -973.000000 -1485.000000 
-113.010002 69.889999 -83.070000 -3.090000 -130.449997 0.000000 -282.000000 -372.000000 4729.000000 -4004.000000 -896.000000 -1467.000000 
-114.300003 70.110001 -83.860001 -2.650000 -130.809998 0.000000 -226.000000 -339.000000 4729.000000 -4067.000000 -877.000000 -1455.000000 
-115.440002 70.330002 -84.459999 -2.230000 -131.130005 0.000000 -244.000000 -301.000000 4785.000000 -4008.000000 -834.000000 -1448.000000 
-116.610001 70.559998 -85.040001 -1.830000 -131.369995 0.000000 -156.000000 -265.000000 4679.000000 -3914.000000 -834.000000 -1390.000000 
-117.820000 70.760002 -85.639999 -1.590000 -131.639999 0.000000 -172.000000 -263.000000 4675.000000 -3941.000000 -803.000000 -1417.000000 
-119.180000 70.930000 -86.339996 -1.360000 -131.940002 0.000000 -162.000000 -250.000000 4640.000000 -3900.000000 -810.000000 -1355.000000 
-120.620003 71.050003 -87.099998 -1.030000 -132.240005 0.000000 -100.000000 -207.000000 4575.000000 -3851.000000 -860.000000 -1288.000000 
-122.199997 71.120003 -87.980003 -0.780000 -132.500000 0.000000 -99.000000 -202.000000 4463.000000 -3799.000000 -874.000000 -1237.000000 
-123.949997 71.199997 -89.000000 -0.440000 -132.779999 0.000000 -235.000000 -148.000000 4420.000000 -3800.000000 -792.000000 -1203.000000 
-125.730003 71.250000 -90.040001 -0.080000 -133.039993 0.000000 -401.000000 -124.000000 4344.000000 -3767.000000 -735.000000 -1216.000000 
-127.370003 71.349998 -90.889999 0.150000 -133.220001 0.000000 -413.000000 -136.000000 4435.000000 -3761.000000 -669.000000 -1251.000000 
-128.750000 71.459999 -91.500000 0.360000 -133.279999 0.000000 -388.000000 -129.000000 4353.000000 -3636.000000 -650.000000 -1256.000000 
-129.899994 71.589996 -91.849998 0.380000 -133.190002 0.000000 -276.000000 -167.000000 4280.000000 -3567.000000 -714.000000 -1242.000000 
-130.830002 71.690002 -91.959999 0.440000 -132.990005 0.000000 -206.000000 -151.000000 4317.000000 -3563.000000 -815.000000 -1217.000000 
-131.649994 71.769997 -91.949997 0.530000 -132.720001 0.000000 -171.000000 -122.000000 4303.000000 -3565.000000 -876.000000 -1166.000000 
-132.550003 71.860001 -91.980003 0.700000 -132.350006 0.000000 -136.000000 -83.000000 4295.000000 -3586.000000 -928.000000 -1097.000000 
-133.419998 71.949997 -92.010002 0.920000 -131.899994 0.000000 -121.000000 -44.000000 4275.000000 -3617.000000 -952.000000 -1045.000000 
-134.309998 72.059998 -92.080002 1.060000 -131.360001 0.000000 -93.000000 -47.000000 4163.000000 -3593.000000 -922.000000 -986.000000 
-135.380005 72.199997 -92.330002 1.240000 -130.779999 0.000000 -171.000000 -26.000000 4156.000000 -3518.000000 -870.000000 -978.000000 
-136.449997 72.360001 -92.580002 1.350000 -130.100006 0.000000 -126.000000 -19.000000 4097.000000 -3463.000000 -850.000000 -969.000000 
-137.389999 72.510002 -92.690002 1.410000 -129.460007 0.000000 -81.000000 -30.000000 4124.000000 -3447.000000 -834.000000 -992.000000 
-138.339996 72.680000 -92.830002 1.360000 -128.929993 0.000000 -14.000000 -71.000000 4046.000000 -3320.000000 -842.000000 -1021.000000 
-139.160004 72.849998 -92.820000 1.330000 -128.389999 0.000000 35.000000 -65.000000 4059.000000 -3348.000000 -890.000000 -980.000000 
-139.899994 72.980003 -92.720001 1.360000 -127.839996 0.000000 70.000000 -38.000000 4085.000000 -3361.000000 -944.000000 -926.000000 
-140.779999 73.099998 -92.730003 1.560000 -127.349998 0.000000 103.000000 33.000000 4044.000000 -3347.000000 -995.000000 -910.000000 
-141.669998 73.139999 -92.739998 1.740000 -126.800003 0.000000 78.000000 42.000000 4036.000000 -3337.000000 -1010.000000 -820.000000 
-142.509995 73.099998 -92.690002 1.910000 -126.389999 0.000000 60.000000 53.000000 4003.000000 -3332.000000 -1018.000000 -861.000000 
-143.339996 73.050003 -92.629997 2.040000 -125.980003 0.000000 7.000000 38.000000 3972.000000 -3350.000000 -1010.000000 -841.000000 
-144.059998 72.970001 -92.480003 2.230000 -125.489998 0.000000 4.000000 81.000000 4013.000000 -3388.000000 -1029.000000 -822.000000 
-144.720001 72.919998 -92.260002 2.350000 -125.019997 0.000000 32.000000 65.000000 4041.000000 -3340.000000 -1055.000000 -851.000000 
-145.320007 72.919998 -91.989998 2.390000 -124.519997 0.000000 17.000000 28.000000 3923.000000 -3342.000000 -1053.000000 -850.000000 
-145.669998 72.959999 -91.570000 2.400000 -123.870003 0.000000 88.000000 19.000000 4022.000000 -3345.000000 -1142.000000 -865.000000 
-145.759995 73.040001 -90.910004 2.390000 -123.199997 0.000000 232.000000 -14.000000 4027.000000 -3286.000000 -1230.000000 -887.000000 
-145.369995 73.099998 -89.779999 2.230000 -122.709999 0.000000 194.000000 -78.000000 4025.000000 -3316.000000 -1244.000000 -984.000000 
-144.710007 73.099998 -88.410004 2.020000 -122.279999 0.000000 155.000000 -143.000000 4068.000000 -3247.000000 -1245.000000 -1009.000000 
-143.800003 73.099998 -86.820000 1.770000 -121.889999 0.000000 90.000000 -174.000000 4031.000000 -3252.000000 -1188.000000 -1036.000000 
-142.759995 73.160004 -85.110001 1.470000 -121.470001 0.000000 74.000000 -231.000000 4053.000000 -3281.000000 -1227.000000 -1085.000000 
-141.399994 73.290001 -83.120003 1.180000 -120.980003 0.000000 109.000000 -211.000000 4031.000000 -3249.000000 -1231.000000 -1043.000000 
-139.860001 73.410004 -81.010002 0.870000 -120.529999 0.000000 165.000000 -253.000000 4056.000000 -3265.000000 -1259.000000 -1099.000000 
-138.270004 73.589996 -78.839996 0.560000 -119.980003 0.000000 215.000000 -282.000000 4063.000000 -3335.000000 -1386.000000 -1096.000000 
-136.699997 73.720001 -76.739998 0.300000 -119.410004 0.000000 284.000000 -283.000000 4135.000000 -3350.000000 -1406.000000 -1117.000000 
-135.509995 73.709999 -74.959999 0.100000 -118.849998 0.000000 368.000000 -280.000000 4200.000000 -3320.000000 -1399.000000 -1098.000000 
-134.860001 73.610001 -73.720001 -0.110000 -118.489998 0.000000 395.000000 -287.000000 4282.000000 -3233.000000 -1342.000000 -1122.000000 
-134.520004 73.489998 -72.760002 -0.320000 -118.400002 0.000000 434.000000 -299.000000 4195.000000 -3208.000000 -1277.000000 -1109.000000 
-134.330002 73.339996 -71.970001 -0.560000 -118.540001 0.000000 419.000000 -324.000000 4163.000000 -3314.000000 -1236.000000 -1135.000000 
-133.940002 73.269997 -71.000000 -0.770000 -118.839996 0.000000 425.000000 -308.000000 4180.000000 -3352.000000 -1225.000000 -1129.000000 
-133.919998 73.160004 -70.379997 -1.010000 -119.180000 0.000000 377.000000 -327.000000 4127.000000 -3412.000000 -1247.000000 -1083.000000 
-133.460007 73.089996 -69.239998 -1.210000 -119.510002 0.000000 368.000000 -310.000000 4196.000000 -3459.000000 -1349.000000 -1091.000000 
-132.630005 72.980003 -67.760002 -1.460000 -119.760002 0.000000 331.000000 -348.000000 4179.000000 -3479.000000 -1440.000000 -1110.000000 
-131.570007 72.860001 -66.010002 -1.660000 -119.820000 0.000000 349.000000 -342.000000 4195.000000 -3431.000000 -1531.000000 -1138.000000 
-130.210007 72.639999 -63.980000 -1.840000 -119.660004 0.000000 506.000000 -382.000000 4267.000000 -3349.000000 -1680.000000 -1106.000000 
-128.990005 72.410004 -62.150002 -1.970000 -119.470001 0.000000 517.000000 -365.000000 4223.000000 -3303.000000 -1702.000000 -1102.000000 
-127.540001 72.230003 -60.070000 -2.100000 -119.309998 0.000000 540.000000 -381.000000 4210.000000 -3242.000000 -1710.000000 -1121.000000 
-126.089996 72.190002 -58.090000 -2.210000 -119.059998 0.000000 548.000000 -393.000000 4203.000000 -3221.000000 -1755.000000 -1047.000000 
-124.349998 72.209999 -55.869999 -2.310000 -118.720001 0.000000 635.000000 -369.000000 4106.000000 -3182.000000 -1805.000000 -981.000000 
-122.540001 72.190002 -53.619999 -2.340000 -118.370003 0.000000 707.000000 -344.000000 4108.000000 -3229.000000 -1843.000000 -938.000000 
-121.309998 72.160004 -51.980000 -2.340000 -118.059998 0.000000 663.000000 -303.000000 4076.000000 -3156.000000 -1747.000000 -922.000000 
-120.180000 72.099998 -50.410000 -2.380000 -117.750000 0.000000 603.000000 -343.000000 3940.000000 -3109.000000 -1726.000000 -952.000000 
-119.080002 71.959999 -48.950001 -2.450000 -117.370003 0.000000 503.000000 -359.000000 3979.000000 -3144.000000 -1713.000000 -1008.000000 
-117.589996 71.739998 -47.099998 -2.640000 -116.900002 0.000000 565.000000 -426.000000 4014.000000 -3132.000000 -1745.000000 -1071.000000 
-116.099998 71.519997 -45.290001 -2.850000 -116.430000 0.000000 654.000000 -491.000000 4106.000000 -3082.000000 -1795.000000 -1109.000000 
-114.720001 71.389999 -43.689999 -3.060000 -116.169998 0.000000 738.000000 -529.000000 4070.000000 -3094.000000 -1705.000000 -1144.000000 
-113.379997 71.360001 -42.150002 -3.270000 -116.080002 0.000000 670.000000 -543.000000 4146.000000 -3108.000000 -1661.000000 -1120.000000 
-112.290001 71.419998 -40.820000 -3.480000 -116.010002 0.000000 691.000000 -524.000000 4063.000000 -3136.000000 -1698.000000 -1024.000000 
-111.500000 71.610001 -39.730000 -3.610000 -115.889999 0.000000 657.000000 -447.000000 4037.000000 -3139.000000 -1701.000000 -950.000000 
-110.779999 71.699997 -38.779999 -3.690000 -115.769997 0.000000 763.000000 -425.000000 3994.000000 -3079.000000 -1706.000000 -928.000000 
-109.930000 71.629997 -37.689999 -3.690000 -115.709999 0.000000 788.000000 -385.000000 4019.000000 -3008.000000 -1710.000000 -959.000000 
-109.059998 71.489998 -36.540001 -3.780000 -115.820000 0.000000 772.000000 -424.000000 4017.000000 -2971.000000 -1706.000000 -1011.000000 
-107.879997 71.290001 -35.189999 -3.930000 -116.000000 0.000000 785.000000 -491.000000 3931.000000 -2969.000000 -1754.000000 -1067.000000 
-106.269997 71.019997 -33.320000 -4.140000 -116.239998 0.000000 801.000000 -535.000000 4009.000000 -3010.000000 -1838.000000 -1109.000000 
-105.120003 70.669998 -31.980000 -4.420000 -116.480003 0.000000 790.000000 -606.000000 3963.000000 -3053.000000 -1909.000000 -1103.000000 
-103.980003 70.459999 -30.620001 -4.720000 -116.669998 0.000000 787.000000 -626.000000 4048.000000 -3120.000000 -1939.000000 -1115.000000 
-102.970001 70.260002 -29.440001 -4.980000 -116.830002 0.000000 781.000000 -606.000000 4033.000000 -3098.000000 -1932.000000 -1120.000000 
-102.040001 70.120003 -28.299999 -5.220000 -116.919998 0.000000 775.000000 -648.000000 3994.000000 -3013.000000 -1877.000000 -1095.000000 
-100.500000 69.860001 -26.600000 -5.430000 -116.910004 0.000000 705.000000 -657.000000 3957.000000 -2980.000000 -1926.000000 -1097.000000 
-98.949997 69.529999 -24.930000 -5.640000 -116.900002 0.000000 784.000000 -667.000000 3990.000000 -2951.000000 -1908.000000 -1197.000000 
-97.750000 69.339996 -23.610001 -5.840000 -116.849998 0.000000 866.000000 -689.000000 4031.000000 -2948.000000 -1969.000000 -1147.000000 
-97.010002 69.129997 -22.719999 -6.040000 -116.889999 0.000000 843.000000 -680.000000 4046.000000 -2902.000000 -1912.000000 -1126.000000 
-95.959999 68.910004 -21.480000 -6.230000 -117.019997 0.000000 852.000000 -660.000000 3988.000000 -2866.000000 -1858.000000 -1118.000000 
-95.120003 68.709999 -20.410000 -6.440000 -117.239998 0.000000 869.000000 -689.000000 3894.000000 -2814.000000 -1847.000000 -1145.000000 
-94.400002 68.440002 -19.450001 -6.710000 -117.519997 0.000000 878.000000 -732.000000 3875.000000 -2814.000000 -1819.000000 -1175.000000 
-93.589996 68.080002 -18.410000 -7.020000 -117.860001 0.000000 916.000000 -787.000000 3873.000000 -2874.000000 -1856.000000 -1197.000000 
-93.300003 67.699997 -17.820000 -7.340000 -118.239998 0.000000 880.000000 -779.000000 3865.000000 -2945.000000 -1917.000000 -1232.000000 
-93.250000 67.349998 -17.500000 -7.680000 -118.650002 0.000000 792.000000 -814.000000 3969.000000 -2998.000000 -1917.000000 -1337.000000 
-93.160004 66.959999 -17.120001 -8.000000 -119.050003 0.000000 714.000000 -869.000000 3984.000000 -2939.000000 -1835.000000 -1385.000000 
-92.989998 66.620003 -16.730000 -8.360000 -119.389999 0.000000 694.000000 -930.000000 3949.000000 -3024.000000 -1823.000000 -1446.000000 
-92.830002 66.220001 -16.389999 -8.620000 -119.709999 0.000000 850.000000 -895.000000 4170.000000 -3111.000000 -1924.000000 -1440.000000 
-93.000000 65.910004 -16.340000 -8.830000 -120.129997 0.000000 994.000000 -842.000000 4235.000000 -3110.000000 -1956.000000 -1395.000000 
-93.379997 65.699997 -16.469999 -9.020000 -120.699997 0.000000 834.000000 -882.000000 4235.000000 -3207.000000 -1997.000000 -1366.000000 
-93.699997 65.629997 -16.540001 -9.290000 -121.379997 0.000000 694.000000 -973.000000 4286.000000 -3382.000000 -1972.000000 -1456.000000 
-94.099998 65.449997 -16.750000 -9.540000 -121.889999 0.000000 646.000000 -995.000000 4280.000000 -3373.000000 -2045.000000 -1476.000000 
-94.410004 65.220001 -16.860001 -9.760000 -122.250000 0.000000 714.000000 -1017.000000 4399.000000 -3367.000000 -2054.000000 -1539.000000 
-94.550003 64.949997 -16.799999 -9.900000 -122.489998 0.000000 795.000000 -999.000000 4466.000000 -3356.000000 -2021.000000 -1584.000000 
-94.750000 64.739998 -16.750000 -10.040000 -122.739998 0.000000 755.000000 -1007.000000 4422.000000 -3277.000000 -1930.000000 -1604.000000 
-95.019997 64.550003 -16.780001 -10.110000 -123.000000 0.000000 716.000000 -972.000000 4386.000000 -3226.000000 -1889.000000 -1548.000000 
-95.269997 64.360001 -16.809999 -10.130000 -123.269997 0.000000 728.000000 -894.000000 4285.000000 -3249.000000 -1876.000000 -1462.000000 
-95.760002 64.330002 -17.020000 -10.100000 -123.550003 0.000000 601.000000 -847.000000 4261.000000 -3284.000000 -1840.000000 -1400.000000 
-96.230003 64.320000 -17.340000 -10.110000 -123.809998 0.000000 538.000000 -852.000000 4247.000000 -3285.000000 -1828.000000 -1402.000000 
-96.519997 64.300003 -17.430000 -10.130000 -123.989998 0.000000 597.000000 -873.000000 4280.000000 -3256.000000 -1831.000000 -1399.000000 
-96.500000 64.199997 -17.270000 -10.200000 -124.129997 0.000000 736.000000 -895.000000 4306.000000 -3188.000000 -1868.000000 -1442.000000 
-96.559998 63.950001 -17.090000 -10.240000 -124.300003 0.000000 817.000000 -872.000000 4426.000000 -3132.000000 -1867.000000 -1460.000000 
-96.870003 63.540001 -17.250000 -10.340000 -124.669998 0.000000 751.000000 -892.000000 4414.000000 -3112.000000 -1851.000000 -1507.000000 
-97.610001 63.070000 -17.840000 -10.540000 -125.300003 0.000000 568.000000 -954.000000 4299.000000 -3095.000000 -1798.000000 -1529.000000 
-98.480003 62.619999 -18.580000 -10.780000 -126.139999 0.000000 371.000000 -968.000000 4232.000000 -3224.000000 -1726.000000 -1573.000000 
-99.320000 62.369999 -19.290001 -11.060000 -127.050003 0.000000 97.000000 -981.000000 4148.000000 -3400.000000 -1629.000000 -1561.000000 
-99.830002 62.360001 -19.700001 -11.330000 -127.750000 0.000000 62.000000 -1005.000000 4128.000000 -3426.000000 -1520.000000 -1614.000000 
-99.750000 62.439999 -19.559999 -11.600000 -128.139999 0.000000 245.000000 -1043.000000 4220.000000 -3483.000000 -1676.000000 -1646.000000 
-99.269997 62.520000 -18.980000 -11.780000 -128.050003 0.000000 439.000000 -977.000000 4233.000000 -3440.000000 -1801.000000 -1477.000000 
-98.519997 62.560001 -18.120001 -11.870000 -127.790001 0.000000 559.000000 -932.000000 4218.000000 -3204.000000 -1788.000000 -1463.000000 
-97.830002 62.500000 -17.260000 -11.930000 -127.519997 0.000000 610.000000 -885.000000 4258.000000 -3122.000000 -1742.000000 -1460.000000 
-97.199997 62.439999 -16.469999 -11.990000 -127.300003 0.000000 604.000000 -872.000000 4281.000000 -3086.000000 -1752.000000 -1390.000000 
-96.599998 62.389999 -15.810000 -12.080000 -127.269997 0.000000 613.000000 -867.000000 4266.000000 -3115.000000 -1767.000000 -1429.000000 
-95.989998 62.279999 -15.140000 -12.200000 -127.379997 0.000000 601.000000 -923.000000 4350.000000 -3233.000000 -1831.000000 -1473.000000 
-95.419998 62.230000 -14.500000 -12.440000 -127.540001 0.000000 598.000000 -1025.000000 4362.000000 -3382.000000 -1874.000000 -1531.000000 
-94.839996 62.259998 -13.880000 -12.740000 -127.779999 0.000000 540.000000 -1152.000000 4376.000000 -3537.000000 -1904.000000 -1637.000000 
-94.160004 62.310001 -13.220000 -12.950000 -127.900002 0.000000 700.000000 -1156.000000 4292.000000 -3476.000000 -2054.000000 -1574.000000 
-93.199997 62.380001 -12.290000 -13.080000 -127.889999 0.000000 877.000000 -1129.000000 4331.000000 -3457.000000 -2101.000000 -1498.000000 
-92.260002 62.470001 -11.330000 -13.100000 -127.760002 0.000000 1002.000000 -1058.000000 4420.000000 -3352.000000 -2155.000000 -1465.000000 
-91.430000 62.689999 -10.510000 -13.030000 -127.629997 0.000000 1074.000000 -987.000000 4385.000000 -3187.000000 -2114.000000 -1400.000000 
-90.809998 62.740002 -9.910000 -12.980000 -127.589996 0.000000 1061.000000 -1011.000000 4360.000000 -3150.000000 -2116.000000 -1417.000000 
-90.529999 62.709999 -9.580000 -12.960000 -127.709999 0.000000 975.000000 -1035.000000 4278.000000 -3077.000000 -2109.000000 -1423.000000 
-90.510002 62.570000 -9.510000 -13.010000 -127.930000 0.000000 959.000000 -1099.000000 4383.000000 -3090.000000 -2207.000000 -1510.000000 
-90.519997 62.299999 -9.500000 -13.100000 -128.330002 0.000000 825.000000 -1161.000000 4401.000000 -3195.000000 -2227.000000 -1605.000000 
-90.599998 62.209999 -9.580000 -13.200000 -128.770004 0.000000 645.000000 -1180.000000 4348.000000 -3280.000000 -2077.000000 -1591.000000 
-90.529999 62.270000 -9.550000 -13.300000 -129.229996 0.000000 534.000000 -1154.000000 4227.000000 -3325.000000 -1945.000000 -1585.000000 
-90.339996 62.380001 -9.390000 -13.350000 -129.479996 0.000000 583.000000 -1089.000000 4169.000000 -3315.000000 -1947.000000 -1473.000000 
-89.919998 62.560001 -8.970000 -13.340000 -129.529999 0.000000 785.000000 -1064.000000 4118.000000 -3227.000000 -1894.000000 -1390.000000 
-89.449997 62.680000 -8.490000 -13.280000 -129.509995 0.000000 961.000000 -1007.000000 4173.000000 -3123.000000 -1919.000000 -1353.000000 
-89.220001 62.790001 -8.250000 -13.230000 -129.600006 0.000000 1023.000000 -1015.000000 4114.000000 -2940.000000 -1865.000000 -1372.000000 
-89.300003 62.720001 -8.360000 -13.150000 -129.929993 0.000000 933.000000 -992.000000 4118.000000 -2899.000000 -1899.000000 -1330.000000 
-89.750000 62.630001 -8.800000 -13.120000 -130.500000 0.000000 840.000000 -1020.000000 4177.000000 -3020.000000 -1924.000000 -1400.000000 
-90.260002 62.570000 -9.330000 -13.100000 -131.210007 0.000000 738.000000 -1010.000000 4154.000000 -3097.000000 -1959.000000 -1382.000000 
-90.870003 62.540001 -9.950000 -13.110000 -131.970001 0.000000 596.000000 -1002.000000 4028.000000 -3133.000000 -1913.000000 -1379.000000 
-91.430000 62.540001 -10.540000 -13.100000 -132.619995 0.000000 514.000000 -953.000000 3972.000000 -3085.000000 -1839.000000 -1327.000000 
-91.820000 62.570000 -10.950000 -13.120000 -133.169998 0.000000 449.000000 -954.000000 3946.000000 -3010.000000 -1695.000000 -1351.000000 
-92.010002 62.590000 -11.160000 -13.140000 -133.660004 0.000000 411.000000 -952.000000 3956.000000 -2995.000000 -1625.000000 -1368.000000 
-90.300003 62.230000 -9.600000 -13.370000 -134.289993 0.000000 225.000000 -1657.000000 5720.000000 -5479.000000 -1061.000000 -1196.000000 
-89.120003 62.040001 -8.570000 -13.320000 -135.330002 0.000000 576.000000 -1275.000000 5009.000000 -4052.000000 -1755.000000 -1863.000000 
-90.360001 62.240002 -9.750000 -13.320000 -136.490005 0.000000 426.000000 -1206.000000 4468.000000 -3306.000000 -1438.000000 -1959.000000 
-91.760002 62.119999 -10.990000 -13.360000 -137.410004 0.000000 541.000000 -1158.000000 4216.000000 -3043.000000 -1862.000000 -1640.000000 
-93.019997 61.889999 -12.070000 -13.350000 -138.110001 0.000000 605.000000 -974.000000 4049.000000 -2884.000000 -1981.000000 -1436.000000 
-94.580002 61.700001 -13.430000 -13.520000 -137.690002 0.000000 587.000000 -1173.000000 4201.000000 -3467.000000 -2743.000000 -895.000000 
-95.769997 61.630001 -14.390000 -13.640000 -138.250000 0.000000 52.000000 -1227.000000 4336.000000 -3358.000000 -1555.000000 -1813.000000 
-96.589996 61.490002 -15.010000 -13.710000 -138.520004 0.000000 183.000000 -1279.000000 4619.000000 -3516.000000 -1839.000000 -1811.000000 
-96.910004 61.299999 -15.160000 -13.530000 -138.679993 0.000000 537.000000 -1114.000000 4935.000000 -3655.000000 -2049.000000 -1679.000000 
-97.169998 61.410000 -15.320000 -13.210000 -138.679993 0.000000 699.000000 -949.000000 4985.000000 -3828.000000 -2143.000000 -1391.000000 
-97.180000 61.419998 -15.360000 -13.080000 -138.880005 0.000000 404.000000 -1029.000000 4384.000000 -3411.000000 -1907.000000 -1373.000000 
-97.489998 61.630001 -15.670000 -13.100000 -139.100006 0.000000 332.000000 -1131.000000 4148.000000 -3103.000000 -1601.000000 -1509.000000 
-97.709999 61.689999 -15.910000 -13.100000 -139.240005 0.000000 450.000000 -1075.000000 3934.000000 -2990.000000 -1844.000000 -1326.000000 
-98.169998 61.560001 -16.410000 -12.900000 -139.279999 0.000000 448.000000 -1006.000000 4174.000000 -3053.000000 -1903.000000 -1304.000000 
-98.889999 61.529999 -17.160000 -12.670000 -139.240005 0.000000 394.000000 -994.000000 4132.000000 -2987.000000 -1959.000000 -1273.000000 
-99.629997 61.480000 -18.040001 -12.410000 -139.020004 0.000000 403.000000 -987.000000 4172.000000 -3057.000000 -2284.000000 -1328.000000 
-100.209999 61.250000 -18.820000 -12.250000 -139.160004 0.000000 153.000000 -1098.000000 4297.000000 -3124.000000 -1914.000000 -1292.000000 
-100.989998 61.189999 -19.850000 -12.060000 -138.889999 0.000000 160.000000 -1040.000000 4185.000000 -3126.000000 -2352.000000 -1451.000000 
-101.589996 61.220001 -20.750000 -11.890000 -138.779999 0.000000 -16.000000 -1072.000000 4403.000000 -3262.000000 -1918.000000 -1482.000000 
-102.199997 61.279999 -21.700001 -11.850000 -137.570007 0.000000 -121.000000 -1143.000000 4203.000000 -3158.000000 -2199.000000 -1014.000000 
-102.720001 61.419998 -22.520000 -11.830000 -135.240005 0.000000 559.000000 -1215.000000 4274.000000 -3536.000000 -3293.000000 -228.000000 
-101.500000 61.250000 -21.900000 -11.600000 -132.160004 0.000000 1360.000000 -907.000000 4684.000000 -1851.000000 -8037.000000 2652.000000 
-100.209999 61.730000 -21.530001 -11.830000 -129.220001 0.000000 1755.000000 -1741.000000 4857.000000 -2669.000000 -2652.000000 -1813.000000 
-99.989998 62.430000 -22.230000 -12.200000 -127.620003 0.000000 1010.000000 -1619.000000 4770.000000 -2622.000000 -951.000000 -2653.000000 
-100.260002 63.139999 -23.299999 -12.410000 -126.139999 0.000000 1032.000000 -1713.000000 5553.000000 -2885.000000 -1480.000000 -1975.000000 
-100.540001 63.680000 -24.270000 -12.010000 -125.000000 0.000000 1938.000000 -1408.000000 5929.000000 -3143.000000 -1967.000000 -1723.000000 
-100.389999 63.939999 -24.670000 -11.380000 -124.169998 0.000000 639.000000 -1331.000000 4202.000000 -2899.000000 -1980.000000 -1674.000000 
-100.720001 63.919998 -25.520000 -10.770000 -124.120003 0.000000 881.000000 -1391.000000 4466.000000 -2958.000000 -1894.000000 -1885.000000 
-101.320000 64.059998 -26.620001 -10.410000 -124.660004 0.000000 189.000000 -1453.000000 4412.000000 -3514.000000 -1875.000000 -1975.000000 
-102.150002 64.250000 -27.870001 -10.240000 -125.550003 0.000000 132.000000 -1437.000000 3943.000000 -4006.000000 -2054.000000 -2087.000000 
-102.320000 64.320000 -28.389999 -10.220000 -126.269997 0.000000 370.000000 -1326.000000 3861.000000 -4341.000000 -2584.000000 -2197.000000 
-102.010002 64.290001 -28.469999 -10.480000 -126.430000 0.000000 -233.000000 -1128.000000 3561.000000 -4757.000000 -3157.000000 -2138.000000 
-101.019997 64.449997 -27.870001 -11.130000 -126.160004 0.000000 296.000000 -1352.000000 4202.000000 -4498.000000 -3200.000000 -2088.000000 
-99.620003 64.959999 -26.879999 -12.030000 -126.019997 0.000000 641.000000 -1412.000000 4146.000000 -3629.000000 -1921.000000 -2497.000000 
-97.709999 65.540001 -25.430000 -13.370000 -126.050003 0.000000 189.000000 -1806.000000 3999.000000 -3588.000000 -1744.000000 -2611.000000 
-95.800003 66.050003 -23.990000 -14.920000 -126.070000 0.000000 318.000000 -2349.000000 5132.000000 -3570.000000 -1995.000000 -2379.000000 
-93.709999 66.529999 -22.330000 -16.340000 -125.860001 0.000000 88.000000 -2516.000000 5703.000000 -3671.000000 -2551.000000 -2030.000000 
-91.459999 67.010002 -20.480000 -17.490000 -125.320000 0.000000 75.000000 -2681.000000 5472.000000 -4067.000000 -2927.000000 -1726.000000 
-89.330002 67.550003 -18.700001 -18.450001 -124.330002 0.000000 331.000000 -3139.000000 5414.000000 -4154.000000 -3449.000000 -1508.000000 
-87.449997 67.970001 -17.020000 -19.040001 -123.059998 0.000000 620.000000 -2912.000000 5727.000000 -3871.000000 -3579.000000 -1528.000000 
-85.900002 68.129997 -15.600000 -19.200001 -121.650002 0.000000 605.000000 -2700.000000 5432.000000 -3423.000000 -3539.000000 -1537.000000 
-84.820000 68.269997 -14.580000 -19.150000 -119.949997 0.000000 428.000000 -2470.000000 4389.000000 -2841.000000 -3364.000000 -1273.000000 
-83.930000 68.440002 -13.850000 -18.950001 -117.919998 0.000000 869.000000 -2187.000000 4027.000000 -2209.000000 -3112.000000 -939.000000 
-83.449997 68.690002 -13.640000 -18.740000 -116.230003 0.000000 831.000000 -2023.000000 4028.000000 -2156.000000 -2409.000000 -1141.000000 
-82.989998 68.949997 -13.430000 -18.780001 -114.970001 0.000000 939.000000 -2526.000000 3622.000000 -2323.000000 -2238.000000 -1302.000000 
-82.639999 69.260002 -13.400000 -18.629999 -113.959999 0.000000 357.000000 -1623.000000 2920.000000 -2269.000000 -1918.000000 -1320.000000 
-82.750000 69.650002 -13.810000 -18.629999 -113.150002 0.000000 459.000000 -1856.000000 3406.000000 -2402.000000 -1569.000000 -1413.000000 
-82.879997 70.160004 -14.230000 -18.559999 -112.459999 0.000000 337.000000 -1804.000000 3535.000000 -2610.000000 -1435.000000 -1332.000000 
-83.040001 70.599998 -14.600000 -18.459999 -111.739998 0.000000 207.000000 -1704.000000 3314.000000 -2482.000000 -1301.000000 -1200.000000 
-83.269997 70.949997 -15.000000 -18.240000 -111.129997 0.000000 117.000000 -1554.000000 3169.000000 -2211.000000 -1106.000000 -1156.000000 
-83.570000 71.250000 -15.430000 -18.059999 -110.680000 0.000000 144.000000 -1521.000000 3119.000000 -2036.000000 -983.000000 -1028.000000 
-83.919998 71.470001 -15.880000 -17.830000 -110.339996 0.000000 86.000000 -1316.000000 2939.000000 -2151.000000 -1124.000000 -853.000000 
-84.440002 71.680000 -16.540001 -17.559999 -110.070000 0.000000 -5.000000 -1049.000000 2641.000000 -2492.000000 -1243.000000 -825.000000 
-85.089996 71.900002 -17.350000 -17.440001 -109.779999 0.000000 -60.000000 -1187.000000 2979.000000 -2724.000000 -1341.000000 -875.000000 
-85.760002 72.080002 -18.190001 -17.459999 -109.470001 0.000000 -110.000000 -1329.000000 3167.000000 -2728.000000 -1170.000000 -987.000000 
-86.410004 72.279999 -19.020000 -17.450001 -108.959999 0.000000 -179.000000 -1343.000000 3237.000000 -2725.000000 -1107.000000 -829.000000 
-86.800003 72.620003 -19.610001 -17.240000 -107.930000 0.000000 -229.000000 -1071.000000 3109.000000 -2612.000000 -1084.000000 -462.000000 
-86.830002 73.080002 -19.879999 -16.830000 -106.730003 0.000000 -223.000000 -807.000000 2989.000000 -2564.000000 -997.000000 -388.000000 
-86.279999 73.529999 -19.590000 -16.400000 -105.669998 0.000000 -215.000000 -771.000000 3016.000000 -2573.000000 -807.000000 -416.000000 
-85.239998 73.959999 -18.830000 -15.980000 -104.849998 0.000000 -327.000000 -742.000000 2986.000000 -2529.000000 -646.000000 -549.000000 
-83.750000 74.339996 -17.639999 -15.600000 -104.029999 0.000000 -330.000000 -748.000000 3039.000000 -2425.000000 -554.000000 -423.000000 
-81.910004 74.650002 -16.090000 -15.190000 -103.070000 0.000000 -292.000000 -696.000000 3078.000000 -2339.000000 -496.000000 -226.000000 
-79.739998 74.970001 -14.240000 -14.720000 -101.889999 0.000000 -305.000000 -504.000000 3072.000000 -2299.000000 -782.000000 -86.000000 
-77.480003 75.180000 -12.340000 -14.160000 -100.629997 0.000000 -41.000000 -307.000000 3153.000000 -2598.000000 -929.000000 158.000000 
-75.360001 75.400002 -10.630000 -13.640000 -99.080002 0.000000 -18.000000 -44.000000 3200.000000 -2932.000000 -1256.000000 454.000000 
-73.220001 75.750000 -9.000000 -13.220000 -97.620003 0.000000 169.000000 -20.000000 3234.000000 -3217.000000 -1263.000000 416.000000 
-71.300003 76.209999 -7.630000 -12.880000 -96.680000 0.000000 150.000000 -135.000000 3387.000000 -3289.000000 -900.000000 170.000000 
-69.970001 76.709999 -6.800000 -12.610000 -96.239998 0.000000 76.000000 -348.000000 3781.000000 -3243.000000 -621.000000 -27.000000 
-69.190002 77.180000 -6.420000 -12.490000 -96.099998 0.000000 -2.000000 -590.000000 3937.000000 -3120.000000 -520.000000 -118.000000 
-69.430000 77.570000 -6.930000 -12.360000 -95.660004 0.000000 -125.000000 -573.000000 3774.000000 -2967.000000 -665.000000 156.000000 
-70.500000 77.889999 -8.200000 -12.130000 -94.709999 0.000000 -16.000000 -385.000000 3773.000000 -2932.000000 -915.000000 484.000000 
-72.099998 78.180000 -10.000000 -11.840000 -93.650002 0.000000 208.000000 100.000000 3860.000000 -3003.000000 -1145.000000 720.000000 
-74.029999 78.419998 -12.180000 -11.620000 -92.730003 0.000000 135.000000 122.000000 3920.000000 -3207.000000 -1244.000000 697.000000 
-76.220001 78.620003 -14.650000 -11.480000 -91.970001 0.000000 85.000000 -8.000000 3961.000000 -3390.000000 -1352.000000 631.000000 
-78.389999 78.779999 -17.090000 -11.400000 -91.440002 0.000000 -71.000000 -98.000000 3938.000000 -3373.000000 -1370.000000 491.000000 
-80.419998 78.900002 -19.389999 -11.370000 -91.180000 0.000000 -254.000000 -127.000000 3888.000000 -3552.000000 -1302.000000 429.000000 
-81.760002 79.029999 -21.059999 -11.420000 -91.029999 0.000000 -393.000000 -182.000000 3782.000000 -3794.000000 -1308.000000 414.000000 
-82.040001 79.209999 -21.709999 -11.410000 -90.550003 0.000000 -497.000000 -95.000000 3836.000000 -3860.000000 -1277.000000 493.000000 
-81.230003 79.430000 -21.260000 -11.390000 -89.989998 0.000000 -441.000000 -116.000000 4115.000000 -3874.000000 -1330.000000 429.000000 
-79.349998 79.639999 -19.760000 -11.310000 -88.970001 0.000000 -362.000000 -3.000000 4348.000000 -3988.000000 -1520.000000 615.000000 
-76.620003 79.879997 -17.440001 -11.340000 -88.160004 0.000000 -552.000000 -130.000000 4326.000000 -4363.000000 -1583.000000 548.000000 
-72.470001 80.160004 -13.700000 -11.390000 -87.400002 0.000000 -648.000000 -184.000000 4455.000000 -4764.000000 -1554.000000 521.000000 
-66.160004 80.459999 -7.800000 -11.440000 -86.540001 0.000000 -616.000000 -416.000000 4442.000000 -5185.000000 -1657.000000 479.000000 
-56.849998 80.750000 1.110000 -11.280000 -85.160004 0.000000 -293.000000 -473.000000 4589.000000 -5007.000000 -1602.000000 586.000000 
-44.849998 80.900002 12.730000 -10.980000 -83.489998 0.000000 -77.000000 -570.000000 4615.000000 -4360.000000 -1444.000000 480.000000 
-31.570000 80.739998 25.709999 -10.560000 -81.790001 0.000000 294.000000 -536.000000 4712.000000 -4184.000000 -1884.000000 514.000000 
-19.320000 80.239998 37.700001 -10.100000 -79.879997 0.000000 919.000000 -476.000000 5255.000000 -4172.000000 -2732.000000 972.000000 
-9.470000 79.500000 47.320000 -9.660000 -78.190002 0.000000 1605.000000 -401.000000 5608.000000 -4110.000000 -3244.000000 1257.000000 
-1.350000 78.559998 55.169998 -9.190000 -76.699997 0.000000 2090.000000 -353.000000 5982.000000 -3902.000000 -3480.000000 1342.000000 
5.640000 77.430000 61.750000 -8.710000 -75.849998 0.000000 3095.000000 -324.000000 6246.000000 -4627.000000 -5617.000000 1707.000000 
12.560000 76.739998 68.129997 -8.270000 -74.629997 0.000000 3271.000000 -769.000000 7375.000000 -8084.000000 -7742.000000 2664.000000 
19.150000 76.250000 74.410004 -7.410000 -71.730003 0.000000 3608.000000 -652.000000 7571.000000 -2666.000000 -4919.000000 1757.000000 
25.780001 75.360001 80.570000 -5.950000 -68.760002 0.000000 2782.000000 99.000000 5389.000000 -2344.000000 -3724.000000 1395.000000 
32.060001 74.379997 86.099998 -4.480000 -65.970001 0.000000 2210.000000 273.000000 4487.000000 -1575.000000 -2337.000000 1447.000000 
37.570000 73.309998 90.610001 -3.160000 -63.439999 0.000000 1571.000000 328.000000 3806.000000 -2623.000000 -2004.000000 1561.000000 
41.410000 71.980003 93.519997 -2.160000 -61.400002 0.000000 1407.000000 159.000000 3771.000000 -1932.000000 -1207.000000 1210.000000 
43.869999 70.650002 95.239998 -1.280000 -60.130001 0.000000 1284.000000 246.000000 3298.000000 -3309.000000 -1908.000000 1741.000000 
45.520000 69.459999 96.370003 -0.630000 -59.000000 0.000000 1368.000000 246.000000 3500.000000 -3089.000000 -2426.000000 1982.000000 
46.349998 68.250000 97.000000 0.000000 -57.799999 0.000000 1648.000000 451.000000 3364.000000 -1835.000000 -1924.000000 1644.000000 
46.650002 67.010002 97.230003 0.570000 -57.250000 0.000000 1788.000000 527.000000 3106.000000 -2001.000000 -2431.000000 1714.000000 
46.299999 65.809998 96.970001 0.910000 -57.259998 0.000000 2084.000000 336.000000 3371.000000 -1855.000000 -2762.000000 1643.000000 
44.900002 64.690002 95.839996 1.010000 -57.700001 0.000000 2310.000000 -6.000000 3726.000000 -2163.000000 -3035.000000 1353.000000 
43.220001 63.900002 94.440002 0.870000 -58.330002 0.000000 2287.000000 -398.000000 4099.000000 -2435.000000 -3304.000000 1131.000000 
41.410000 63.490002 92.889999 0.600000 -58.990002 0.000000 2271.000000 -651.000000 4311.000000 -2701.000000 -3501.000000 977.000000 
39.689999 63.340000 91.410004 0.240000 -59.610001 0.000000 2167.000000 -871.000000 4353.000000 -2847.000000 -3425.000000 849.000000 
38.160000 63.209999 90.139999 -0.140000 -60.180000 0.000000 2066.000000 -989.000000 4362.000000 -2892.000000 -3222.000000 774.000000 
36.820000 62.950001 89.080002 -0.480000 -60.709999 0.000000 1932.000000 -983.000000 4108.000000 -2795.000000 -3064.000000 677.000000 
35.689999 62.590000 88.190002 -0.790000 -61.169998 0.000000 1868.000000 -987.000000 3991.000000 -2632.000000 -2949.000000 658.000000 
34.549999 62.180000 87.410004 -1.070000 -61.580002 0.000000 1854.000000 -896.000000 3803.000000 -2612.000000 -2942.000000 755.000000 
33.200001 61.810001 86.430000 -1.390000 -62.049999 0.000000 1986.000000 -939.000000 3836.000000 -2502.000000 -3272.000000 685.000000 
31.610001 61.520000 85.360001 -1.650000 -62.509998 0.000000 2098.000000 -863.000000 3750.000000 -2405.000000 -3452.000000 699.000000 
29.889999 61.279999 84.260002 -1.880000 -62.889999 0.000000 2052.000000 -893.000000 3726.000000 -2281.000000 -3526.000000 864.000000 
28.270000 61.060001 83.129997 -2.010000 -63.240002 0.000000 2242.000000 -779.000000 3574.000000 -2150.000000 -3588.000000 803.000000 
26.820000 60.660000 82.230003 -2.140000 -63.599998 0.000000 2411.000000 -855.000000 3757.000000 -2178.000000 -3553.000000 749.000000 
25.700001 60.209999 81.510002 -2.240000 -63.900002 0.000000 2485.000000 -870.000000 3750.000000 -2161.000000 -3671.000000 823.000000 
24.860001 59.750000 81.040001 -2.310000 -64.190002 0.000000 2546.000000 -814.000000 3800.000000 -2122.000000 -3724.000000 850.000000 
24.200001 59.369999 80.750000 -2.350000 -64.410004 0.000000 2636.000000 -773.000000 3805.000000 -2082.000000 -3729.000000 954.000000 
23.850000 59.060001 80.699997 -2.360000 -64.589996 0.000000 2594.000000 -742.000000 3807.000000 -2168.000000 -3627.000000 959.000000 
23.959999 58.799999 80.980003 -2.380000 -64.720001 0.000000 2538.000000 -755.000000 3864.000000 -2245.000000 -3516.000000 966.000000 
24.389999 58.650002 81.559998 -2.360000 -64.800003 0.000000 2465.000000 -738.000000 3915.000000 -2279.000000 -3420.000000 992.000000 
24.920000 58.590000 82.230003 -2.310000 -64.839996 0.000000 2403.000000 -671.000000 3855.000000 -2272.000000 -3363.000000 1026.000000 
25.469999 58.689999 82.980003 -2.240000 -64.820000 0.000000 2295.000000 -571.000000 3711.000000 -2151.000000 -3271.000000 1106.000000 
26.020000 58.930000 83.760002 -2.150000 -64.769997 0.000000 2254.000000 -504.000000 3723.000000 -2193.000000 -3230.000000 1146.000000 
26.559999 59.270000 84.550003 -2.040000 -64.720001 0.000000 2227.000000 -435.000000 3808.000000 -2220.000000 -3242.000000 1182.000000 
27.139999 59.650002 85.389999 -1.910000 -64.629997 0.000000 2257.000000 -349.000000 3747.000000 -2132.000000 -3205.000000 1266.000000 
27.690001 60.099998 86.169998 -1.730000 -64.529999 0.000000 2159.000000 -226.000000 3676.000000 -2130.000000 -3130.000000 1295.000000 
28.209999 60.570000 86.900002 -1.590000 -64.459999 0.000000 2056.000000 -244.000000 3705.000000 -2210.000000 -3051.000000 1259.000000 
28.700001 61.049999 87.580002 -1.480000 -64.419998 0.000000 1999.000000 -282.000000 3767.000000 -2365.000000 -3025.000000 1236.000000 
29.209999 61.560001 88.230003 -1.410000 -64.400002 0.000000 1906.000000 -303.000000 3835.000000 -2399.000000 -2964.000000 1197.000000 
