-1.348974 -0.641171 -49.863933
-1.438574 -0.628526 -49.818741
-1.541245 -0.61648 -49.738033
-1.567909 -0.586425 -49.712761
-1.532106 -0.538622 -49.788181
-1.462282 -0.494667 -49.824187
-1.526781 -0.362978 -49.86628
-1.64592 -0.50838 -49.582886
-1.719577 -0.675756 -49.394266
-1.695249 -0.77789 -49.272504
-1.462647 -0.799488 -49.221885
-1.27022 -0.927801 -49.042134
-1.21312 -1.279981 -48.557046
-1.032811 -1.857153 -47.885418
-0.80356 -2.798794 -46.926884
-0.843446 -3.705311 -45.839123
-0.902404 -4.704692 -44.579238
-0.856974 -5.544872 -43.399643
-0.389814 -5.906652 -43.114105
0.444831 -6.494239 -42.763581
0.957232 -6.995031 -42.479012
1.312547 -7.337812 -42.431433
1.523269 -7.740981 -42.121168
1.515095 -8.500451 -40.576601
1.046422 -9.273376 -37.885916
0.883872 -9.926388 -36.209628
1.412512 -10.487842 -36.121783
1.434725 -11.062807 -35.616654
0.569317 -12.125016 -32.39329
-0.541292 -13.128297 -28.870462
-1.82085 -13.969287 -25.564339
-2.919768 -14.667751 -22.417038
-3.709168 -15.34872 -19.170798
-4.270253 -16.119476 -15.556952
-4.696605 -17.006892 -11.629006
-5.072469 -18.004308 -7.516849
-5.453557 -18.949889 -3.673981
-5.872124 -19.697776 -0.44154
-6.326557 -20.091092 1.750887
-6.815664 -20.096452 3.117099
-7.228721 -19.95754 4.536613
-7.399703 -19.946615 6.869476
-7.371157 -20.13051 10.103881
-7.119004 -20.352817 13.850999
-6.826822 -20.437169 17.384393
-6.514935 -20.294653 19.939297
-6.080156 -19.947406 21.714131
-5.610427 -19.449826 23.133093
-5.172153 -18.930846 24.791278
-4.751511 -18.530912 27.293729
-4.309309 -18.347216 31.142925
-3.72801 -18.331462 35.837109
-2.914432 -18.343822 40.651122
-1.849594 -18.128092 44.088053
-0.777862 -17.773994 46.331993
0.029529 -17.331334 47.496461
0.507796 -16.932166 48.637886
0.875825 -16.593093 50.349787
1.284156 -16.334843 52.931853
1.604388 -16.208615 55.894156
1.853006 -16.140392 58.661478
2.131146 -16.044712 60.808582
2.444454 -15.868415 62.317146
2.723203 -15.619633 63.305525
2.945524 -15.316284 63.809541
3.134415 -15.046932 65.095884
3.061806 -14.590429 64.03669
3.076742 -14.099436 63.581031
3.303643 -13.597163 63.553904
3.56903 -13.056047 62.512102
3.778911 -12.57602 61.093937
3.936736 -12.058839 58.44095
3.947209 -11.50794 54.445985
3.836036 -11.12196 51.576156
3.656348 -10.793388 49.532047
3.62594 -10.567968 49.846735
3.672941 -10.406098 51.296229
3.87033 -10.234466 53.480788
4.118003 -9.98348 54.707885
4.291038 -9.553593 52.808404
4.442592 -8.953807 48.379353
4.438739 -8.204705 40.236369
4.409335 -7.585963 32.66939
4.397366 -7.23522 28.098071
4.613443 -7.161021 27.806592
4.917691 -7.267595 29.464321
5.135683 -7.393591 29.818518
5.312023 -7.479618 29.520949
5.533653 -7.497094 29.018997
5.826921 -7.528203 29.632803
6.061998 -7.225429 28.042591
5.537446 -6.660133 19.138553
5.832043 -6.698938 19.380252
6.087913 -7.108682 20.727653
6.592725 -7.462047 22.755187
7.028244 -7.754076 23.646039
7.402631 -7.917578 23.412204
7.629588 -8.088005 22.661903
7.69283 -8.106407 20.192584
7.803591 -8.101111 18.151182
7.808769 -8.350878 17.011113
8.137199 -8.699369 18.244529
8.556817 -9.04921 20.229069
8.953461 -9.386628 22.22549
9.293879 -9.536897 23.688853
9.494215 -9.51387 24.068773
9.738976 -9.426297 24.736582
10.003455 -9.301888 25.369494
10.402066 -9.205885 26.675266
10.784709 -9.179906 27.851454
11.167379 -9.245674 28.808202
11.456402 -9.378965 29.169254
11.672792 -9.549664 29.046181
11.796031 -9.751074 28.714866
11.922138 -10.027288 28.959325
12.014232 -10.344125 29.504472
12.052421 -10.728283 30.433623
12.051407 -11.140803 31.457121
12.001278 -11.620789 32.591179
11.950258 -12.125116 33.871429
11.886052 -12.590642 34.893998
11.821369 -13.065268 35.974258
11.723569 -13.556503 37.063163
11.616905 -14.029391 38.022621
11.443145 -14.605572 39.222357
11.207671 -15.231175 40.493652
10.947227 -15.838845 41.680866
10.598982 -16.501518 42.942036
10.269416 -17.112572 43.968324
9.931485 -17.719774 44.917918
9.568872 -18.310663 45.587702
9.156205 -18.910325 46.22885
8.656957 -19.468228 46.659029
8.089409 -19.969787 46.989649
7.409861 -20.410989 47.424299
6.72616 -20.775895 47.873115
6.087298 -21.107967 48.54607
5.527269 -21.426927 49.42548
4.955698 -21.783102 50.322193
4.246385 -22.101551 50.751813
3.516106 -22.357493 50.813939
2.791547 -22.539782 50.729994
2.109544 -22.668414 50.828677
1.4363 -22.738082 51.140555
0.795909 -22.821149 51.96319
0.213723 -22.905515 52.975498
-0.538571 -22.939235 53.499474
-1.488212 -22.86865 53.3612
-2.436252 -22.716679 53.008685
-3.278047 -22.552144 53.045386
-4.001216 -22.370669 53.382382
-4.638549 -22.229315 54.19564
-5.211644 -22.095569 55.191368
-5.760415 -21.930528 55.940806
-6.460116 -21.548945 55.384562
-7.265606 -20.998145 54.194344
-7.931032 -20.359082 52.895676
-8.389257 -19.765893 52.15327
-8.673159 -19.363122 52.451032
-8.772001 -19.176922 53.648404
-8.856549 -19.031017 54.792625
-9.233962 -18.677918 54.73715
-9.597095 -18.172581 53.856778
-9.772992 -17.632987 52.835402
-9.852746 -17.026057 51.565515
-9.74555 -16.514461 50.685384
-9.425264 -16.292297 51.171692
-9.000998 -16.065616 51.350377
-8.685553 -15.659171 50.406797
-8.359256 -15.216918 48.835128
-7.92134 -14.775048 46.926308
-7.42667 -14.381751 44.988456
-6.800223 -14.042381 42.815311
-6.064489 -13.806657 40.718881
-5.285838 -13.694896 38.740871
-4.705291 -13.452498 36.084397
-4.594248 -13.091991 33.729514
-4.7098 -12.717897 31.839248
-4.944088 -12.307156 30.132273
-5.161372 -11.78404 28.125782
-5.157796 -11.14902 25.583369
-4.851277 -10.6589 23.488549
-4.369626 -10.43157 22.40318
-3.895405 -10.437217 22.385016
-3.68098 -10.494666 22.828592
-3.675957 -10.647773 24.066929
-3.662065 -10.826096 25.598134
-3.517123 -10.970005 26.94552
-3.175795 -11.146355 28.286795
-2.713165 -11.335781 29.38266
-2.323968 -11.51367 30.259835
-2.003664 -11.715014 31.346772
-1.725885 -11.902156 32.436201
-1.412998 -12.028475 33.273229
-1.062769 -12.210088 34.590521
-0.622873 -12.437018 36.422106
-0.1158 -12.686367 38.430592
0.424002 -12.998933 40.618612
0.961304 -13.349128 42.752094
1.415478 -13.662892 44.492795
1.821484 -13.919244 45.761365
2.207285 -14.133288 46.531308
2.524569 -14.327906 47.081884
2.805462 -14.581761 47.835795
3.103657 -14.910039 48.930556
3.399718 -15.312851 50.157443
3.612482 -15.74066 51.703364
3.772418 -16.169286 53.329871
3.946401 -16.488647 54.531055
4.082205 -16.707535 55.465851
4.277259 -16.857559 56.33978
4.586369 -16.933487 57.184724
4.977969 -16.988263 57.969992
5.412279 -17.026567 58.585808
5.840606 -17.125656 59.083411
6.110442 -17.307455 59.571807
6.348263 -17.477339 59.567205
6.47441 -17.688354 59.834846
6.550664 -17.942122 60.540268
6.786109 -18.226161 62.299712
7.136631 -18.442909 64.350096
7.536759 -18.52138 66.075989
7.949847 -18.431457 67.135242
8.384482 -18.239339 67.783979
8.852936 -17.98571 68.10541
9.359473 -17.768767 68.511839
9.893718 -17.653972 69.320414
10.400474 -17.612726 70.054401
10.831851 -17.595155 70.242954
11.370865 -17.708011 70.69394
11.58336 -17.794921 70.700765
10.881242 -17.678574 67.646332
11.182909 -17.951444 71.793251
11.824772 -18.084009 74.863373
12.36827 -18.227627 77.239157
12.885535 -18.098496 78.606716
13.369312 -17.885897 79.345489
13.756121 -17.659813 79.64753
14.40851 -17.437646 81.13523
14.589405 -16.976576 78.736033
14.212595 -16.297022 72.528807
14.072863 -15.430111 68.133772
14.017789 -14.567824 65.689642
14.068243 -13.740191 64.965952
14.052381 -12.857048 63.558561
14.013043 -11.912092 60.743633
13.901911 -11.006883 56.549281
13.772222 -10.358496 52.833112
13.701193 -10.081034 51.155245
13.423407 -9.947462 49.104385
12.74324 -9.763996 44.022206
11.85196 -9.24061 35.252551
10.901032 -8.703967 26.374692
10.044454 -8.313931 19.271366
9.179864 -8.20371 14.262218
8.380729 -8.27016 10.761102
7.540315 -8.417142 7.585607
6.680483 -8.497926 4.093221
5.794479 -8.657509 1.573553
4.889312 -8.95692 0.849233
4.117067 -9.147532 0.301616
3.439772 -8.74175 -3.136165
3.056403 -7.607475 -10.2594
3.03589 -6.308237 -18.331835
3.23076 -5.1894 -25.694737
3.401609 -4.654909 -30.029442
3.527117 -4.848344 -30.479609
3.538815 -5.300607 -29.404983
3.484097 -5.705419 -28.34741
3.366683 -5.742397 -28.692723
3.462347 -5.313997 -30.966111
3.998773 -4.87747 -33.604934
4.647689 -4.372268 -36.403525
5.395925 -4.301687 -37.848678
6.063124 -4.457529 -38.365418
6.574524 -4.74947 -38.051733
6.914126 -5.137879 -37.057903
7.155098 -5.573784 -35.68773
7.478852 -5.953535 -34.604301
7.971543 -6.282104 -33.857343
8.501462 -6.607736 -33.200701
8.963333 -6.966247 -32.606279
9.26455 -7.464202 -31.672002
9.379741 -8.106578 -30.270079
9.312843 -8.834141 -28.52511
9.246604 -9.518885 -26.810817
9.327402 -10.032657 -25.473107
9.580121 -10.409431 -24.486284
9.866057 -10.813845 -23.489561
10.124375 -11.287883 -22.439642
10.393497 -11.840978 -21.318315
10.643963 -12.400566 -20.143099
10.868573 -12.823105 -19.161383
11.167087 -13.04888 -18.510104
11.644067 -13.074785 -18.250983
12.27455 -13.013289 -18.286123
12.918886 -13.082048 -18.210132
13.511895 -13.449271 -17.68331
13.909429 -14.1124 -16.656351
14.121986 -14.970426 -15.264122
14.141034 -15.836073 -13.859679
14.012216 -16.552401 -12.703908
13.712968 -17.005416 -12.00461
13.424668 -17.133868 -11.775498
13.210455 -16.955397 -12.138917
13.198861 -16.797384 -12.44594
13.386015 -16.813779 -12.445815
13.685739 -17.029924 -12.071853
14.08118 -17.365569 -11.442327
14.511596 -17.601177 -10.993411
14.864 -17.567568 -11.272607
15.007775 -17.378718 -12.034271
15.051477 -17.425042 -12.257208
14.848285 -17.652056 -12.210863
14.537987 -17.919141 -12.14181
13.93557 -18.07857 -12.302761
13.308054 -18.374744 -12.232653
12.488675 -18.725246 -11.985936
11.586038 -19.207706 -11.49833
10.677439 -19.626915 -10.998601
9.803495 -19.88968 -10.74995
8.890976 -19.978614 -10.849103
8.065737 -20.012471 -11.112424
7.431955 -19.976413 -11.257565
7.137507 -19.65777 -11.578466
7.157035 -18.918292 -12.537788
7.537337 -17.664793 -14.396488
7.852432 -16.138234 -16.78716
7.844939 -14.837524 -18.927946
7.89514 -14.406425 -19.792416
7.917689 -14.641522 -19.538157
8.021524 -14.920203 -19.23169
8.230944 -15.064518 -19.210136
8.267798 -14.969976 -19.607176
8.051946 -14.823335 -20.102901
7.717774 -14.539146 -20.760586
7.35402 -13.887954 -21.943733
7.141691 -12.892343 -23.554462
6.822392 -11.718082 -25.400398
6.259653 -10.647873 -26.988932
5.471499 -9.904354 -28.066675
4.725482 -9.692546 -28.26574
4.102842 -9.65716 -28.334925
3.588872 -9.568657 -28.451648
3.173651 -9.360499 -28.635771
2.878893 -8.923229 -29.064008
2.667043 -8.242995 -29.812345
2.482954 -7.709915 -30.480141
2.417983 -7.430209 -30.84438
2.392394 -7.12015 -31.210363
2.483886 -6.784376 -31.645998
2.59234 -6.432333 -32.111624
2.642369 -6.130277 -32.510109
2.61723 -6.008795 -32.697956
2.523682 -6.018402 -32.719489
2.236733 -6.035033 -32.666728
1.891623 -5.84057 -32.731736
1.766735 -5.289261 -33.382152
1.67315 -4.917231 -33.926187
1.749558 -4.870948 -34.090476
1.830271 -4.816095 -34.248764
1.879761 -4.651109 -34.510863
1.663874 -4.259746 -34.950024
1.612888 -3.939191 -35.398221
1.661217 -3.720034 -35.749518
4.813206 -11.105159 -29.793457
4.544073 -10.514242 -30.431926
4.148383 -10.127136 -30.814332
3.795074 -10.002788 -30.824455
3.242247 -9.807974 -30.872384
2.640676 -9.440456 -31.126764
2.122834 -8.987024 -31.496676
1.807185 -8.547552 -31.860532
1.671379 -8.184232 -32.163632
1.704356 -7.94011 -32.376024
1.774593 -7.836455 -32.546478
1.806995 -7.787506 -32.557944
1.953787 -7.637148 -32.634552
2.194304 -7.600552 -32.73847
2.385774 -7.576026 -32.842375
2.493871 -7.596 -32.826823
2.486364 -7.615395 -32.753273
2.415031 -7.602161 -32.72936
2.330662 -7.475657 -32.806564
2.344212 -7.30622 -32.990138
2.383679 -7.236033 -33.116426
2.412184 -7.305607 -33.107578
2.316445 -7.420811 -33.011564
2.212425 -7.470992 -33.004647
2.288933 -7.381517 -33.179457
2.46726 -7.168946 -33.52014
2.610675 -6.936583 -33.861462
2.56765 -6.77601 -34.057139
2.440653 -6.752302 -34.059896
2.364944 -6.737629 -34.052058
2.383847 -6.698237 -34.143405
2.482248 -6.646153 -34.284131
2.580194 -6.593944 -34.423192
2.624095 -6.545672 -34.489896
2.610772 -6.481835 -34.545347
2.580314 -6.409825 -34.591997
2.509633 -6.304043 -34.663925
2.425064 -6.230342 -34.767233
2.368848 -6.241753 -34.794964
2.325121 -6.275431 -34.789736
2.280845 -6.288546 -34.794647
2.25605 -6.228138 -34.925926
2.27044 -6.128328 -35.105432
2.257469 -6.016921 -35.297163
2.242623 -5.960255 -35.377515
2.17799 -5.940164 -35.432128
2.102733 -5.923517 -35.463353
2.068948 -5.960755 -35.518701
0.916438 -7.050184 -33.045211
1.002831 -6.733749 -33.278654
1.143655 -6.49918 -33.510098
1.253719 -6.230634 -33.845997
1.344009 -6.02267 -34.056501
2.761654 -10.0417 -29.816599
2.824872 -10.016468 -29.879854
2.833241 -10.053251 -29.912774
2.787296 -10.065331 -29.933116
