-1.956364 -25.0627 -12.968605
-2.008678 -25.069666 -12.96924
-2.016464 -25.094625 -12.936624
-2.016464 -25.094744 -12.926622
-2.038368 -25.096572 -12.896742
-2.027072 -25.095119 -12.869973
-1.995228 -25.102209 -12.856448
-1.973995 -25.106572 -12.877425
-1.948002 -25.133837 -12.887715
-1.936719 -25.130002 -12.892112
-1.938828 -25.121369 -12.917376
-1.972774 -25.106007 -12.926156
-2.007268 -25.084878 -12.9051
-2.041697 -25.086255 -12.894408
-2.078788 -25.073502 -12.859127
-2.108024 -25.057918 -12.896819
-2.111046 -24.995087 -12.965129
-2.182891 -24.937139 -13.000771
-2.323575 -24.870859 -13.055204
-2.571203 -24.839636 -13.054733
-2.865913 -24.773966 -13.166546
-2.997214 -24.684124 -13.354766
-3.219988 -24.362705 -13.592057
-3.545962 -23.943539 -13.817402
-3.623846 -23.365264 -13.790281
-3.540238 -22.776208 -13.529251
-3.138883 -22.304537 -12.867313
-2.358264 -21.651505 -12.373367
-1.952823 -21.207747 -11.820456
-1.712366 -20.685256 -11.440023
-1.375266 -20.038748 -11.22619
-0.157333 -20.319344 -9.583955
1.519329 -21.384163 -5.586999
2.589624 -21.115637 -4.569699
2.872354 -21.041598 -4.408052
3.210297 -21.199223 -3.930757
3.544437 -21.322745 -3.228483
3.479201 -21.90679 -1.747293
3.221119 -22.646844 -0.393054
3.013857 -23.578988 1.191947
3.17758 -24.712782 3.774179
3.584357 -25.844699 6.935103
4.409079 -26.862693 10.810158
5.743432 -27.656782 15.206298
7.559 -28.094398 19.842997
9.589659 -28.212326 24.458696
11.633786 -28.019052 28.756124
13.570316 -27.559192 32.510188
15.366688 -26.964614 35.71941
16.912806 -26.309854 38.274814
18.107979 -25.601851 40.106675
19.019793 -24.9531 41.544497
19.695428 -24.289071 42.706257
20.193055 -23.581261 43.856732
20.632812 -22.829232 45.230298
21.091845 -22.098321 47.266236
21.743615 -21.470839 50.321846
22.529253 -20.809553 53.939246
23.398172 -20.085393 57.667233
24.16669 -19.250706 60.911245
24.711629 -18.266465 63.010724
24.813779 -17.153684 63.422301
24.53226 -15.886578 62.356984
24.050673 -14.61099 60.601572
23.620439 -13.483935 59.546783
23.479315 -12.751506 60.910258
23.574932 -12.200309 63.781727
23.85852 -11.756987 67.758424
24.22534 -11.438157 72.119922
24.442456 -11.141225 75.240553
24.446143 -10.769952 76.722863
24.115803 -10.326027 76.100767
23.512926 -9.7857 73.786017
22.712928 -9.257117 70.418097
21.953372 -8.743336 67.406313
21.392119 -8.3549 66.309446
21.091541 -8.23869 67.574879
21.10836 -8.255112 71.106407
21.4213 -8.265028 76.316258
21.794765 -8.29871 81.890016
22.081687 -8.303385 86.941039
21.860437 -8.075853 88.40169
21.632812 -7.76713 90.051203
21.689309 -7.42809 93.598668
21.68101 -7.071356 96.771289
21.611207 -6.819002 99.220391
21.609362 -6.765651 101.432109
21.586336 -7.143307 102.753372
21.626626 -7.566774 104.344808
21.41894 -8.11366 104.02803
20.888951 -8.5075 101.682346
20.53515 -8.874737 100.474106
20.312759 -9.03524 99.274947
20.245499 -9.051197 98.116213
20.216691 -9.029831 96.712624
20.161916 -9.118015 94.949297
19.953059 -9.265709 92.377713
19.492873 -9.682603 89.347216
19.024129 -10.402006 88.128677
18.512783 -11.2487 88.293052
18.070117 -12.125932 89.733387
17.697252 -13.019442 92.125296
17.341502 -13.874591 94.67346
16.893553 -14.695827 96.970504
16.43627 -15.457899 99.054363
15.972844 -16.218932 100.966224
15.443091 -16.980831 102.529958
14.820286 -17.767965 103.836312
14.108122 -18.52635 104.776056
13.27007 -19.224242 105.175611
12.248105 -19.880535 104.991588
11.070066 -20.45862 104.42119
9.78058 -20.971796 103.702419
8.380848 -21.398593 103.022864
6.944822 -21.731378 102.506383
5.607303 -21.980033 102.323575
4.280041 -22.196837 102.48617
2.902056 -22.370156 102.805726
1.627763 -22.487942 103.375648
0.527716 -22.513394 104.209416
-0.33954 -22.45729 105.22771
-1.002082 -22.1985 105.563907
-1.341303 -21.914138 106.03617
-1.469186 -21.643393 106.497651
-1.434162 -21.376776 106.956504
-1.291635 -21.1299 107.206542
-1.105329 -20.915036 107.514964
-0.874326 -20.701202 107.585774
-0.658611 -20.557784 107.859551
-0.349082 -20.453269 108.151189
0.003145 -20.294942 107.969208
0.360695 -20.088252 107.287472
0.78666 -19.831603 106.221405
1.29934 -19.550925 105.17751
2.04203 -19.284558 104.204273
2.903993 -18.980215 102.593591
3.840055 -18.658698 99.914325
4.845216 -18.331807 96.3068
5.863143 -18.007369 91.656853
6.820923 -17.69722 85.992177
7.609714 -17.351915 78.962981
8.230419 -16.966175 71.435718
8.71025 -16.518819 63.940581
9.159097 -16.026746 56.738908
9.554491 -15.420411 49.63302
9.876442 -14.69763 42.618861
10.132039 -13.88679 35.8047
10.367045 -13.042481 29.349706
10.498797 -12.208446 23.745113
10.640924 -11.520966 19.269634
10.737186 -11.059444 16.350185
10.768877 -10.878619 15.201618
10.812398 -10.870132 14.975487
10.861087 -10.853022 14.822097
10.824231 -10.805042 14.851364
10.813059 -10.740035 14.837983
10.864862 -10.720159 14.990939
10.907035 -10.743833 15.335676
11.120778 -10.807583 15.461224
11.45135 -10.851051 15.113712
11.84224 -10.971653 14.902224
12.203347 -11.173478 15.082692
12.55229 -11.404227 15.485408
12.827205 -11.647904 16.059911
13.012102 -11.957337 17.23928
13.175301 -12.270874 18.657974
13.36762 -12.594155 20.180201
13.548718 -12.92482 21.794988
13.810393 -13.291945 23.40501
14.012001 -13.588249 24.930114
13.953167 -13.578983 25.626125
13.712181 -13.643257 27.594805
14.247361 -14.46114 31.704776
14.599431 -15.023101 34.539017
15.098618 -15.531232 36.304836
15.468287 -16.087317 38.785413
15.646283 -16.60608 41.299639
15.725273 -17.0028 43.254771
15.830452 -17.307864 44.852664
16.053001 -17.55779 45.952473
16.315029 -17.669672 46.770882
16.55875 -17.696087 47.481439
16.789014 -17.679192 48.505307
17.095607 -17.286053 47.45146
16.98471 -16.180765 42.492488
16.988879 -14.942834 36.556571
17.12691 -13.737712 30.59006
17.33043 -12.687755 24.808169
17.542194 -11.841091 19.786437
17.738539 -11.217933 15.544035
17.890073 -10.663781 11.51652
17.975948 -10.142448 7.613904
18.021215 -9.647757 3.870118
18.087458 -9.208108 0.326537
18.198653 -8.857025 -2.872311
18.387556 -8.629 -5.611452
18.640356 -8.555384 -7.580196
18.839419 -8.581978 -8.644124
18.960405 -8.66397 -9.032669
18.952316 -8.725334 -8.963006
18.844855 -8.793575 -8.378721
18.586868 -8.797199 -7.636005
18.217163 -8.710301 -6.950435
17.791456 -8.642566 -6.133172
17.415141 -8.657584 -5.125544
17.212292 -8.741896 -4.136845
17.1398 -8.895818 -3.158901
17.084066 -9.057487 -2.201658
16.997851 -9.18583 -1.337376
16.840616 -9.269186 -0.576064
16.607548 -9.377535 0.330112
16.373945 -9.669399 1.617503
16.168593 -10.105376 3.198129
16.218221 -10.588498 4.603237
16.514385 -11.056988 5.762599
16.93728 -11.462949 6.681091
17.334523 -11.848333 7.539283
17.576933 -12.200777 8.485716
17.686928 -12.564402 9.51141
17.792721 -12.983465 10.591773
17.942611 -13.401318 11.680141
18.218664 -13.772861 12.596437
18.592955 -14.098165 13.294228
18.981801 -14.417078 13.940133
19.25843 -14.758785 14.558731
19.498559 -15.091014 15.157939
19.705744 -15.366784 15.664326
19.908835 -15.616033 15.985249
20.026574 -15.998249 16.556009
20.354359 -16.41784 17.259259
20.767607 -16.954068 18.294735
21.325814 -17.48578 19.21797
21.823537 -18.083406 20.179587
22.19327 -18.775579 21.264943
22.402452 -19.472308 22.240492
22.468798 -20.114285 22.940793
22.319474 -20.754166 23.541736
21.921678 -21.482566 24.240461
20.627492 -22.12016 24.240591
19.608244 -23.057254 24.811173
18.775926 -23.957415 25.489798
18.26859 -24.82881 26.165908
17.789614 -25.630925 26.598093
17.292828 -26.391265 26.812361
16.83713 -27.170923 27.010188
16.179863 -27.918718 27.07253
15.449597 -28.642362 27.190486
14.333354 -29.100513 26.74448
12.835089 -29.022363 25.450543
11.366462 -28.648384 23.858201
10.140177 -28.260544 22.318572
9.18563 -27.810199 20.867153
8.49868 -27.300701 19.548568
7.950989 -26.735406 18.253363
7.534442 -26.180288 16.974531
7.336444 -25.692448 15.8767
7.321541 -25.34132 15.076213
7.440108 -25.09144 14.400917
7.650495 -24.944128 13.928546
7.865121 -24.859337 13.462427
8.063893 -24.760056 12.935298
8.221228 -24.646978 12.389052
8.290758 -24.579328 11.892107
8.350768 -24.57171 11.394945
8.332286 -24.587436 10.909811
8.25118 -24.599562 10.324267
8.04115 -24.583741 9.729534
7.734782 -24.533718 9.101171
7.32349 -24.458864 8.364998
6.815346 -24.381002 7.6503
6.330032 -24.303663 6.987921
5.90792 -24.228839 6.457786
5.553307 -24.155316 5.969499
5.352289 -24.12159 5.58368
5.277338 -24.123201 5.330441
5.311003 -24.127321 5.142343
5.430166 -24.133728 4.926348
5.553757 -24.125245 4.746509
5.661472 -24.109101 4.490917
5.771784 -24.088387 4.232671
5.813409 -24.032925 3.892355
5.820218 -23.934993 3.417373
5.813821 -23.934643 3.116746
5.733469 -23.96642 2.855745
5.655952 -24.014113 2.625942
7.416024 -23.723999 13.792087
7.135404 -23.688186 13.073212
6.825178 -23.59095 12.322785
6.619698 -23.487941 11.571392
6.462507 -23.372187 10.854168
6.311531 -23.253348 10.272241
6.259466 -23.1335 9.693494
8.308022 -26.461225 9.938069
8.165617 -26.400969 9.491667
8.027364 -26.341976 9.074364
14.853414 -22.554277 11.358465
15.01735 -22.425278 10.708376
14.90988 -22.540188 10.190613
14.548631 -22.667326 9.608285
13.967741 -22.763824 8.895822
13.315143 -22.763671 8.004998
12.829332 -22.724934 7.10482
12.640413 -22.626085 6.350813
12.598198 -22.461833 5.572759
12.631761 -22.240431 4.779932
12.626045 -21.94353 3.826442
12.554969 -21.672003 2.953387
12.307583 -21.347663 1.984632
11.929006 -21.074594 1.099225
11.64966 -20.888393 0.387669
11.568478 -20.816521 -0.188178
11.548753 -20.778463 -0.638617
11.443023 -20.810132 -1.04616
11.214135 -20.898175 -1.285396
10.912204 -20.954131 -1.626426
10.590859 -20.969449 -2.015731
9.904162 -25.335152 10.956416
9.808891 -25.3135 10.56331
9.704012 -25.298535 10.255813
9.588298 -25.291022 9.929699
9.458253 -25.290979 9.648212
9.324065 -25.333016 9.375652
9.226224 -25.376331 9.103637
9.118349 -25.417558 8.880961
9.053293 -25.460956 8.612741
8.992742 -25.504312 8.425322
8.916222 -25.53288 8.250284
8.784201 -25.533471 7.943708
8.611802 -25.474388 7.555777
8.447179 -25.447632 7.229573
8.332746 -25.436216 7.039239
8.235707 -25.434278 6.83324
8.191638 -25.422122 6.610687
8.212395 -25.400625 6.407847
16.868676 -32.998431 48.372087
17.616724 -33.409185 48.797115
18.54562 -33.921842 49.841144
19.369177 -34.226784 50.524772
19.848432 -34.69451 51.216021
19.964838 -35.173618 51.775541
19.764169 -35.48976 52.09125
19.307654 -35.625503 51.686607
18.890794 -35.617251 50.789564
18.567496 -35.335469 49.294543
18.137588 -34.74941 47.246988
17.517702 -34.227552 45.193365
16.917818 -33.856287 43.404012
16.443529 -33.587266 41.8292
16.196657 -33.32706 40.38944
16.018334 -33.012892 39.021126
15.892285 -32.678609 37.786492
15.888587 -32.394025 36.858989
15.948873 -32.207204 36.235175
15.995005 -32.070384 35.713222
16.103252 -31.963328 35.336731
16.183335 -31.868004 34.926232
16.170907 -31.808291 34.53022
15.951637 -31.728121 33.930371
15.723131 -31.570449 33.220636
15.496568 -31.365629 32.319824
15.214176 -31.15686 31.440122
14.88019 -30.93166 30.463725
14.548078 -30.716402 29.410641
14.266457 -30.574207 28.500013
13.956804 -30.473243 27.62897
13.665655 -30.35331 26.761219
13.414784 -30.092418 25.730671
13.27317 -29.833644 24.759717
13.07517 -29.634923 23.948729
12.927952 -29.527439 23.351454
12.850191 -29.429913 22.793918
12.746323 -29.314662 22.254779
12.600731 -29.199591 21.709974
12.445653 -29.109271 21.248642
12.314089 -29.027192 20.744619
12.140716 -28.923316 20.1804
