14.34739 -4.482651 -36.146071
15.47804 -4.873198 -34.922487
17.375321 -5.001618 -33.893952
20.392897 -4.87712 -33.409767
23.830647 -4.882914 -32.658976
27.357628 -5.260479 -31.196886
30.456144 -5.293808 -30.124645
32.466125 -6.479962 -26.228616
33.358556 -8.025246 -20.846291
33.793321 -8.473764 -18.402836
33.795109 -9.382252 -14.89311
33.354115 -10.572744 -11.025821
32.962107 -11.76164 -7.439035
32.555412 -12.890673 -4.212319
32.256287 -14.014723 -1.236085
32.365642 -15.222382 2.064794
32.970659 -16.424358 5.655523
33.949342 -17.571225 9.351123
35.182008 -18.607338 13.14123
36.609522 -19.464811 16.81148
38.1248 -20.13908 20.239072
39.543933 -20.617652 23.29802
40.895256 -20.914315 25.934395
42.034908 -20.870869 27.940007
42.940284 -20.530559 29.447674
43.732682 -20.030591 30.673636
44.550949 -19.319786 31.697177
45.32757 -18.399396 32.442296
45.978207 -17.307978 32.788394
46.409814 -15.945913 32.54937
46.665195 -14.344457 31.672452
46.519627 -12.408782 29.613638
46.247559 -10.586916 27.516214
45.847214 -8.745925 25.034781
45.64985 -7.380362 23.865777
45.579696 -6.072876 22.994356
45.698685 -5.025841 23.013511
46.011215 -4.120411 23.721204
46.333275 -3.155666 24.299484
46.559202 -2.060216 24.107551
46.440141 -0.792646 22.394021
45.925505 0.521291 19.060968
44.882638 1.861166 13.799458
43.868221 3.113711 8.53109
42.944709 4.247512 3.672717
42.459676 5.193794 0.644294
42.261749 6.079373 -1.544955
42.052545 6.966507 -3.79443
41.875725 7.779154 -5.766803
41.496505 8.524791 -7.985931
40.948664 9.27637 -10.534261
39.971611 10.134449 -14.214174
39.052731 10.896453 -17.268288
38.013349 11.621941 -20.242119
37.111971 12.202992 -22.474761
36.559977 12.4496 -22.994754
36.41737 12.901 -23.503007
36.453305 13.554206 -24.387868
36.545415 14.336351 -25.666997
36.493931 15.104832 -27.066893
36.452689 15.989948 -28.89228
35.921517 16.362786 -29.89289
36.043075 15.77794 -27.311462
36.232973 14.924726 -23.838085
36.431323 14.223577 -20.720459
36.64759 13.847577 -18.299551
36.494715 13.589707 -16.718274
36.260879 13.541522 -15.980216
36.479961 13.780594 -15.423018
36.692914 13.943298 -14.252463
36.857117 14.324354 -14.092246
36.876995 14.241095 -12.946186
37.154161 13.894688 -10.45516
37.688835 13.852724 -8.490399
38.205924 13.714047 -6.50731
38.512943 13.378292 -4.274741
38.735829 13.063654 -2.180371
39.029354 12.666942 0.204513
39.163882 12.09186 3.125055
39.078164 11.686526 5.251548
38.693212 11.467951 5.89821
38.682277 11.241118 7.317835
38.795914 11.104854 8.712079
38.905774 11.034078 9.821814
38.913918 10.938849 10.624392
39.230723 10.811591 12.249666
39.640073 10.77211 13.969876
40.046296 10.74059 15.724446
40.451909 10.635875 17.719969
40.836975 10.494013 19.814466
41.279256 10.305811 22.171054
41.758716 10.053058 24.643624
42.180932 9.706496 27.204182
42.508533 9.288912 29.734084
42.75194 8.799045 32.285906
42.96764 8.262477 34.555606
43.17385 7.655994 36.885634
43.385841 7.003842 39.280456
43.642604 6.277991 41.899428
43.927223 5.48902 44.622974
44.196998 4.551639 47.470609
44.437842 3.493231 50.361418
44.64378 2.208874 53.526286
44.832951 0.777116 56.746475
44.971079 -0.861376 60.034994
45.066949 -2.666741 63.320033
45.090306 -4.62168 66.553243
45.052559 -6.684269 69.700659
44.94104 -8.850886 72.84053
44.751383 -11.103466 76.025551
44.511927 -13.312091 79.246347
44.261035 -15.411408 82.653263
43.987323 -17.257129 86.03705
43.706059 -18.887192 89.47044
43.443541 -20.273104 92.87637
43.174436 -21.376376 96.148784
42.813502 -22.301625 99.059007
42.355615 -23.095053 101.562072
41.813018 -23.7021 103.398526
41.174832 -24.179325 104.63493
40.475551 -24.570786 105.417202
39.772323 -24.87723 105.924575
39.127764 -25.131458 106.417031
38.501931 -25.380697 106.851833
38.048228 -25.627927 107.648609
37.65807 -25.893476 108.430861
37.314128 -26.206414 109.298946
36.970049 -26.51561 109.811469
36.544181 -26.854227 109.824132
35.969933 -27.217912 109.318093
35.222429 -27.580253 107.759269
34.421313 -27.928118 105.944848
33.711454 -28.242081 103.90171
33.190812 -28.511697 101.649324
32.92068 -28.745491 99.778351
32.747507 -28.981542 97.807063
32.601963 -29.218954 95.669866
32.451846 -29.45435 93.18036
32.251681 -29.69764 90.330818
32.111972 -29.960205 86.936042
32.066073 -30.230545 83.22064
32.05204 -30.477549 79.097325
32.075595 -30.668005 74.628071
32.116966 -30.761018 70.301234
31.994437 -30.676345 65.732414
31.696234 -30.365082 60.981041
31.384218 -29.939617 56.62466
31.155242 -29.346653 52.114872
31.223598 -28.859064 48.339928
31.471201 -28.364375 44.737609
31.832145 -27.875609 41.264245
32.249938 -27.481957 38.274664
32.615409 -26.912043 34.824019
32.897629 -26.228596 31.223822
33.018028 -25.493405 27.688854
33.089277 -24.836036 24.56683
33.013893 -24.224129 21.863968
33.044986 -23.862662 19.912759
33.065561 -23.586934 18.371767
33.283554 -23.35095 16.738882
33.517961 -23.080014 14.973953
33.737844 -22.839966 13.36168
33.8322 -22.684976 12.205477
33.797472 -22.50464 11.259429
33.655161 -22.290302 10.389242
33.488678 -22.069767 9.631561
33.226352 -21.81047 8.888968
33.051997 -21.626262 8.313466
32.997868 -21.515299 7.834548
32.973324 -21.447533 7.480163
32.966624 -21.425578 7.305163
32.910898 -21.356264 7.035478
32.903909 -21.25528 6.621097
32.916152 -21.190841 6.300224
33.079776 -21.14448 5.807776
33.319542 -21.14073 5.416233
33.567297 -21.272561 5.406951
33.809425 -21.476259 5.687227
34.010982 -21.726392 6.188652
34.105464 -22.051141 7.085686
34.1115 -22.47374 8.44373
34.07683 -22.934874 9.960085
34.061329 -23.393617 11.405112
34.054189 -23.884958 12.930666
34.098551 -24.249283 14.048193
34.14427 -24.596552 15.13212
34.152029 -24.938333 16.237254
34.194412 -25.294463 17.347674
34.267836 -25.659171 18.388487
34.364176 -25.995475 19.323709
34.458155 -26.309738 20.191337
34.612006 -26.542039 20.802561
34.765513 -26.704599 21.126415
34.894462 -26.876886 21.497889
35.02188 -27.076731 22.00357
35.137242 -27.267607 22.43808
35.23045 -27.453186 22.877082
35.248702 -27.658734 23.402533
35.251743 -27.94183 24.163751
35.244672 -28.296157 25.150298
35.280837 -28.657696 26.079864
35.289619 -29.010572 27.049719
35.252996 -29.188031 27.545314
35.206637 -29.289342 27.81237
35.245381 -29.369584 27.946929
35.382124 -29.509381 28.139752
35.556207 -29.764985 28.630273
35.7767 -30.134437 29.366085
35.865707 -30.175794 29.127051
36.356301 -30.729438 29.971315
36.297372 -31.858894 33.053595
36.030789 -32.857825 36.17875
35.880374 -33.545103 38.44087
35.795239 -34.2027 40.625556
35.793218 -34.79258 42.588231
35.86094 -35.309152 44.292686
35.953145 -35.724507 45.513639
36.097139 -36.201817 46.873086
36.15724 -36.680238 48.379724
36.282377 -37.038703 49.450996
36.401463 -37.37495 50.361571
36.523606 -37.720209 51.20313
36.6097 -38.055121 52.15692
36.697433 -38.42903 53.549516
36.686845 -38.734089 55.044751
36.700046 -38.934106 56.154713
36.704069 -38.989929 56.367328
36.615496 -38.939086 56.326036
36.472827 -38.716554 55.506108
36.525845 -38.66169 55.477353
36.608156 -38.469238 54.471499
36.773941 -38.111737 52.600543
36.872882 -37.660156 50.501529
36.887641 -37.186299 48.474942
36.85516 -36.513585 45.926068
36.738327 -35.617366 42.908337
36.500063 -34.491064 39.525949
36.369345 -32.884444 34.918982
35.957973 -30.912231 29.603411
35.12065 -28.822049 24.325955
34.335617 -27.130958 20.277555
33.649313 -25.425495 16.246325
33.232409 -23.824958 12.40632
32.964789 -22.463639 9.164199
32.890876 -21.265633 6.17355
33.001106 -20.134004 3.248702
33.235096 -19.129596 0.547476
33.496986 -18.194602 -1.977271
33.723662 -17.324509 -4.258842
33.907886 -16.423268 -6.523986
34.038758 -15.468981 -8.825326
34.239252 -14.494479 -11.232639
34.468621 -13.398542 -13.9346
34.712525 -12.184292 -16.871194
34.990677 -10.923259 -19.872107
35.284447 -9.600083 -22.907287
35.610176 -8.250467 -25.90855
35.987783 -6.823735 -28.90871
36.387235 -5.306288 -31.847506
36.780418 -3.725867 -34.557563
37.145993 -2.050443 -37.179675
37.425053 -0.288142 -39.687829
37.649923 1.459657 -41.946347
37.865472 3.05838 -43.82668
38.129769 4.399836 -45.345551
38.434247 5.484381 -46.437901
38.692087 6.356134 -47.12627
38.796754 6.962162 -47.224808
38.767706 7.371047 -46.839433
38.673855 7.722981 -46.22066
38.580758 8.065288 -45.476129
38.540812 8.399146 -44.681405
38.575338 8.716004 -43.773006
38.755968 8.938403 -42.799759
38.967769 9.193139 -41.98457
39.223007 9.476797 -41.35552
39.438868 9.796078 -40.871125
39.605548 10.203187 -40.608284
39.586034 10.598427 -40.316644
39.307551 10.849316 -39.78003
38.841628 10.916412 -39.035363
38.292727 10.829687 -38.172691
37.783979 10.631672 -37.314463
37.352682 10.435065 -36.603291
37.059479 10.215079 -36.028245
36.889848 9.925457 -35.429984
36.891205 9.549311 -34.838092
36.866969 8.882666 -33.801212
36.965027 8.103013 -32.737938
37.179057 7.22212 -31.601015
37.421296 6.259806 -30.352853
37.626263 5.274632 -28.911319
37.821663 4.317636 -27.463796
38.066815 3.482204 -26.141262
38.304158 2.773467 -24.925871
38.508103 1.999606 -23.475212
38.974839 1.411346 -22.501123
39.436868 0.927927 -21.634553
39.689735 0.531353 -20.967788
39.854264 0.000766 -19.936698
39.87404 -0.487912 -19.028242
39.49567 -0.735749 -18.550906
38.763517 -0.844882 -18.406479
37.731582 -0.984298 -18.119255
36.634682 -1.110304 -17.960756
35.499802 -1.253582 -17.831109
34.342062 -1.320427 -17.866163
33.264707 -1.197162 -18.268491
32.332827 -0.96557 -18.956683
31.785815 -0.854326 -19.527545
31.464741 -0.843227 -19.966569
30.814932 -0.804264 -20.481535
29.386939 -0.710488 -21.093827
28.77488 -0.738645 -21.612882
27.612464 -1.039701 -21.750621
27.473929 -1.279322 -22.027567
27.467336 -1.471691 -22.322682
27.284113 -1.869237 -22.232075
26.637483 -2.397804 -21.983853
25.203289 -2.832105 -21.896487
23.623979 -2.976636 -22.312528
22.147888 -2.960397 -22.874234
20.813526 -2.91745 -23.44126
19.725208 -3.004148 -24.030125
18.759072 -3.32977 -24.181359
17.52207 -3.621958 -24.399434
16.249071 -3.689976 -24.83977
15.506867 -3.471753 -25.602202
15.36986 -3.205637 -26.391633
15.319503 -3.060264 -26.942562
15.178015 -2.961332 -27.434166
14.535628 -2.854547 -27.901019
14.332865 -2.638999 -28.485177
14.12206 -2.556449 -28.951886
14.405768 -2.878954 -29.054187
34.00348 5.007639 -19.596359
33.42338 4.687318 -19.102864
32.891139 4.359337 -18.681738
32.347734 4.636371 -19.358357
31.958084 4.738873 -19.915782
31.324217 4.476259 -20.261486
30.648182 3.728778 -20.148245
29.693172 2.702 -19.678042
28.18287 1.824911 -19.665662
26.429954 0.218086 -18.466281
24.749153 -1.474098 -17.140751
23.333675 -2.912748 -16.249941
22.061551 -3.870893 -15.992327
21.313544 -4.152074 -16.387171
20.708105 -4.288747 -16.811435
20.048175 -4.054441 -17.667598
19.740452 -3.353235 -19.003941
19.571432 -2.796192 -20.057644
19.49122 -2.551744 -20.740102
19.210612 -2.538689 -21.103829
18.584183 -2.695506 -21.33891
17.905281 -2.863339 -21.5453
15.084662 -3.122832 -31.949676
14.953172 -3.204637 -31.964726
14.821504 -3.286557 -31.940809
14.739091 -3.290294 -32.003797
14.676593 -3.296143 -32.045655
21.405002 -2.42469 -16.367813
21.31159 -2.310112 -16.998733
21.638266 -2.180954 -17.540733
21.08981 -1.826788 -18.469116
21.249906 -1.687125 -19.203365
21.409195 -1.298968 -20.077514
21.272675 -0.625784 -21.349001
19.89915 -1.113037 -25.271175
18.91234 -1.794085 -24.91106
17.807303 -2.25724 -24.680149
16.893927 -2.16683 -24.993244
16.963246 -1.890436 -25.426024
17.22359 -1.678606 -25.777769
15.556095 -1.651326 -29.552638
