25.290001 41.660000 126.290001 -2317.000000 2035.000000 2887.000000
26.260000 41.610001 125.120003 -2376.000000 2120.000000 2717.000000
26.990000 41.470001 123.760002 -2413.000000 1983.000000 2809.000000
27.530001 41.270000 122.169998 -2621.000000 1802.000000 2780.000000
27.990000 41.020000 120.489998 -2658.000000 1729.000000 2851.000000
28.420000 40.860001 118.809998 -2710.000000 1724.000000 2748.000000
28.910000 40.790001 117.199997 -2555.000000 1820.000000 2452.000000
29.410000 40.840000 115.660004 -2603.000000 1833.000000 2357.000000
29.969999 41.020000 114.220001 -2561.000000 1813.000000 2277.000000
30.540001 41.279999 112.830002 -2413.000000 1829.000000 2316.000000
31.080000 41.610001 111.500000 -2354.000000 1810.000000 2306.000000
31.650000 42.029999 110.269997 -2427.000000 1922.000000 2155.000000
32.230000 42.480000 109.139999 -2605.000000 2024.000000 1957.000000
32.750000 42.970001 108.099998 -2764.000000 2039.000000 1876.000000
33.169998 43.549999 107.139999 -2895.000000 1954.000000 1654.000000
33.500000 44.230000 106.320000 -2900.000000 1748.000000 1538.000000
33.790001 44.990002 105.690002 -2916.000000 1620.000000 1467.000000
34.049999 45.840000 105.230003 -3013.000000 1535.000000 1462.000000
34.320000 46.830002 104.940002 -3071.000000 1477.000000 1423.000000
34.560001 47.939999 104.809998 -3117.000000 1428.000000 1370.000000
34.820000 49.150002 104.849998 -3306.000000 1341.000000 1297.000000
35.119999 50.450001 105.120003 -3471.000000 1167.000000 1300.000000
35.500000 51.830002 105.639999 -3461.000000 1025.000000 1238.000000
36.000000 53.270000 106.400002 -3316.000000 960.000000 1033.000000
36.610001 54.720001 107.360001 -3365.000000 966.000000 911.000000
37.369999 56.099998 108.529999 -3453.000000 1096.000000 744.000000
38.270000 57.380001 109.889999 -3494.000000 1162.000000 621.000000
39.200001 58.599998 111.320000 -3661.000000 1164.000000 559.000000
40.080002 59.750000 112.690002 -3925.000000 1081.000000 409.000000
40.830002 60.779999 113.860001 -4206.000000 1010.000000 396.000000
41.279999 61.630001 114.669998 -4253.000000 884.000000 348.000000
41.200001 62.279999 114.809998 -4352.000000 814.000000 379.000000
40.500000 62.700001 114.190002 -4096.000000 807.000000 758.000000
39.279999 62.869999 112.940002 -3780.000000 806.000000 1027.000000
37.779999 62.860001 111.370003 -3447.000000 808.000000 1235.000000
36.180000 62.759998 109.639999 -3235.000000 727.000000 1484.000000
34.639999 62.599998 107.980003 -3054.000000 712.000000 1638.000000
33.169998 62.470001 106.430000 -3173.000000 526.000000 1814.000000
31.860001 62.389999 105.019997 -3450.000000 320.000000 1870.000000
30.700001 62.360001 103.709999 -3667.000000 253.000000 1838.000000
29.610001 62.330002 102.389999 -3848.000000 388.000000 1759.000000
28.520000 62.250000 100.970001 -3891.000000 355.000000 1778.000000
27.370001 62.070000 99.389999 -3821.000000 334.000000 1841.000000
26.230000 61.810001 97.750000 -3774.000000 386.000000 2076.000000
25.170000 61.520000 96.190002 -3769.000000 182.000000 2406.000000
24.400000 61.380001 94.940002 -3931.000000 13.000000 2259.000000
24.110001 61.380001 94.430000 -4284.000000 -155.000000 2425.000000
24.430000 61.570000 94.529999 -4734.000000 371.000000 1942.000000
24.840000 61.830002 94.680000 -4593.000000 849.000000 1801.000000
25.170000 61.919998 94.750000 -4476.000000 965.000000 1743.000000
25.260000 61.779999 94.629997 -4177.000000 740.000000 1682.000000
25.200001 61.509998 94.389999 -3835.000000 604.000000 1722.000000
25.070000 61.290001 94.129997 -3385.000000 502.000000 1836.000000
25.200001 61.349998 94.150002 -3266.000000 590.000000 1640.000000
25.700001 61.720001 94.589996 -3518.000000 550.000000 1416.000000
26.580000 62.259998 95.449997 -4142.000000 769.000000 1163.000000
27.580000 62.810001 96.459999 -4471.000000 795.000000 1230.000000
28.650000 63.279999 97.550003 -4440.000000 851.000000 1224.000000
29.780001 63.660000 98.690002 -4487.000000 977.000000 1237.000000
31.000000 63.959999 99.970001 -4525.000000 1060.000000 1229.000000
32.259998 64.019997 101.379997 -4644.000000 1222.000000 1063.000000
33.470001 63.939999 102.739998 -4580.000000 1309.000000 1058.000000
34.610001 63.750000 104.059998 -4481.000000 1366.000000 1089.000000
35.709999 63.490002 105.370003 -4395.000000 1420.000000 1106.000000
36.810001 63.169998 106.730003 -4282.000000 1535.000000 1040.000000
37.919998 62.820000 108.120003 -4153.000000 1607.000000 1027.000000
39.049999 62.480000 109.540001 -4028.000000 1660.000000 1064.000000
40.230000 62.169998 111.050003 -3900.000000 1747.000000 1035.000000
41.430000 61.910000 112.599998 -3991.000000 1789.000000 1046.000000
42.570000 61.680000 114.150002 -4113.000000 1746.000000 1037.000000
43.610001 61.419998 115.650002 -4057.000000 1701.000000 1075.000000
44.560001 61.139999 117.099998 -4007.000000 1789.000000 1050.000000
45.430000 60.820000 118.540001 -3924.000000 1833.000000 974.000000
46.220001 60.480000 119.970001 -3835.000000 1804.000000 1038.000000
46.910000 60.119999 121.360001 -3669.000000 1738.000000 1185.000000
47.590000 59.770000 122.809998 -3507.000000 1696.000000 1293.000000
48.290001 59.410000 124.309998 -3402.000000 1706.000000 1309.000000
48.980000 59.040001 125.870003 -3324.000000 1796.000000 1317.000000
49.669998 58.669998 127.449997 -3217.000000 1875.000000 1146.000000
50.299999 58.299999 129.000000 -3079.000000 1905.000000 998.000000
50.900002 57.930000 130.539993 -2922.000000 1934.000000 818.000000
51.470001 57.570000 132.080002 -2863.000000 1996.000000 682.000000
52.040001 57.250000 133.639999 -2898.000000 2080.000000 583.000000
52.599998 56.959999 135.220001 -3043.000000 2101.000000 566.000000
53.130001 56.720001 136.809998 -3169.000000 2067.000000 550.000000
53.639999 56.520000 138.389999 -3229.000000 2059.000000 551.000000
54.070000 56.330002 139.910004 -3280.000000 2083.000000 483.000000
54.430000 56.150002 141.350006 -3251.000000 2097.000000 448.000000
54.689999 55.959999 142.750000 -3160.000000 2091.000000 454.000000
54.880001 55.759998 144.089996 -3036.000000 2074.000000 502.000000
55.009998 55.580002 145.380005 -2843.000000 2034.000000 583.000000
55.130001 55.400002 146.679993 -2644.000000 2063.000000 535.000000
55.279999 55.250000 148.009995 -2615.000000 2057.000000 543.000000
55.419998 55.139999 149.360001 -2723.000000 2022.000000 571.000000
55.529999 55.080002 150.690002 -2854.000000 1980.000000 665.000000
55.590000 55.049999 151.979996 -2876.000000 1905.000000 682.000000
55.610001 55.060001 153.259995 -2900.000000 1800.000000 712.000000
55.599998 55.099998 154.529999 -2946.000000 1715.000000 767.000000
55.599998 55.180000 155.809998 -3005.000000 1667.000000 714.000000
55.610001 55.310001 157.110001 -3043.000000 1564.000000 736.000000
55.630001 55.480000 158.440002 -3109.000000 1478.000000 734.000000
55.639999 55.680000 159.779999 -3094.000000 1412.000000 762.000000
55.650002 55.900002 161.070007 -3019.000000 1464.000000 793.000000
55.630001 56.110001 162.350006 -2875.000000 1517.000000 892.000000
55.630001 56.330002 163.630005 -2782.000000 1568.000000 902.000000
55.610001 56.570000 164.919998 -2808.000000 1545.000000 968.000000
55.529999 56.830002 166.110001 -2926.000000 1496.000000 1017.000000
55.270000 57.070000 167.110001 -3027.000000 1458.000000 1173.000000
54.799999 57.290001 167.880005 -2988.000000 1417.000000 1300.000000
54.200001 57.480000 168.490005 -2799.000000 1377.000000 1293.000000
53.540001 57.650002 169.039993 -2730.000000 1359.000000 1261.000000
52.880001 57.840000 169.570007 -2793.000000 1305.000000 1212.000000
52.240002 58.080002 170.119995 -3006.000000 1289.000000 1174.000000
51.630001 58.349998 170.699997 -3151.000000 1220.000000 1069.000000
51.020000 58.650002 171.259995 -3240.000000 1142.000000 1053.000000
50.320000 58.980000 171.699997 -3308.000000 1058.000000 1225.000000
49.520000 59.320000 171.990005 -3368.000000 1005.000000 1359.000000
48.570000 59.669998 172.110001 -3382.000000 932.000000 1555.000000
47.549999 60.000000 172.139999 -3274.000000 849.000000 1564.000000
46.490002 60.340000 172.070007 -3118.000000 765.000000 1538.000000
45.419998 60.680000 171.970001 -3077.000000 706.000000 1523.000000
44.400002 61.070000 171.899994 -3092.000000 640.000000 1459.000000
43.400002 61.490002 171.779999 -3269.000000 609.000000 1491.000000
42.430000 61.919998 171.649994 -3429.000000 639.000000 1437.000000
41.410000 62.349998 171.410004 -3526.000000 626.000000 1536.000000
40.220001 62.759998 170.990005 -3582.000000 492.000000 1744.000000
38.970001 63.180000 170.490005 -3611.000000 277.000000 1850.000000
37.810001 63.650002 170.050003 -3654.000000 83.000000 1924.000000
36.810001 64.190002 169.729996 -3645.000000 53.000000 1762.000000
35.910000 64.730003 169.389999 -3679.000000 199.000000 1566.000000
34.869999 65.190002 168.820007 -3698.000000 365.000000 1538.000000
33.509998 65.489998 167.850006 -3565.000000 469.000000 1585.000000
31.750000 65.650002 166.460007 -3641.000000 322.000000 1885.000000
29.809999 65.730003 164.869995 -3688.000000 50.000000 2121.000000
27.900000 65.809998 163.330002 -3801.000000 -209.000000 2244.000000
26.150000 65.930000 161.919998 -3813.000000 -203.000000 2122.000000
24.629999 66.080002 160.690002 -3719.000000 24.000000 1780.000000
23.200001 66.230003 159.509995 -3683.000000 149.000000 1624.000000
21.730000 66.370003 158.250000 -3686.000000 53.000000 1577.000000
20.150000 66.519997 156.880005 -3730.000000 -135.000000 1536.000000
18.480000 66.650002 155.419998 -3780.000000 -232.000000 1687.000000
16.900000 66.769997 154.020004 -3680.000000 -226.000000 1695.000000
15.430000 66.879997 152.720001 -3610.000000 -178.000000 1634.000000
14.020000 67.010002 151.479996 -3662.000000 -249.000000 1590.000000
12.620000 67.190002 150.229996 -3827.000000 -396.000000 1600.000000
11.150000 67.389999 148.910004 -3887.000000 -546.000000 1529.000000
9.630000 67.559998 147.520004 -3833.000000 -562.000000 1518.000000
8.090000 67.650002 146.100006 -3808.000000 -488.000000 1584.000000
6.540000 67.629997 144.669998 -3821.000000 -501.000000 1721.000000
5.010000 67.519997 143.300003 -3773.000000 -578.000000 1804.000000
3.500000 67.360001 141.970001 -3811.000000 -682.000000 1814.000000
2.100000 67.139999 140.740005 -3954.000000 -686.000000 1662.000000
0.770000 66.830002 139.570007 -3998.000000 -689.000000 1552.000000
-0.490000 66.400002 138.479996 -3802.000000 -686.000000 1538.000000
-1.650000 65.860001 137.479996 -3410.000000 -629.000000 1677.000000
-2.690000 65.279999 136.589996 -3267.000000 -469.000000 1808.000000
-3.660000 64.610001 135.750000 -2988.000000 -622.000000 2535.000000
-4.240000 64.129997 135.270004 -4797.000000 -1117.000000 3480.000000
-3.740000 64.169998 135.800003 -5684.000000 20.000000 2130.000000
-3.520000 64.320000 136.089996 -6559.000000 -175.000000 2508.000000
-3.660000 63.970001 136.000000 -5194.000000 -224.000000 2223.000000
-3.590000 63.330002 136.130005 -3721.000000 -264.000000 2142.000000
-3.620000 62.709999 136.190002 -3196.000000 -334.000000 2115.000000
-3.720000 62.250000 136.139999 -3153.000000 -164.000000 1939.000000
-3.780000 61.880001 136.119995 -3131.000000 20.000000 1807.000000
-3.890000 61.430000 136.050003 -3104.000000 0.000000 2442.000000
-4.050000 61.049999 135.820007 -2578.000000 3.000000 2370.000000
-4.500000 60.900002 135.320007 -3094.000000 -147.000000 2228.000000
-4.840000 60.840000 134.949997 -3513.000000 -20.000000 2004.000000
-5.080000 60.730000 134.710007 -3738.000000 23.000000 1910.000000
-5.390000 60.590000 134.380005 -3900.000000 113.000000 1796.000000
-5.690000 60.410000 134.039993 -3873.000000 175.000000 1812.000000
-5.990000 60.189999 133.710007 -3752.000000 27.000000 1796.000000
-6.300000 59.970001 133.389999 -3690.000000 -96.000000 1809.000000
-6.540000 59.759998 133.119995 -3572.000000 -62.000000 1904.000000
-6.720000 59.610001 132.889999 -3462.000000 -8.000000 2010.000000
-6.880000 59.520000 132.699997 -3419.000000 -30.000000 2143.000000
-7.000000 59.529999 132.550003 -3549.000000 -28.000000 2216.000000
-7.120000 59.590000 132.419998 -3752.000000 -80.000000 2360.000000
-7.240000 59.660000 132.300003 -3931.000000 -184.000000 2455.000000
-7.390000 59.689999 132.169998 -3942.000000 -362.000000 2559.000000
-7.570000 59.700001 132.029999 -3732.000000 -508.000000 2561.000000
-7.760000 59.720001 131.869995 -3584.000000 -718.000000 2427.000000
-7.940000 59.770000 131.750000 -3444.000000 -991.000000 2574.000000
-8.030000 59.869999 131.710007 -3271.000000 -1146.000000 2565.000000
-8.050000 60.080002 131.710007 -3334.000000 -1329.000000 2601.000000
-8.010000 60.419998 131.710007 -3526.000000 -1327.000000 2355.000000
-7.860000 60.849998 131.789993 -3862.000000 -1394.000000 2457.000000
-7.600000 61.220001 131.899994 -4121.000000 -1260.000000 2511.000000
-7.240000 61.439999 132.070007 -4266.000000 -1114.000000 2534.000000
-6.830000 61.480000 132.300003 -4309.000000 -1037.000000 2493.000000
-6.460000 61.349998 132.520004 -4141.000000 -1053.000000 2334.000000
-6.130000 61.150002 132.729996 -4029.000000 -1017.000000 2117.000000
-5.820000 60.939999 132.929993 -3920.000000 -995.000000 2006.000000
-5.510000 60.770000 133.100006 -3820.000000 -1025.000000 1939.000000
-5.210000 60.669998 133.210007 -3643.000000 -1091.000000 1957.000000
-4.880000 60.599998 133.309998 -3724.000000 -1098.000000 2059.000000
-4.460000 60.490002 133.479996 -3804.000000 -1045.000000 2032.000000
-3.880000 60.299999 133.809998 -3804.000000 -970.000000 1945.000000
-3.160000 60.009998 134.300003 -3691.000000 -821.000000 1862.000000
-2.350000 59.610001 134.869995 -3570.000000 -650.000000 1855.000000
-1.450000 59.130001 135.500000 -3463.000000 -470.000000 1798.000000
-0.550000 58.610001 136.139999 -3349.000000 -409.000000 1830.000000
0.250000 58.080002 136.740005 -3230.000000 -500.000000 1883.000000
0.980000 57.560001 137.279999 -3067.000000 -585.000000 1884.000000
1.640000 57.119999 137.779999 -2929.000000 -640.000000 1794.000000
2.270000 56.770000 138.270004 -2950.000000 -608.000000 1672.000000
2.920000 56.490002 138.809998 -3034.000000 -491.000000 1571.000000
3.630000 56.279999 139.399994 -3190.000000 -270.000000 1499.000000
4.380000 56.049999 140.000000 -3211.000000 -41.000000 1458.000000
5.090000 55.779999 140.539993 -3268.000000 141.000000 1406.000000
5.740000 55.419998 140.979996 -3233.000000 250.000000 1407.000000
6.240000 54.959999 141.309998 -3210.000000 167.000000 1418.000000
6.620000 54.410000 141.529999 -3131.000000 55.000000 1420.000000
6.910000 53.810001 141.679993 -3042.000000 -7.000000 1468.000000
7.200000 53.160000 141.770004 -2982.000000 116.000000 1576.000000
7.580000 52.500000 141.850006 -2781.000000 355.000000 1604.000000
8.060000 51.889999 141.960007 -2610.000000 639.000000 1580.000000
8.590000 51.360001 142.059998 -2477.000000 787.000000 1614.000000
9.080000 50.939999 142.100006 -2445.000000 812.000000 1502.000000
9.450000 50.610001 142.009995 -2627.000000 746.000000 1495.000000
9.720000 50.299999 141.770004 -2733.000000 681.000000 1552.000000
9.930000 49.939999 141.429993 -2822.000000 713.000000 1795.000000
10.210000 49.480000 141.089996 -2717.000000 963.000000 1951.000000
10.640000 48.939999 140.789993 -2507.000000 1359.000000 1934.000000
11.090000 48.369999 140.479996 -2362.000000 1667.000000 1933.000000
11.440000 47.820000 140.119995 -2273.000000 1748.000000 1883.000000
11.570000 47.389999 139.639999 -2372.000000 1509.000000 1755.000000
11.530000 47.070000 139.070007 -2479.000000 1286.000000 1603.000000
11.490000 46.840000 138.520004 -2579.000000 1277.000000 1585.000000
11.620000 46.630001 138.059998 -2753.000000 1653.000000 1747.000000
11.920000 46.450001 137.669998 -2757.000000 2227.000000 1769.000000
12.220000 46.290001 137.279999 -2747.000000 2619.000000 2006.000000
12.370000 46.150002 136.820007 -2605.000000 2586.000000 2285.000000
12.250000 46.000000 136.240005 -2431.000000 2103.000000 2505.000000
11.870000 45.849998 135.529999 -2455.000000 1534.000000 2631.000000
11.350000 45.720001 134.779999 -2571.000000 1111.000000 2710.000000
10.930000 45.590000 134.080002 -2562.000000 1044.000000 2640.000000
10.680000 45.480000 133.500000 -2609.000000 1175.000000 2514.000000
10.510000 45.400002 132.990005 -2781.000000 1414.000000 2456.000000
10.510000 45.470001 132.619995 -3063.000000 1895.000000 2370.000000
10.470000 45.680000 132.229996 -3040.000000 1927.000000 2317.000000
10.260000 45.950001 131.690002 -3181.000000 1709.000000 2378.000000
9.890000 46.130001 131.000000 -3333.000000 1409.000000 2545.000000
9.420000 46.139999 130.210007 -3407.000000 1197.000000 2752.000000
8.980000 46.000000 129.419998 -3311.000000 1121.000000 2872.000000
8.610000 45.750000 128.710007 -3077.000000 1184.000000 2838.000000
8.320000 45.459999 128.089996 -2810.000000 1275.000000 2717.000000
8.080000 45.169998 127.550003 -2705.000000 1386.000000 2904.000000
7.940000 44.919998 127.129997 -2409.000000 1490.000000 2757.000000
7.750000 44.759998 126.739998 -2341.000000 1442.000000 2697.000000
7.530000 44.720001 126.370003 -2431.000000 1417.000000 2646.000000
7.310000 44.759998 126.080002 -2452.000000 1414.000000 2624.000000
7.060000 44.889999 125.839996 -2452.000000 1311.000000 2640.000000
6.760000 45.080002 125.629997 -2506.000000 1219.000000 2689.000000
6.460000 45.230000 125.489998 -2685.000000 1074.000000 2832.000000
6.020000 45.340000 125.320000 -2992.000000 727.000000 3048.000000
5.590000 45.480000 125.220001 -3293.000000 460.000000 3198.000000
5.380000 45.400002 125.309998 -3739.000000 172.000000 5932.000000
5.630000 45.020000 125.830002 -6106.000000 -58.000000 5723.000000
6.030000 44.560001 126.430000 -7619.000000 284.000000 4726.000000
6.910000 44.500000 127.260002 -5809.000000 1184.000000 3096.000000
7.730000 44.290001 127.940002 -2865.000000 1443.000000 2224.000000
8.220000 43.770000 128.229996 -811.000000 1226.000000 2547.000000
8.380000 43.369999 128.240005 117.000000 1051.000000 2608.000000
8.230000 43.080002 128.080002 -1068.000000 808.000000 2789.000000
7.860000 43.060001 127.889999 -2573.000000 316.000000 2696.000000
7.410000 43.119999 127.699997 -3953.000000 0.000000 2847.000000
7.070000 43.119999 127.519997 -4571.000000 -92.000000 2943.000000
6.980000 42.970001 127.410004 -4194.000000 115.000000 2823.000000
7.040000 42.639999 127.379997 -3255.000000 296.000000 2825.000000
7.160000 42.189999 127.410004 -2443.000000 417.000000 2822.000000
7.290000 41.669998 127.430000 -2118.000000 441.000000 2888.000000
7.400000 41.180000 127.449997 -2190.000000 401.000000 3056.000000
7.500000 40.779999 127.480003 -2437.000000 368.000000 3080.000000
7.610000 40.470001 127.540001 -2701.000000 351.000000 3053.000000
7.760000 40.200001 127.650002 -2773.000000 354.000000 3125.000000
7.960000 39.950001 127.769997 -2736.000000 415.000000 3092.000000
8.200000 39.709999 127.930000 -2606.000000 502.000000 3000.000000
8.450000 39.459999 128.070007 -2560.000000 553.000000 3003.000000
8.710000 39.189999 128.210007 -2493.000000 574.000000 3078.000000
8.980000 38.919998 128.330002 -2451.000000 637.000000 3138.000000
9.240000 38.660000 128.440002 -2363.000000 669.000000 3157.000000
9.470000 38.459999 128.500000 -2367.000000 696.000000 3178.000000
9.690000 38.310001 128.539993 -2407.000000 721.000000 3150.000000
9.860000 38.209999 128.570007 -2456.000000 674.000000 3092.000000
9.980000 38.160000 128.559998 -2555.000000 610.000000 3116.000000
10.100000 38.130001 128.529999 -2559.000000 573.000000 3046.000000
10.200000 38.110001 128.470001 -2637.000000 553.000000 3071.000000
10.340000 38.099998 128.410004 -2654.000000 590.000000 2976.000000
10.500000 38.070000 128.350006 -2607.000000 602.000000 3006.000000
10.650000 38.009998 128.300003 -2574.000000 588.000000 2956.000000
10.810000 37.939999 128.220001 -2620.000000 630.000000 2976.000000
11.000000 37.849998 128.149994 -2573.000000 690.000000 3004.000000
