21.080000 25.469999 131.509995 -1588.000000 1353.000000 3992.000000
20.990000 25.190001 131.410004 -1632.000000 1408.000000 4136.000000
20.910000 24.850000 131.289993 -1747.000000 1464.000000 4136.000000
20.889999 24.490000 131.210007 -1609.000000 1647.000000 3830.000000
20.830000 24.240000 131.179993 -1195.000000 1534.000000 3889.000000
20.809999 24.330000 131.179993 -833.000000 1441.000000 4053.000000
20.809999 24.510000 131.210007 -743.000000 1402.000000 4037.000000
20.820000 24.799999 131.270004 -920.000000 1316.000000 4148.000000
20.900000 25.170000 131.350006 -1359.000000 1327.000000 4215.000000
21.000000 25.570000 131.429993 -1712.000000 1169.000000 4724.000000
21.170000 25.980000 131.520004 -1695.000000 1132.000000 4639.000000
21.480000 26.389999 131.649994 -1509.000000 1441.000000 4273.000000
21.850000 26.770000 131.759995 -1545.000000 1466.000000 4347.000000
22.260000 27.150000 131.850006 -1652.000000 1434.000000 4179.000000
22.719999 27.590000 131.899994 -1897.000000 1440.000000 3928.000000
23.150000 27.930000 131.869995 -1955.000000 1381.000000 3965.000000
23.639999 27.830000 131.610001 -1287.000000 2281.000000 4014.000000
23.920000 27.209999 130.940002 -1770.000000 1796.000000 3972.000000
24.170000 26.309999 130.160004 -1772.000000 1800.000000 3614.000000
24.440001 25.150000 129.309998 -1017.000000 1993.000000 3373.000000
24.639999 23.850000 128.250000 -626.000000 2057.000000 3280.000000
24.790001 22.459999 126.989998 -355.000000 2054.000000 3265.000000
24.910000 20.990000 125.620003 -115.000000 1989.000000 3319.000000
25.030001 19.510000 124.180000 71.000000 1935.000000 3429.000000
25.170000 18.150000 122.739998 181.000000 1971.000000 3437.000000
25.340000 16.959999 121.309998 216.000000 2024.000000 3352.000000
25.530001 15.950000 119.889999 125.000000 2059.000000 3373.000000
25.730000 15.120000 118.489998 -186.000000 2030.000000 3375.000000
25.910000 14.460000 117.089996 -331.000000 1953.000000 3328.000000
26.059999 13.950000 115.739998 -269.000000 1900.000000 3248.000000
26.200001 13.570000 114.389999 -225.000000 1918.000000 3054.000000
26.290001 13.340000 113.080002 -117.000000 1875.000000 2877.000000
26.320000 13.320000 111.860001 -393.000000 1743.000000 2803.000000
26.290001 13.500000 110.680000 -866.000000 1629.000000 2802.000000
26.180000 13.780000 109.500000 -1348.000000 1505.000000 2797.000000
26.000000 14.040000 108.339996 -1690.000000 1463.000000 2843.000000
25.760000 14.200000 107.139999 -1947.000000 1474.000000 2811.000000
25.469999 14.240000 105.889999 -2015.000000 1507.000000 2760.000000
25.110001 14.140000 104.610001 -1829.000000 1500.000000 2794.000000
24.680000 13.940000 103.300003 -1559.000000 1477.000000 3040.000000
24.170000 13.700000 101.989998 -1361.000000 1340.000000 3159.000000
23.580000 13.490000 100.760002 -1218.000000 1165.000000 3153.000000
22.920000 13.380000 99.660004 -1358.000000 849.000000 3280.000000
22.250000 13.370000 98.660004 -1677.000000 591.000000 3294.000000
21.610001 13.410000 97.779999 -1900.000000 481.000000 3321.000000
20.990000 13.500000 96.989998 -2023.000000 506.000000 3317.000000
20.389999 13.580000 96.279999 -2069.000000 593.000000 3417.000000
19.820000 13.650000 95.620003 -2100.000000 754.000000 3471.000000
19.270000 13.670000 95.000000 -2129.000000 819.000000 3615.000000
18.690001 13.650000 94.419998 -1996.000000 735.000000 3781.000000
18.120001 13.580000 93.889999 -2094.000000 708.000000 3990.000000
17.549999 13.460000 93.379997 -2092.000000 577.000000 4076.000000
16.980000 13.320000 92.900002 -1814.000000 543.000000 4023.000000
16.430000 13.200000 92.430000 -1450.000000 590.000000 3815.000000
15.870000 13.090000 91.989998 -1059.000000 528.000000 3826.000000
15.340000 13.100000 91.629997 -1038.000000 461.000000 3708.000000
14.890000 13.230000 91.339996 -1241.000000 473.000000 3668.000000
14.530000 13.420000 91.089996 -1402.000000 594.000000 3583.000000
14.210000 13.580000 90.839996 -1349.000000 719.000000 3610.000000
13.910000 13.650000 90.540001 -1313.000000 778.000000 3758.000000
13.620000 13.660000 90.220001 -1371.000000 781.000000 3921.000000
13.320000 13.580000 89.879997 -1253.000000 776.000000 4129.000000
13.030000 13.440000 89.519997 -1072.000000 745.000000 4226.000000
12.740000 13.290000 89.160004 -987.000000 680.000000 4225.000000
12.500000 13.180000 88.800003 -997.000000 630.000000 4139.000000
12.290000 13.070000 88.440002 -894.000000 651.000000 4037.000000
12.050000 12.970000 88.099998 -680.000000 372.000000 4060.000000
11.820000 12.920000 87.820000 -598.000000 279.000000 4161.000000
11.750000 13.120000 87.559998 -1194.000000 615.000000 4051.000000
11.770000 13.480000 87.410004 -1727.000000 725.000000 4021.000000
11.810000 13.760000 87.290001 -1821.000000 809.000000 3916.000000
11.790000 13.830000 87.110001 -1553.000000 768.000000 4204.000000
11.760000 13.700000 86.910004 -1094.000000 749.000000 4412.000000
11.790000 13.520000 86.720001 -880.000000 899.000000 4367.000000
11.850000 13.390000 86.550003 -688.000000 898.000000 4234.000000
11.970000 13.440000 86.370003 -1021.000000 903.000000 3939.000000
12.140000 13.460000 86.230003 -856.000000 1095.000000 3831.000000
12.280000 13.480000 86.059998 -909.000000 987.000000 3808.000000
12.390000 13.420000 85.879997 -782.000000 1014.000000 3908.000000
12.540000 13.330000 85.720001 -734.000000 1049.000000 3800.000000
12.660000 13.170000 85.519997 -679.000000 1002.000000 3839.000000
12.770000 12.960000 85.339996 -425.000000 1094.000000 4000.000000
12.900000 12.810000 85.139999 -588.000000 1046.000000 3858.000000
13.010000 12.730000 84.940002 -719.000000 1040.000000 3788.000000
13.140000 12.620000 84.790001 -575.000000 1148.000000 3885.000000
13.230000 12.550000 84.629997 -665.000000 1061.000000 3935.000000
13.310000 12.500000 84.480003 -531.000000 1058.000000 3974.000000
13.370000 12.560000 84.309998 -731.000000 961.000000 3862.000000
13.460000 12.740000 84.169998 -946.000000 1021.000000 3712.000000
13.550000 12.890000 84.059998 -1075.000000 1018.000000 3679.000000
13.570000 12.900000 83.889999 -917.000000 921.000000 3953.000000
13.640000 12.890000 83.720001 -1001.000000 990.000000 3707.000000
13.700000 12.850000 83.599998 -1006.000000 1028.000000 3767.000000
13.790000 12.650000 83.470001 -775.000000 1100.000000 3849.000000
13.820000 12.420000 83.309998 -702.000000 985.000000 3862.000000
13.900000 12.220000 83.180000 -562.000000 1093.000000 3747.000000
13.970000 12.090000 83.089996 -674.000000 1116.000000 3781.000000
14.040000 12.000000 83.000000 -733.000000 1091.000000 3783.000000
14.070000 11.910000 82.930000 -672.000000 1058.000000 3857.000000
14.110000 11.870000 82.870003 -732.000000 1077.000000 3788.000000
14.110000 11.820000 82.809998 -676.000000 983.000000 3789.000000
14.070000 11.850000 82.720001 -839.000000 884.000000 3806.000000
14.000000 11.920000 82.660004 -1018.000000 817.000000 3764.000000
13.910000 11.910000 82.580002 -885.000000 752.000000 3612.000000
13.800000 11.860000 82.480003 -841.000000 778.000000 3586.000000
13.720000 11.740000 82.410004 -727.000000 844.000000 3578.000000
13.600000 11.620000 82.309998 -734.000000 783.000000 3672.000000
13.470000 11.520000 82.199997 -792.000000 747.000000 3746.000000
13.340000 11.400000 82.089996 -816.000000 736.000000 3793.000000
13.180000 11.240000 81.949997 -802.000000 631.000000 3727.000000
13.060000 11.000000 81.820000 -699.000000 729.000000 3783.000000
12.960000 10.720000 81.690002 -594.000000 794.000000 3749.000000
12.810000 10.290000 81.550003 -177.000000 652.000000 3931.000000
12.690000 9.830000 81.430000 178.000000 666.000000 4134.000000
12.570000 9.480000 81.309998 157.000000 624.000000 4042.000000
12.480000 9.280000 81.199997 -78.000000 669.000000 4186.000000
12.400000 9.230000 81.050003 -311.000000 652.000000 4124.000000
12.330000 9.260000 80.879997 -278.000000 628.000000 4107.000000
12.300000 9.370000 80.669998 -293.000000 677.000000 4218.000000
12.270000 9.600000 80.449997 -417.000000 626.000000 4302.000000
12.240000 9.960000 80.230003 -611.000000 521.000000 4471.000000
12.220000 10.460000 80.029999 -843.000000 414.000000 4646.000000
12.260000 11.050000 79.820000 -895.000000 346.000000 4590.000000
12.330000 11.800000 79.680000 -1037.000000 377.000000 4522.000000
12.500000 12.670000 79.559998 -1135.000000 503.000000 4386.000000
12.750000 13.630000 79.449997 -1087.000000 626.000000 4246.000000
13.040000 14.710000 79.410004 -1106.000000 702.000000 4272.000000
13.380000 15.860000 79.430000 -989.000000 724.000000 4263.000000
13.760000 17.150000 79.510002 -900.000000 726.000000 4218.000000
14.220000 18.650000 79.699997 -1010.000000 806.000000 4077.000000
14.780000 20.420000 80.000000 -1201.000000 818.000000 3795.000000
15.460000 22.459999 80.419998 -1434.000000 882.000000 3426.000000
16.250000 24.690001 81.000000 -1693.000000 966.000000 3202.000000
17.190001 27.040001 81.769997 -1762.000000 1178.000000 2675.000000
18.209999 29.520000 82.709999 -1822.000000 1287.000000 2368.000000
19.320000 32.150002 83.830002 -1915.000000 1303.000000 1995.000000
20.530001 34.889999 85.199997 -2029.000000 1306.000000 1665.000000
21.870001 37.720001 86.779999 -2155.000000 1311.000000 1366.000000
23.370001 40.619999 88.629997 -2250.000000 1332.000000 1103.000000
25.110001 43.560001 90.790001 -2260.000000 1422.000000 906.000000
27.120001 46.540001 93.320000 -2369.000000 1452.000000 672.000000
29.459999 49.549999 96.250000 -2615.000000 1572.000000 459.000000
32.189999 52.470001 99.639999 -2674.000000 1741.000000 141.000000
35.389999 55.250000 103.550003 -2618.000000 1827.000000 -58.000000
39.130001 57.910000 108.089996 -2741.000000 1881.000000 -382.000000
43.560001 60.410000 113.370003 -2921.000000 1884.000000 -801.000000
48.720001 62.680000 119.480003 -3171.000000 1831.000000 -859.000000
54.750000 64.690002 126.470001 -3394.000000 1838.000000 -1114.000000
61.509998 66.320000 134.229996 -3601.000000 1912.000000 -1186.000000
68.839996 67.529999 142.580002 -3556.000000 1898.000000 -1206.000000
76.589996 68.320000 151.369995 -3466.000000 1812.000000 -1385.000000
84.230003 68.660004 160.089996 -3513.000000 1843.000000 -1280.000000
91.629997 68.650002 168.589996 -3532.000000 1848.000000 -1446.000000
98.620003 68.309998 176.729996 -3603.000000 1792.000000 -1419.000000
105.150002 67.669998 -175.550003 -3727.000000 1801.000000 -1372.000000
111.250000 66.760002 -168.199997 -3825.000000 1786.000000 -1294.000000
116.709999 65.610001 -161.509995 -4156.000000 1904.000000 -1166.000000
121.430000 64.320000 -155.550003 -4367.000000 1922.000000 -1057.000000
125.500000 62.880001 -150.259995 -4321.000000 1905.000000 -1136.000000
128.949997 61.349998 -145.610001 -4232.000000 1919.000000 -1193.000000
131.910004 59.720001 -141.419998 -4173.000000 1985.000000 -1518.000000
134.479996 58.009998 -137.630005 -4141.000000 1977.000000 -1811.000000
136.630005 56.270000 -134.220001 -4124.000000 1905.000000 -2077.000000
138.410004 54.610001 -131.199997 -4500.000000 1822.000000 -2117.000000
139.770004 53.099998 -128.589996 -4647.000000 1883.000000 -2444.000000
140.880005 51.799999 -126.330002 -4902.000000 1743.000000 -2373.000000
141.229996 50.880001 -124.849998 -4481.000000 1922.000000 -1580.000000
141.649994 50.000000 -123.410004 -4362.000000 1722.000000 -2151.000000
141.770004 49.240002 -122.250000 -4059.000000 1780.000000 -1455.000000
142.039993 48.360001 -120.970001 -4047.000000 1758.000000 -2108.000000
142.190002 47.500000 -119.760002 -3943.000000 1757.000000 -1875.000000
142.440002 46.549999 -118.489998 -3843.000000 1738.000000 -2204.000000
142.559998 45.680000 -117.320000 -3750.000000 1730.000000 -1904.000000
142.750000 44.779999 -116.120003 -3739.000000 1663.000000 -2059.000000
142.919998 43.950001 -114.940002 -3881.000000 1483.000000 -1960.000000
143.020004 43.180000 -113.839996 -4079.000000 1397.000000 -2189.000000
143.039993 42.450001 -112.870003 -4143.000000 1585.000000 -2367.000000
142.929993 41.779999 -112.059998 -4007.000000 1825.000000 -2393.000000
142.770004 41.139999 -111.379997 -3793.000000 1899.000000 -2369.000000
142.529999 40.599998 -110.809998 -3682.000000 1836.000000 -2249.000000
142.289993 40.090000 -110.260002 -3437.000000 1785.000000 -2272.000000
142.039993 39.540001 -109.769997 -3197.000000 1734.000000 -2321.000000
141.830002 38.970001 -109.269997 -3136.000000 1727.000000 -2415.000000
141.630005 38.419998 -108.769997 -3120.000000 1762.000000 -2546.000000
141.399994 37.910000 -108.330002 -3036.000000 1759.000000 -2503.000000
141.149994 37.430000 -107.949997 -2926.000000 1794.000000 -2589.000000
140.850006 37.049999 -107.690002 -2678.000000 1701.000000 -2553.000000
140.279999 36.810001 -107.639999 -2534.000000 1861.000000 -991.000000
139.679993 36.860001 -107.879997 -2827.000000 1970.000000 -1701.000000
139.029999 36.919998 -108.209999 -2979.000000 1912.000000 -2316.000000
138.740005 36.549999 -107.989998 -2596.000000 1952.000000 -2068.000000
138.509995 36.160000 -107.629997 -2928.000000 2120.000000 -1949.000000
138.139999 35.840000 -107.709999 -2356.000000 1927.000000 -2642.000000
137.639999 35.720001 -108.029999 -2446.000000 1979.000000 -2671.000000
137.380005 35.349998 -107.989998 -2245.000000 1989.000000 -2431.000000
137.220001 34.849998 -107.720001 -2196.000000 2095.000000 -2030.000000
136.949997 34.509998 -107.669998 -1995.000000 2069.000000 -2147.000000
136.559998 34.369999 -107.919998 -1998.000000 2040.000000 -2432.000000
136.250000 34.220001 -108.010002 -2148.000000 2030.000000 -2405.000000
136.110001 33.919998 -107.830002 -2176.000000 2125.000000 -2205.000000
135.899994 33.759998 -107.750000 -2423.000000 2266.000000 -2126.000000
135.570007 33.759998 -107.940002 -2367.000000 2281.000000 -2306.000000
135.229996 33.799999 -108.160004 -2303.000000 2266.000000 -2389.000000
134.979996 33.759998 -108.230003 -2267.000000 2284.000000 -2230.000000
134.740005 33.730000 -108.260002 -2259.000000 2322.000000 -2051.000000
134.449997 33.750000 -108.430000 -2097.000000 2295.000000 -2106.000000
134.149994 33.790001 -108.650002 -2080.000000 2322.000000 -2118.000000
133.949997 33.730000 -108.739998 -1988.000000 2378.000000 -2070.000000
133.779999 33.619999 -108.730003 -2020.000000 2451.000000 -1959.000000
133.619995 33.570000 -108.790001 -2075.000000 2486.000000 -2048.000000
133.419998 33.580002 -108.919998 -2109.000000 2544.000000 -2113.000000
133.289993 33.560001 -108.989998 -2102.000000 2599.000000 -2175.000000
133.179993 33.509998 -109.019997 -2067.000000 2665.000000 -2123.000000
133.070007 33.470001 -109.099998 -1899.000000 2662.000000 -2226.000000
132.949997 33.459999 -109.239998 -1762.000000 2654.000000 -2287.000000
132.860001 33.439999 -109.290001 -1833.000000 2620.000000 -2219.000000
132.789993 33.430000 -109.260002 -1946.000000 2630.000000 -2108.000000
132.740005 33.410000 -109.279999 -1898.000000 2633.000000 -2120.000000
132.690002 33.410000 -109.290001 -1959.000000 2626.000000 -2151.000000
132.699997 33.410000 -109.260002 -2038.000000 2614.000000 -2166.000000
132.729996 33.410000 -109.190002 -2145.000000 2596.000000 -2110.000000
132.759995 33.439999 -109.169998 -2137.000000 2606.000000 -2259.000000
132.789993 33.500000 -109.220001 -2150.000000 2606.000000 -2417.000000
132.839996 33.560001 -109.260002 -2139.000000 2609.000000 -2505.000000
132.929993 33.549999 -109.239998 -2073.000000 2627.000000 -2571.000000
133.029999 33.529999 -109.199997 -2056.000000 2614.000000 -2664.000000
133.119995 33.529999 -109.180000 -2089.000000 2605.000000 -2678.000000
133.229996 33.480000 -109.120003 -2078.000000 2604.000000 -2641.000000
133.339996 33.419998 -109.000000 -2053.000000 2580.000000 -2455.000000
133.419998 33.380001 -108.919998 -2073.000000 2566.000000 -2402.000000
133.470001 33.380001 -108.919998 -2113.000000 2557.000000 -2418.000000
133.490005 33.419998 -108.949997 -2155.000000 2531.000000 -2403.000000
133.539993 33.410000 -108.930000 -2097.000000 2553.000000 -2465.000000
133.600006 33.400002 -108.910004 -2179.000000 2566.000000 -2548.000000
133.649994 33.400002 -108.919998 -2236.000000 2581.000000 -2588.000000
133.720001 33.360001 -108.879997 -2163.000000 2566.000000 -2639.000000
133.800003 33.299999 -108.820000 -2172.000000 2585.000000 -2654.000000
133.850006 33.250000 -108.779999 -2167.000000 2590.000000 -2626.000000
133.889999 33.209999 -108.750000 -2125.000000 2584.000000 -2651.000000
133.910004 33.180000 -108.739998 -2078.000000 2560.000000 -2588.000000
133.919998 33.160000 -108.720001 -2094.000000 2537.000000 -2514.000000
133.910004 33.150002 -108.709999 -2112.000000 2520.000000 -2479.000000
133.899994 33.160000 -108.709999 -2154.000000 2526.000000 -2483.000000
133.880005 33.160000 -108.730003 -2156.000000 2539.000000 -2487.000000
133.869995 33.139999 -108.720001 -2171.000000 2569.000000 -2472.000000
133.869995 33.099998 -108.699997 -2170.000000 2553.000000 -2470.000000
133.869995 33.070000 -108.680000 -2200.000000 2549.000000 -2487.000000
133.880005 33.040001 -108.639999 -2182.000000 2530.000000 -2500.000000
133.889999 32.990002 -108.610001 -2153.000000 2545.000000 -2471.000000
133.889999 32.939999 -108.580002 -2119.000000 2564.000000 -2451.000000
133.889999 32.910000 -108.570000 -2125.000000 2515.000000 -2489.000000
133.880005 32.900002 -108.559998 -2150.000000 2515.000000 -2534.000000
133.880005 32.880001 -108.550003 -2130.000000 2513.000000 -2521.000000
133.860001 32.889999 -108.550003 -2149.000000 2505.000000 -2497.000000
133.839996 32.919998 -108.580002 -2170.000000 2516.000000 -2541.000000
133.809998 32.939999 -108.620003 -2155.000000 2494.000000 -2520.000000
133.800003 32.950001 -108.629997 -2116.000000 2494.000000 -2524.000000
133.770004 32.959999 -108.660004 -2097.000000 2514.000000 -2515.000000
133.729996 32.959999 -108.709999 -2040.000000 2518.000000 -2521.000000
133.699997 32.950001 -108.750000 -2017.000000 2509.000000 -2475.000000
133.699997 32.889999 -108.750000 -1997.000000 2510.000000 -2454.000000
133.690002 32.830002 -108.750000 -1990.000000 2555.000000 -2481.000000
133.669998 32.779999 -108.750000 -2020.000000 2553.000000 -2459.000000
133.690002 32.709999 -108.699997 -2034.000000 2557.000000 -2492.000000
133.710007 32.630001 -108.639999 -2032.000000 2542.000000 -2469.000000
133.720001 32.590000 -108.629997 -2087.000000 2520.000000 -2539.000000
133.710007 32.570000 -108.629997 -2114.000000 2550.000000 -2532.000000
133.710007 32.540001 -108.620003 -2098.000000 2554.000000 -2535.000000
133.699997 32.509998 -108.610001 -2110.000000 2552.000000 -2480.000000
133.669998 32.520000 -108.650002 -2111.000000 2569.000000 -2491.000000
133.630005 32.540001 -108.669998 -2091.000000 2573.000000 -2469.000000
133.600006 32.540001 -108.660004 -2036.000000 2543.000000 -2382.000000
133.570007 32.540001 -108.680000 -2020.000000 2551.000000 -2330.000000
133.520004 32.580002 -108.720001 -2019.000000 2562.000000 -2373.000000
133.470001 32.599998 -108.760002 -1930.000000 2596.000000 -2404.000000
133.460007 32.570000 -108.769997 -1934.000000 2653.000000 -2461.000000
133.470001 32.560001 -108.750000 -1978.000000 2679.000000 -2521.000000
133.470001 32.570000 -108.769997 -1997.000000 2650.000000 -2589.000000
133.460007 32.599998 -108.760002 -2045.000000 2693.000000 -2663.000000
133.470001 32.630001 -108.709999 -2112.000000 2707.000000 -2605.000000
133.440002 32.680000 -108.669998 -2137.000000 2771.000000 -2569.000000
133.350006 32.790001 -108.669998 -2178.000000 2855.000000 -2495.000000
133.220001 32.919998 -108.699997 -2141.000000 2911.000000 -2440.000000
133.070007 33.090000 -108.739998 -2163.000000 2901.000000 -2413.000000
132.860001 33.330002 -108.769997 -2245.000000 2924.000000 -2389.000000
132.619995 33.610001 -108.839996 -2270.000000 2958.000000 -2343.000000
132.350006 33.950001 -108.910004 -2306.000000 2982.000000 -2334.000000
132.039993 34.330002 -109.010002 -2284.000000 3050.000000 -2360.000000
131.699997 34.730000 -109.160004 -2084.000000 3125.000000 -2489.000000
131.279999 35.230000 -109.389999 -2404.000000 3127.000000 -2365.000000
130.850006 35.820000 -109.550003 -2710.000000 3095.000000 -2313.000000
130.440002 36.340000 -109.680000 -2326.000000 3096.000000 -2378.000000
129.899994 37.009998 -109.970001 -2404.000000 3108.000000 -2279.000000
129.220001 37.880001 -110.449997 -2566.000000 3074.000000 -2419.000000
128.399994 38.889999 -111.089996 -2758.000000 3117.000000 -2338.000000
127.540001 39.919998 -111.750000 -2797.000000 3116.000000 -2162.000000
126.589996 41.000000 -112.449997 -2732.000000 3043.000000 -1962.000000
125.470001 42.160000 -113.370003 -2704.000000 2959.000000 -1953.000000
124.190002 43.380001 -114.510002 -2739.000000 2938.000000 -1983.000000
122.879997 44.570000 -115.639999 -2699.000000 2952.000000 -1918.000000
121.570000 45.709999 -116.680000 -2708.000000 2925.000000 -1717.000000
120.110001 46.869999 -117.860001 -2803.000000 2870.000000 -1583.000000
118.510002 48.070000 -119.230003 -2893.000000 2763.000000 -1747.000000
116.779999 49.279999 -120.699997 -3039.000000 2766.000000 -1522.000000
115.019997 50.439999 -122.129997 -3159.000000 2788.000000 -1255.000000
113.120003 51.580002 -123.699997 -3081.000000 2714.000000 -1263.000000
110.900002 52.759998 -125.669998 -3141.000000 2658.000000 -1223.000000
108.470001 53.900002 -127.839996 -3195.000000 2656.000000 -1178.000000
105.970001 54.970001 -130.039993 -3260.000000 2605.000000 -1029.000000
103.080002 56.020000 -132.630005 -3574.000000 2660.000000 -668.000000
99.730003 57.029999 -135.750000 -3515.000000 2520.000000 -846.000000
95.879997 57.950001 -139.339996 -3484.000000 2519.000000 -513.000000
91.459999 58.720001 -143.539993 -3404.000000 2476.000000 -359.000000
86.699997 59.299999 -148.080002 -3176.000000 2425.000000 -322.000000
81.839996 59.660000 -152.710007 -2959.000000 2341.000000 -248.000000
77.010002 59.820000 -157.250000 -2893.000000 2272.000000 -217.000000
72.260002 59.810001 -161.660004 -2996.000000 2275.000000 -280.000000
67.470001 59.619999 -166.080002 -3309.000000 2261.000000 -161.000000
62.549999 59.209999 -170.619995 -3557.000000 2229.000000 -53.000000
57.459999 58.500000 -175.350006 -3664.000000 2118.000000 179.000000
52.299999 57.410000 179.820007 -3480.000000 2067.000000 303.000000
47.209999 55.910000 175.009995 -3146.000000 2022.000000 478.000000
42.340000 53.990002 170.380005 -2677.000000 1948.000000 701.000000
37.930000 51.770000 166.190002 -2198.000000 1832.000000 747.000000
34.040001 49.400002 162.570007 -1895.000000 1683.000000 926.000000
30.629999 46.970001 159.520004 -1716.000000 1511.000000 1197.000000
27.620001 44.599998 156.960007 -1821.000000 1328.000000 1394.000000
24.950001 42.330002 154.809998 -2058.000000 1151.000000 1531.000000
22.540001 40.119999 152.960007 -2183.000000 1086.000000 1780.000000
20.330000 37.910000 151.369995 -2062.000000 1013.000000 2046.000000
18.320000 35.689999 149.970001 -1699.000000 1020.000000 2039.000000
16.350000 33.389999 148.699997 -1433.000000 889.000000 2836.000000
14.610000 31.280001 147.610001 -1278.000000 818.000000 2188.000000
12.940000 29.240000 146.690002 -1337.000000 636.000000 2437.000000
11.370000 27.240000 145.940002 -1726.000000 477.000000 2544.000000
9.850000 25.219999 145.279999 -2012.000000 271.000000 2729.000000
8.400000 23.100000 144.699997 -2011.000000 151.000000 3008.000000
7.000000 20.820000 144.190002 -1688.000000 -56.000000 3273.000000
5.670000 18.389999 143.770004 -1096.000000 -165.000000 3509.000000
4.440000 15.870000 143.419998 -492.000000 -160.000000 3741.000000
3.300000 13.430000 143.160004 17.000000 -176.000000 3861.000000
2.240000 11.240000 143.020004 159.000000 -266.000000 3860.000000
1.230000 9.320000 142.960007 -23.000000 -382.000000 3929.000000
0.280000 7.700000 142.990005 -266.000000 -502.000000 3758.000000
-0.610000 6.280000 143.070007 -501.000000 -551.000000 3737.000000
-1.440000 4.970000 143.169998 -644.000000 -508.000000 3730.000000
-2.260000 3.680000 143.289993 -620.000000 -514.000000 3865.000000
-3.060000 2.390000 143.440002 -499.000000 -602.000000 4146.000000
-3.860000 1.130000 143.619995 -234.000000 -772.000000 4348.000000
-4.670000 -0.020000 143.830002 -91.000000 -990.000000 4367.000000
-5.430000 -1.030000 144.039993 -199.000000 -1027.000000 4244.000000
-6.150000 -1.900000 144.250000 -178.000000 -1020.000000 4178.000000
-6.810000 -2.690000 144.440002 -86.000000 -984.000000 3923.000000
-7.420000 -3.460000 144.600006 115.000000 -930.000000 3854.000000
-8.020000 -4.200000 144.720001 558.000000 -966.000000 3915.000000
-8.600000 -4.880000 144.820007 863.000000 -1133.000000 3955.000000
-9.170000 -5.490000 144.889999 988.000000 -1278.000000 3998.000000
-9.750000 -5.980000 144.960007 967.000000 -1501.000000 4105.000000
-10.290000 -6.360000 145.059998 822.000000 -1625.000000 4303.000000
-10.800000 -6.630000 145.139999 439.000000 -1726.000000 4288.000000
-11.250000 -6.870000 145.240005 78.000000 -1793.000000 4339.000000
-11.650000 -7.140000 145.350006 -69.000000 -1741.000000 4300.000000
-12.020000 -7.500000 145.460007 112.000000 -1701.000000 4285.000000
-12.380000 -7.900000 145.570007 470.000000 -1707.000000 4236.000000
-12.710000 -8.280000 145.660004 770.000000 -1739.000000 4235.000000
-13.010000 -8.570000 145.750000 948.000000 -1744.000000 4240.000000
-13.220000 -8.550000 145.789993 763.000000 -1672.000000 4306.000000
-13.390000 -8.400000 145.820007 503.000000 -1589.000000 4176.000000
-13.540000 -8.160000 145.839996 286.000000 -1547.000000 4105.000000
-13.660000 -7.910000 145.860001 203.000000 -1424.000000 4132.000000
-13.770000 -7.660000 145.860001 192.000000 -1324.000000 4139.000000
-13.870000 -7.440000 145.880005 251.000000 -1247.000000 4112.000000
-13.980000 -7.260000 145.889999 304.000000 -1309.000000 4050.000000
-14.100000 -7.070000 145.889999 375.000000 -1308.000000 3983.000000
-14.210000 -6.870000 145.899994 462.000000 -1233.000000 3934.000000
-14.320000 -6.650000 145.889999 538.000000 -1161.000000 3812.000000
-14.450000 -6.380000 145.880005 387.000000 -1140.000000 3799.000000
-14.570000 -6.090000 145.889999 261.000000 -1146.000000 3795.000000
-14.690000 -5.850000 145.919998 309.000000 -1059.000000 3580.000000
-14.770000 -5.710000 145.960007 375.000000 -1133.000000 4513.000000
-14.800000 -5.670000 145.990005 624.000000 -1249.000000 4875.000000
-14.800000 -5.640000 145.960007 758.000000 -1274.000000 4835.000000
-14.780000 -5.610000 145.929993 680.000000 -1144.000000 4603.000000
-14.730000 -5.480000 145.929993 735.000000 -890.000000 4416.000000
-14.680000 -5.210000 145.880005 739.000000 -869.000000 4342.000000
-14.640000 -4.780000 145.779999 578.000000 -929.000000 4173.000000
-14.600000 -4.200000 145.669998 385.000000 -961.000000 3965.000000
-14.560000 -3.540000 145.550003 99.000000 -861.000000 3752.000000
-14.520000 -2.910000 145.440002 -225.000000 -864.000000 3654.000000
-14.480000 -2.400000 145.350006 -404.000000 -780.000000 3421.000000
-14.450000 -2.020000 145.270004 -304.000000 -724.000000 3308.000000
-14.450000 -1.790000 145.229996 -64.000000 -734.000000 3394.000000
-14.460000 -1.660000 145.190002 121.000000 -775.000000 3573.000000
-14.490000 -1.580000 145.160004 70.000000 -882.000000 3680.000000
-14.520000 -1.540000 145.149994 80.000000 -871.000000 3756.000000
-14.530000 -1.540000 145.130005 76.000000 -807.000000 4061.000000
-14.530000 -1.590000 145.089996 189.000000 -838.000000 4329.000000
-14.520000 -1.620000 145.050003 330.000000 -863.000000 4510.000000
-14.500000 -1.590000 144.979996 429.000000 -887.000000 4608.000000
-14.460000 -1.470000 144.880005 346.000000 -910.000000 4533.000000
-14.430000 -1.200000 144.759995 249.000000 -916.000000 4380.000000
-14.410000 -0.820000 144.630005 -27.000000 -944.000000 4061.000000
-14.390000 -0.430000 144.509995 -519.000000 -983.000000 3940.000000
-14.370000 -0.140000 144.419998 -554.000000 -971.000000 3902.000000
-14.360000 0.050000 144.360001 -513.000000 -978.000000 3755.000000
-14.360000 0.130000 144.320007 -532.000000 -972.000000 3876.000000
-14.360000 0.170000 144.320007 -344.000000 -998.000000 3981.000000
-14.360000 0.180000 144.300003 -112.000000 -984.000000 4112.000000
-14.350000 0.160000 144.270004 94.000000 -965.000000 4151.000000
-14.340000 0.150000 144.229996 278.000000 -1024.000000 4282.000000
-14.340000 0.160000 144.179993 356.000000 -1142.000000 4403.000000
-14.360000 0.240000 144.130005 292.000000 -1448.000000 4511.000000
-14.420000 0.440000 144.110001 283.000000 -2031.000000 4921.000000
-14.320000 0.820000 144.119995 137.000000 -1427.000000 4633.000000
-14.150000 1.210000 144.029999 -152.000000 -1457.000000 4639.000000
-13.980000 1.470000 143.919998 -52.000000 -1742.000000 4616.000000
-13.790000 1.660000 143.800003 25.000000 -2065.000000 4479.000000
-13.560000 1.780000 143.710007 190.000000 -2040.000000 4169.000000
-13.260000 1.860000 143.660004 229.000000 -2033.000000 4547.000000
-12.880000 2.000000 143.600006 -92.000000 -2199.000000 4917.000000
-12.400000 2.220000 143.550003 -576.000000 -2420.000000 5086.000000
-11.850000 2.490000 143.520004 -945.000000 -2587.000000 4935.000000
-11.220000 2.700000 143.520004 -1029.000000 -2702.000000 4762.000000
-10.530000 2.840000 143.539993 -708.000000 -2711.000000 4595.000000
-9.780000 2.950000 143.539993 -406.000000 -2626.000000 4517.000000
-8.940000 3.080000 143.550003 -283.000000 -2560.000000 4497.000000
-8.040000 3.290000 143.570007 -175.000000 -2498.000000 4356.000000
-7.090000 3.610000 143.589996 -119.000000 -2407.000000 4233.000000
-6.100000 4.060000 143.600006 -159.000000 -2239.000000 4205.000000
-5.040000 4.640000 143.600006 -363.000000 -2123.000000 4067.000000
-3.940000 5.290000 143.610001 -508.000000 -1927.000000 3949.000000
-2.810000 6.060000 143.630005 -265.000000 -1687.000000 3782.000000
-1.650000 6.920000 143.610001 -69.000000 -1487.000000 3872.000000
-0.450000 7.910000 143.539993 -355.000000 -1394.000000 3930.000000
0.810000 8.960000 143.470001 -852.000000 -1455.000000 3735.000000
2.080000 10.020000 143.410004 -768.000000 -1404.000000 3461.000000
3.340000 11.170000 143.279999 -318.000000 -1251.000000 3193.000000
4.590000 12.440000 143.080002 -19.000000 -971.000000 2968.000000
5.880000 13.900000 142.860001 -205.000000 -742.000000 2679.000000
7.270000 15.530000 142.660004 -551.000000 -354.000000 2098.000000
8.740000 17.270000 142.490005 -607.000000 47.000000 1906.000000
10.260000 19.200001 142.309998 -562.000000 292.000000 1714.000000
11.790000 21.360001 142.110001 -696.000000 348.000000 1347.000000
13.310000 23.700001 141.960007 -935.000000 294.000000 988.000000
14.840000 26.160000 141.869995 -1101.000000 324.000000 859.000000
16.430000 28.709999 141.860001 -1250.000000 456.000000 694.000000
18.100000 31.309999 141.929993 -1309.000000 655.000000 717.000000
19.870001 33.959999 142.110001 -1299.000000 859.000000 500.000000
21.730000 36.639999 142.429993 -1315.000000 1110.000000 528.000000
23.760000 39.430000 142.970001 -1217.000000 1423.000000 587.000000
26.059999 42.430000 143.860001 -1290.000000 1747.000000 440.000000
28.639999 45.560001 145.130005 -1740.000000 1938.000000 263.000000
31.500000 48.650002 146.710007 -2590.000000 2034.000000 194.000000
34.529999 51.490002 148.449997 -3553.000000 2103.000000 204.000000
37.570000 53.900002 150.130005 -4312.000000 2089.000000 141.000000
40.349998 55.770000 151.449997 -4883.000000 2117.000000 -336.000000
42.360001 56.950001 151.839996 -5689.000000 2147.000000 -445.000000
43.330002 57.459999 151.029999 -6436.000000 2500.000000 -926.000000
43.220001 57.320000 148.990005 -5074.000000 2949.000000 -931.000000
41.740002 56.869999 145.539993 -6691.000000 3269.000000 -1068.000000
39.590000 55.889999 141.429993 -4943.000000 3738.000000 -640.000000
37.270000 54.369999 137.270004 -4319.000000 3718.000000 -163.000000
34.900002 52.540001 133.160004 -3861.000000 3458.000000 288.000000
32.619999 50.459999 129.229996 -3710.000000 3339.000000 587.000000
30.490000 48.180000 125.519997 -3615.000000 3260.000000 1040.000000
28.530001 45.730000 122.070000 -3438.000000 3242.000000 1324.000000
26.740000 43.110001 118.910004 -3210.000000 3234.000000 1709.000000
25.170000 40.410000 116.099998 -2854.000000 3276.000000 2011.000000
23.850000 37.750000 113.650002 -2498.000000 3239.000000 2343.000000
22.750000 35.189999 111.599998 -2128.000000 3025.000000 2707.000000
21.840000 32.830002 109.919998 -1850.000000 2752.000000 2927.000000
21.110001 30.760000 108.629997 -1582.000000 2487.000000 3213.000000
20.590000 29.080000 107.720001 -1326.000000 2443.000000 3236.000000
20.240000 27.780001 107.129997 -1136.000000 2479.000000 3274.000000
20.030001 26.860001 106.839996 -1218.000000 2429.000000 3364.000000
19.940001 26.309999 106.809998 -1434.000000 2387.000000 3395.000000
19.969999 26.049999 107.010002 -1708.000000 2387.000000 3349.000000
20.059999 25.980000 107.370003 -2034.000000 2395.000000 3348.000000
20.190001 25.969999 107.800003 -2185.000000 2354.000000 3264.000000
20.330000 25.940001 108.250000 -2082.000000 2323.000000 3286.000000
20.450001 25.850000 108.699997 -1836.000000 2205.000000 3332.000000
20.559999 25.709999 109.150002 -1707.000000 2052.000000 3315.000000
20.680000 25.480000 109.610001 -1404.000000 1976.000000 3368.000000
20.790001 25.219999 110.080002 -1046.000000 1888.000000 3421.000000
20.889999 24.969999 110.510002 -1085.000000 1868.000000 3461.000000
20.959999 24.690001 110.900002 -1058.000000 1792.000000 3550.000000
21.020000 24.400000 111.279999 -1052.000000 1671.000000 3579.000000
21.080000 24.080000 111.599998 -1473.000000 1597.000000 3507.000000
21.129999 23.570000 111.790001 -1857.000000 1795.000000 3575.000000
21.059999 22.840000 111.830002 -1757.000000 1785.000000 3704.000000
20.879999 21.940001 111.760002 -1449.000000 1715.000000 3908.000000
20.620001 20.990000 111.599998 -1308.000000 1552.000000 4202.000000
20.340000 20.100000 111.449997 -1224.000000 1287.000000 4415.000000
20.090000 19.420000 111.360001 -1251.000000 1126.000000 4451.000000
19.900000 18.959999 111.330002 -1339.000000 1095.000000 4440.000000
19.780001 18.770000 111.430000 -1285.000000 1143.000000 4216.000000
19.750000 18.850000 111.669998 -1331.000000 1178.000000 3883.000000
19.750000 19.110001 111.970001 -1288.000000 1163.000000 3519.000000
19.770000 19.450001 112.269997 -1257.000000 1200.000000 3410.000000
19.790001 19.809999 112.570000 -1203.000000 1213.000000 3398.000000
19.799999 20.209999 112.870003 -1218.000000 1160.000000 3492.000000
19.850000 20.639999 113.190002 -1324.000000 1235.000000 3520.000000
19.910000 21.110001 113.540001 -1508.000000 1291.000000 3553.000000
20.000000 21.590000 113.889999 -1725.000000 1387.000000 3504.000000
20.100000 22.030001 114.230003 -1842.000000 1469.000000 3510.000000
20.209999 22.400000 114.559998 -1887.000000 1484.000000 3544.000000
20.320000 22.740000 114.870003 -1805.000000 1468.000000 3559.000000
20.440001 23.030001 115.169998 -1794.000000 1482.000000 3518.000000
20.580000 23.299999 115.480003 -1853.000000 1531.000000 3430.000000
