3.870000 23.309999 140.550003 -1549.000000 294.000000 3835.000000
3.830000 23.320000 140.559998 -1526.000000 277.000000 3790.000000
3.810000 23.330000 140.559998 -1533.000000 335.000000 3751.000000
3.770000 23.350000 140.570007 -1608.000000 404.000000 3803.000000
3.680000 23.360001 140.559998 -1626.000000 381.000000 3876.000000
3.560000 23.400000 140.559998 -1745.000000 412.000000 3965.000000
3.390000 23.400000 140.550003 -1660.000000 385.000000 4106.000000
3.200000 23.370001 140.570007 -1522.000000 305.000000 4237.000000
3.030000 23.360001 140.630005 -1579.000000 267.000000 4345.000000
2.880000 23.330000 140.720001 -1436.000000 146.000000 4599.000000
2.770000 23.320000 140.869995 -1239.000000 -37.000000 4835.000000
2.740000 23.350000 141.039993 -1000.000000 -194.000000 4949.000000
2.830000 23.440001 141.220001 -736.000000 -201.000000 4947.000000
3.010000 23.610001 141.389999 -204.000000 -284.000000 5121.000000
3.320000 23.940001 141.539993 30.000000 -98.000000 5235.000000
3.740000 24.559999 141.690002 49.000000 -216.000000 5334.000000
4.270000 25.530001 141.880005 -451.000000 -195.000000 5471.000000
4.720000 26.690001 141.869995 -2469.000000 -1252.000000 5385.000000
5.350000 27.040001 141.250000 -1791.000000 666.000000 5216.000000
6.370000 27.040001 140.660004 14.000000 1650.000000 4736.000000
7.280000 26.940001 140.300003 561.000000 1083.000000 3938.000000
8.160000 26.900000 139.899994 -201.000000 843.000000 3675.000000
9.070000 26.740000 139.199997 -910.000000 1250.000000 3533.000000
9.750000 26.080000 138.100006 -1240.000000 1484.000000 3869.000000
10.160000 24.850000 136.690002 -702.000000 1134.000000 4126.000000
10.320000 23.350000 135.070007 435.000000 579.000000 4289.000000
10.490000 21.990000 133.320007 858.000000 544.000000 4209.000000
10.780000 21.000000 131.550003 380.000000 809.000000 3758.000000
11.170000 20.389999 129.820007 -200.000000 1067.000000 3447.000000
11.530000 20.030001 128.039993 -594.000000 1076.000000 3045.000000
11.760000 19.740000 126.089996 -933.000000 1071.000000 2809.000000
11.800000 19.370001 123.910004 -985.000000 1008.000000 2876.000000
11.600000 18.940001 121.550003 -1167.000000 748.000000 2993.000000
11.130000 18.490000 119.080002 -1176.000000 308.000000 3041.000000
10.470000 18.110001 116.599998 -1308.000000 -83.000000 2859.000000
9.740000 17.820000 114.220001 -1501.000000 -234.000000 2514.000000
9.030000 17.650000 111.989998 -1683.000000 -134.000000 2176.000000
8.310000 17.549999 109.870003 -1939.000000 94.000000 2062.000000
7.490000 17.450001 107.839996 -1992.000000 67.000000 2131.000000
6.520000 17.290001 105.879997 -2229.000000 -295.000000 2469.000000
5.390000 17.030001 104.010002 -2409.000000 -743.000000 2726.000000
4.190000 16.700001 102.269997 -2533.000000 -1085.000000 2906.000000
2.990000 16.320000 100.669998 -2655.000000 -1254.000000 3149.000000
1.820000 15.920000 99.220001 -2448.000000 -1372.000000 3228.000000
0.670000 15.530000 97.910004 -2200.000000 -1468.000000 3299.000000
-0.420000 15.230000 96.730003 -2015.000000 -1442.000000 3358.000000
-1.430000 15.060000 95.680000 -2018.000000 -1434.000000 3559.000000
-2.360000 15.040000 94.790001 -2096.000000 -1490.000000 3602.000000
-3.220000 15.170000 94.010002 -2207.000000 -1456.000000 3714.000000
-3.960000 15.410000 93.349998 -2362.000000 -1282.000000 3690.000000
-4.620000 15.650000 92.779999 -2005.000000 -1501.000000 4196.000000
-5.200000 16.070000 92.330002 -3016.000000 -1856.000000 3846.000000
-5.690000 16.799999 92.129997 -3528.000000 -1921.000000 3934.000000
-5.800000 17.360001 92.279999 -4342.000000 -1464.000000 4084.000000
-5.600000 17.280001 92.529999 -3135.000000 -667.000000 4351.000000
-5.220000 16.660000 92.610001 -1436.000000 280.000000 3954.000000
-4.920000 15.750000 92.589996 -561.000000 547.000000 3921.000000
-4.810000 14.990000 92.620003 -18.000000 376.000000 3698.000000
-4.770000 14.650000 92.629997 -419.000000 307.000000 2730.000000
-4.820000 14.440000 92.519997 -800.000000 80.000000 3410.000000
-4.930000 13.780000 92.209999 88.000000 -353.000000 3758.000000
-5.000000 12.900000 91.779999 772.000000 -628.000000 4239.000000
-4.980000 12.530000 91.589996 -310.000000 -80.000000 4056.000000
-4.980000 12.990000 91.699997 -1876.000000 93.000000 3629.000000
-5.120000 13.470000 91.790001 -2627.000000 -373.000000 3656.000000
-5.350000 13.540000 91.690002 -2435.000000 -821.000000 3951.000000
-5.470000 13.190000 91.510002 -1797.000000 -464.000000 4102.000000
-5.440000 12.520000 91.440002 -1318.000000 4.000000 4040.000000
-5.470000 11.560000 91.430000 -701.000000 -129.000000 4226.000000
-5.590000 10.490000 91.419998 -60.000000 -459.000000 4459.000000
-5.690000 9.530000 91.389999 302.000000 -479.000000 4522.000000
-5.700000 8.740000 91.360001 263.000000 -309.000000 4339.000000
-5.650000 8.170000 91.290001 -107.000000 -155.000000 4268.000000
-5.600000 7.840000 91.199997 -591.000000 -140.000000 4030.000000
-5.630000 7.570000 91.089996 -634.000000 -359.000000 4056.000000
-5.710000 7.290000 90.949997 -513.000000 -447.000000 4135.000000
-5.740000 7.010000 90.820000 -404.000000 -321.000000 4096.000000
-5.730000 6.750000 90.690002 -322.000000 -199.000000 4019.000000
-5.720000 6.500000 90.550003 -308.000000 -212.000000 4209.000000
-5.750000 6.240000 90.389999 -208.000000 -457.000000 4471.000000
-5.770000 6.070000 90.190002 -106.000000 -587.000000 4782.000000
-5.730000 6.100000 89.959999 -100.000000 -727.000000 5108.000000
-5.630000 6.440000 89.690002 -322.000000 -777.000000 5142.000000
-5.450000 7.120000 89.389999 -564.000000 -786.000000 5111.000000
-5.150000 8.140000 89.070000 -788.000000 -797.000000 5276.000000
-4.760000 9.500000 88.769997 -930.000000 -822.000000 5164.000000
-4.280000 11.240000 88.510002 -991.000000 -793.000000 5019.000000
-3.630000 13.360000 88.309998 -1104.000000 -563.000000 4763.000000
-2.830000 15.860000 88.220001 -1271.000000 -302.000000 4574.000000
-1.870000 18.750000 88.290001 -1585.000000 -47.000000 4197.000000
-0.780000 22.000000 88.570000 -1810.000000 106.000000 3836.000000
0.450000 25.570000 89.070000 -2027.000000 321.000000 3388.000000
1.850000 29.430000 89.839996 -2231.000000 500.000000 2848.000000
3.430000 33.509998 90.910004 -2412.000000 641.000000 2372.000000
5.260000 37.799999 92.360001 -2484.000000 803.000000 1867.000000
7.430000 42.270000 94.309998 -2535.000000 1027.000000 1342.000000
10.030000 46.889999 96.830002 -2701.000000 1236.000000 806.000000
13.230000 51.509998 100.120003 -2831.000000 1440.000000 761.000000
17.299999 56.099998 104.419998 -3142.000000 1554.000000 5.000000
22.469999 60.400002 109.970001 -3456.000000 1743.000000 -109.000000
29.129999 64.279999 117.120003 -3588.000000 1701.000000 -477.000000
37.720001 67.599998 126.269997 -3557.000000 1759.000000 -816.000000
48.660000 70.230003 137.770004 -3392.000000 1722.000000 -957.000000
62.049999 71.989998 151.729996 -3224.000000 1731.000000 -1260.000000
77.099998 72.680000 167.389999 -3045.000000 1727.000000 -1350.000000
92.029999 72.239998 -176.919998 -2976.000000 1704.000000 -1778.000000
104.980003 70.809998 -163.059998 -2927.000000 1703.000000 -1908.000000
115.239998 68.669998 -151.740005 -2904.000000 1686.000000 -2155.000000
122.989998 66.089996 -142.860001 -2888.000000 1738.000000 -2247.000000
128.750000 63.310001 -135.919998 -2868.000000 1694.000000 -2329.000000
133.020004 60.490002 -130.460007 -2865.000000 1669.000000 -2083.000000
136.279999 57.750000 -126.050003 -3124.000000 1719.000000 -2192.000000
138.660004 55.259998 -122.559998 -3369.000000 1673.000000 -1942.000000
140.490005 52.970001 -119.620003 -3263.000000 1614.000000 -2002.000000
141.889999 50.930000 -117.190002 -3165.000000 1534.000000 -1957.000000
143.009995 49.110001 -115.089996 -3075.000000 1463.000000 -1946.000000
143.979996 47.459999 -113.180000 -2904.000000 1323.000000 -2094.000000
144.830002 45.939999 -111.440002 -2735.000000 1242.000000 -2125.000000
145.630005 44.480000 -109.790001 -2675.000000 1157.000000 -2259.000000
146.369995 43.049999 -108.250000 -2725.000000 1100.000000 -2344.000000
147.119995 41.630001 -106.769997 -2723.000000 1033.000000 -2392.000000
147.660004 40.410000 -105.489998 -2760.000000 1169.000000 -813.000000
148.139999 39.529999 -104.629997 -2781.000000 1301.000000 -1921.000000
148.410004 38.799999 -103.989998 -2692.000000 1078.000000 -3031.000000
149.070007 37.570000 -102.760002 -2669.000000 980.000000 -2745.000000
149.839996 36.240002 -101.339996 -3056.000000 1026.000000 -2235.000000
150.289993 35.360001 -100.480003 -2862.000000 1003.000000 -2617.000000
150.509995 34.840000 -100.019997 -3012.000000 1060.000000 -3059.000000
150.949997 33.980000 -99.269997 -2852.000000 965.000000 -3142.000000
151.589996 32.779999 -98.209999 -2983.000000 1054.000000 -2792.000000
152.089996 31.830000 -97.389999 -3045.000000 1124.000000 -2851.000000
152.399994 31.280001 -96.930000 -3011.000000 1120.000000 -3242.000000
152.729996 30.680000 -96.440002 -2961.000000 1052.000000 -3334.000000
153.169998 29.870001 -95.720001 -2980.000000 1146.000000 -3012.000000
153.539993 29.240000 -95.099998 -3085.000000 1201.000000 -2932.000000
153.750000 28.969999 -94.800003 -2992.000000 1181.000000 -3216.000000
153.929993 28.809999 -94.550003 -3135.000000 1141.000000 -3267.000000
154.210007 28.430000 -94.139999 -3002.000000 1135.000000 -3130.000000
154.470001 28.040001 -93.730003 -2847.000000 1204.000000 -3000.000000
154.589996 27.940001 -93.599998 -2564.000000 1177.000000 -3299.000000
154.779999 27.670000 -93.349998 -2545.000000 1236.000000 -3257.000000
154.979996 27.309999 -93.029999 -2550.000000 1293.000000 -3209.000000
155.110001 27.090000 -92.839996 -2531.000000 1312.000000 -3313.000000
155.190002 26.969999 -92.739998 -2549.000000 1280.000000 -3470.000000
155.300003 26.760000 -92.599998 -2496.000000 1265.000000 -3431.000000
155.429993 26.450001 -92.419998 -2346.000000 1297.000000 -3281.000000
155.529999 26.190001 -92.309998 -2152.000000 1308.000000 -3325.000000
155.600006 26.010000 -92.290001 -2007.000000 1336.000000 -3457.000000
155.690002 25.780001 -92.250000 -2024.000000 1350.000000 -3496.000000
155.800003 25.459999 -92.160004 -2113.000000 1408.000000 -3421.000000
155.880005 25.219999 -92.129997 -2153.000000 1449.000000 -3427.000000
155.919998 25.100000 -92.150002 -2184.000000 1483.000000 -3528.000000
155.949997 24.969999 -92.190002 -2135.000000 1490.000000 -3546.000000
156.009995 24.790001 -92.199997 -2092.000000 1515.000000 -3483.000000
156.050003 24.629999 -92.250000 -2054.000000 1502.000000 -3421.000000
156.059998 24.559999 -92.349998 -1944.000000 1520.000000 -3461.000000
156.070007 24.490000 -92.459999 -1845.000000 1486.000000 -3451.000000
156.100006 24.370001 -92.550003 -1784.000000 1494.000000 -3402.000000
156.130005 24.250000 -92.629997 -1778.000000 1517.000000 -3400.000000
156.149994 24.200001 -92.730003 -1758.000000 1526.000000 -3422.000000
156.160004 24.180000 -92.839996 -1779.000000 1472.000000 -3386.000000
156.179993 24.139999 -92.940002 -1741.000000 1503.000000 -3415.000000
156.210007 24.110001 -93.050003 -1750.000000 1490.000000 -3464.000000
156.240005 24.110001 -93.160004 -1740.000000 1452.000000 -3516.000000
156.270004 24.129999 -93.279999 -1722.000000 1461.000000 -3574.000000
156.300003 24.110001 -93.389999 -1659.000000 1447.000000 -3561.000000
156.330002 24.090000 -93.500000 -1631.000000 1484.000000 -3548.000000
156.350006 24.110001 -93.639999 -1599.000000 1483.000000 -3557.000000
156.350006 24.150000 -93.779999 -1597.000000 1471.000000 -3502.000000
156.360001 24.190001 -93.910004 -1609.000000 1497.000000 -3485.000000
156.339996 24.260000 -94.059998 -1598.000000 1523.000000 -3453.000000
156.320007 24.340000 -94.230003 -1530.000000 1498.000000 -3451.000000
156.309998 24.370001 -94.379997 -1469.000000 1513.000000 -3454.000000
156.330002 24.350000 -94.489998 -1463.000000 1523.000000 -3511.000000
156.350006 24.309999 -94.599998 -1435.000000 1564.000000 -3595.000000
156.389999 24.250000 -94.690002 -1444.000000 1578.000000 -3617.000000
156.429993 24.150000 -94.750000 -1465.000000 1550.000000 -3601.000000
156.470001 24.100000 -94.820000 -1549.000000 1553.000000 -3601.000000
156.490005 24.090000 -94.900002 -1572.000000 1589.000000 -3637.000000
156.500000 24.070000 -95.000000 -1588.000000 1566.000000 -3606.000000
156.509995 24.070000 -95.080002 -1616.000000 1538.000000 -3572.000000
156.509995 24.110001 -95.169998 -1601.000000 1535.000000 -3550.000000
156.500000 24.160000 -95.279999 -1572.000000 1534.000000 -3563.000000
156.490005 24.209999 -95.370003 -1569.000000 1521.000000 -3548.000000
156.479996 24.250000 -95.459999 -1483.000000 1520.000000 -3593.000000
156.460007 24.299999 -95.570000 -1470.000000 1561.000000 -3531.000000
156.440002 24.350000 -95.650002 -1537.000000 1556.000000 -3529.000000
156.419998 24.410000 -95.730003 -1600.000000 1563.000000 -3526.000000
156.389999 24.469999 -95.809998 -1622.000000 1573.000000 -3512.000000
156.369995 24.530001 -95.879997 -1586.000000 1546.000000 -3576.000000
156.350006 24.590000 -95.959999 -1563.000000 1556.000000 -3558.000000
156.330002 24.629999 -96.019997 -1552.000000 1579.000000 -3582.000000
156.320007 24.660000 -96.089996 -1531.000000 1569.000000 -3629.000000
156.300003 24.700001 -96.160004 -1545.000000 1559.000000 -3543.000000
156.279999 24.740000 -96.230003 -1566.000000 1567.000000 -3528.000000
156.240005 24.799999 -96.320000 -1556.000000 1547.000000 -3506.000000
156.199997 24.889999 -96.430000 -1552.000000 1554.000000 -3565.000000
156.160004 24.969999 -96.540001 -1469.000000 1512.000000 -3577.000000
156.139999 24.980000 -96.610001 -1369.000000 1512.000000 -3643.000000
156.130005 24.980000 -96.669998 -1370.000000 1515.000000 -3722.000000
156.100006 25.000000 -96.750000 -1419.000000 1523.000000 -3816.000000
156.080002 24.990000 -96.820000 -1511.000000 1599.000000 -3862.000000
156.050003 25.030001 -96.889999 -1571.000000 1599.000000 -3949.000000
155.970001 25.160000 -96.989998 -1686.000000 1624.000000 -4002.000000
155.860001 25.400000 -97.139999 -1820.000000 1643.000000 -4016.000000
155.690002 25.780001 -97.330002 -1905.000000 1715.000000 -4049.000000
155.440002 26.330000 -97.599998 -1932.000000 1769.000000 -3872.000000
155.119995 27.049999 -97.940002 -1875.000000 1765.000000 -3740.000000
154.710007 27.959999 -98.339996 -1923.000000 1806.000000 -3668.000000
154.199997 29.059999 -98.830002 -1933.000000 1888.000000 -3753.000000
153.589996 30.340000 -99.400002 -1946.000000 1984.000000 -3760.000000
152.949997 31.680000 -99.970001 -1907.000000 2015.000000 -3757.000000
152.229996 33.150002 -100.580002 -1954.000000 2037.000000 -3669.000000
151.389999 34.790001 -101.279999 -1969.000000 2031.000000 -3747.000000
150.429993 36.599998 -102.059998 -2112.000000 2026.000000 -3819.000000
149.369995 38.480000 -102.879997 -2147.000000 2065.000000 -3789.000000
148.160004 40.509998 -103.830002 -2321.000000 2139.000000 -3803.000000
146.699997 42.740002 -105.010002 -2408.000000 2200.000000 -3815.000000
145.000000 45.090000 -106.389999 -2473.000000 2233.000000 -3855.000000
143.059998 47.509998 -107.959999 -2566.000000 2255.000000 -3722.000000
140.750000 50.080002 -109.870003 -2752.000000 2310.000000 -3538.000000
137.919998 52.740002 -112.239998 -2865.000000 2285.000000 -3371.000000
134.589996 55.400002 -115.080002 -2911.000000 2250.000000 -3112.000000
130.669998 57.990002 -118.459999 -2921.000000 2250.000000 -2913.000000
125.930000 60.509998 -122.629997 -2868.000000 2299.000000 -2840.000000
120.139999 62.860001 -127.830002 -2774.000000 2232.000000 -2796.000000
113.360001 64.919998 -133.960007 -2695.000000 2055.000000 -2547.000000
105.629997 66.610001 -140.949997 -2704.000000 1853.000000 -2116.000000
96.809998 67.839996 -148.960007 -2756.000000 1775.000000 -1585.000000
86.930000 68.519997 -157.940002 -2808.000000 1859.000000 -1191.000000
76.419998 68.570000 -167.449997 -2959.000000 1882.000000 -902.000000
66.129997 67.930000 -176.630005 -2805.000000 1723.000000 -603.000000
56.650002 66.720001 175.050003 -2957.000000 1509.000000 -387.000000
48.279999 65.029999 167.860001 -3083.000000 1377.000000 -70.000000
41.220001 63.040001 161.929993 -3371.000000 1307.000000 150.000000
35.080002 60.740002 156.960007 -3237.000000 1144.000000 629.000000
29.830000 58.240002 152.839996 -2957.000000 933.000000 871.000000
25.219999 55.529999 149.380005 -2542.000000 773.000000 1242.000000
21.260000 52.709999 146.539993 -2015.000000 642.000000 1546.000000
17.860001 49.830002 144.279999 -1736.000000 475.000000 1817.000000
14.940000 46.980000 142.529999 -1521.000000 343.000000 2097.000000
12.380000 44.180000 141.149994 -1426.000000 196.000000 2415.000000
10.140000 41.470001 140.130005 -1527.000000 87.000000 2801.000000
8.200000 38.880001 139.410004 -1544.000000 -38.000000 3153.000000
6.470000 36.450001 138.880005 -1486.000000 -182.000000 3320.000000
4.870000 34.169998 138.419998 -1228.000000 -321.000000 3386.000000
3.360000 32.029999 137.979996 -805.000000 -499.000000 3481.000000
1.980000 30.049999 137.600006 -503.000000 -646.000000 3574.000000
0.740000 28.260000 137.320007 -507.000000 -718.000000 3670.000000
-0.350000 26.719999 137.149994 -662.000000 -757.000000 3729.000000
-1.350000 25.389999 137.020004 -939.000000 -804.000000 3773.000000
-2.310000 24.190001 136.899994 -1017.000000 -914.000000 3793.000000
-3.230000 23.040001 136.789993 -941.000000 -1016.000000 3845.000000
-4.100000 21.940001 136.669998 -804.000000 -1079.000000 3862.000000
-4.940000 20.920000 136.529999 -820.000000 -1146.000000 3809.000000
-5.730000 19.969999 136.399994 -813.000000 -1219.000000 3806.000000
-6.470000 19.070000 136.279999 -875.000000 -1187.000000 3789.000000
-7.160000 18.180000 136.169998 -813.000000 -1175.000000 3850.000000
-7.830000 17.280001 136.059998 -707.000000 -1174.000000 3859.000000
-8.490000 16.379999 135.940002 -612.000000 -1251.000000 3885.000000
-9.120000 15.500000 135.820007 -607.000000 -1356.000000 3950.000000
-9.720000 14.680000 135.699997 -675.000000 -1406.000000 3917.000000
-10.280000 13.890000 135.600006 -702.000000 -1403.000000 3903.000000
-10.800000 13.130000 135.490005 -676.000000 -1425.000000 3858.000000
-11.290000 12.400000 135.389999 -590.000000 -1375.000000 3769.000000
-11.740000 11.660000 135.289993 -526.000000 -1382.000000 3895.000000
-12.180000 10.920000 135.210007 -476.000000 -1441.000000 3909.000000
-12.600000 10.180000 135.169998 -470.000000 -1445.000000 4028.000000
-12.980000 9.460000 135.149994 -457.000000 -1384.000000 4058.000000
-13.350000 8.810000 135.149994 -403.000000 -1357.000000 4064.000000
-13.680000 8.230000 135.139999 -397.000000 -1251.000000 4044.000000
-13.990000 7.750000 135.119995 -429.000000 -1148.000000 4069.000000
-14.280000 7.310000 135.100006 -487.000000 -1164.000000 4092.000000
-14.580000 6.910000 135.059998 -501.000000 -1225.000000 4130.000000
-14.850000 6.550000 135.000000 -553.000000 -1184.000000 4029.000000
-15.120000 6.280000 134.949997 -1454.000000 -1593.000000 4604.000000
-15.290000 5.930000 135.029999 -2028.000000 -1424.000000 4640.000000
-15.400000 5.250000 135.220001 -676.000000 -1059.000000 4581.000000
-15.530000 4.480000 135.350006 590.000000 -955.000000 4636.000000
-15.630000 3.990000 135.380005 341.000000 -1067.000000 4629.000000
-15.680000 3.900000 135.389999 -562.000000 -1184.000000 4750.000000
-15.710000 4.010000 135.410004 -983.000000 -1216.000000 4254.000000
-15.710000 4.030000 135.389999 -391.000000 -1034.000000 4397.000000
-15.690000 4.030000 135.350006 71.000000 -944.000000 4298.000000
-15.650000 4.180000 135.279999 -129.000000 -959.000000 4211.000000
-15.630000 4.490000 135.169998 -453.000000 -1051.000000 4159.000000
-15.630000 4.860000 135.000000 -658.000000 -942.000000 3952.000000
-15.610000 5.220000 134.839996 -662.000000 -750.000000 3843.000000
-15.610000 5.520000 134.710007 -547.000000 -764.000000 3749.000000
-15.650000 5.730000 134.600006 -675.000000 -936.000000 3960.000000
-15.690000 5.780000 134.509995 -620.000000 -891.000000 4027.000000
-15.770000 5.700000 134.460007 -561.000000 -958.000000 4057.000000
-15.860000 5.500000 134.440002 -397.000000 -1039.000000 4093.000000
-15.950000 5.270000 134.419998 -437.000000 -1107.000000 4204.000000
-16.030001 5.070000 134.410004 -417.000000 -1206.000000 4257.000000
-16.100000 4.940000 134.410004 -483.000000 -1327.000000 4254.000000
-16.139999 4.870000 134.410004 -381.000000 -1314.000000 4229.000000
-16.170000 4.890000 134.399994 -295.000000 -1383.000000 4365.000000
-16.190001 5.040000 134.399994 -548.000000 -1595.000000 4546.000000
-16.160000 5.230000 134.399994 -260.000000 -1902.000000 4842.000000
-16.100000 5.530000 134.399994 -276.000000 -1847.000000 4635.000000
-16.010000 5.930000 134.410004 -264.000000 -1764.000000 4235.000000
-15.890000 6.410000 134.429993 -353.000000 -1890.000000 4310.000000
-15.720000 6.910000 134.479996 -701.000000 -2070.000000 4357.000000
-15.520000 7.290000 134.619995 -703.000000 -2235.000000 4671.000000
-15.270000 7.490000 134.830002 -658.000000 -2379.000000 4851.000000
-14.950000 7.540000 135.100006 -653.000000 -2482.000000 5067.000000
-14.560000 7.500000 135.399994 -588.000000 -2557.000000 5182.000000
-14.070000 7.400000 135.740005 -282.000000 -2597.000000 5076.000000
-13.470000 7.310000 136.070007 -40.000000 -2507.000000 4972.000000
-12.770000 7.310000 136.399994 32.000000 -2478.000000 4866.000000
-12.010000 7.420000 136.720001 -22.000000 -2509.000000 4712.000000
-11.190000 7.620000 137.050003 -132.000000 -2475.000000 4493.000000
-10.360000 7.880000 137.419998 -262.000000 -2406.000000 4245.000000
-9.520000 8.190000 137.850006 -581.000000 -2339.000000 4050.000000
-8.650000 8.550000 138.350006 -889.000000 -2230.000000 3791.000000
-7.770000 8.930000 138.869995 -1040.000000 -2152.000000 3590.000000
-6.870000 9.290000 139.389999 -906.000000 -1977.000000 3244.000000
-5.960000 9.590000 139.869995 -629.000000 -1780.000000 2931.000000
-5.060000 9.820000 140.250000 -135.000000 -1303.000000 2730.000000
-4.200000 10.040000 140.589996 -99.000000 -1079.000000 2773.000000
-3.370000 10.270000 140.929993 -2.000000 -797.000000 2720.000000
-2.570000 10.530000 141.250000 -73.000000 -596.000000 2693.000000
-1.820000 10.870000 141.550003 -274.000000 -453.000000 2589.000000
-1.120000 11.330000 141.809998 -614.000000 -331.000000 2442.000000
-0.440000 11.860000 142.020004 -961.000000 -153.000000 2429.000000
0.210000 12.360000 142.179993 -1197.000000 10.000000 2417.000000
0.820000 12.750000 142.229996 -1247.000000 241.000000 2439.000000
1.400000 13.000000 142.160004 -1198.000000 531.000000 2449.000000
1.950000 13.090000 141.949997 -878.000000 831.000000 2362.000000
2.430000 13.080000 141.589996 -628.000000 1064.000000 2320.000000
2.820000 13.020000 141.110001 -488.000000 1188.000000 2336.000000
3.060000 13.000000 140.529999 -587.000000 1138.000000 2441.000000
3.180000 13.030000 139.860001 -816.000000 1115.000000 2435.000000
3.240000 13.100000 139.149994 -851.000000 1184.000000 2629.000000
3.260000 13.210000 138.419998 -926.000000 1288.000000 2746.000000
3.260000 13.410000 137.669998 -1294.000000 1559.000000 2796.000000
3.200000 13.680000 136.919998 -1773.000000 1769.000000 2863.000000
3.050000 13.960000 136.149994 -2161.000000 1835.000000 2892.000000
2.800000 14.190000 135.350006 -2391.000000 1730.000000 2975.000000
2.470000 14.330000 134.490005 -2315.000000 1597.000000 3091.000000
2.130000 14.380000 133.570007 -2186.000000 1674.000000 3278.000000
1.840000 14.390000 132.639999 -2171.000000 1905.000000 3355.000000
1.550000 14.380000 131.759995 -1987.000000 1935.000000 3529.000000
1.240000 14.400000 130.919998 -1902.000000 1909.000000 3615.000000
0.940000 14.490000 130.119995 -1917.000000 1843.000000 3572.000000
0.620000 14.670000 129.389999 -1963.000000 1673.000000 3605.000000
0.300000 14.930000 128.740005 -2206.000000 1477.000000 3643.000000
-0.030000 15.240000 128.160004 -2267.000000 1327.000000 3721.000000
-0.310000 15.570000 127.650002 -2300.000000 1277.000000 3845.000000
-0.550000 15.880000 127.199997 -2257.000000 1314.000000 3984.000000
-0.720000 16.150000 126.820000 -2177.000000 1500.000000 4062.000000
-0.840000 16.370001 126.470001 -2115.000000 1579.000000 3977.000000
-0.950000 16.549999 126.139999 -2055.000000 1575.000000 3914.000000
-1.050000 16.709999 125.830002 -1983.000000 1524.000000 3748.000000
-1.110000 16.820000 125.550003 -1922.000000 1517.000000 3646.000000
-1.140000 16.820000 125.330002 -1778.000000 1459.000000 3734.000000
-1.150000 16.680000 125.160004 -1601.000000 1418.000000 3894.000000
-1.150000 16.420000 125.050003 -1399.000000 1331.000000 4098.000000
-1.160000 16.080000 125.000000 -1194.000000 1144.000000 4276.000000
-1.180000 15.730000 124.980003 -956.000000 967.000000 4439.000000
-1.200000 15.440000 125.000000 -822.000000 824.000000 4419.000000
-1.190000 15.280000 125.040001 -899.000000 722.000000 4433.000000
-1.140000 15.280000 125.139999 -1127.000000 746.000000 4341.000000
-1.110000 15.310000 125.250000 -1132.000000 615.000000 4170.000000
-1.090000 15.300000 125.330002 -949.000000 431.000000 4510.000000
-1.050000 15.300000 125.379997 -752.000000 416.000000 4381.000000
-0.990000 15.360000 125.419998 -868.000000 437.000000 4393.000000
-0.950000 15.470000 125.470001 -1073.000000 298.000000 4422.000000
-0.950000 15.590000 125.500000 -1023.000000 94.000000 4419.000000
-0.940000 15.730000 125.510002 -1158.000000 -22.000000 4370.000000
-0.930000 15.860000 125.500000 -1273.000000 -99.000000 4380.000000
-0.870000 15.970000 125.470001 -1311.000000 -42.000000 4262.000000
-0.800000 16.049999 125.470001 -1282.000000 -103.000000 4344.000000
-0.730000 16.139999 125.480003 -1451.000000 -178.000000 4320.000000
-0.610000 16.250000 125.510002 -1377.000000 -77.000000 4176.000000
-0.440000 16.379999 125.559998 -1272.000000 107.000000 4006.000000
-0.260000 16.540001 125.629997 -1269.000000 227.000000 3845.000000
-0.100000 16.709999 125.680000 -1278.000000 180.000000 3807.000000
0.010000 16.879999 125.709999 -1363.000000 62.000000 3846.000000
0.120000 17.049999 125.730003 -1434.000000 83.000000 3942.000000
0.250000 17.209999 125.760002 -1429.000000 155.000000 4011.000000
0.390000 17.350000 125.809998 -1339.000000 220.000000 4021.000000
