23.900000 35.790001 113.180000 -2493.000000 1567.000000 1819.000000
24.360001 36.750000 112.150002 -2727.000000 1620.000000 1828.000000
24.709999 37.700001 111.169998 -2977.000000 1698.000000 1863.000000
24.950001 38.590000 110.260002 -3184.000000 1654.000000 1866.000000
25.070000 39.410000 109.400002 -3325.000000 1654.000000 1909.000000
25.040001 40.169998 108.580002 -3319.000000 1536.000000 1909.000000
24.910000 40.880001 107.860001 -3235.000000 1390.000000 1720.000000
24.719999 41.580002 107.300003 -3397.000000 1374.000000 1529.000000
24.520000 42.299999 106.910004 -3489.000000 1340.000000 1286.000000
24.350000 43.040001 106.720001 -3552.000000 1300.000000 1078.000000
24.200001 43.779999 106.639999 -3894.000000 1286.000000 1045.000000
24.010000 44.450001 106.589996 -4281.000000 1239.000000 1137.000000
23.719999 44.950001 106.419998 -4241.000000 1140.000000 1348.000000
23.209999 45.220001 105.980003 -3679.000000 990.000000 1846.000000
22.540001 45.310001 105.330002 -3115.000000 823.000000 2148.000000
21.809999 45.330002 104.650002 -2960.000000 646.000000 2384.000000
21.150000 45.360001 104.089996 -2741.000000 606.000000 2533.000000
20.620001 45.500000 103.690002 -2713.000000 679.000000 2443.000000
20.260000 45.880001 103.500000 -3044.000000 713.000000 2201.000000
20.059999 46.410000 103.489998 -3437.000000 750.000000 2059.000000
19.910000 46.970001 103.480003 -3704.000000 719.000000 1928.000000
19.639999 47.459999 103.300003 -3483.000000 532.000000 1936.000000
19.219999 47.830002 102.879997 -3100.000000 398.000000 2120.000000
18.740000 48.080002 102.330002 -2932.000000 349.000000 2352.000000
18.320000 48.209999 101.800003 -2811.000000 393.000000 2785.000000
17.950001 48.360001 101.320000 -3173.000000 325.000000 2786.000000
17.600000 48.439999 100.860001 -3241.000000 248.000000 3108.000000
17.309999 48.520000 100.459999 -3229.000000 271.000000 2997.000000
17.049999 48.580002 100.139999 -2915.000000 223.000000 3002.000000
16.900000 48.799999 99.879997 -3146.000000 242.000000 2905.000000
16.879999 49.189999 99.650002 -3378.000000 331.000000 2791.000000
16.900000 49.610001 99.379997 -3460.000000 321.000000 2658.000000
16.950001 49.930000 99.070000 -3268.000000 456.000000 2550.000000
16.969999 50.139999 98.709999 -3229.000000 504.000000 2634.000000
16.950001 50.279999 98.320000 -3472.000000 416.000000 2830.000000
16.879999 50.279999 97.919998 -3490.000000 365.000000 2903.000000
16.809999 50.290001 97.639999 -3617.000000 384.000000 2859.000000
16.809999 50.380001 97.519997 -3569.000000 450.000000 2518.000000
16.690001 50.419998 97.290001 -3342.000000 419.000000 2541.000000
16.590000 50.340000 97.059998 -3517.000000 676.000000 2352.000000
16.520000 50.070000 96.860001 -3505.000000 837.000000 2504.000000
16.440001 49.700001 96.680000 -3290.000000 759.000000 2511.000000
16.280001 49.299999 96.449997 -3128.000000 581.000000 2622.000000
16.190001 48.959999 96.279999 -3034.000000 594.000000 2605.000000
16.170000 48.730000 96.169998 -3076.000000 699.000000 2486.000000
16.230000 48.590000 96.120003 -3404.000000 943.000000 2608.000000
16.330000 48.490002 96.120003 -3560.000000 1061.000000 2451.000000
16.450001 48.410000 96.199997 -3667.000000 1052.000000 2168.000000
16.490000 48.290001 96.230003 -3918.000000 947.000000 2215.000000
16.469999 48.150002 96.220001 -3646.000000 929.000000 2116.000000
16.440001 48.040001 96.250000 -3165.000000 835.000000 2172.000000
16.480000 48.110001 96.379997 -3496.000000 943.000000 2080.000000
16.650000 48.279999 96.709999 -3978.000000 984.000000 1998.000000
16.889999 48.419998 97.199997 -4203.000000 1080.000000 1915.000000
17.190001 48.509998 97.760002 -4299.000000 1219.000000 1827.000000
17.510000 48.549999 98.360001 -4308.000000 1315.000000 1823.000000
17.860001 48.590000 99.029999 -4422.000000 1415.000000 1820.000000
18.240000 48.599998 99.790001 -4437.000000 1454.000000 1922.000000
18.639999 48.570000 100.610001 -4309.000000 1496.000000 2023.000000
19.049999 48.500000 101.489998 -4154.000000 1541.000000 2158.000000
19.469999 48.380001 102.410004 -4019.000000 1536.000000 2268.000000
19.910000 48.209999 103.419998 -3841.000000 1575.000000 2337.000000
20.370001 48.000000 104.519997 -3726.000000 1585.000000 2175.000000
20.850000 47.790001 105.699997 -3733.000000 1588.000000 1920.000000
21.379999 47.570000 107.029999 -3818.000000 1668.000000 1645.000000
21.940001 47.360001 108.440002 -3939.000000 1682.000000 1488.000000
22.500000 47.150002 109.900002 -3882.000000 1623.000000 1511.000000
23.049999 46.950001 111.379997 -3693.000000 1578.000000 1615.000000
23.629999 46.779999 112.919998 -3481.000000 1582.000000 1805.000000
24.260000 46.650002 114.540001 -3363.000000 1577.000000 1997.000000
24.930000 46.570000 116.239998 -3251.000000 1563.000000 2090.000000
25.610001 46.540001 118.010002 -3265.000000 1534.000000 2258.000000
26.320000 46.560001 119.849998 -3239.000000 1520.000000 2198.000000
27.080000 46.580002 121.750000 -3043.000000 1563.000000 2147.000000
27.860001 46.630001 123.730003 -2995.000000 1597.000000 1963.000000
28.680000 46.709999 125.769997 -3028.000000 1653.000000 1668.000000
29.520000 46.820000 127.849998 -3113.000000 1691.000000 1487.000000
30.360001 46.950001 129.960007 -3151.000000 1664.000000 1405.000000
31.139999 47.080002 132.029999 -3103.000000 1583.000000 1574.000000
31.850000 47.209999 134.050003 -2942.000000 1507.000000 1734.000000
32.500000 47.320000 136.009995 -2820.000000 1428.000000 1940.000000
33.110001 47.450001 137.970001 -2854.000000 1417.000000 1996.000000
33.720001 47.599998 139.919998 -2881.000000 1407.000000 1986.000000
34.299999 47.770000 141.839996 -2863.000000 1396.000000 1872.000000
34.830002 47.939999 143.750000 -2804.000000 1366.000000 1784.000000
35.310001 48.130001 145.600006 -2678.000000 1314.000000 1696.000000
35.759998 48.360001 147.410004 -2618.000000 1238.000000 1625.000000
36.189999 48.619999 149.199997 -2538.000000 1212.000000 1659.000000
36.560001 48.930000 150.940002 -2432.000000 1128.000000 1715.000000
36.889999 49.290001 152.619995 -2384.000000 1081.000000 1760.000000
37.169998 49.680000 154.210007 -2363.000000 1108.000000 1778.000000
37.349998 50.080002 155.690002 -2379.000000 1030.000000 1766.000000
37.380001 50.439999 156.990005 -2512.000000 940.000000 1772.000000
37.220001 50.730000 158.050003 -2629.000000 866.000000 1695.000000
36.860001 50.930000 158.880005 -2728.000000 753.000000 1708.000000
36.380001 51.080002 159.580002 -2923.000000 641.000000 1754.000000
35.849998 51.240002 160.210007 -3161.000000 569.000000 1800.000000
35.290001 51.439999 160.800003 -3205.000000 464.000000 1844.000000
34.650002 51.700001 161.289993 -3123.000000 341.000000 1918.000000
33.959999 52.049999 161.660004 -2975.000000 267.000000 1954.000000
33.230000 52.439999 161.960007 -2829.000000 322.000000 1990.000000
32.459999 52.840000 162.179993 -2678.000000 304.000000 2099.000000
31.629999 53.240002 162.320007 -2526.000000 219.000000 2176.000000
30.780001 53.650002 162.399994 -2562.000000 74.000000 2257.000000
29.959999 54.070000 162.470001 -2761.000000 53.000000 2343.000000
29.150000 54.480000 162.529999 -3056.000000 71.000000 2473.000000
28.340000 54.880001 162.550003 -3288.000000 68.000000 2491.000000
27.510000 55.259998 162.500000 -3443.000000 68.000000 2381.000000
26.620001 55.580002 162.360001 -3526.000000 72.000000 2270.000000
25.660000 55.849998 162.089996 -3496.000000 -4.000000 2212.000000
24.610001 56.049999 161.690002 -3453.000000 -108.000000 2325.000000
23.500000 56.230000 161.229996 -3460.000000 -194.000000 2406.000000
22.420000 56.389999 160.750000 -3409.000000 -156.000000 2617.000000
21.370001 56.509998 160.270004 -3441.000000 -141.000000 2786.000000
20.330000 56.549999 159.750000 -3439.000000 -53.000000 2948.000000
19.280001 56.540001 159.199997 -3427.000000 -134.000000 2942.000000
18.240000 56.500000 158.619995 -3467.000000 -159.000000 2889.000000
17.250000 56.439999 158.059998 -3477.000000 -93.000000 2798.000000
16.320000 56.360001 157.539993 -3398.000000 -42.000000 2768.000000
15.370000 56.279999 156.970001 -3279.000000 -71.000000 2735.000000
14.430000 56.200001 156.360001 -3146.000000 -61.000000 2688.000000
13.490000 56.160000 155.740005 -3082.000000 -158.000000 2673.000000
12.580000 56.150002 155.119995 -3142.000000 -240.000000 2697.000000
11.730000 56.180000 154.529999 -3223.000000 -232.000000 2637.000000
10.960000 56.220001 153.990005 -3281.000000 -189.000000 2577.000000
10.200000 56.259998 153.449997 -3305.000000 -239.000000 2482.000000
9.460000 56.270000 152.889999 -3367.000000 -186.000000 2445.000000
8.730000 56.200001 152.320007 -3309.000000 -174.000000 2480.000000
7.970000 56.049999 151.720001 -3194.000000 -251.000000 2568.000000
7.210000 55.860001 151.110001 -3120.000000 -258.000000 2594.000000
6.490000 55.630001 150.509995 -3047.000000 -205.000000 2562.000000
5.830000 55.400002 149.949997 -3026.000000 -145.000000 2537.000000
5.230000 55.209999 149.449997 -3012.000000 -106.000000 2469.000000
4.680000 55.060001 148.960007 -3042.000000 -51.000000 2407.000000
4.180000 54.959999 148.500000 -3174.000000 9.000000 2442.000000
3.680000 54.880001 148.039993 -3250.000000 -7.000000 2534.000000
3.220000 54.849998 147.600006 -3381.000000 27.000000 2498.000000
2.780000 54.840000 147.169998 -3426.000000 26.000000 2601.000000
2.360000 54.820000 146.750000 -3410.000000 -9.000000 2544.000000
1.970000 54.799999 146.360001 -3356.000000 -15.000000 2527.000000
1.600000 54.770000 145.970001 -3270.000000 0.000000 2488.000000
1.260000 54.759998 145.600006 -3322.000000 103.000000 2461.000000
0.960000 54.790001 145.259995 -3382.000000 71.000000 2348.000000
0.670000 54.840000 144.960007 -3481.000000 17.000000 2334.000000
0.380000 54.880001 144.639999 -3578.000000 -10.000000 2289.000000
0.060000 54.869999 144.300003 -3482.000000 -62.000000 2281.000000
-0.260000 54.820000 143.960007 -3325.000000 -81.000000 2261.000000
-0.570000 54.740002 143.639999 -3240.000000 -51.000000 2236.000000
-0.880000 54.639999 143.320007 -3196.000000 -46.000000 2265.000000
-1.250000 54.529999 142.960007 -2805.000000 -225.000000 1984.000000
-1.470000 54.439999 142.639999 -4178.000000 -342.000000 2735.000000
-1.240000 54.439999 142.820007 -5255.000000 449.000000 2194.000000
-1.110000 54.250000 142.979996 -3995.000000 -104.000000 2892.000000
-1.180000 53.980000 142.789993 -2878.000000 430.000000 2418.000000
-1.300000 53.840000 142.589996 -3170.000000 81.000000 2620.000000
-1.230000 53.779999 142.639999 -3513.000000 152.000000 2412.000000
-1.200000 53.680000 142.660004 -3341.000000 246.000000 2406.000000
-1.290000 53.520000 142.539993 -3152.000000 116.000000 2247.000000
-1.450000 53.340000 142.369995 -3080.000000 -82.000000 2297.000000
-1.600000 53.180000 142.220001 -2994.000000 -29.000000 2243.000000
-1.750000 53.099998 142.039993 -3040.000000 89.000000 2138.000000
-1.900000 53.060001 141.869995 -2939.000000 186.000000 2332.000000
-2.130000 53.090000 141.630005 -2742.000000 45.000000 2652.000000
-2.440000 53.279999 141.220001 -3213.000000 -240.000000 2754.000000
-2.620000 53.570000 140.919998 -3466.000000 -1.000000 2518.000000
-2.720000 53.860001 140.750000 -3577.000000 181.000000 2316.000000
-2.870000 54.080002 140.559998 -3189.000000 162.000000 2499.000000
-3.130000 54.290001 140.240005 -2920.000000 -22.000000 2377.000000
-3.390000 54.540001 139.929993 -3083.000000 -121.000000 2353.000000
-3.570000 54.790001 139.699997 -3281.000000 -135.000000 2338.000000
-3.770000 55.040001 139.490005 -3661.000000 -353.000000 2274.000000
-3.940000 55.200001 139.300003 -3707.000000 -356.000000 2384.000000
-4.160000 55.139999 139.070007 -3506.000000 -537.000000 2843.000000
-4.440000 54.939999 138.789993 -3189.000000 -747.000000 3008.000000
-4.700000 54.799999 138.550003 -3228.000000 -882.000000 3026.000000
-4.880000 54.810001 138.369995 -3451.000000 -866.000000 2923.000000
-4.980000 54.930000 138.259995 -3580.000000 -920.000000 2901.000000
-5.060000 55.130001 138.160004 -3644.000000 -996.000000 2746.000000
-5.110000 55.340000 138.080002 -3732.000000 -1094.000000 2870.000000
-5.090000 55.509998 138.029999 -3846.000000 -1262.000000 2934.000000
-5.000000 55.599998 138.029999 -3875.000000 -1455.000000 2942.000000
-4.820000 55.630001 138.089996 -3960.000000 -1606.000000 2930.000000
-4.500000 55.580002 138.240005 -3946.000000 -1716.000000 3010.000000
-4.040000 55.470001 138.460007 -3922.000000 -1844.000000 3064.000000
-3.460000 55.290001 138.750000 -3845.000000 -1862.000000 3090.000000
-2.740000 55.060001 139.139999 -3764.000000 -1814.000000 3055.000000
-1.870000 54.820000 139.660004 -3661.000000 -1760.000000 2879.000000
-0.890000 54.549999 140.259995 -3778.000000 -1695.000000 2803.000000
0.130000 54.189999 140.889999 -3965.000000 -1661.000000 2670.000000
1.170000 53.700001 141.529999 -3926.000000 -1721.000000 2524.000000
2.170000 53.080002 142.110001 -3698.000000 -1752.000000 2375.000000
3.110000 52.340000 142.589996 -3352.000000 -1701.000000 2263.000000
4.000000 51.490002 142.949997 -3091.000000 -1514.000000 2131.000000
4.830000 50.540001 143.199997 -2999.000000 -1343.000000 1966.000000
5.640000 49.540001 143.380005 -3143.000000 -1107.000000 1566.000000
6.380000 48.389999 143.449997 -2947.000000 -753.000000 1326.000000
7.070000 47.060001 143.350006 -2443.000000 -214.000000 1185.000000
7.630000 45.560001 143.039993 -2223.000000 178.000000 1221.000000
8.000000 44.020000 142.619995 -2086.000000 138.000000 1384.000000
8.240000 42.590000 142.139999 -2035.000000 9.000000 1496.000000
8.410000 41.290001 141.630005 -2088.000000 61.000000 1536.000000
8.530000 40.080002 141.080002 -2288.000000 384.000000 1609.000000
8.620000 38.889999 140.550003 -2430.000000 836.000000 1716.000000
8.660000 37.680000 140.050003 -2581.000000 1337.000000 1832.000000
8.600000 36.419998 139.479996 -2755.000000 1781.000000 1846.000000
8.390000 35.070000 138.800003 -2697.000000 1972.000000 1920.000000
7.990000 33.660000 137.960007 -2640.000000 1925.000000 1976.000000
7.440000 32.230000 137.020004 -2466.000000 1711.000000 1936.000000
6.780000 30.770000 136.020004 -2032.000000 1475.000000 1987.000000
6.050000 29.270000 134.979996 -1655.000000 1372.000000 2058.000000
5.330000 27.820000 133.970001 -1604.000000 1436.000000 2333.000000
4.640000 26.540001 133.119995 -1678.000000 1574.000000 2656.000000
4.020000 25.480000 132.490005 -1803.000000 1773.000000 2987.000000
3.410000 24.629999 131.979996 -1891.000000 1880.000000 3189.000000
2.760000 23.930000 131.470001 -2123.000000 1857.000000 3309.000000
1.960000 23.219999 130.899994 -2265.000000 1508.000000 3422.000000
1.150000 22.379999 130.360001 -2062.000000 1498.000000 3533.000000
0.370000 21.340000 129.809998 -1785.000000 1585.000000 3718.000000
-0.410000 20.180000 129.279999 -1540.000000 1625.000000 3868.000000
-1.200000 18.959999 128.809998 -1257.000000 1539.000000 4039.000000
-1.950000 17.809999 128.410004 -1059.000000 1481.000000 4150.000000
-2.640000 16.820000 128.070007 -1174.000000 1463.000000 4114.000000
-3.300000 16.040001 127.779999 -1448.000000 1364.000000 4147.000000
-3.920000 15.390000 127.540001 -1612.000000 1236.000000 4038.000000
-4.510000 14.770000 127.320000 -1381.000000 1168.000000 4089.000000
-5.030000 14.160000 127.099998 -943.000000 1186.000000 4132.000000
-5.500000 13.610000 126.870003 -825.000000 1169.000000 4177.000000
-5.920000 13.160000 126.709999 -857.000000 1178.000000 4290.000000
-6.280000 12.770000 126.620003 -858.000000 1133.000000 4281.000000
-6.600000 12.420000 126.570000 -1001.000000 1072.000000 4404.000000
-6.890000 12.050000 126.540001 -1024.000000 899.000000 4496.000000
-7.170000 11.640000 126.550003 -1044.000000 768.000000 4514.000000
-7.400000 11.200000 126.550003 -1054.000000 645.000000 4392.000000
-7.600000 10.690000 126.540001 -966.000000 556.000000 4311.000000
-7.780000 10.120000 126.510002 -761.000000 406.000000 4156.000000
-7.960000 9.520000 126.440002 -470.000000 224.000000 4142.000000
-8.110000 8.930000 126.349998 -90.000000 90.000000 3786.000000
-8.230000 8.480000 126.260002 -38.000000 -9.000000 4280.000000
-8.280000 8.300000 126.209999 -752.000000 -269.000000 5037.000000
-8.270000 8.200000 126.230003 -1196.000000 -713.000000 5630.000000
-8.150000 7.970000 126.300003 -980.000000 -816.000000 5641.000000
-7.890000 7.620000 126.370003 7.000000 -486.000000 5075.000000
-7.590000 7.340000 126.400002 599.000000 -255.000000 4541.000000
-7.330000 7.290000 126.400002 365.000000 -193.000000 4168.000000
-7.160000 7.540000 126.389999 -149.000000 -318.000000 3926.000000
-7.100000 7.960000 126.379997 -601.000000 -577.000000 3673.000000
-7.090000 8.400000 126.360001 -984.000000 -936.000000 3979.000000
-7.050000 8.760000 126.360001 -1062.000000 -896.000000 4130.000000
-6.930000 9.010000 126.419998 -911.000000 -554.000000 3974.000000
-6.770000 9.180000 126.540001 -791.000000 -268.000000 3927.000000
-6.630000 9.300000 126.669998 -709.000000 -229.000000 4021.000000
-6.540000 9.390000 126.769997 -723.000000 -397.000000 4174.000000
-6.480000 9.500000 126.870003 -609.000000 -404.000000 4193.000000
-6.390000 9.640000 126.980003 -530.000000 -301.000000 4083.000000
-6.280000 9.850000 127.110001 -591.000000 -212.000000 4004.000000
-6.170000 10.140000 127.230003 -697.000000 -209.000000 3943.000000
-6.080000 10.460000 127.360001 -763.000000 -230.000000 3910.000000
