2.050000 19.860001 98.150002 -865.000000 504.000000 3878.000000
2.430000 19.980000 97.370003 -810.000000 386.000000 3821.000000
2.830000 19.950001 96.510002 -717.000000 436.000000 3878.000000
3.210000 19.910000 95.610001 -835.000000 387.000000 3997.000000
3.590000 19.920000 94.699997 -1119.000000 316.000000 4057.000000
4.010000 19.959999 93.820000 -1169.000000 386.000000 4031.000000
4.460000 19.990000 92.930000 -1101.000000 498.000000 4007.000000
4.930000 20.059999 92.019997 -1106.000000 602.000000 3851.000000
5.400000 20.150000 91.160004 -826.000000 780.000000 3633.000000
5.830000 20.309999 90.349998 -665.000000 819.000000 3422.000000
6.220000 20.610001 89.570000 -729.000000 787.000000 3198.000000
6.490000 21.129999 88.690002 -1356.000000 458.000000 3298.000000
6.800000 21.690001 87.830002 -1784.000000 576.000000 3236.000000
7.120000 22.120001 86.980003 -1855.000000 651.000000 3457.000000
7.450000 22.389999 86.099998 -1849.000000 781.000000 3573.000000
7.760000 22.480000 85.180000 -1530.000000 740.000000 3663.000000
8.000000 22.570000 84.230003 -1585.000000 565.000000 3654.000000
8.200000 22.730000 83.290001 -1805.000000 528.000000 3597.000000
8.410000 22.889999 82.389999 -1807.000000 556.000000 3468.000000
8.650000 23.020000 81.489998 -1804.000000 613.000000 3387.000000
8.890000 23.090000 80.559998 -1616.000000 680.000000 3379.000000
9.080000 23.219999 79.680000 -1750.000000 670.000000 3427.000000
9.260000 23.389999 78.839996 -1801.000000 638.000000 3397.000000
9.400000 23.650000 78.080002 -2188.000000 720.000000 3394.000000
9.510000 23.900000 77.330002 -2178.000000 761.000000 3324.000000
9.580000 24.139999 76.589996 -2114.000000 669.000000 3314.000000
9.610000 24.379999 75.860001 -2078.000000 653.000000 3252.000000
9.650000 24.600000 75.160004 -2028.000000 747.000000 3190.000000
9.670000 24.780001 74.470001 -2001.000000 796.000000 3330.000000
9.630000 24.920000 73.750000 -2045.000000 645.000000 3445.000000
9.550000 25.010000 73.019997 -1924.000000 591.000000 3427.000000
9.460000 25.110001 72.320000 -1824.000000 583.000000 3392.000000
9.360000 25.270000 71.690002 -1838.000000 553.000000 3308.000000
9.220000 25.530001 71.099998 -2020.000000 451.000000 3354.000000
9.070000 25.820000 70.540001 -2171.000000 401.000000 3403.000000
8.920000 26.070000 69.989998 -2088.000000 423.000000 3477.000000
8.770000 26.270000 69.449997 -2094.000000 414.000000 3620.000000
8.610000 26.459999 68.930000 -2218.000000 364.000000 3691.000000
8.470000 26.629999 68.440002 -2236.000000 374.000000 3619.000000
8.340000 26.780001 68.000000 -2274.000000 424.000000 3648.000000
8.210000 26.879999 67.559998 -2268.000000 385.000000 3673.000000
8.110000 26.920000 67.139999 -2040.000000 454.000000 3627.000000
8.050000 26.889999 66.790001 -1641.000000 558.000000 3456.000000
7.970000 26.959999 66.489998 -1565.000000 502.000000 3317.000000
7.850000 27.190001 66.220001 -1740.000000 394.000000 3197.000000
7.730000 27.540001 66.000000 -1932.000000 424.000000 3110.000000
7.630000 27.910000 65.800003 -1860.000000 514.000000 3065.000000
7.470000 28.299999 65.599998 -1898.000000 434.000000 3169.000000
7.260000 28.740000 65.400002 -2130.000000 365.000000 3240.000000
7.020000 29.160000 65.180000 -2429.000000 259.000000 3483.000000
6.780000 29.469999 64.910004 -2584.000000 189.000000 3631.000000
6.540000 29.580000 64.599998 -2479.000000 120.000000 3814.000000
6.340000 29.510000 64.250000 -2333.000000 116.000000 3863.000000
6.180000 29.270000 63.889999 -1951.000000 173.000000 3812.000000
6.070000 28.980000 63.580002 -1686.000000 264.000000 3729.000000
5.980000 28.730000 63.310001 -1561.000000 267.000000 3599.000000
5.860000 28.610001 63.040001 -1671.000000 187.000000 3470.000000
5.760000 28.570000 62.790001 -1664.000000 224.000000 3448.000000
5.660000 28.690001 62.549999 -1965.000000 207.000000 3483.000000
5.570000 28.879999 62.340000 -2023.000000 278.000000 3454.000000
5.460000 29.059999 62.130001 -2054.000000 225.000000 3624.000000
5.310000 29.280001 61.910000 -2242.000000 122.000000 3630.000000
5.170000 29.420000 61.669998 -2293.000000 106.000000 3709.000000
5.050000 29.490000 61.410000 -2380.000000 62.000000 3760.000000
4.940000 29.400000 61.139999 -2054.000000 117.000000 3741.000000
4.860000 29.200001 60.900002 -1789.000000 104.000000 3775.000000
4.800000 29.020000 60.660000 -1757.000000 144.000000 3625.000000
4.760000 28.930000 60.430000 -1830.000000 207.000000 3542.000000
4.750000 28.860001 60.209999 -1805.000000 245.000000 3505.000000
4.710000 28.809999 59.980000 -1852.000000 213.000000 3556.000000
4.650000 28.770000 59.740002 -1884.000000 164.000000 3622.000000
4.560000 28.730000 59.500000 -1889.000000 54.000000 3753.000000
4.430000 28.740000 59.230000 -2238.000000 -92.000000 3778.000000
4.380000 28.590000 58.980000 -1801.000000 129.000000 3806.000000
4.370000 28.340000 58.779999 -1333.000000 221.000000 3775.000000
4.330000 28.129999 58.590000 -1296.000000 166.000000 3671.000000
4.260000 28.070000 58.360001 -1549.000000 153.000000 3609.000000
4.220000 28.139999 58.119999 -1672.000000 232.000000 3515.000000
4.180000 28.260000 57.849998 -1797.000000 245.000000 3515.000000
4.120000 28.389999 57.570000 -1980.000000 227.000000 3610.000000
4.050000 28.459999 57.270000 -2023.000000 219.000000 3626.000000
3.970000 28.430000 56.959999 -1982.000000 174.000000 3704.000000
3.870000 28.320000 56.630001 -1907.000000 71.000000 3766.000000
3.720000 28.219999 56.310001 -1984.000000 -77.000000 3767.000000
3.660000 28.180000 56.060001 -1965.000000 101.000000 3608.000000
3.640000 28.090000 55.830002 -1725.000000 183.000000 3523.000000
3.620000 28.010000 55.599998 -1729.000000 218.000000 3594.000000
3.570000 27.969999 55.360001 -1677.000000 159.000000 3512.000000
3.520000 27.959999 55.139999 -1682.000000 170.000000 3531.000000
3.460000 28.030001 54.939999 -1797.000000 183.000000 3502.000000
3.380000 28.120001 54.750000 -1852.000000 160.000000 3445.000000
3.320000 28.129999 54.580002 -1692.000000 201.000000 3444.000000
3.190000 28.100000 54.419998 -1709.000000 135.000000 3826.000000
3.070000 28.160000 54.270000 -1685.000000 167.000000 3543.000000
2.940000 28.240000 54.119999 -1818.000000 175.000000 3822.000000
2.750000 28.410000 53.939999 -2007.000000 80.000000 3745.000000
2.550000 28.559999 53.750000 -2056.000000 50.000000 3757.000000
2.340000 28.740000 53.619999 -2279.000000 34.000000 3809.000000
2.130000 28.950001 53.500000 -2468.000000 -24.000000 3817.000000
1.910000 29.160000 53.419998 -2636.000000 -127.000000 3863.000000
1.760000 29.410000 53.340000 -2554.000000 -7.000000 3737.000000
1.720000 29.700001 53.299999 -2311.000000 223.000000 3660.000000
1.650000 30.090000 53.259998 -2443.000000 142.000000 3556.000000
1.540000 30.520000 53.270000 -2852.000000 -35.000000 3496.000000
1.460000 30.860001 53.259998 -2680.000000 15.000000 3636.000000
1.410000 31.070000 53.250000 -2272.000000 38.000000 3715.000000
1.310000 31.410000 53.340000 -2532.000000 -141.000000 3859.000000
1.270000 31.959999 53.540001 -2845.000000 -132.000000 3795.000000
1.340000 32.630001 53.860001 -3184.000000 -2.000000 3627.000000
1.510000 33.290001 54.310001 -3286.000000 147.000000 3457.000000
1.760000 33.860001 54.830002 -3147.000000 237.000000 3431.000000
2.050000 34.360001 55.400002 -3146.000000 219.000000 3461.000000
2.390000 34.830002 56.029999 -3322.000000 223.000000 3469.000000
2.780000 35.240002 56.730000 -3429.000000 265.000000 3547.000000
3.250000 35.599998 57.509998 -3504.000000 340.000000 3520.000000
3.800000 35.880001 58.340000 -3401.000000 430.000000 3545.000000
4.420000 36.099998 59.240002 -3172.000000 503.000000 3577.000000
5.110000 36.270000 60.209999 -2989.000000 589.000000 3453.000000
5.810000 36.450001 61.279999 -2906.000000 625.000000 3389.000000
6.580000 36.630001 62.410000 -2828.000000 736.000000 3281.000000
7.340000 36.849998 63.580002 -2928.000000 772.000000 3173.000000
8.120000 37.090000 64.830002 -2892.000000 879.000000 2934.000000
8.900000 37.340000 66.139999 -2816.000000 900.000000 2806.000000
9.650000 37.580002 67.480003 -2861.000000 892.000000 2671.000000
10.410000 37.790001 68.849998 -2787.000000 928.000000 2569.000000
11.150000 37.950001 70.239998 -2730.000000 969.000000 2609.000000
11.870000 38.090000 71.680000 -2659.000000 994.000000 2676.000000
12.590000 38.230000 73.150002 -2625.000000 1058.000000 2706.000000
13.290000 38.389999 74.660004 -2655.000000 1112.000000 2726.000000
13.970000 38.570000 76.190002 -2611.000000 1144.000000 2764.000000
14.640000 38.740002 77.800003 -2442.000000 1199.000000 2796.000000
15.310000 38.919998 79.459999 -2272.000000 1270.000000 2721.000000
15.950000 39.150002 81.169998 -2166.000000 1291.000000 2642.000000
16.549999 39.439999 82.889999 -2237.000000 1309.000000 2522.000000
17.100000 39.790001 84.610001 -2302.000000 1250.000000 2421.000000
17.590000 40.150002 86.309998 -2354.000000 1197.000000 2428.000000
18.030001 40.500000 88.000000 -2307.000000 1156.000000 2406.000000
18.400000 40.849998 89.639999 -2369.000000 1029.000000 2397.000000
18.709999 41.230000 91.239998 -2531.000000 944.000000 2372.000000
18.980000 41.610001 92.830002 -2664.000000 902.000000 2330.000000
19.160000 41.990002 94.330002 -2789.000000 720.000000 2290.000000
19.270000 42.330002 95.800003 -2935.000000 582.000000 2198.000000
19.320000 42.590000 97.180000 -3061.000000 488.000000 2192.000000
19.309999 42.770000 98.470001 -3084.000000 393.000000 2188.000000
19.230000 42.830002 99.669998 -3038.000000 374.000000 2232.000000
19.100000 42.779999 100.750000 -2905.000000 414.000000 2342.000000
18.920000 42.610001 101.750000 -2715.000000 490.000000 2433.000000
18.690001 42.360001 102.669998 -2534.000000 497.000000 2541.000000
18.410000 42.070000 103.519997 -2420.000000 493.000000 2648.000000
18.100000 41.779999 104.339996 -2353.000000 527.000000 2715.000000
17.790001 41.509998 105.150002 -2333.000000 573.000000 2693.000000
17.450001 41.240002 105.919998 -2274.000000 585.000000 2766.000000
17.059999 40.980000 106.639999 -2301.000000 553.000000 2841.000000
16.610001 40.700001 107.300003 -2238.000000 507.000000 2891.000000
16.129999 40.459999 107.949997 -2201.000000 444.000000 2950.000000
15.620000 40.279999 108.580002 -2348.000000 354.000000 2989.000000
15.110000 40.169998 109.209999 -2363.000000 329.000000 2901.000000
14.580000 40.099998 109.849998 -2406.000000 299.000000 2856.000000
14.050000 40.080002 110.500000 -2505.000000 304.000000 2744.000000
13.480000 40.049999 111.120003 -2456.000000 276.000000 2800.000000
12.860000 40.020000 111.730003 -2409.000000 158.000000 2876.000000
12.190000 40.000000 112.279999 -2342.000000 61.000000 2948.000000
11.500000 40.009998 112.830002 -2199.000000 -22.000000 3047.000000
10.820000 40.070000 113.389999 -2089.000000 -44.000000 3139.000000
10.130000 40.209999 113.919998 -2004.000000 -16.000000 3177.000000
9.430000 40.400002 114.419998 -2039.000000 -40.000000 3190.000000
8.690000 40.650002 114.870003 -2281.000000 -150.000000 3184.000000
7.900000 40.869999 115.230003 -2243.000000 -251.000000 3169.000000
7.100000 41.090000 115.550003 -2195.000000 -328.000000 3187.000000
6.300000 41.320000 115.849998 -2320.000000 -456.000000 3220.000000
5.520000 41.560001 116.099998 -2402.000000 -494.000000 3261.000000
4.730000 41.790001 116.339996 -2453.000000 -586.000000 3232.000000
3.940000 41.990002 116.529999 -2486.000000 -571.000000 3145.000000
3.160000 42.139999 116.690002 -2561.000000 -616.000000 3123.000000
2.370000 42.209999 116.800003 -2602.000000 -652.000000 3144.000000
1.580000 42.169998 116.870003 -2439.000000 -705.000000 3250.000000
0.790000 42.070000 116.900002 -2238.000000 -740.000000 3377.000000
0.040000 42.009998 116.930000 -2426.000000 -791.000000 3484.000000
-0.710000 41.970001 116.930000 -2583.000000 -838.000000 3428.000000
-1.400000 41.930000 116.949997 -2658.000000 -845.000000 3345.000000
-2.060000 41.840000 116.959999 -2759.000000 -829.000000 3184.000000
-2.710000 41.669998 116.959999 -2787.000000 -927.000000 3149.000000
-3.310000 41.410000 116.959999 -2701.000000 -972.000000 3245.000000
-3.890000 41.080002 116.949997 -2481.000000 -953.000000 3364.000000
-4.430000 40.740002 116.959999 -2354.000000 -948.000000 3482.000000
-4.930000 40.400002 116.980003 -2292.000000 -918.000000 3522.000000
-5.410000 40.099998 117.000000 -2264.000000 -898.000000 3485.000000
-5.860000 39.830002 117.019997 -2318.000000 -865.000000 3412.000000
-6.290000 39.549999 117.019997 -2360.000000 -835.000000 3374.000000
-6.720000 39.279999 117.010002 -2392.000000 -865.000000 3286.000000
-7.140000 38.990002 117.000000 -2474.000000 -943.000000 3268.000000
-7.530000 38.680000 116.989998 -2404.000000 -967.000000 3329.000000
-7.910000 38.340000 116.980003 -2314.000000 -983.000000 3344.000000
-8.260000 37.990002 116.980003 -2286.000000 -1006.000000 3387.000000
-8.590000 37.619999 116.970001 -2213.000000 -1007.000000 3465.000000
-8.900000 37.259998 116.949997 -2087.000000 -1006.000000 3483.000000
-9.200000 36.970001 116.930000 -2154.000000 -1047.000000 3430.000000
-9.490000 36.740002 116.889999 -2244.000000 -1079.000000 3338.000000
-9.770000 36.540001 116.849998 -2238.000000 -1100.000000 3248.000000
-10.050000 36.349998 116.779999 -2190.000000 -1103.000000 3270.000000
-10.290000 36.180000 116.720001 -2124.000000 -1038.000000 3273.000000
-10.520000 36.090000 116.639999 -2220.000000 -983.000000 3347.000000
-10.730000 36.000000 116.550003 -2207.000000 -962.000000 3356.000000
-10.930000 35.930000 116.459999 -2260.000000 -939.000000 3292.000000
-11.100000 35.860001 116.379997 -2225.000000 -853.000000 3228.000000
-11.270000 35.790001 116.309998 -2219.000000 -828.000000 3163.000000
-11.440000 35.720001 116.230003 -2291.000000 -772.000000 3097.000000
-11.590000 35.630001 116.169998 -2395.000000 -741.000000 3189.000000
-11.730000 35.500000 116.120003 -2315.000000 -734.000000 3207.000000
-11.850000 35.340000 116.089996 -2324.000000 -708.000000 3274.000000
-11.960000 35.200001 116.050003 -2362.000000 -628.000000 3209.000000
-12.060000 35.070000 116.019997 -2435.000000 -604.000000 3180.000000
-12.160000 34.919998 116.000000 -2442.000000 -578.000000 3276.000000
-12.250000 34.730000 115.989998 -2276.000000 -585.000000 3305.000000
-12.350000 34.540001 115.970001 -2363.000000 -688.000000 3368.000000
-12.470000 34.340000 115.970001 -2400.000000 -755.000000 3381.000000
-12.570000 34.139999 115.959999 -2316.000000 -756.000000 3336.000000
-12.660000 33.930000 115.970001 -2333.000000 -761.000000 3328.000000
-12.720000 33.680000 115.989998 -2222.000000 -679.000000 3250.000000
-12.760000 33.400002 116.029999 -2280.000000 -670.000000 3269.000000
-12.800000 33.060001 116.080002 -2332.000000 -731.000000 3275.000000
-12.790000 32.580002 116.150002 -1858.000000 -778.000000 3921.000000
-12.780000 32.139999 116.190002 -2416.000000 -1075.000000 3986.000000
-12.710000 31.799999 116.279999 -2307.000000 -819.000000 3695.000000
-12.600000 31.469999 116.410004 -1683.000000 -600.000000 3603.000000
-12.520000 31.320000 116.519997 -1741.000000 -604.000000 3548.000000
-12.550000 31.360001 116.559998 -2156.000000 -721.000000 3503.000000
-12.620000 31.490000 116.550003 -2203.000000 -851.000000 3526.000000
-12.700000 31.639999 116.540001 -2269.000000 -865.000000 3489.000000
-12.770000 31.770000 116.550003 -2219.000000 -940.000000 3448.000000
-12.840000 31.860001 116.550003 -2194.000000 -1004.000000 3390.000000
-12.900000 31.930000 116.550003 -2269.000000 -980.000000 3262.000000
-12.960000 31.980000 116.559998 -2330.000000 -1007.000000 3218.000000
-12.990000 31.980000 116.599998 -2258.000000 -944.000000 3203.000000
-13.000000 31.920000 116.660004 -2189.000000 -830.000000 3195.000000
-13.000000 31.809999 116.709999 -2227.000000 -796.000000 3285.000000
-12.980000 31.629999 116.779999 -2185.000000 -722.000000 3296.000000
-12.930000 31.360001 116.870003 -2050.000000 -709.000000 3378.000000
-12.880000 31.040001 116.959999 -2064.000000 -756.000000 3423.000000
-12.790000 30.639999 117.029999 -1808.000000 -648.000000 3870.000000
-12.670000 30.270000 117.070000 -790.000000 -417.000000 3923.000000
-12.700000 30.180000 116.989998 -1589.000000 -847.000000 3861.000000
-12.800000 30.309999 116.849998 -2264.000000 -1150.000000 3679.000000
-12.830000 30.430000 116.750000 -2356.000000 -1026.000000 3747.000000
-12.790000 30.480000 116.690002 -1962.000000 -944.000000 3709.000000
-12.750000 30.490000 116.650002 -1754.000000 -1059.000000 3715.000000
-12.710000 30.510000 116.589996 -1858.000000 -1181.000000 3622.000000
-12.690000 30.490000 116.510002 -1724.000000 -1457.000000 3926.000000
-12.670000 30.490000 116.419998 -1504.000000 -1585.000000 3969.000000
-12.630000 30.530001 116.309998 -1774.000000 -1717.000000 4023.000000
-12.550000 30.549999 116.230003 -1889.000000 -1805.000000 4155.000000
-12.390000 30.500000 116.180000 -1846.000000 -1814.000000 4202.000000
-12.170000 30.370001 116.160004 -1750.000000 -1846.000000 4229.000000
-11.890000 30.170000 116.160004 -1643.000000 -1887.000000 4228.000000
-11.560000 29.900000 116.160004 -1514.000000 -1922.000000 4311.000000
-11.170000 29.580000 116.160004 -1403.000000 -1950.000000 4428.000000
-10.740000 29.230000 116.150002 -1340.000000 -1943.000000 4335.000000
-10.270000 28.870001 116.129997 -1307.000000 -1953.000000 4175.000000
-9.770000 28.510000 116.099998 -1401.000000 -1920.000000 3921.000000
-9.240000 28.170000 116.070000 -1650.000000 -1918.000000 3785.000000
-8.660000 27.790001 116.019997 -1922.000000 -1883.000000 3701.000000
-8.040000 27.340000 115.959999 -2013.000000 -1821.000000 3645.000000
-7.380000 26.799999 115.879997 -1968.000000 -1743.000000 3605.000000
-6.690000 26.219999 115.769997 -2019.000000 -1645.000000 3610.000000
-5.980000 25.629999 115.629997 -1945.000000 -1477.000000 3479.000000
-5.260000 25.010000 115.449997 -1814.000000 -1305.000000 3365.000000
-4.570000 24.400000 115.250000 -1595.000000 -1194.000000 3247.000000
-3.910000 23.870001 114.989998 -1373.000000 -1028.000000 2846.000000
-3.270000 23.469999 114.680000 -1446.000000 -819.000000 2703.000000
-2.640000 23.160000 114.330002 -1608.000000 -610.000000 2701.000000
-2.080000 22.879999 113.940002 -1569.000000 -622.000000 2556.000000
-1.590000 22.600000 113.500000 -1455.000000 -657.000000 2555.000000
-1.120000 22.290001 112.970001 -1461.000000 -554.000000 2620.000000
-0.660000 21.969999 112.430000 -1368.000000 -402.000000 2755.000000
-0.230000 21.639999 111.849998 -1338.000000 -293.000000 2911.000000
0.180000 21.330000 111.230003 -1254.000000 -213.000000 3125.000000
0.580000 21.030001 110.550003 -1539.000000 -163.000000 3297.000000
1.010000 20.700001 109.809998 -2019.000000 -16.000000 3275.000000
1.430000 20.270000 109.050003 -2187.000000 145.000000 3333.000000
1.820000 19.730000 108.279999 -2132.000000 284.000000 3417.000000
2.150000 19.139999 107.510002 -1960.000000 412.000000 3425.000000
2.460000 18.570000 106.750000 -1698.000000 582.000000 3509.000000
2.710000 18.070000 105.970001 -1680.000000 633.000000 3561.000000
2.910000 17.650000 105.160004 -1765.000000 604.000000 3570.000000
3.070000 17.270000 104.330002 -2145.000000 606.000000 3466.000000
3.220000 16.820000 103.500000 -2033.000000 721.000000 3401.000000
3.360000 16.299999 102.660004 -1899.000000 737.000000 3512.000000
3.490000 15.730000 101.809998 -1657.000000 870.000000 3465.000000
3.600000 15.170000 100.949997 -1427.000000 1000.000000 3491.000000
3.700000 14.670000 100.089996 -1359.000000 1043.000000 3465.000000
3.760000 14.240000 99.220001 -1416.000000 1091.000000 3457.000000
3.780000 13.910000 98.339996 -1622.000000 1090.000000 3576.000000
3.790000 13.610000 97.480003 -1887.000000 1077.000000 3576.000000
3.820000 13.280000 96.599998 -1777.000000 1204.000000 3659.000000
3.840000 12.880000 95.720001 -1571.000000 1145.000000 3672.000000
3.870000 12.450000 94.830002 -1297.000000 1232.000000 3629.000000
3.940000 12.000000 93.959999 -1028.000000 1245.000000 3597.000000
4.070000 11.530000 93.099998 -770.000000 1343.000000 3644.000000
4.210000 11.050000 92.230003 -815.000000 1314.000000 3729.000000
4.310000 10.600000 91.389999 -881.000000 1242.000000 3829.000000
4.400000 10.200000 90.629997 -1030.000000 1210.000000 3804.000000
4.480000 9.880000 89.940002 -1116.000000 1279.000000 3644.000000
4.560000 9.610000 89.290001 -1092.000000 1276.000000 3516.000000
4.600000 9.390000 88.669998 -1185.000000 1279.000000 3606.000000
4.630000 9.200000 88.070000 -1258.000000 1204.000000 3677.000000
4.660000 9.010000 87.489998 -1313.000000 1154.000000 3664.000000
4.690000 8.780000 86.940002 -1131.000000 1088.000000 3709.000000
4.720000 8.510000 86.419998 -903.000000 1105.000000 3708.000000
4.760000 8.180000 85.940002 -749.000000 1190.000000 3920.000000
4.780000 7.860000 85.500000 -532.000000 1256.000000 4020.000000
4.780000 7.590000 85.110001 -476.000000 1191.000000 4098.000000
4.720000 7.450000 84.790001 -600.000000 1066.000000 4205.000000
4.660000 7.410000 84.529999 -828.000000 1077.000000 4177.000000
4.610000 7.420000 84.300003 -896.000000 1069.000000 4139.000000
4.550000 7.400000 84.110001 -800.000000 1052.000000 4164.000000
4.490000 7.320000 83.919998 -606.000000 1019.000000 4145.000000
4.400000 7.220000 83.760002 -527.000000 896.000000 4209.000000
4.310000 7.110000 83.620003 -569.000000 877.000000 4144.000000
4.230000 7.020000 83.500000 -620.000000 857.000000 4050.000000
4.130000 6.930000 83.400002 -710.000000 759.000000 4146.000000
4.030000 6.790000 83.309998 -569.000000 738.000000 4170.000000
3.910000 6.630000 83.230003 -473.000000 677.000000 4240.000000
3.790000 6.490000 83.180000 -492.000000 620.000000 4166.000000
3.710000 6.340000 83.139999 -476.000000 746.000000 4080.000000
3.610000 6.180000 83.089996 -578.000000 577.000000 4259.000000
3.500000 5.940000 83.070000 -427.000000 534.000000 4308.000000
3.380000 5.680000 83.070000 -293.000000 467.000000 4377.000000
3.260000 5.470000 83.099998 -357.000000 385.000000 4436.000000
3.170000 5.300000 83.160004 -468.000000 444.000000 4445.000000
3.120000 5.140000 83.239998 -441.000000 489.000000 4437.000000
3.080000 4.970000 83.349998 -212.000000 545.000000 4437.000000
3.030000 4.830000 83.480003 -29.000000 545.000000 4445.000000
2.980000 4.810000 83.639999 -108.000000 471.000000 4433.000000
2.920000 4.900000 83.830002 -201.000000 482.000000 4378.000000
2.830000 5.100000 84.040001 -406.000000 367.000000 4466.000000
2.720000 5.360000 84.269997 -685.000000 193.000000 4543.000000
2.640000 5.550000 84.519997 -488.000000 235.000000 4431.000000
2.580000 5.670000 84.769997 -290.000000 240.000000 4322.000000
2.550000 5.680000 85.010002 3.000000 191.000000 4106.000000
2.560000 5.650000 85.230003 80.000000 178.000000 4045.000000
2.530000 5.650000 85.430000 -228.000000 -44.000000 3987.000000
2.470000 5.680000 85.660004 -394.000000 -157.000000 4182.000000
2.410000 5.740000 85.930000 -306.000000 -73.000000 4329.000000
2.380000 5.880000 86.239998 -220.000000 189.000000 4172.000000
2.340000 6.110000 86.540001 -404.000000 212.000000 4102.000000
2.240000 6.420000 86.820000 -917.000000 -60.000000 4260.000000
2.100000 6.680000 87.129997 -996.000000 -59.000000 4342.000000
1.970000 6.780000 87.470001 -702.000000 -87.000000 4453.000000
1.880000 6.620000 87.790001 60.000000 57.000000 4463.000000
1.780000 6.330000 88.050003 609.000000 -312.000000 4320.000000
1.730000 6.170000 88.309998 409.000000 199.000000 4338.000000
1.730000 6.200000 88.589996 164.000000 391.000000 3913.000000
1.680000 6.130000 88.790001 263.000000 205.000000 4062.000000
1.610000 6.020000 88.980003 549.000000 183.000000 4066.000000
1.540000 6.020000 89.169998 272.000000 234.000000 4096.000000
1.500000 6.200000 89.339996 -135.000000 433.000000 3799.000000
1.420000 6.380000 89.480003 -249.000000 223.000000 3945.000000
1.330000 6.530000 89.620003 -450.000000 106.000000 4011.000000
1.240000 6.680000 89.820000 -544.000000 119.000000 3945.000000
1.170000 6.810000 90.029999 -485.000000 122.000000 3930.000000
1.090000 6.890000 90.199997 -335.000000 67.000000 4030.000000
1.020000 6.960000 90.379997 -299.000000 27.000000 4112.000000
0.950000 7.050000 90.570000 -307.000000 -20.000000 4219.000000
0.880000 7.130000 90.739998 -364.000000 -84.000000 4303.000000
0.850000 7.160000 90.900002 -261.000000 -35.000000 4297.000000
0.830000 7.150000 91.029999 -155.000000 -28.000000 4215.000000
0.820000 7.160000 91.129997 -182.000000 -36.000000 4054.000000
0.800000 7.240000 91.209999 -336.000000 -21.000000 4012.000000
0.790000 7.350000 91.309998 -405.000000 18.000000 4010.000000
0.780000 7.450000 91.370003 -442.000000 13.000000 4043.000000
0.760000 7.570000 91.419998 -476.000000 53.000000 4004.000000
0.760000 7.690000 91.480003 -536.000000 62.000000 4036.000000
0.750000 7.830000 91.519997 -575.000000 82.000000 4032.000000
0.750000 7.940000 91.570000 -571.000000 88.000000 4109.000000
0.750000 8.050000 91.620003 -578.000000 100.000000 4175.000000
0.770000 8.140000 91.650002 -598.000000 143.000000 4229.000000
