10.16913 -23.622264 2.745504
10.655031 -23.236405 0.066593
11.153486 -22.831018 -2.765052
11.512283 -22.399433 -5.509666
11.927312 -22.264666 -7.058706
12.615918 -22.239168 -8.980331
12.674301 -22.22024 -9.894136
13.326085 -22.310198 -11.7118
14.162799 -22.102826 -15.401969
13.968263 -21.758603 -17.569098
13.395619 -21.351582 -19.609497
12.411707 -20.759067 -21.659572
10.902717 -19.817363 -23.889337
9.600972 -18.533382 -27.438065
8.462771 -17.998516 -27.559044
7.609425 -18.033622 -26.662235
7.269001 -18.425022 -26.617111
7.130491 -19.597825 -25.126971
7.150589 -21.095072 -22.823904
7.309575 -22.652698 -19.967878
7.552607 -24.307788 -16.54714
8.011314 -25.949253 -12.800423
8.789018 -27.410795 -8.922525
9.809426 -28.70974 -4.88352
10.823604 -29.790645 -0.969308
11.823022 -30.671705 2.869604
12.814931 -31.421701 6.750488
13.758675 -31.980768 10.293649
14.626007 -32.401196 13.523728
15.34512 -32.559558 16.094258
16.212795 -32.575938 18.578104
17.372303 -32.644686 21.595055
18.808191 -32.827653 25.587114
20.385936 -33.054999 30.551142
21.857848 -33.319205 36.3091
23.036154 -33.48818 42.403386
24.033528 -33.357392 48.177226
24.819996 -32.872346 52.985741
25.303934 -32.119097 56.481491
25.848703 -31.231099 59.542619
26.567398 -30.23115 62.53682
27.444428 -29.127879 66.096033
28.227485 -28.013931 70.403349
28.949382 -26.712995 75.224878
29.396624 -25.302259 80.267558
29.733681 -23.734179 86.080132
29.97323 -22.127761 92.861412
30.146092 -20.687573 101.480047
30.28961 -19.407463 111.524475
30.1946 -18.318571 120.911979
29.874049 -17.405932 129.248826
29.365516 -16.743247 136.206403
28.839469 -16.061668 142.153174
28.270562 -15.653878 146.791955
27.7435 -15.260314 150.791412
27.420013 -14.883329 156.607606
27.288046 -14.441132 163.859754
27.109517 -13.989553 170.348661
26.852594 -13.549952 175.521023
26.472294 -13.050018 178.751431
25.991343 -12.560053 179.843637
25.571022 -12.095951 -179.339587
25.323646 -11.673693 -177.708314
25.067716 -11.219258 -177.363445
24.697476 -10.563673 -179.032565
24.273735 -9.741378 177.092385
23.790646 -8.843634 170.668416
23.282133 -7.972979 161.304415
22.563674 -7.457044 145.293316
21.622023 -7.373107 123.665807
20.858494 -7.038904 106.166341
20.563139 -6.444676 93.912474
20.387109 -5.852114 81.414462
20.520873 -5.361512 71.401982
20.68411 -4.538045 57.386922
20.505771 -3.435863 38.365764
21.509039 -3.324057 39.84145
22.442267 -3.27693 42.688708
22.876805 -2.993191 42.710744
22.906667 -2.810592 40.86287
22.923957 -2.675725 39.323071
23.017612 -2.501215 38.293761
23.279544 -2.572606 40.729984
23.710061 -2.95844 47.019311
24.250517 -3.565937 55.928732
24.814766 -4.384963 66.304265
25.373037 -5.365366 77.183013
25.869738 -6.442991 87.692263
26.327836 -7.547876 97.445152
26.724975 -8.617958 106.302932
27.076222 -9.646131 114.707803
27.394077 -10.650436 123.041368
27.633289 -11.692412 131.167963
27.69335 -12.855691 138.345001
27.550413 -14.168413 144.146562
27.190424 -15.573459 148.902682
26.650754 -17.010121 153.139599
25.892142 -18.44056 156.409876
24.988907 -19.836985 158.740288
24.039747 -21.169224 160.383496
23.098411 -22.404466 161.722629
22.17269 -23.582305 163.071861
21.152726 -24.722602 164.069472
19.927561 -25.837912 164.204967
18.486527 -26.87734 163.704511
16.882203 -27.821239 162.769104
15.096636 -28.632 160.871335
13.234934 -29.338457 158.50311
11.463078 -30.044919 156.702445
9.917735 -30.800456 156.371028
8.355512 -31.363883 155.92442
6.599043 -31.471265 154.001713
4.719207 -31.015763 149.895879
3.218887 -30.325903 145.514111
2.324311 -29.722407 142.382088
1.998944 -29.519739 141.670343
1.885957 -29.361803 141.154573
1.600582 -28.979716 139.148973
0.857651 -28.286897 134.818859
-0.174338 -27.408767 129.016636
-1.150148 -26.45432 122.864582
-1.72469 -25.520398 117.079956
-1.928574 -24.733316 112.104318
-1.841145 -24.122277 108.009164
-1.577195 -23.64869 104.586729
-1.365559 -23.224901 101.169975
-1.154395 -22.80321 97.687198
-0.976883 -22.274697 93.467564
-0.764389 -21.611119 87.716657
-0.362211 -20.946534 81.36319
0.330821 -20.485743 75.958546
1.215569 -20.175385 70.991449
2.134153 -19.871743 64.677424
2.954691 -19.422559 55.456859
3.196979 -18.56509 44.761308
3.172825 -17.522848 36.286572
3.531896 -16.749149 29.942026
4.158916 -16.460054 26.609086
4.989714 -16.380964 23.588692
5.717431 -16.317729 21.563139
6.065684 -16.00762 19.872687
6.277204 -15.352453 16.00075
6.594044 -14.580265 10.836308
7.087595 -13.751568 4.362689
7.533144 -12.915988 -1.736232
7.930265 -12.191061 -6.257677
8.197263 -11.490782 -9.746861
8.252196 -11.021164 -10.102332
8.130771 -10.518713 -10.149259
8.073755 -10.128094 -10.103013
7.893734 -9.881976 -8.708525
7.634032 -9.793708 -6.357123
7.577395 -9.553797 -6.087562
7.751736 -9.221754 -7.437381
7.939695 -8.99521 -8.227639
8.039486 -8.842626 -8.331303
7.937841 -8.660628 -8.150481
7.841989 -8.463388 -8.155952
7.702075 -8.474234 -7.141642
7.449291 -8.623392 -5.443127
7.205702 -8.862382 -3.566995
6.975129 -9.202294 -1.44713
6.796539 -9.623489 0.838296
6.613459 -10.158844 3.59698
6.186454 -10.00459 3.129517
7.604781 -11.446445 7.921338
8.599046 -12.846715 13.93049
8.461979 -13.188936 17.132802
8.183998 -13.437871 20.105046
8.337708 -13.682061 22.165664
8.873776 -13.944317 23.482372
9.366074 -14.354641 25.470994
9.781613 -14.860471 28.34665
10.23275 -15.364686 31.547347
10.837347 -15.77094 34.39679
11.565429 -15.706705 35.056776
11.861244 -14.941492 32.092609
12.229058 -14.142451 28.935024
12.549811 -13.16564 24.24236
12.834287 -12.318632 20.1584
12.742943 -11.430432 16.024669
12.373768 -10.541027 11.914135
11.975362 -9.791068 8.500192
11.6786 -9.255759 6.059022
11.514051 -8.901506 4.448368
11.375669 -8.634737 3.249946
11.179699 -8.389579 2.029735
11.000485 -8.214898 1.009856
10.834447 -8.081338 -0.029065
10.755183 -7.869634 -1.922068
10.775726 -7.524392 -5.081555
10.833938 -6.921829 -10.136471
11.00337 -6.107852 -17.08959
11.220413 -5.164309 -25.173995
11.696369 -4.27551 -34.010013
12.297102 -3.457248 -43.267727
12.831533 -2.76008 -51.646841
13.444096 -2.502347 -58.390713
13.769206 -2.314772 -62.809887
13.966715 -2.301466 -65.41543
14.153797 -2.447158 -66.688106
14.455395 -2.909753 -67.01286
14.906461 -3.617371 -66.840799
15.4938 -4.362253 -66.729566
16.105516 -5.161417 -66.304035
16.667281 -6.056565 -65.367735
17.095038 -6.953361 -64.017281
17.506894 -7.773635 -63.331646
17.90585 -8.523275 -63.019602
18.233058 -9.201324 -62.614277
18.587701 -9.851538 -62.400297
18.996873 -10.517896 -62.214096
19.353873 -11.932203 -60.376786
19.777608 -12.468498 -59.377954
20.331633 -12.907454 -59.392813
21.118069 -13.311148 -61.711274
22.022296 -13.697481 -66.583065
22.886297 -14.085479 -72.972552
23.657316 -14.404005 -80.135358
24.361675 -14.607632 -87.937176
25.025599 -14.687386 -95.999501
25.625761 -14.63647 -103.346342
26.130776 -14.468774 -109.450418
26.539523 -14.234039 -114.877443
26.951333 -13.985624 -120.659069
27.370789 -13.654761 -126.516282
27.799888 -13.195717 -132.086014
28.09169 -12.616547 -135.384101
28.133512 -12.0245 -135.164145
28.011477 -11.449536 -132.314455
27.766166 -11.024682 -127.41285
27.597206 -10.865968 -122.721878
27.688136 -11.214545 -120.533157
27.989241 -12.081593 -122.310879
28.481121 -13.213873 -131.585251
29.487711 -13.685038 -161.233753
31.988425 -19.420339 81.016139
30.577532 -19.977343 -27.336572
29.151102 -21.435185 -50.964269
26.747372 -21.891042 -66.663956
24.195394 -23.141534 -87.068687
20.371345 -24.498504 -128.564476
15.623718 -22.287046 170.241812
12.870013 -21.390716 138.690229
10.8297 -21.16531 117.551189
10.362309 -21.12298 103.072137
10.186174 -21.638434 92.737561
10.987577 -21.939738 83.778921
12.080469 -22.061788 75.591626
13.162488 -22.167199 68.336289
14.121618 -22.165077 61.815422
14.81762 -21.923919 55.175497
15.375533 -21.505474 48.341559
15.885853 -21.051925 41.902396
16.407598 -20.728333 36.097942
16.939929 -20.543523 31.438908
17.510097 -20.430575 27.671833
17.868963 -20.396051 25.501665
17.985769 -20.507215 27.321078
20.245622 -13.346146 -29.776106
20.092983 -13.880404 -26.563527
19.854799 -14.682617 -21.6643
19.542213 -15.579048 -16.35666
19.165834 -16.534489 -11.103174
18.756365 -17.504016 -6.32976
18.291135 -18.415787 -2.260035
17.847316 -19.208013 0.746602
17.42639 -19.855689 2.75585
17.046583 -20.354739 3.945839
16.692587 -20.665714 4.291777
16.440289 -20.832032 3.935727
16.243489 -20.87341 3.159173
16.046773 -20.747634 1.862605
15.861018 -20.55652 0.574491
16.258888 -16.357759 -29.498294
16.198635 -16.478696 -29.330698
16.179714 -16.582616 -29.202166
16.122235 -16.674092 -28.987748
16.112471 -16.772789 -28.822065
16.129631 -16.835372 -28.813387
16.143248 -16.871729 -28.874215
16.136936 -16.884251 -28.998775
19.295558 -17.743616 -17.971714
19.50758 -17.665737 -18.607669
19.673539 -17.584303 -19.25062
19.789456 -17.543633 -19.696012
19.89763 -17.509876 -20.16108
19.935989 -17.467833 -20.615051
19.97215 -17.505573 -20.833667
19.935108 -17.586168 -20.73734
19.911497 -17.702445 -20.552761
19.907464 -17.825968 -20.331696
19.933732 -17.939888 -20.188282
19.968691 -18.04032 -20.121082
19.960177 -18.117717 -20.019417
19.898303 -18.203409 -19.829514
19.799611 -18.254595 -19.670463
