6.259427 -7.275603 -68.687828
6.376456 -8.307863 -68.302042
6.473442 -9.199058 -67.846857
7.072869 -9.659168 -68.34854
7.433388 -10.354629 -68.614312
7.307097 -11.143333 -68.481879
6.987049 -11.830169 -68.28286
6.653212 -12.376832 -68.08509
6.334861 -12.775463 -67.903323
5.967069 -13.064402 -67.776249
5.499351 -13.178728 -67.812903
5.104914 -13.131222 -68.048892
4.898912 -12.895836 -68.51028
4.937453 -12.359256 -69.409794
5.1201 -11.577827 -70.522772
5.166932 -10.540588 -71.857397
5.08383 -9.410445 -73.29693
4.868218 -8.275998 -74.556948
4.558107 -7.119561 -75.706641
4.125449 -5.929312 -76.723811
3.519021 -4.761456 -77.594468
2.750188 -3.625215 -78.240498
1.879904 -2.491676 -78.750973
1.038857 -1.40392 -79.175161
0.201518 -0.350981 -79.535804
-0.708431 0.637309 -79.770335
-1.697717 1.564787 -79.902378
-2.741394 2.412332 -79.896265
-3.833831 3.186529 -79.777935
-4.975424 3.960858 -79.636958
-6.154329 4.677901 -79.371331
-7.42486 5.323071 -79.068259
-8.75876 5.881592 -78.706815
-9.803495 6.561884 -78.317229
-10.519608 7.338108 -78.005777
-11.843698 7.44708 -77.471817
-12.564513 7.423067 -76.864142
-13.378886 7.473961 -76.400717
-14.186406 7.337214 -76.054884
-13.407593 6.788857 -75.884205
-13.085034 6.417299 -75.449688
-13.279424 6.033104 -74.961466
-12.812859 5.20171 -74.663472
-12.346846 5.132841 -74.268012
-11.976534 5.054634 -73.919894
-11.718475 4.50216 -73.677601
-11.672659 3.993613 -73.499032
-12.065601 3.682289 -73.331594
-12.332306 3.162651 -73.19978
-12.395502 2.919391 -72.896027
-11.964413 2.400175 -72.67663
-11.80293 1.798165 -72.417661
-11.81752 1.599214 -72.184491
-11.650819 1.499851 -71.828801
-10.745877 1.276566 -71.54587
-9.73627 1.192039 -71.462087
-8.905994 1.009072 -71.30423
-8.21037 0.876147 -71.14891
-7.658582 0.672012 -70.977642
-7.444454 0.22333 -70.81792
-7.677708 -0.074238 -70.761248
-8.04671 -0.312449 -70.704415
-7.622786 -0.284757 -70.532916
-6.998105 0.08433 -70.507178
-6.355233 0.023062 -70.444692
-5.83044 -0.007234 -70.343666
-5.203342 0.127948 -70.379164
-4.868172 -0.260514 -70.307399
-5.39832 -0.231823 -70.215697
-5.809199 -0.254773 -69.965427
-5.980538 -0.461614 -69.786636
-6.227453 -0.307856 -69.786302
-6.65337 -0.088841 -69.714509
-7.262466 -0.101656 -69.512643
-7.732293 -0.118304 -69.412946
-7.967732 -0.020938 -69.29039
-8.375644 0.493394 -69.118898
-8.865967 0.994821 -69.016993
-9.311232 1.450853 -68.889609
-9.661928 1.743087 -68.79568
-9.71145 2.167445 -68.778755
-9.26302 2.813158 -68.707389
-8.464442 3.26306 -68.885837
-7.407635 3.851911 -69.222256
-6.536025 3.797897 -69.528829
-6.149018 3.832586 -69.651264
-6.044785 4.30118 -69.924495
-5.284901 4.65949 -70.36526
-3.919501 5.894305 -71.414904
-2.504752 7.615196 -73.06926
-1.228792 9.568944 -75.357948
-0.054061 11.533129 -78.250127
1.235911 13.405579 -81.818026
2.852236 15.141482 -86.275594
4.803243 16.725381 -91.792981
7.057524 18.184565 -98.713424
9.635367 19.462808 -107.389491
12.722085 20.475141 -118.336799
16.445879 20.962869 -132.012324
20.779071 21.032139 -149.099648
25.651602 20.117209 -169.797911
30.96415 17.677749 164.772353
36.103108 11.527685 134.226405
39.411372 -2.797417 97.654222
36.825984 -24.821342 53.648866
15.964751 -38.576206 -8.482398
-25.981019 -33.838117 -90.132626
-43.576803 -11.115472 -146.131901
-43.452107 11.792148 177.042703
-37.135784 24.05918 148.03802
-29.065902 29.684421 124.246011
-21.551493 32.304634 105.214103
-15.061179 33.641893 89.800534
-9.706675 34.384045 77.71251
-4.655709 34.766549 67.166837
0.274871 34.894971 57.933567
5.031667 34.620465 49.709095
9.265068 33.608839 42.496315
11.853115 32.403687 37.457816
13.456983 30.955204 33.17942
14.414497 29.442956 29.428556
15.204498 28.070771 26.474172
15.83481 26.926673 24.487407
16.054322 25.83262 23.00625
15.740438 24.673417 21.607084
15.339509 23.691791 20.534345
15.182046 23.015635 19.8448
15.248738 22.476544 19.230547
15.407219 21.928763 18.448735
15.760553 21.326447 17.61759
16.167975 20.60836 16.885316
16.443046 19.877143 16.268747
16.71624 19.093667 15.650865
16.917274 18.415274 15.24212
17.093662 17.817207 15.042042
17.279151 17.233568 14.894238
17.338089 16.605699 14.711942
17.278967 15.98548 14.651576
17.258863 15.446421 14.709743
17.346152 14.949879 14.768743
17.400361 14.566604 14.84975
17.420482 14.289951 14.993445
17.352226 14.117994 15.152836
17.260343 14.035995 15.340212
17.286401 13.975581 15.429173
17.348118 13.975643 15.66559
17.518368 13.957902 15.920565
17.884722 13.993374 16.036568
18.25498 14.055031 16.164954
18.583261 14.081289 16.272994
18.919801 14.148343 16.469854
19.189292 14.171965 16.587464
19.454915 14.20168 16.706435
19.635028 14.215188 16.857525
19.762342 14.182856 17.066178
19.873751 14.138751 17.301531
19.946303 14.073542 17.577086
20.036615 14.011337 17.892564
20.114577 14.010587 18.152021
20.203258 14.028887 18.386843
20.27483 14.110888 18.549805
20.329896 14.209211 18.79374
20.401331 14.292561 19.054401
20.470468 14.388419 19.321084
20.554594 14.477879 19.565668
20.638341 14.595378 19.829682
20.696842 14.724508 20.102445
20.751808 14.793061 20.314631
20.81981 14.83946 20.533744
20.857311 14.885652 20.775705
20.889481 14.9258 20.981015
20.838542 14.993158 21.305404
20.804572 15.046631 21.554098
20.738888 15.109492 21.813044
20.735717 15.163439 21.973732
20.760233 15.257809 22.104812
20.797312 15.366736 22.271668
20.847802 15.481221 22.4197
20.846748 15.567633 22.602136
20.849977 15.642447 22.808559
20.815117 15.694488 23.073233
20.814295 15.753399 23.225936
20.846567 15.809653 23.365718
20.81972 15.917389 23.558385
20.742656 16.057756 23.730578
20.713666 16.202192 23.86388
20.64928 16.357977 24.048819
20.574711 16.468275 24.224213
20.566681 16.62036 24.320204
20.501318 16.810217 24.45993
20.452507 17.012315 24.573986
20.284115 17.256601 24.738323
20.108886 17.503571 24.887994
19.905777 17.837877 25.120192
19.7062 18.238502 25.378255
19.378538 18.653743 25.678953
18.863976 19.119367 26.172594
18.178398 19.675826 26.875879
17.323629 20.362791 27.637607
16.340523 21.222098 28.586926
15.258645 22.263094 29.779359
13.999507 23.429511 31.235618
12.440322 24.684608 33.133191
10.552684 25.966538 35.533112
8.104141 27.214515 38.719413
5.118145 28.295926 42.615176
1.541643 29.202035 47.45787
-2.540839 29.910823 53.425753
-7.26177 30.257919 60.722667
-12.654087 30.044891 69.691535
-18.407251 28.990151 79.980669
-24.110109 26.82535 91.590183
-29.606041 22.84417 104.879138
-34.324394 16.169412 120.31882
-37.299369 6.130216 138.219858
-37.396042 -6.702735 159.89098
-32.717113 -19.630386 -171.440067
-20.453272 -28.410225 -132.044104
-2.149302 -31.611915 -81.698544
14.276313 -32.293362 -20.666352
24.783532 -29.486599 59.374008
29.219132 -18.419572 144.128658
30.316693 -13.857802 -156.423031
30.068833 -10.119234 -119.877001
29.135659 -6.911303 -96.099778
27.991973 -4.848804 -80.831049
26.972769 -3.9406 -70.674708
25.780013 -3.59405 -63.085046
24.573 -3.699163 -57.069986
23.4845 -4.080508 -52.690466
22.501392 -4.626245 -49.459363
21.515343 -5.146852 -47.111407
20.509998 -5.71869 -45.147626
19.460838 -6.017968 -44.194338
18.336511 -6.082008 -43.864005
17.138436 -5.90138 -44.063397
15.831342 -5.795841 -44.178723
14.523636 -5.588495 -44.574363
13.286208 -5.196485 -45.370503
12.428076 -4.588066 -46.617082
11.878891 -4.020271 -47.755837
11.357164 -3.598048 -48.726932
10.76827 -3.585336 -49.480425
9.767551 -3.489588 -50.157492
8.510394 -3.889654 -50.313161
7.301627 -4.529541 -50.3692
6.088474 -5.054849 -50.561808
4.953595 -5.617982 -50.562542
4.258287 -5.922505 -50.849696
3.996912 -6.117332 -51.092602
3.970307 -6.100923 -51.428998
3.854769 -5.853032 -51.895267
3.494475 -5.68451 -52.236315
2.818859 -5.400907 -52.685555
1.775115 -5.584441 -52.80447
0.865137 -6.17833 -52.660119
0.217492 -6.846549 -52.554916
-0.213656 -7.12029 -52.604238
-0.214292 -7.12784 -52.662712
-0.03646 -7.139344 -52.777599
0.156572 -6.879666 -53.017387
0.327577 -6.763508 -53.140201
0.285156 -6.949962 -53.073456
0.090411 -6.88248 -53.14394
-0.096272 -6.483402 -53.262217
0.213495 -6.859197 -52.977108
-0.641297 -7.952813 -52.643046
-0.93848 -8.829254 -52.56063
-1.043078 -9.854992 -52.253598
-1.394609 -10.605256 -51.994737
-1.669665 -10.866885 -51.860066
-1.704418 -10.993275 -51.74811
-1.610051 -11.191871 -51.54844
-1.584886 -11.361168 -51.305181
-1.340075 -11.421459 -51.158107
-1.388313 -11.443508 -51.023388
-1.822114 -11.219394 -51.083141
-2.410132 -11.302431 -51.128201
-3.072308 -11.748029 -51.043148
-3.676293 -12.214775 -51.045841
-3.889738 -12.757949 -50.886457
-4.003204 -13.414835 -50.691963
-3.987918 -13.971085 -50.429043
-3.707329 -14.457014 -50.145859
-3.355656 -14.648912 -49.941706
-2.987324 -15.111693 -49.57308
-2.846128 -15.77886 -49.256625
-2.840279 -16.346701 -49.046642
-2.805248 -16.715317 -48.865624
-2.953526 -17.202579 -48.707033
-3.281118 -17.848991 -48.51086
-3.588485 -18.504142 -48.340895
-3.463716 -19.086825 -48.001609
-3.160642 -19.496372 -47.742881
-2.905163 -19.78843 -47.496778
-2.868748 -19.120738 -47.711191
-2.388259 -18.428005 -47.600561
-1.439028 -18.966777 -46.951896
-1.328627 -19.905957 -46.504728
-1.581952 -20.301411 -46.291984
-1.187117 -20.233433 -45.960068
-1.083483 -20.400931 -45.607126
-1.125407 -20.316223 -45.472146
-0.694703 -20.093878 -45.232267
-0.128483 -19.828077 -45.022303
0.389842 -19.547228 -44.830309
0.656658 -19.127891 -44.864858
0.4283 -18.646471 -45.059976
0.111633 -18.319284 -45.31673
-0.316289 -18.243891 -45.397857
-0.906776 -18.208819 -45.534196
-1.51469 -18.001389 -45.706537
-2.125779 -17.629732 -45.883413
-2.540661 -16.854667 -46.199074
-2.745447 -16.051264 -46.496135
-2.680756 -15.304143 -46.724649
-3.304173 -14.059338 -47.405768
-3.912775 -13.011194 -47.864312
-4.168243 -11.906509 -48.261367
-4.604537 -10.434812 -48.832626
-4.873747 -8.534508 -49.566066
-5.11836 -6.773583 -50.314787
-5.313864 -5.343812 -50.97223
-5.265749 -4.312851 -51.482737
-4.915181 -3.519686 -51.94434
-4.300485 -2.594093 -52.351513
-3.409217 -1.322966 -52.930119
-2.325216 -0.001219 -53.494343
-1.23339 1.264615 -54.157759
-0.117673 2.381055 -54.830768
1.040455 3.165441 -55.497332
2.206934 3.25738 -55.809659
3.239956 2.84847 -55.642153
4.151523 2.384433 -55.307583
5.063285 2.171459 -55.135203
5.90551 2.190234 -55.209902
6.71054 2.11489 -55.189322
7.552846 2.05317 -55.185172
8.464126 1.999829 -55.20183
9.472616 1.870216 -55.203198
10.528361 1.681021 -55.202374
11.638889 1.448852 -55.158688
12.647228 1.134245 -54.954653
13.369863 0.649235 -54.439219
13.60898 -0.077335 -53.419851
13.270974 -1.024022 -51.786397
12.540139 -1.979769 -49.91127
11.598539 -2.801526 -48.072717
10.495026 -3.342288 -46.454269
9.311338 -3.575567 -45.201737
8.086796 -3.617763 -44.276608
7.006712 -3.718592 -43.535301
6.216418 -4.057263 -42.866956
5.812771 -4.63281 -42.362385
5.739132 -5.299219 -42.036442
5.79932 -5.861219 -41.922009
5.684821 -6.25255 -41.906413
9.600031 -4.851644 -51.615413
9.593556 -5.557435 -51.0951
9.415312 -6.512519 -50.356682
9.216595 -7.661647 -49.495197
8.972694 -8.83053 -48.592097
8.629678 -9.938507 -47.640837
8.144696 -10.971292 -46.70432
7.669335 -11.886203 -45.81464
7.379262 -12.62316 -45.086766
6.788427 -12.940772 -44.709475
6.21209 -13.584887 -44.072211
5.782174 -14.045735 -43.644567
5.545176 -14.438403 -43.349387
5.393155 -14.618141 -43.173089
5.45613 -14.674078 -43.207461
5.735418 -14.695821 -43.221771
5.950185 -14.512977 -43.4998
6.091244 -14.112753 -43.979226
6.100017 -13.548485 -44.537354
6.244665 -13.174327 -44.962201
6.19127 -12.91625 -45.218443
6.078378 -12.735493 -45.359627
5.993469 -12.53591 -45.499683
5.164604 -7.254009 -52.071522
5.106335 -6.976747 -52.175809
4.974303 -6.681816 -52.283667
4.803269 -6.390045 -52.289394
4.539351 -6.108078 -52.25129
4.292556 -5.870031 -52.245547
4.110798 -5.662433 -52.20696
4.019754 -5.44588 -52.220653
6.055519 -6.222971 -48.026332
6.172276 -6.056627 -48.137311
12.932831 -6.080317 -49.251797
13.421415 -6.304011 -49.193313
13.860767 -6.474257 -49.197155
14.045824 -6.504886 -49.366892
13.746332 -6.69554 -49.012994
13.38318 -6.669208 -48.915475
12.776169 -6.540663 -48.951793
11.829016 -6.614376 -48.853816
10.90771 -7.084871 -48.367425
9.860878 -7.841841 -47.536606
8.576756 -8.517616 -46.626512
7.378318 -9.075721 -45.90642
6.631567 -9.23987 -45.577548
6.558593 -8.968634 -45.662632
6.630377 -8.43705 -45.933181
6.541685 -7.919467 -46.183429
6.161176 -7.610993 -46.228509
5.84663 -7.332592 -46.294957
5.799303 -6.814656 -46.635371
5.963555 -6.225257 -47.05966
6.141901 -5.768991 -47.445876
6.205743 -5.422102 -47.692815
6.174847 -5.132847 -47.841555
6.126827 -4.872247 -47.984722
6.081994 -4.589786 -48.126254
6.060595 -4.290832 -48.279057
6.033404 -3.947639 -48.52006
5.988335 -3.634002 -48.705205
5.865885 -3.384688 -48.797299
5.766496 -3.191963 -48.900122
5.675109 -3.023772 -48.993716
5.644245 -2.873587 -49.03302
5.659357 -2.709259 -49.187758
5.704852 -2.554418 -49.396047
5.694111 -2.341228 -49.546086
5.628322 -2.067857 -49.71651
5.550508 -1.84755 -49.820239
5.752721 -11.395225 -49.741661
5.993995 -11.197038 -49.85604
6.244926 -11.024531 -49.971587
6.4018 -10.89397 -50.034313
-0.08051 -3.802981 -50.383319
-0.046919 -3.386024 -50.615865
0.180328 -3.134445 -50.931738
0.455847 -2.960814 -51.207832
0.653332 -2.784907 -51.458198
0.773549 -2.694801 -51.671343
0.855516 -2.647393 -51.805408
0.791412 -2.460059 -51.930227
0.708542 -2.212923 -52.188347
0.74126 -2.029109 -52.364634
0.686737 -1.887535 -52.542807
0.468768 -1.507468 -52.739879
0.285038 -0.799603 -53.117447
0.21289 -0.184105 -53.440529
0.590468 0.10728 -53.767449
1.102146 0.442198 -54.1435
1.651345 0.77391 -54.386851
2.4588 0.938011 -54.494789
3.392809 0.764965 -54.562483
2.721798 1.448772 -54.536162
1.874765 2.106289 -54.529825
1.343973 1.982085 -54.214406
1.679518 2.058531 -54.226875
2.042366 2.185325 -54.287294
2.412092 2.183324 -54.31574
2.811531 2.117814 -54.393528
3.25871 1.962355 -54.555267
3.729003 1.6426 -54.698428
3.953553 1.41775 -54.811346
3.899243 1.240193 -54.769603
3.583471 1.080976 -54.649551
2.956006 0.894966 -54.375647
6.523742 -6.061817 -45.990876
6.120653 -5.672167 -45.914954
5.682632 -5.264192 -45.867226
