-1.450000 27.570000 60.529999 -12.920000 -28.100000 0.000000 1548.000000 -1185.000000 3513.000000 -5399.000000 -5563.000000 5896.000000 
-3.850000 28.190001 59.930000 -14.550000 -30.620001 0.000000 2250.000000 -2026.000000 4809.000000 -1846.000000 -1715.000000 2421.000000 
-6.800000 29.610001 59.139999 -16.250000 -33.660000 0.000000 2626.000000 -1869.000000 3888.000000 -1825.000000 -2642.000000 3590.000000 
-9.650000 31.110001 58.299999 -18.110001 -36.650002 0.000000 3068.000000 -1637.000000 3808.000000 -862.000000 -2750.000000 3692.000000 
-12.320000 32.610001 57.529999 -20.170000 -39.660000 0.000000 3287.000000 -2044.000000 4711.000000 -686.000000 -2876.000000 3875.000000 
-15.130000 33.799999 56.349998 -22.030001 -42.330002 0.000000 4825.000000 -1247.000000 6961.000000 810.000000 -3230.000000 4689.000000 
-17.020000 34.340000 55.509998 -22.450001 -44.590000 0.000000 3035.000000 -1843.000000 6076.000000 326.000000 -3490.000000 5453.000000 
-18.180000 34.730000 54.560001 -22.100000 -46.759998 0.000000 3385.000000 -1700.000000 4382.000000 -510.000000 -4094.000000 5782.000000 
-19.420000 35.770000 53.369999 -21.219999 -48.630001 0.000000 3860.000000 -1169.000000 3293.000000 -1152.000000 -4079.000000 5737.000000 
-20.090000 37.009998 52.340000 -20.250000 -50.119999 0.000000 3898.000000 -1013.000000 3016.000000 -2346.000000 -4060.000000 5431.000000 
-20.240000 37.950001 51.520000 -19.270000 -51.509998 0.000000 2970.000000 -885.000000 2684.000000 -4738.000000 -3829.000000 2804.000000 
-20.309999 38.540001 50.720001 -18.290001 -52.250000 0.000000 1944.000000 -676.000000 2032.000000 -1695.000000 -3633.000000 5601.000000 
-20.280001 39.110001 49.900002 -17.430000 -52.450001 0.000000 1967.000000 -735.000000 1382.000000 1660.000000 -3246.000000 5760.000000 
-19.840000 39.880001 49.040001 -16.559999 -52.029999 0.000000 2092.000000 -485.000000 320.000000 2736.000000 -2627.000000 4256.000000 
-18.809999 40.470001 48.450001 -15.820000 -51.669998 0.000000 2613.000000 -469.000000 -349.000000 2591.000000 -2213.000000 2315.000000 
-17.049999 40.689999 48.099998 -15.430000 -52.130001 0.000000 2934.000000 -632.000000 -88.000000 1093.000000 -2131.000000 808.000000 
-15.080000 40.360001 47.680000 -15.450000 -53.500000 0.000000 2912.000000 -912.000000 788.000000 -490.000000 -2257.000000 426.000000 
-13.260000 39.570000 46.990002 -15.800000 -54.939999 0.000000 2725.000000 -1118.000000 1680.000000 -2085.000000 -2297.000000 -67.000000 
-11.300000 38.119999 46.330002 -16.379999 -56.290001 0.000000 2912.000000 -1456.000000 2460.000000 -2158.000000 -2782.000000 346.000000 
-9.250000 36.419998 45.790001 -17.059999 -56.869999 0.000000 3372.000000 -1789.000000 3434.000000 -1329.000000 -3024.000000 1694.000000 
-7.350000 35.090000 45.070000 -17.410000 -57.400002 0.000000 2751.000000 -1743.000000 4050.000000 -469.000000 -3411.000000 2236.000000 
-5.860000 34.029999 44.180000 -17.690001 -57.990002 0.000000 3052.000000 -2323.000000 3911.000000 545.000000 -3454.000000 1940.000000 
-4.460000 33.200001 43.230000 -17.520000 -59.009998 0.000000 2381.000000 -1445.000000 2526.000000 530.000000 -3770.000000 1476.000000 
-3.310000 32.470001 42.080002 -17.340000 -60.520000 0.000000 2927.000000 -1397.000000 1550.000000 249.000000 -4048.000000 1339.000000 
-2.270000 31.840000 40.770000 -17.450001 -62.150002 0.000000 2586.000000 -1655.000000 1611.000000 -180.000000 -4323.000000 1347.000000 
-1.170000 31.430000 39.380001 -17.879999 -63.599998 0.000000 2044.000000 -2361.000000 2852.000000 -1158.000000 -4318.000000 1205.000000 
0.020000 31.070000 37.990002 -17.980000 -64.809998 0.000000 1350.000000 -2426.000000 3825.000000 -2242.000000 -4075.000000 801.000000 
1.440000 30.650000 36.730000 -17.980000 -65.570000 0.000000 871.000000 -2275.000000 3850.000000 -2503.000000 -3716.000000 310.000000 
2.850000 30.080000 35.529999 -18.030001 -65.879997 0.000000 712.000000 -1908.000000 3531.000000 -2330.000000 -3613.000000 303.000000 
3.950000 29.440001 34.330002 -18.330000 -65.839996 0.000000 1142.000000 -1912.000000 3480.000000 -1885.000000 -3632.000000 545.000000 
4.580000 28.780001 33.130001 -18.930000 -65.769997 0.000000 1351.000000 -2263.000000 3690.000000 -1678.000000 -3802.000000 239.000000 
4.830000 28.299999 31.830000 -19.459999 -65.680000 0.000000 1993.000000 -1948.000000 4018.000000 -2222.000000 -3893.000000 -208.000000 
4.660000 27.889999 30.469999 -19.750000 -65.320000 0.000000 2448.000000 -1806.000000 4472.000000 -2489.000000 -3955.000000 -193.000000 
4.340000 27.709999 29.180000 -19.840000 -64.419998 0.000000 2457.000000 -1686.000000 4703.000000 -2558.000000 -4717.000000 749.000000 
4.110000 28.010000 28.030001 -19.780001 -62.959999 0.000000 2021.000000 -1678.000000 4458.000000 -2183.000000 -5193.000000 1464.000000 
3.920000 28.610001 27.020000 -19.660000 -61.099998 0.000000 1626.000000 -1588.000000 4027.000000 -2475.000000 -4584.000000 1085.000000 
3.840000 29.309999 26.170000 -19.540001 -58.939999 0.000000 1101.000000 -1540.000000 3649.000000 -2662.000000 -3798.000000 386.000000 
3.840000 29.920000 25.459999 -19.440001 -56.470001 0.000000 587.000000 -1496.000000 3541.000000 -2773.000000 -3219.000000 -113.000000 
3.750000 30.299999 24.820000 -19.410000 -53.730000 0.000000 525.000000 -1414.000000 3551.000000 -2519.000000 -2910.000000 -132.000000 
3.370000 30.389999 24.150000 -19.420000 -50.939999 0.000000 850.000000 -1308.000000 3490.000000 -1928.000000 -2592.000000 -210.000000 
2.730000 30.219999 23.469999 -19.590000 -48.290001 0.000000 1253.000000 -1347.000000 3081.000000 -1435.000000 -2203.000000 -327.000000 
1.830000 29.830000 22.760000 -20.010000 -46.119999 0.000000 1741.000000 -1467.000000 3093.000000 -548.000000 -1859.000000 -340.000000 
0.710000 29.270000 22.020000 -20.379999 -44.480000 0.000000 2017.000000 -1436.000000 3368.000000 41.000000 -1830.000000 18.000000 
-0.280000 28.700001 21.490000 -20.750000 -43.240002 0.000000 2043.000000 -1511.000000 3589.000000 -44.000000 -2168.000000 663.000000 
-1.370000 27.910000 21.040001 -21.100000 -42.220001 0.000000 1922.000000 -1571.000000 3757.000000 -629.000000 -2725.000000 1481.000000 
-2.840000 27.430000 20.379999 -21.290001 -41.320000 0.000000 1872.000000 -1544.000000 3882.000000 -1059.000000 -3234.000000 2111.000000 
-4.600000 27.160000 19.480000 -21.500000 -40.419998 0.000000 1783.000000 -1651.000000 3747.000000 -1345.000000 -3456.000000 2391.000000 
-6.460000 27.030001 18.510000 -21.670000 -39.450001 0.000000 1742.000000 -1646.000000 3724.000000 -1499.000000 -3314.000000 2143.000000 
-8.390000 26.790001 17.590000 -21.900000 -38.500000 0.000000 2069.000000 -1674.000000 3809.000000 -1583.000000 -3124.000000 1918.000000 
-10.260000 26.100000 16.840000 -21.660000 -37.840000 0.000000 2420.000000 -1585.000000 4031.000000 -1397.000000 -3045.000000 2007.000000 
-12.030000 25.320000 16.080000 -21.520000 -37.590000 0.000000 2722.000000 -1587.000000 4124.000000 -1187.000000 -3156.000000 2338.000000 
-13.790000 24.719999 15.480000 -21.340000 -37.639999 0.000000 2839.000000 -1535.000000 4057.000000 -1134.000000 -3378.000000 2878.000000 
-15.640000 24.730000 14.730000 -21.290001 -37.799999 0.000000 2888.000000 -1586.000000 3710.000000 -1125.000000 -3591.000000 3456.000000 
-17.170000 25.059999 14.170000 -21.320000 -37.990002 0.000000 2586.000000 -1541.000000 3325.000000 -1307.000000 -3744.000000 3902.000000 
-18.270000 25.590000 13.690000 -21.490000 -38.090000 0.000000 2314.000000 -1551.000000 3128.000000 -1278.000000 -3800.000000 4077.000000 
-19.080000 26.010000 13.430000 -22.000000 -37.959999 0.000000 1860.000000 -1689.000000 3242.000000 -1002.000000 -3660.000000 3921.000000 
-19.610001 26.280001 13.250000 -22.389999 -37.630001 0.000000 1591.000000 -1596.000000 3389.000000 -874.000000 -3357.000000 3429.000000 
-19.670000 25.160000 13.270000 -22.280001 -37.410000 0.000000 5726.000000 -2449.000000 5979.000000 -490.000000 -3400.000000 2910.000000 
-19.559999 24.090000 13.230000 -21.540001 -37.209999 0.000000 4067.000000 -1258.000000 5575.000000 -761.000000 -3854.000000 3557.000000 
-18.730000 24.040001 13.380000 -21.980000 -37.000000 0.000000 3122.000000 -2081.000000 2592.000000 -1295.000000 -4994.000000 6166.000000 
-18.629999 25.389999 13.470000 -22.680000 -36.709999 0.000000 2222.000000 -2113.000000 2857.000000 -665.000000 -3760.000000 4153.000000 
-19.170000 26.459999 13.390000 -22.910000 -36.529999 0.000000 1983.000000 -1619.000000 3398.000000 -1467.000000 -3121.000000 3193.000000 
-18.719999 26.510000 14.010000 -22.850000 -36.060001 0.000000 2426.000000 -1511.000000 3329.000000 -531.000000 -2998.000000 3313.000000 
-17.260000 26.490000 14.910000 -22.940001 -35.630001 0.000000 2268.000000 -1495.000000 3190.000000 -692.000000 -2942.000000 3291.000000 
-15.880000 26.650000 15.850000 -22.940001 -35.400002 0.000000 2197.000000 -1469.000000 3267.000000 -793.000000 -2697.000000 2628.000000 
-14.620000 26.830000 16.700001 -23.129999 -35.299999 0.000000 2444.000000 -1499.000000 3125.000000 -1391.000000 -2617.000000 2408.000000 
-13.950000 26.010000 17.350000 -23.809999 -35.150002 0.000000 6925.000000 -2353.000000 372.000000 -1339.000000 -2518.000000 2737.000000 
-12.220000 26.219999 18.250000 -24.299999 -34.689999 0.000000 -1255.000000 2.000000 9528.000000 -974.000000 -2586.000000 3564.000000 
-10.730000 26.360001 19.139999 -25.180000 -34.160000 0.000000 3383.000000 -1494.000000 2401.000000 34.000000 -2027.000000 2753.000000 
-9.670000 26.070000 19.790001 -25.480000 -33.540001 0.000000 1578.000000 -1343.000000 3954.000000 59.000000 -1685.000000 2433.000000 
-9.310000 26.490000 20.100000 -25.820000 -33.070000 0.000000 2700.000000 -1466.000000 2886.000000 10.000000 -1569.000000 2229.000000 
-8.250000 26.240000 20.540001 -26.139999 -32.779999 0.000000 2825.000000 -1513.000000 2947.000000 37.000000 -1852.000000 2503.000000 
-7.220000 26.049999 20.900000 -26.459999 -32.810001 0.000000 2940.000000 -1544.000000 2918.000000 -359.000000 -2373.000000 3042.000000 
-6.280000 26.080000 21.230000 -26.790001 -33.220001 0.000000 3106.000000 -1492.000000 2759.000000 -1004.000000 -2934.000000 3598.000000 
-5.650000 25.750000 21.530001 -27.180000 -33.240002 0.000000 8034.000000 -588.000000 774.000000 -447.000000 -4424.000000 7421.000000 
-5.650000 26.520000 21.620001 -27.270000 -32.650002 0.000000 1783.000000 -1382.000000 2921.000000 -389.000000 -3074.000000 4616.000000 
-5.920000 26.129999 21.910000 -28.049999 -32.720001 0.000000 6090.000000 -2093.000000 2656.000000 -1033.000000 -2502.000000 2890.000000 
-5.240000 26.480000 22.379999 -28.860001 -33.009998 0.000000 2660.000000 -988.000000 1389.000000 -1942.000000 -2620.000000 2734.000000 
-4.200000 26.240000 23.020000 -29.540001 -33.189999 0.000000 2713.000000 -1992.000000 4538.000000 -652.000000 -2610.000000 2939.000000 
-4.110000 26.100000 23.520000 -30.190001 -33.369999 0.000000 3068.000000 -1546.000000 2849.000000 -709.000000 -2722.000000 2998.000000 
-4.690000 25.719999 23.590000 -30.950001 -33.380001 0.000000 3105.000000 -1430.000000 2549.000000 -587.000000 -2906.000000 3608.000000 
-5.250000 25.740000 23.530001 -32.439999 -33.380001 0.000000 2834.000000 -1671.000000 2324.000000 -882.000000 -2839.000000 3564.000000 
-5.000000 24.620001 23.750000 -33.910000 -33.580002 0.000000 1993.000000 -2248.000000 2750.000000 -875.000000 -2709.000000 2695.000000 
-4.460000 23.809999 24.049999 -34.529999 -33.669998 0.000000 648.000000 -798.000000 1655.000000 -290.000000 -2614.000000 3032.000000 
-4.690000 24.129999 24.110001 -35.779999 -33.520000 0.000000 -262.000000 -5470.000000 9657.000000 1362.000000 -2306.000000 3743.000000 
-4.710000 23.010000 24.299999 -36.830002 -33.730000 0.000000 1958.000000 -2033.000000 2714.000000 367.000000 -2877.000000 3080.000000 
-5.080000 21.969999 24.360001 -37.889999 -33.730000 0.000000 4033.000000 -1712.000000 2032.000000 100.000000 -2691.000000 3643.000000 
-4.840000 21.930000 24.770000 -39.070000 -33.840000 0.000000 2115.000000 -2019.000000 2106.000000 105.000000 -2640.000000 3314.000000 
-4.260000 21.830000 25.080000 -40.160000 -34.009998 0.000000 2593.000000 -2200.000000 2193.000000 -185.000000 -2699.000000 3359.000000 
-4.010000 21.059999 25.150000 -40.869999 -34.099998 0.000000 4334.000000 -1028.000000 1449.000000 -164.000000 -2991.000000 4045.000000 
-4.030000 20.000000 25.250000 -41.180000 -34.090000 0.000000 2364.000000 -997.000000 1368.000000 293.000000 -2731.000000 3739.000000 
-3.590000 19.080000 25.480000 -41.860001 -34.410000 0.000000 3578.000000 -894.000000 1395.000000 -340.000000 -2864.000000 3192.000000 
-3.180000 18.350000 25.879999 -43.049999 -34.709999 0.000000 2975.000000 -2587.000000 2222.000000 -222.000000 -2722.000000 2952.000000 
-3.520000 17.670000 26.080000 -43.250000 -35.080002 0.000000 3188.000000 -1793.000000 1880.000000 -406.000000 -3043.000000 2877.000000 
-4.330000 17.900000 25.950001 -44.310001 -35.380001 0.000000 3164.000000 -2284.000000 1862.000000 165.000000 -3075.000000 3001.000000 
-5.220000 17.770000 25.830000 -45.700001 -35.630001 0.000000 3474.000000 -2546.000000 1475.000000 80.000000 -2958.000000 2942.000000 
-6.030000 18.040001 25.600000 -46.849998 -35.830002 0.000000 3205.000000 -2406.000000 1586.000000 85.000000 -3036.000000 3031.000000 
-6.770000 18.180000 25.430000 -47.310001 -35.950001 0.000000 3628.000000 -2314.000000 1706.000000 71.000000 -3192.000000 3279.000000 
-7.250000 17.910000 25.219999 -47.020000 -36.049999 0.000000 3406.000000 -2329.000000 1885.000000 145.000000 -3155.000000 3409.000000 
-6.680000 18.209999 25.270000 -48.040001 -35.950001 0.000000 2938.000000 -3382.000000 1354.000000 50.000000 -2883.000000 3796.000000 
-6.400000 17.760000 25.410000 -48.099998 -35.560001 0.000000 3806.000000 -2123.000000 1502.000000 -456.000000 -3465.000000 4918.000000 
-5.980000 17.350000 25.549999 -47.720001 -34.750000 0.000000 3662.000000 -1944.000000 1499.000000 1150.000000 -2426.000000 3230.000000 
-5.300000 17.219999 25.820000 -47.130001 -34.150002 0.000000 3942.000000 -2027.000000 1537.000000 151.000000 -2163.000000 2630.000000 
-5.240000 16.920000 25.879999 -46.480000 -33.810001 0.000000 4251.000000 -2063.000000 1430.000000 -108.000000 -2481.000000 3058.000000 
-5.220000 16.730000 25.709999 -44.930000 -33.590000 0.000000 4183.000000 -2039.000000 1766.000000 56.000000 -3030.000000 3855.000000 
-4.910000 18.000000 25.690001 -43.599998 -33.360001 0.000000 4062.000000 -2249.000000 1739.000000 -125.000000 -3139.000000 3925.000000 
-4.930000 19.309999 25.620001 -41.410000 -33.150002 0.000000 4147.000000 -2256.000000 2185.000000 24.000000 -2804.000000 3396.000000 
-5.410000 20.080000 25.590000 -39.459999 -33.049999 0.000000 4157.000000 -2259.000000 2312.000000 120.000000 -2773.000000 3302.000000 
-6.050000 21.010000 25.320000 -38.139999 -33.130001 0.000000 4519.000000 -2297.000000 2354.000000 175.000000 -3216.000000 4163.000000 
-6.860000 22.090000 24.850000 -37.009998 -33.310001 0.000000 4851.000000 -2179.000000 2098.000000 -225.000000 -3443.000000 4753.000000 
-7.150000 23.850000 24.469999 -36.250000 -33.560001 0.000000 2164.000000 -1786.000000 1409.000000 195.000000 -3344.000000 4261.000000 
-7.400000 25.660000 24.049999 -34.529999 -33.750000 0.000000 4482.000000 -1833.000000 2296.000000 -259.000000 -2981.000000 3675.000000 
-7.710000 27.299999 23.559999 -32.779999 -33.990002 0.000000 4267.000000 -1739.000000 2307.000000 -806.000000 -3218.000000 3975.000000 
-8.050000 28.709999 22.990000 -31.280001 -34.240002 0.000000 4107.000000 -1717.000000 2182.000000 -861.000000 -3320.000000 4309.000000 
-7.890000 29.780001 22.410000 -29.690001 -34.480000 0.000000 4008.000000 -1787.000000 2333.000000 -816.000000 -3210.000000 4234.000000 
-6.940000 30.650000 22.190001 -27.540001 -34.709999 0.000000 4073.000000 -1857.000000 2821.000000 -397.000000 -2865.000000 3645.000000 
-5.850000 31.709999 22.190001 -26.040001 -35.080002 0.000000 4297.000000 -2035.000000 3013.000000 -1111.000000 -2791.000000 3060.000000 
-4.800000 32.820000 22.200001 -24.590000 -35.560001 0.000000 4169.000000 -2086.000000 3192.000000 -1035.000000 -2598.000000 2830.000000 
-4.270000 33.689999 21.879999 -22.700001 -36.310001 0.000000 4059.000000 -1884.000000 3307.000000 -1074.000000 -2684.000000 2893.000000 
-4.150000 35.220001 21.170000 -21.160000 -37.270000 0.000000 3466.000000 -1905.000000 3341.000000 -1555.000000 -3155.000000 3337.000000 
-4.960000 37.060001 20.010000 -20.030001 -38.570000 0.000000 3572.000000 -2045.000000 3521.000000 -1617.000000 -2853.000000 2313.000000 
-6.200000 39.950001 18.840000 -18.879999 -40.360001 0.000000 3036.000000 -2111.000000 3867.000000 -2150.000000 -3044.000000 1943.000000 
-7.760000 43.270000 17.549999 -17.809999 -42.549999 0.000000 2707.000000 -2043.000000 4063.000000 -2597.000000 -3274.000000 1777.000000 
-9.750000 46.740002 16.000000 -16.469999 -45.009998 0.000000 2082.000000 -1547.000000 3917.000000 -2910.000000 -3304.000000 1431.000000 
-12.150000 50.270000 14.170000 -15.520000 -47.650002 0.000000 1955.000000 -1797.000000 4155.000000 -2886.000000 -3453.000000 1487.000000 
-15.050000 53.820000 11.980000 -14.580000 -50.549999 0.000000 1430.000000 -1664.000000 4066.000000 -3508.000000 -3351.000000 961.000000 
-18.350000 57.369999 9.480000 -13.850000 -53.610001 0.000000 1253.000000 -1663.000000 3955.000000 -3465.000000 -3218.000000 587.000000 
-22.200001 60.799999 6.530000 -13.160000 -56.799999 0.000000 1115.000000 -1448.000000 3875.000000 -3624.000000 -3207.000000 528.000000 
-26.740000 64.150002 2.990000 -12.370000 -60.180000 0.000000 778.000000 -1143.000000 3846.000000 -3694.000000 -2960.000000 311.000000 
-32.250000 67.410004 -1.450000 -10.970000 -63.740002 0.000000 357.000000 -896.000000 3780.000000 -3294.000000 -2564.000000 181.000000 
-39.259998 70.419998 -7.280000 -9.510000 -67.650002 0.000000 810.000000 -982.000000 3872.000000 -2943.000000 -2373.000000 -52.000000 
-48.099998 73.050003 -14.900000 -8.280000 -71.949997 0.000000 -91.000000 -842.000000 3647.000000 -3509.000000 -2295.000000 -210.000000 
-59.450001 75.169998 -25.090000 -6.420000 -76.529999 0.000000 116.000000 -389.000000 3505.000000 -3454.000000 -2205.000000 -92.000000 
-73.690002 76.650002 -38.180000 -4.440000 -81.739998 0.000000 -176.000000 -85.000000 3394.000000 -3368.000000 -1871.000000 -392.000000 
-90.150002 77.370003 -53.549999 -2.430000 -87.620003 0.000000 -365.000000 143.000000 3341.000000 -3504.000000 -1577.000000 -673.000000 
-106.669998 77.250000 -69.010002 -0.440000 -93.839996 0.000000 -574.000000 265.000000 3247.000000 -3124.000000 -1437.000000 -445.000000 
-121.290001 76.400002 -82.540001 1.600000 -100.660004 0.000000 -787.000000 455.000000 3112.000000 -3124.000000 -1229.000000 -414.000000 
-133.110001 74.980003 -93.190002 3.700000 -108.320000 0.000000 -616.000000 643.000000 3083.000000 -2954.000000 -1036.000000 -497.000000 
-141.940002 73.180000 -100.769997 5.650000 -116.830002 0.000000 -434.000000 546.000000 3057.000000 -2934.000000 -881.000000 -685.000000 
-148.860001 71.129997 -106.360001 7.490000 -125.919998 0.000000 -667.000000 579.000000 3032.000000 -3395.000000 -927.000000 -811.000000 
-154.399994 68.940002 -110.470001 9.180000 -135.309998 0.000000 -690.000000 660.000000 3136.000000 -3479.000000 -878.000000 -992.000000 
-158.880005 66.629997 -113.489998 10.830000 -144.220001 0.000000 -963.000000 830.000000 3200.000000 -3473.000000 -919.000000 -950.000000 
-162.589996 64.330002 -115.709999 12.430000 -152.610001 0.000000 -1248.000000 852.000000 2982.000000 -3368.000000 -843.000000 -994.000000 
-165.710007 62.049999 -117.320000 14.020000 -160.399994 0.000000 -1045.000000 1039.000000 2954.000000 -3175.000000 -669.000000 -995.000000 
-168.300003 59.740002 -118.440002 15.530000 -167.250000 0.000000 -914.000000 1045.000000 2972.000000 -2836.000000 -586.000000 -934.000000 
-170.529999 57.360001 -119.209999 16.959999 -173.429993 0.000000 -1021.000000 1064.000000 3083.000000 -3100.000000 -531.000000 -1080.000000 
-172.529999 54.959999 -119.750000 18.379999 -178.919998 0.000000 -1011.000000 1160.000000 3250.000000 -3341.000000 -438.000000 -1224.000000 
-174.229996 52.570000 -119.980003 19.760000 176.479996 0.000000 -1044.000000 1273.000000 3273.000000 -3141.000000 -449.000000 -1128.000000 
-175.619995 50.200001 -119.940002 21.049999 172.729996 0.000000 -1103.000000 1389.000000 3173.000000 -3138.000000 -465.000000 -959.000000 
-176.759995 47.910000 -119.750000 22.139999 169.410004 0.000000 -972.000000 1297.000000 3234.000000 -3017.000000 -309.000000 -980.000000 
-177.679993 45.680000 -119.470001 23.080000 166.500000 0.000000 -613.000000 1219.000000 3237.000000 -2846.000000 -104.000000 -1253.000000 
-178.460007 43.529999 -119.150002 23.990000 164.080002 0.000000 -1863.000000 1259.000000 2981.000000 -2772.000000 4.000000 -1509.000000 
-179.139999 41.400002 -118.739998 24.780001 162.289993 0.000000 -677.000000 1131.000000 3216.000000 -2884.000000 0.000000 -1697.000000 
-179.720001 39.230000 -118.199997 25.510000 160.869995 0.000000 -1367.000000 1173.000000 3048.000000 -2846.000000 67.000000 -1594.000000 
179.779999 37.130001 -117.519997 26.059999 159.759995 0.000000 -1482.000000 1195.000000 2845.000000 -2913.000000 44.000000 -1667.000000 
179.380005 35.169998 -116.660004 26.430000 158.779999 0.000000 -1795.000000 1234.000000 2622.000000 -2969.000000 43.000000 -1600.000000 
179.089996 33.200001 -115.669998 26.650000 157.929993 0.000000 -2032.000000 1202.000000 2523.000000 -3227.000000 24.000000 -1698.000000 
179.059998 31.860001 -114.470001 26.920000 157.279999 0.000000 -3147.000000 1238.000000 2235.000000 -2858.000000 -388.000000 -1180.000000 
179.039993 29.860001 -113.330002 27.629999 156.229996 0.000000 -3470.000000 769.000000 1733.000000 -3221.000000 -209.000000 -650.000000 
178.710007 27.420000 -112.629997 29.030001 155.380005 0.000000 -2865.000000 833.000000 2163.000000 -3706.000000 51.000000 -1925.000000 
178.539993 25.740000 -111.639999 30.510000 154.580002 0.000000 -2485.000000 964.000000 2361.000000 -2549.000000 422.000000 -1833.000000 
178.619995 24.469999 -110.559998 31.930000 154.009995 0.000000 -3004.000000 1136.000000 2236.000000 -2500.000000 511.000000 -2212.000000 
178.720001 23.360001 -109.500000 33.290001 153.589996 0.000000 -3081.000000 1125.000000 2016.000000 -3028.000000 476.000000 -2143.000000 
178.800003 22.320000 -108.419998 34.700001 153.229996 0.000000 -2971.000000 1164.000000 2075.000000 -2905.000000 567.000000 -2151.000000 
178.789993 21.270000 -107.279999 36.160000 152.949997 0.000000 -2943.000000 953.000000 2259.000000 -3019.000000 639.000000 -2236.000000 
178.800003 20.129999 -106.139999 37.740002 152.789993 0.000000 -2608.000000 856.000000 2481.000000 -3036.000000 614.000000 -2269.000000 
178.850006 19.020000 -104.919998 39.770000 152.699997 0.000000 -4052.000000 1012.000000 1830.000000 -2939.000000 605.000000 -2389.000000 
178.750000 17.879999 -103.779999 41.730000 152.580002 0.000000 -3243.000000 837.000000 1877.000000 -2985.000000 538.000000 -2245.000000 
178.679993 16.920000 -102.629997 43.430000 152.520004 0.000000 -3293.000000 889.000000 2061.000000 -3044.000000 555.000000 -2296.000000 
178.740005 16.030001 -101.480003 45.160000 152.500000 0.000000 -3365.000000 790.000000 1752.000000 -2787.000000 642.000000 -2303.000000 
178.940002 15.120000 -100.269997 46.869999 152.500000 0.000000 -3330.000000 795.000000 1917.000000 -2732.000000 646.000000 -2387.000000 
179.169998 14.350000 -99.129997 48.570000 152.619995 0.000000 -3599.000000 645.000000 1772.000000 -2807.000000 652.000000 -2639.000000 
179.339996 13.650000 -98.019997 50.450001 152.800003 0.000000 -4012.000000 617.000000 1721.000000 -2956.000000 678.000000 -2922.000000 
179.500000 13.020000 -96.900002 52.320000 153.029999 0.000000 -3967.000000 514.000000 1741.000000 -2699.000000 710.000000 -3045.000000 
179.729996 12.440000 -95.779999 54.279999 153.240005 0.000000 -4307.000000 451.000000 2010.000000 -2871.000000 681.000000 -2984.000000 
179.919998 11.960000 -94.739998 56.119999 153.440002 0.000000 -4061.000000 271.000000 1498.000000 -2840.000000 662.000000 -2987.000000 
-179.919998 11.610000 -93.739998 58.150002 153.619995 0.000000 -4095.000000 422.000000 1487.000000 -2821.000000 666.000000 -3080.000000 
-179.669998 11.330000 -92.790001 60.320000 153.830002 0.000000 -4362.000000 139.000000 1423.000000 -2988.000000 650.000000 -3246.000000 
-179.389999 11.230000 -91.889999 62.980000 154.020004 0.000000 -4413.000000 331.000000 1463.000000 -3133.000000 787.000000 -3489.000000 
-179.119995 11.290000 -91.050003 66.790001 154.229996 0.000000 -4927.000000 257.000000 1087.000000 -2864.000000 786.000000 -3702.000000 
-178.929993 11.510000 -90.230003 70.500000 154.380005 0.000000 -4999.000000 171.000000 889.000000 -3087.000000 722.000000 -3556.000000 
-178.770004 11.870000 -89.510002 72.190002 154.589996 0.000000 -4533.000000 212.000000 1285.000000 -2830.000000 770.000000 -3337.000000 
-178.520004 12.130000 -88.760002 73.120003 154.820007 0.000000 -4460.000000 262.000000 1320.000000 -2942.000000 747.000000 -3146.000000 
-178.399994 12.040000 -88.089996 73.449997 155.039993 0.000000 -4418.000000 249.000000 1527.000000 -2759.000000 721.000000 -3022.000000 
-178.369995 11.910000 -87.480003 73.739998 155.259995 0.000000 -4885.000000 319.000000 999.000000 -2812.000000 735.000000 -2982.000000 
-178.449997 11.620000 -86.919998 73.489998 155.440002 0.000000 -3771.000000 320.000000 1371.000000 -2674.000000 833.000000 -3049.000000 
-178.509995 11.240000 -86.360001 73.410004 155.600006 0.000000 -3566.000000 313.000000 1516.000000 -2399.000000 874.000000 -2922.000000 
-178.539993 10.740000 -85.800003 73.980003 155.649994 0.000000 -2287.000000 368.000000 2234.000000 -2573.000000 968.000000 -2976.000000 
-178.699997 9.970000 -85.239998 76.139999 155.470001 0.000000 -2805.000000 -79.000000 1749.000000 -2202.000000 1094.000000 -2949.000000 
-178.949997 9.240000 -84.550003 79.690002 155.070007 0.000000 -4030.000000 342.000000 746.000000 -1833.000000 1108.000000 -2836.000000 
-179.119995 8.380000 -83.849998 83.059998 155.009995 0.000000 -4002.000000 371.000000 498.000000 -2347.000000 984.000000 -2976.000000 
-179.119995 7.400000 -83.120003 86.150002 155.029999 0.000000 -3860.000000 410.000000 579.000000 -2476.000000 1076.000000 -3112.000000 
-179.160004 6.120000 -82.410004 89.699997 155.020004 0.000000 -3983.000000 214.000000 508.000000 -2099.000000 1256.000000 -3434.000000 
-179.600006 5.320000 -81.620003 94.309998 154.979996 0.000000 -4275.000000 229.000000 373.000000 -1872.000000 1348.000000 -3564.000000 
179.929993 4.730000 -80.910004 98.980003 154.940002 0.000000 -4099.000000 284.000000 442.000000 -2159.000000 1218.000000 -3377.000000 
179.710007 4.160000 -80.220001 104.199997 154.740005 0.000000 -4461.000000 401.000000 184.000000 -1840.000000 1385.000000 -3364.000000 
179.550003 3.380000 -79.559998 108.769997 154.440002 0.000000 -4150.000000 369.000000 115.000000 -1692.000000 1492.000000 -3344.000000 
179.389999 2.650000 -78.889999 113.480003 154.160004 0.000000 -4228.000000 407.000000 -161.000000 -1719.000000 1452.000000 -3357.000000 
179.190002 1.930000 -78.199997 117.809998 153.919998 0.000000 -3952.000000 412.000000 -175.000000 -1815.000000 1461.000000 -3344.000000 
178.899994 1.370000 -77.510002 122.070000 153.630005 0.000000 -3959.000000 479.000000 -343.000000 -1462.000000 1534.000000 -3282.000000 
178.559998 0.990000 -76.849998 125.620003 153.199997 0.000000 -4059.000000 404.000000 5.000000 -1621.000000 1673.000000 -3242.000000 
178.270004 0.580000 -76.279999 128.679993 152.600006 0.000000 -3712.000000 250.000000 -81.000000 -1097.000000 1735.000000 -3144.000000 
178.100006 0.120000 -75.660004 131.880005 152.089996 0.000000 -3915.000000 486.000000 -534.000000 -1077.000000 1686.000000 -3254.000000 
177.910004 -0.280000 -75.059998 134.880005 151.669998 0.000000 -4198.000000 716.000000 -711.000000 -1269.000000 1725.000000 -3014.000000 
177.389999 -0.740000 -74.610001 137.250000 151.389999 0.000000 -4019.000000 611.000000 -686.000000 -1568.000000 1822.000000 -3231.000000 
176.860001 -1.230000 -74.190002 139.259995 151.119995 0.000000 -4279.000000 608.000000 -736.000000 -1435.000000 1966.000000 -3485.000000 
176.539993 -1.350000 -73.739998 140.919998 150.869995 0.000000 -4501.000000 566.000000 -950.000000 -1476.000000 2017.000000 -3548.000000 
176.300003 -1.390000 -73.339996 141.860001 150.669998 0.000000 -4247.000000 627.000000 -947.000000 -1516.000000 1907.000000 -3433.000000 
176.089996 -1.530000 -72.959999 142.369995 150.410004 0.000000 -4312.000000 643.000000 -883.000000 -1307.000000 1930.000000 -3241.000000 
175.919998 -1.550000 -72.650002 142.500000 150.110001 0.000000 -4149.000000 659.000000 -825.000000 -1328.000000 1913.000000 -3091.000000 
175.699997 -1.570000 -72.400002 142.500000 149.869995 0.000000 -4073.000000 642.000000 -846.000000 -1422.000000 1877.000000 -3052.000000 
175.500000 -1.660000 -72.180000 142.199997 149.639999 0.000000 -4140.000000 623.000000 -830.000000 -1359.000000 1981.000000 -3151.000000 
175.470001 -1.580000 -71.949997 141.679993 149.429993 0.000000 -4060.000000 697.000000 -791.000000 -1127.000000 2017.000000 -3157.000000 
175.449997 -1.550000 -71.730003 141.210007 149.190002 0.000000 -3844.000000 711.000000 -903.000000 -1059.000000 2033.000000 -3057.000000 
175.309998 -1.500000 -71.510002 140.460007 148.929993 0.000000 -3637.000000 902.000000 -974.000000 -983.000000 2025.000000 -3000.000000 
175.199997 -1.630000 -71.279999 139.660004 148.710007 0.000000 -3601.000000 785.000000 -792.000000 -981.000000 1943.000000 -2969.000000 
175.190002 -1.950000 -71.080002 139.149994 148.610001 0.000000 -3689.000000 693.000000 -736.000000 -1322.000000 1832.000000 -2989.000000 
175.169998 -2.300000 -70.790001 138.919998 148.610001 0.000000 -3676.000000 589.000000 -602.000000 -1443.000000 1774.000000 -3099.000000 
175.110001 -2.430000 -70.480003 139.080002 148.580002 0.000000 -3821.000000 541.000000 -614.000000 -1279.000000 1873.000000 -3195.000000 
175.059998 -2.590000 -70.190002 139.360001 148.589996 0.000000 -4006.000000 531.000000 -637.000000 -1499.000000 1911.000000 -3276.000000 
175.059998 -2.570000 -70.000000 139.630005 148.559998 0.000000 -3934.000000 622.000000 -815.000000 -1246.000000 2007.000000 -3368.000000 
175.089996 -2.440000 -69.809998 139.759995 148.529999 0.000000 -3938.000000 737.000000 -926.000000 -1401.000000 1960.000000 -3323.000000 
175.190002 -2.390000 -69.650002 139.759995 148.460007 0.000000 -4082.000000 636.000000 -768.000000 -1366.000000 1920.000000 -3202.000000 
175.250000 -2.240000 -69.400002 139.720001 148.360001 0.000000 -4128.000000 606.000000 -738.000000 -1409.000000 1907.000000 -3108.000000 
175.160004 -2.050000 -69.209999 139.470001 148.199997 0.000000 -4043.000000 620.000000 -815.000000 -1401.000000 1926.000000 -3040.000000 
175.059998 -1.820000 -69.059998 138.869995 148.029999 0.000000 -3915.000000 686.000000 -803.000000 -1154.000000 1991.000000 -3103.000000 
175.029999 -1.650000 -68.959999 138.119995 147.910004 0.000000 -3824.000000 706.000000 -761.000000 -1175.000000 1999.000000 -3144.000000 
175.059998 -1.450000 -68.870003 137.250000 147.820007 0.000000 -3730.000000 751.000000 -742.000000 -1151.000000 2016.000000 -3149.000000 
175.029999 -1.380000 -68.750000 136.190002 147.710007 0.000000 -3637.000000 785.000000 -659.000000 -1346.000000 1981.000000 -3089.000000 
174.970001 -1.420000 -68.660004 135.100006 147.600006 0.000000 -3779.000000 738.000000 -564.000000 -1305.000000 1918.000000 -3010.000000 
174.949997 -1.460000 -68.559998 134.179993 147.500000 0.000000 -3814.000000 710.000000 -519.000000 -1407.000000 1912.000000 -3019.000000 
175.000000 -1.460000 -68.440002 133.210007 147.360001 0.000000 -3819.000000 744.000000 -539.000000 -1366.000000 1943.000000 -3019.000000 
175.029999 -1.520000 -68.349998 132.149994 147.229996 0.000000 -3808.000000 777.000000 -455.000000 -1262.000000 1914.000000 -2975.000000 
175.000000 -1.560000 -68.220001 131.479996 147.130005 0.000000 -3650.000000 790.000000 -596.000000 -1278.000000 1897.000000 -2953.000000 
174.929993 -1.560000 -68.050003 130.940002 147.070007 0.000000 -3699.000000 764.000000 -579.000000 -1259.000000 1912.000000 -2988.000000 
174.899994 -1.660000 -67.830002 130.520004 147.020004 0.000000 -3686.000000 746.000000 -507.000000 -1341.000000 1921.000000 -3010.000000 
174.889999 -1.840000 -67.660004 130.289993 146.970001 0.000000 -3823.000000 720.000000 -524.000000 -1397.000000 1948.000000 -3061.000000 
174.830002 -1.960000 -67.489998 130.220001 146.949997 0.000000 -3994.000000 727.000000 -622.000000 -1478.000000 1975.000000 -3173.000000 
174.779999 -1.950000 -67.269997 130.119995 146.940002 0.000000 -4030.000000 730.000000 -609.000000 -1377.000000 1989.000000 -3204.000000 
174.779999 -1.850000 -67.120003 129.809998 146.940002 0.000000 -4017.000000 759.000000 -589.000000 -1453.000000 1988.000000 -3213.000000 
174.779999 -1.730000 -66.949997 129.369995 146.910004 0.000000 -3975.000000 731.000000 -585.000000 -1507.000000 1953.000000 -3136.000000 
174.779999 -1.660000 -66.820000 128.809998 146.850006 0.000000 -3904.000000 737.000000 -530.000000 -1459.000000 1883.000000 -2998.000000 
174.759995 -1.690000 -66.720001 128.139999 146.789993 0.000000 -3814.000000 724.000000 -459.000000 -1449.000000 1850.000000 -2947.000000 
174.770004 -1.780000 -66.589996 127.489998 146.729996 0.000000 -3727.000000 685.000000 -441.000000 -1433.000000 1869.000000 -2973.000000 
174.750000 -1.850000 -66.470001 126.980003 146.669998 0.000000 -3888.000000 738.000000 -504.000000 -1436.000000 1920.000000 -3024.000000 
174.710007 -1.940000 -66.300003 126.389999 146.610001 0.000000 -3906.000000 770.000000 -472.000000 -1370.000000 1985.000000 -3116.000000 
174.669998 -1.830000 -66.180000 125.650002 146.570007 0.000000 -3966.000000 743.000000 -439.000000 -1358.000000 1984.000000 -3139.000000 
174.619995 -1.820000 -65.980003 125.000000 146.589996 0.000000 -4037.000000 717.000000 -443.000000 -1571.000000 1905.000000 -3125.000000 
174.610001 -1.780000 -65.779999 124.379997 146.630005 0.000000 -4221.000000 725.000000 -529.000000 -1620.000000 1926.000000 -3222.000000 
174.600006 -1.660000 -65.650002 123.419998 146.699997 0.000000 -4342.000000 768.000000 -557.000000 -1669.000000 1952.000000 -3276.000000 
174.580002 -1.550000 -65.570000 121.919998 146.720001 0.000000 -4297.000000 780.000000 -524.000000 -1609.000000 1981.000000 -3200.000000 
174.539993 -1.450000 -65.480003 120.040001 146.720001 0.000000 -4399.000000 880.000000 -570.000000 -1606.000000 2014.000000 -3225.000000 
174.449997 -1.400000 -65.430000 117.839996 146.710007 0.000000 -4397.000000 861.000000 -659.000000 -1613.000000 2104.000000 -3299.000000 
174.440002 -1.180000 -65.360001 115.099998 146.740005 0.000000 -4443.000000 895.000000 -638.000000 -1507.000000 2175.000000 -3409.000000 
174.490005 -0.810000 -65.290001 112.330002 146.830002 0.000000 -4573.000000 803.000000 -777.000000 -1624.000000 2158.000000 -3496.000000 
174.470001 -0.270000 -65.239998 109.019997 147.020004 0.000000 -4880.000000 922.000000 -864.000000 -1790.000000 2140.000000 -3582.000000 
174.339996 0.450000 -65.290001 104.519997 147.259995 0.000000 -4872.000000 911.000000 -855.000000 -1717.000000 2124.000000 -3564.000000 
174.360001 1.340000 -65.370003 98.730003 147.639999 0.000000 -4976.000000 873.000000 -833.000000 -2014.000000 2062.000000 -3668.000000 
174.550003 2.430000 -65.480003 91.639999 148.110001 0.000000 -5124.000000 877.000000 -679.000000 -2123.000000 2044.000000 -3794.000000 
174.800003 3.720000 -65.669998 83.430000 148.619995 0.000000 -5235.000000 889.000000 -552.000000 -2106.000000 2077.000000 -3846.000000 
175.009995 5.170000 -65.949997 74.900002 149.139999 0.000000 -5041.000000 1053.000000 -421.000000 -2079.000000 2056.000000 -3713.000000 
175.210007 6.700000 -66.339996 67.250000 149.699997 0.000000 -5277.000000 1052.000000 -524.000000 -2274.000000 1995.000000 -3567.000000 
175.449997 8.430000 -66.779999 60.529999 150.259995 0.000000 -5069.000000 1157.000000 -337.000000 -2360.000000 2009.000000 -3565.000000 
175.690002 10.270000 -67.309998 54.950001 150.770004 0.000000 -4985.000000 1324.000000 -99.000000 -2277.000000 2035.000000 -3561.000000 
175.839996 12.110000 -67.930000 50.619999 151.229996 0.000000 -4392.000000 1323.000000 102.000000 -2337.000000 2012.000000 -3545.000000 
175.830002 14.180000 -68.669998 47.450001 151.630005 0.000000 -3965.000000 1440.000000 309.000000 -2246.000000 1992.000000 -3412.000000 
175.800003 16.389999 -69.419998 45.139999 152.080002 0.000000 -3570.000000 1759.000000 768.000000 -2569.000000 1803.000000 -3249.000000 
175.820007 18.600000 -70.160004 43.180000 152.630005 0.000000 -3516.000000 1807.000000 1025.000000 -3039.000000 1712.000000 -3418.000000 
175.880005 20.770000 -70.879997 41.259998 153.080002 0.000000 -3126.000000 1635.000000 1537.000000 -2944.000000 1798.000000 -3469.000000 
175.809998 22.879999 -71.650002 39.919998 153.410004 0.000000 -3748.000000 1823.000000 1773.000000 -3154.000000 1733.000000 -3413.000000 
175.589996 25.020000 -72.510002 38.990002 153.479996 0.000000 -3516.000000 1781.000000 1929.000000 -3248.000000 1606.000000 -3133.000000 
175.100006 27.150000 -73.430000 38.279999 153.179993 0.000000 -2976.000000 1789.000000 2212.000000 -3167.000000 1430.000000 -2744.000000 
174.490005 29.209999 -74.339996 37.980000 152.539993 0.000000 -2975.000000 1996.000000 2222.000000 -3153.000000 1315.000000 -2409.000000 
173.820007 31.230000 -75.309998 37.740002 151.690002 0.000000 -2404.000000 2056.000000 2306.000000 -3154.000000 1183.000000 -2273.000000 
173.050003 33.270000 -76.379997 37.400002 150.600006 0.000000 -3299.000000 2138.000000 2228.000000 -3235.000000 1160.000000 -2199.000000 
172.080002 35.240002 -77.589996 36.990002 149.059998 0.000000 -3413.000000 2258.000000 1980.000000 -3238.000000 1351.000000 -2103.000000 
170.940002 37.070000 -78.900002 36.380001 147.119995 0.000000 -2048.000000 2130.000000 2423.000000 -3045.000000 1380.000000 -2060.000000 
169.789993 38.790001 -80.169998 35.730000 144.660004 0.000000 -1497.000000 2013.000000 2552.000000 -2939.000000 1381.000000 -1861.000000 
168.490005 40.439999 -81.500000 34.869999 141.720001 0.000000 -599.000000 1918.000000 2891.000000 -3113.000000 1228.000000 -1517.000000 
167.080002 41.970001 -82.860001 34.180000 137.729996 0.000000 -626.000000 1916.000000 2859.000000 -3053.000000 1088.000000 -981.000000 
165.630005 43.380001 -84.220001 33.529999 132.990005 0.000000 466.000000 1761.000000 2936.000000 -3384.000000 923.000000 -727.000000 
164.080002 44.740002 -85.650002 33.169998 128.270004 0.000000 -207.000000 2003.000000 2751.000000 -3907.000000 900.000000 -877.000000 
162.429993 45.980000 -87.160004 32.740002 123.540001 0.000000 -279.000000 1863.000000 2357.000000 -10877.000000 -356.000000 -324.000000 
160.309998 47.330002 -89.019997 32.259998 112.070000 0.000000 -740.000000 2256.000000 2803.000000 -2576.000000 1073.000000 -362.000000 
158.080002 48.650002 -91.070000 31.670000 101.820000 0.000000 -520.000000 2250.000000 3025.000000 -522.000000 2312.000000 -1645.000000 
155.759995 50.060001 -93.269997 31.070000 94.599998 0.000000 -352.000000 2256.000000 2809.000000 -726.000000 2662.000000 -2590.000000 
153.179993 51.480000 -95.739998 30.450001 88.059998 0.000000 -7.000000 2166.000000 2608.000000 -2415.000000 2034.000000 -2109.000000 
150.550003 52.900002 -98.269997 29.680000 75.849998 0.000000 -420.000000 1923.000000 2644.000000 -3333.000000 666.000000 472.000000 
147.990005 54.459999 -100.839996 28.830000 63.209999 0.000000 -328.000000 1414.000000 2229.000000 -3383.000000 580.000000 2517.000000 
144.970001 55.779999 -103.980003 28.120001 55.430000 0.000000 -103.000000 1611.000000 2849.000000 -2935.000000 1545.000000 -1165.000000 
141.639999 56.889999 -107.400002 27.670000 46.950001 0.000000 263.000000 1502.000000 2812.000000 -2640.000000 853.000000 568.000000 
138.070007 58.099998 -111.110001 27.549999 40.919998 0.000000 -103.000000 1575.000000 2576.000000 -3137.000000 897.000000 484.000000 
134.740005 59.299999 -114.599998 27.709999 35.930000 0.000000 286.000000 1619.000000 2550.000000 -2571.000000 840.000000 588.000000 
130.699997 60.540001 -118.959999 27.980000 31.330000 0.000000 156.000000 1473.000000 2286.000000 -3166.000000 651.000000 479.000000 
125.809998 61.709999 -124.199997 28.330000 27.400000 0.000000 357.000000 1363.000000 2227.000000 -2833.000000 635.000000 318.000000 
120.279999 62.660000 -130.089996 28.559999 23.799999 0.000000 599.000000 1138.000000 2250.000000 -2704.000000 562.000000 443.000000 
114.070000 63.380001 -136.649994 28.650000 20.320000 0.000000 899.000000 954.000000 2239.000000 -2516.000000 351.000000 711.000000 
107.349998 63.919998 -143.710007 28.680000 16.700001 0.000000 1297.000000 855.000000 2163.000000 -2416.000000 172.000000 1164.000000 
100.470001 64.050003 -150.800003 28.740000 13.220000 0.000000 1826.000000 780.000000 2183.000000 -1981.000000 92.000000 1662.000000 
93.699997 63.930000 -157.770004 28.930000 10.600000 0.000000 2374.000000 845.000000 2167.000000 -1500.000000 37.000000 1974.000000 
87.220001 63.680000 -164.419998 29.160000 8.340000 0.000000 2900.000000 927.000000 2127.000000 -1180.000000 -145.000000 2451.000000 
81.300003 63.290001 -170.470001 29.219999 6.210000 0.000000 3136.000000 881.000000 2188.000000 -1370.000000 -227.000000 2679.000000 
75.440002 62.790001 -176.509995 29.090000 4.130000 0.000000 3100.000000 838.000000 2201.000000 -1480.000000 -327.000000 2698.000000 
69.959999 62.230000 177.860001 28.700001 2.160000 0.000000 3067.000000 673.000000 2201.000000 -1581.000000 -342.000000 2504.000000 
64.629997 61.560001 172.470001 28.090000 0.200000 0.000000 3087.000000 549.000000 2165.000000 -1516.000000 -590.000000 2580.000000 
59.410000 60.779999 167.289993 27.170000 -1.690000 0.000000 3201.000000 394.000000 2283.000000 -1717.000000 -816.000000 2778.000000 
54.610001 60.000000 162.610001 25.969999 -3.500000 0.000000 3045.000000 276.000000 2191.000000 -1806.000000 -967.000000 2958.000000 
50.000000 59.139999 158.240005 24.700001 -5.190000 0.000000 3145.000000 254.000000 2144.000000 -1741.000000 -1046.000000 3052.000000 
45.580002 58.099998 154.089996 23.440001 -6.770000 0.000000 3294.000000 234.000000 1954.000000 -1428.000000 -1076.000000 3225.000000 
41.419998 56.869999 150.210007 22.030001 -8.300000 0.000000 3423.000000 151.000000 1877.000000 -1236.000000 -1189.000000 3237.000000 
37.599998 55.529999 146.690002 20.230000 -9.780000 0.000000 3614.000000 -69.000000 1849.000000 -1353.000000 -1404.000000 3463.000000 
34.040001 54.200001 143.350006 18.120001 -11.210000 0.000000 3731.000000 -164.000000 1874.000000 -1242.000000 -1483.000000 3430.000000 
30.690001 52.619999 140.339996 15.620000 -12.600000 0.000000 3871.000000 -412.000000 1927.000000 -1485.000000 -1678.000000 3404.000000 
27.590000 51.029999 137.600006 12.780000 -13.920000 0.000000 3982.000000 -527.000000 1972.000000 -1148.000000 -1700.000000 3531.000000 
24.639999 49.490002 135.100006 9.610000 -15.170000 0.000000 4024.000000 -559.000000 1915.000000 -1115.000000 -1776.000000 3791.000000 
21.799999 48.080002 132.729996 6.270000 -16.459999 0.000000 4088.000000 -511.000000 1745.000000 -634.000000 -1924.000000 3870.000000 
19.120001 46.590000 130.589996 2.530000 -17.770000 0.000000 4636.000000 -724.000000 1784.000000 -708.000000 -2229.000000 4274.000000 
16.639999 45.189999 128.580002 -1.410000 -19.049999 0.000000 4489.000000 -794.000000 1733.000000 -1105.000000 -2471.000000 4657.000000 
14.370000 43.830002 126.750000 -5.070000 -20.190001 0.000000 4665.000000 -809.000000 1802.000000 -991.000000 -2519.000000 4672.000000 
12.380000 42.400002 125.120003 -8.390000 -21.120001 0.000000 4710.000000 -892.000000 1888.000000 -940.000000 -2427.000000 4578.000000 
10.600000 40.970001 123.620003 -11.500000 -21.930000 0.000000 4488.000000 -952.000000 1737.000000 -590.000000 -2189.000000 4265.000000 
8.980000 39.560001 122.180000 -14.490000 -22.709999 0.000000 4342.000000 -950.000000 1562.000000 -257.000000 -1969.000000 3892.000000 
7.460000 38.060001 120.790001 -17.549999 -23.820000 0.000000 4430.000000 -1000.000000 1601.000000 -325.000000 -2247.000000 3692.000000 
5.910000 36.560001 119.500000 -20.790001 -25.200001 0.000000 5026.000000 -1242.000000 2073.000000 -224.000000 -2591.000000 3938.000000 
4.330000 35.250000 118.239998 -23.940001 -26.670000 0.000000 4762.000000 -1092.000000 1882.000000 -804.000000 -2947.000000 4565.000000 
2.620000 34.119999 117.040001 -27.549999 -28.100000 0.000000 5405.000000 -1442.000000 1834.000000 -974.000000 -3163.000000 4844.000000 
0.960000 33.259998 115.919998 -30.900000 -29.299999 0.000000 4820.000000 -1240.000000 1304.000000 -915.000000 -3171.000000 4993.000000 
-0.520000 32.540001 114.879997 -34.009998 -30.209999 0.000000 4804.000000 -1173.000000 1153.000000 -591.000000 -2932.000000 4588.000000 
-1.790000 31.830000 113.809998 -36.820000 -30.840000 0.000000 4873.000000 -1425.000000 1279.000000 -218.000000 -2793.000000 4285.000000 
-2.790000 31.049999 112.750000 -39.220001 -31.400000 0.000000 4451.000000 -1358.000000 1243.000000 -587.000000 -2855.000000 3996.000000 
-3.620000 30.240000 111.830002 -41.560001 -31.799999 0.000000 4248.000000 -1553.000000 1290.000000 -716.000000 -2869.000000 4207.000000 
-4.440000 29.260000 110.940002 -43.630001 -32.139999 0.000000 4119.000000 -1545.000000 1364.000000 -645.000000 -2840.000000 4078.000000 
-5.190000 28.260000 110.129997 -45.669998 -32.410000 0.000000 4198.000000 -1567.000000 1323.000000 -383.000000 -2843.000000 4138.000000 
-5.830000 27.290001 109.379997 -47.560001 -32.619999 0.000000 4318.000000 -1541.000000 1278.000000 -426.000000 -2769.000000 4046.000000 
-6.280000 26.270000 108.730003 -49.259998 -32.720001 0.000000 4219.000000 -1532.000000 1273.000000 -239.000000 -2605.000000 4007.000000 
-6.630000 25.299999 108.120003 -50.900002 -32.910000 0.000000 4028.000000 -1530.000000 1209.000000 -323.000000 -2602.000000 3683.000000 
-6.880000 24.330000 107.610001 -52.419998 -33.110001 0.000000 3935.000000 -1614.000000 1237.000000 -449.000000 -2654.000000 3697.000000 
-7.060000 23.309999 107.190002 -53.650002 -33.330002 0.000000 3871.000000 -1733.000000 1393.000000 -583.000000 -2761.000000 3925.000000 
-7.320000 22.170000 106.820000 -54.709999 -33.630001 0.000000 4001.000000 -1835.000000 1441.000000 -519.000000 -2858.000000 3919.000000 
-7.620000 21.209999 106.550003 -55.799999 -33.950001 0.000000 4514.000000 -2214.000000 1562.000000 -536.000000 -2889.000000 3991.000000 
-7.970000 20.430000 106.320000 -56.560001 -34.200001 0.000000 4250.000000 -1798.000000 1242.000000 -352.000000 -2807.000000 3959.000000 
-8.180000 19.709999 106.199997 -57.130001 -34.310001 0.000000 4109.000000 -1712.000000 1179.000000 -187.000000 -2666.000000 3925.000000 
-8.240000 18.940001 106.120003 -57.849998 -34.310001 0.000000 4012.000000 -1659.000000 993.000000 280.000000 -2493.000000 3783.000000 
-8.220000 18.110001 106.089996 -58.720001 -34.310001 0.000000 3689.000000 -1334.000000 714.000000 243.000000 -2471.000000 3688.000000 
-8.140000 17.059999 106.050003 -59.549999 -34.330002 0.000000 4233.000000 -1773.000000 946.000000 268.000000 -2448.000000 3682.000000 
-8.020000 16.040001 105.980003 -60.169998 -34.459999 0.000000 3954.000000 -1737.000000 835.000000 -25.000000 -2480.000000 3484.000000 
-7.940000 15.150000 105.930000 -60.540001 -34.560001 0.000000 3970.000000 -1763.000000 925.000000 128.000000 -2463.000000 3516.000000 
-7.840000 14.280000 105.889999 -60.990002 -34.700001 0.000000 3457.000000 -1836.000000 854.000000 -38.000000 -2359.000000 3335.000000 
-7.770000 13.380000 105.849998 -61.330002 -34.799999 0.000000 3720.000000 -1646.000000 793.000000 301.000000 -2289.000000 3314.000000 
-7.730000 12.730000 105.790001 -61.830002 -35.060001 0.000000 3247.000000 -1582.000000 581.000000 48.000000 -2413.000000 3137.000000 
-7.640000 12.220000 105.790001 -62.380001 -35.470001 0.000000 2502.000000 -1482.000000 383.000000 -227.000000 -3789.000000 4320.000000 
-7.600000 11.340000 105.849998 -63.259998 -35.220001 0.000000 5263.000000 -1828.000000 -1078.000000 307.000000 -3274.000000 5405.000000 
-6.940000 9.760000 106.120003 -63.520000 -34.709999 0.000000 4975.000000 -1754.000000 772.000000 798.000000 -2134.000000 3497.000000 
-5.840000 8.310000 106.349998 -63.250000 -34.310001 0.000000 4332.000000 -1683.000000 1157.000000 260.000000 -2352.000000 3762.000000 
-4.960000 7.680000 106.550003 -62.680000 -34.029999 0.000000 3882.000000 -1598.000000 1051.000000 -9.000000 -2218.000000 3377.000000 
-4.890000 7.490000 106.629997 -62.660000 -33.740002 0.000000 3566.000000 -1618.000000 682.000000 315.000000 -2180.000000 3326.000000 
-4.870000 7.510000 106.669998 -62.630001 -33.450001 0.000000 3531.000000 -1633.000000 718.000000 -11.000000 -2318.000000 3699.000000 
-4.570000 7.250000 106.750000 -62.680000 -33.049999 0.000000 3857.000000 -1683.000000 787.000000 367.000000 -2215.000000 3653.000000 
-4.250000 6.700000 106.800003 -62.619999 -32.700001 0.000000 3556.000000 -1647.000000 740.000000 424.000000 -2210.000000 3728.000000 
-3.900000 6.200000 106.839996 -62.369999 -32.459999 0.000000 3547.000000 -1565.000000 757.000000 156.000000 -2193.000000 3610.000000 
-3.560000 5.710000 106.870003 -62.099998 -32.180000 0.000000 3462.000000 -1538.000000 769.000000 386.000000 -2125.000000 3637.000000 
-3.180000 5.070000 106.900002 -61.730000 -31.910000 0.000000 3320.000000 -1625.000000 858.000000 384.000000 -2122.000000 3694.000000 
-2.700000 4.460000 106.940002 -61.330002 -31.799999 0.000000 3409.000000 -1646.000000 890.000000 99.000000 -2194.000000 3440.000000 
-2.040000 3.830000 107.010002 -60.730000 -31.570000 0.000000 9321.000000 430.000000 1220.000000 60.000000 -2043.000000 3373.000000 
-1.580000 2.530000 106.989998 -59.630001 -31.059999 0.000000 3553.000000 -1748.000000 1039.000000 2185.000000 -3560.000000 6964.000000 
-0.690000 1.930000 106.930000 -59.009998 -30.200001 0.000000 3158.000000 -1886.000000 1129.000000 333.000000 -2326.000000 4584.000000 
0.290000 2.250000 106.940002 -59.279999 -29.920000 0.000000 3306.000000 -1931.000000 788.000000 259.000000 -1743.000000 2455.000000 
0.960000 2.670000 106.839996 -59.660000 -29.530001 0.000000 4128.000000 -2188.000000 653.000000 -162.000000 -2288.000000 3563.000000 
1.590000 2.790000 106.800003 -58.970001 -28.889999 0.000000 3704.000000 -1527.000000 894.000000 387.000000 -2195.000000 3984.000000 
2.370000 2.550000 106.809998 -58.220001 -28.230000 0.000000 3760.000000 -1613.000000 938.000000 384.000000 -2025.000000 3825.000000 
3.100000 2.430000 106.839996 -57.410000 -27.830000 0.000000 3776.000000 -1462.000000 900.000000 -147.000000 -2121.000000 3610.000000 
3.620000 2.550000 106.800003 -56.680000 -26.990000 0.000000 3805.000000 -1452.000000 863.000000 369.000000 -1867.000000 4078.000000 
3.890000 2.780000 106.750000 -55.770000 -26.150000 0.000000 3764.000000 -1452.000000 988.000000 220.000000 -1750.000000 4090.000000 
4.180000 2.980000 106.709999 -54.939999 -25.540001 0.000000 3735.000000 -1494.000000 1006.000000 355.000000 -1753.000000 3943.000000 
4.550000 3.140000 106.620003 -54.230000 -25.129999 0.000000 3718.000000 -1438.000000 979.000000 66.000000 -1775.000000 3862.000000 
4.850000 3.370000 106.550003 -53.919998 -24.629999 0.000000 3944.000000 -1604.000000 900.000000 230.000000 -1717.000000 3937.000000 
5.050000 3.520000 106.440002 -53.540001 -24.309999 0.000000 3763.000000 -1536.000000 934.000000 223.000000 -1808.000000 3973.000000 
5.180000 3.540000 106.330002 -52.939999 -24.090000 0.000000 2433.000000 -3040.000000 2598.000000 13.000000 -1759.000000 3872.000000 
5.240000 3.480000 106.220001 -52.570000 -24.059999 0.000000 4549.000000 -1924.000000 1346.000000 389.000000 -1486.000000 3108.000000 
5.420000 3.480000 106.099998 -52.220001 -24.139999 0.000000 3679.000000 -1886.000000 1035.000000 -33.000000 -1459.000000 3230.000000 
5.540000 3.420000 105.959999 -51.509998 -24.459999 0.000000 3936.000000 -1733.000000 779.000000 260.000000 -1612.000000 3431.000000 
5.510000 3.450000 105.779999 -49.049999 -24.129999 0.000000 2775.000000 -1431.000000 1528.000000 481.000000 -2221.000000 7557.000000 
4.980000 3.640000 105.559998 -47.189999 -24.420000 0.000000 3396.000000 -1686.000000 1629.000000 -443.000000 -3120.000000 5808.000000 
4.910000 3.900000 105.459999 -45.150002 -24.540001 0.000000 3753.000000 -1427.000000 2157.000000 422.000000 -2283.000000 4060.000000 
5.180000 4.170000 105.440002 -45.040001 -24.420000 0.000000 3135.000000 -1427.000000 1012.000000 -41.000000 -2288.000000 5047.000000 
5.140000 4.430000 105.330002 -44.959999 -24.080000 0.000000 3673.000000 -1565.000000 1219.000000 -340.000000 -2146.000000 4321.000000 
4.650000 4.360000 105.239998 -44.680000 -23.680000 0.000000 4071.000000 -1445.000000 1136.000000 253.000000 -2021.000000 4246.000000 
4.210000 4.380000 105.190002 -44.169998 -23.160000 0.000000 3971.000000 -1442.000000 1166.000000 235.000000 -1749.000000 4167.000000 
4.220000 4.440000 105.150002 -43.099998 -22.830000 0.000000 3528.000000 -1379.000000 1454.000000 191.000000 -1679.000000 3895.000000 
4.510000 4.610000 105.169998 -42.389999 -22.719999 0.000000 3645.000000 -1340.000000 1379.000000 -123.000000 -1754.000000 3787.000000 
4.710000 4.760000 105.180000 -42.110001 -22.440001 0.000000 3750.000000 -1362.000000 1288.000000 -36.000000 -1655.000000 3979.000000 
4.890000 4.730000 105.209999 -42.099998 -22.250000 0.000000 3859.000000 -1402.000000 1125.000000 -39.000000 -1757.000000 3966.000000 
5.150000 4.580000 105.279999 -41.880001 -22.080000 0.000000 3874.000000 -1331.000000 1158.000000 -7.000000 -1788.000000 3876.000000 
5.470000 4.420000 105.339996 -41.470001 -21.700001 0.000000 3856.000000 -1283.000000 1195.000000 270.000000 -1696.000000 4096.000000 
5.690000 4.170000 105.389999 -41.040001 -21.209999 0.000000 4090.000000 -1274.000000 1112.000000 281.000000 -1595.000000 4146.000000 
5.730000 4.020000 105.419998 -40.439999 -20.750000 0.000000 3899.000000 -1271.000000 1204.000000 336.000000 -1541.000000 4200.000000 
5.620000 4.230000 105.410004 -39.700001 -20.430000 0.000000 3868.000000 -1258.000000 1264.000000 231.000000 -1575.000000 4183.000000 
5.380000 4.700000 105.339996 -39.009998 -20.330000 0.000000 3805.000000 -1352.000000 1254.000000 -92.000000 -1685.000000 4200.000000 
5.060000 5.150000 105.260002 -37.660000 -20.160000 0.000000 3418.000000 -1328.000000 1619.000000 138.000000 -1481.000000 3913.000000 
4.590000 5.850000 105.209999 -36.599998 -20.100000 0.000000 3744.000000 -1246.000000 1341.000000 114.000000 -1653.000000 4226.000000 
3.840000 6.630000 105.120003 -35.430000 -20.020000 0.000000 4023.000000 -1290.000000 1494.000000 14.000000 -1604.000000 4133.000000 
2.950000 7.120000 104.970001 -33.299999 -19.990000 0.000000 -223.000000 -734.000000 162.000000 187.000000 -1648.000000 4213.000000 
2.380000 7.690000 104.820000 -30.980000 -20.389999 0.000000 7383.000000 -3131.000000 3719.000000 -690.000000 -2387.000000 3341.000000 
2.120000 7.990000 104.779999 -28.930000 -20.280001 0.000000 1667.000000 -679.000000 346.000000 555.000000 -1774.000000 4011.000000 
1.620000 8.260000 104.680000 -27.150000 -20.180000 0.000000 3000.000000 -1119.000000 1671.000000 -278.000000 -1951.000000 3930.000000 
0.960000 8.580000 104.500000 -25.920000 -19.760000 0.000000 4363.000000 -1784.000000 2433.000000 343.000000 -1695.000000 3960.000000 
0.540000 9.120000 104.300003 -24.160000 -19.750000 0.000000 3443.000000 -750.000000 1715.000000 240.000000 -3791.000000 6285.000000 
0.160000 9.300000 104.099998 -23.049999 -19.010000 0.000000 2773.000000 -985.000000 1747.000000 104.000000 -1778.000000 4998.000000 
0.160000 9.170000 104.040001 -21.790001 -18.530001 0.000000 3375.000000 -894.000000 1958.000000 567.000000 -1881.000000 5091.000000 
-0.320000 9.430000 103.879997 -20.809999 -18.180000 0.000000 3647.000000 -964.000000 2151.000000 120.000000 -2049.000000 5569.000000 
-1.170000 10.110000 103.580002 -20.040001 -18.020000 0.000000 3893.000000 -996.000000 2455.000000 3210.000000 -2217.000000 5281.000000 
-1.800000 10.930000 103.320000 -19.459999 -18.129999 0.000000 3798.000000 -1265.000000 3187.000000 -608.000000 -2610.000000 6693.000000 
-2.260000 12.260000 102.949997 -18.889999 -17.559999 0.000000 4117.000000 -1377.000000 3542.000000 -1239.000000 -2141.000000 5592.000000 
-2.740000 13.840000 102.559998 -18.170000 -17.100000 0.000000 5074.000000 -1527.000000 3429.000000 -39.000000 -2026.000000 4695.000000 
-3.410000 15.680000 102.089996 -17.420000 -16.459999 0.000000 5044.000000 -1650.000000 3028.000000 822.000000 -1789.000000 4217.000000 
-4.160000 17.639999 101.589996 -16.730000 -16.110001 0.000000 4230.000000 -1759.000000 2595.000000 584.000000 -1823.000000 4247.000000 
-4.920000 19.379999 101.040001 -16.150000 -16.180000 0.000000 3535.000000 -1827.000000 2383.000000 15.000000 -2050.000000 4320.000000 
-5.540000 20.850000 100.489998 -15.750000 -16.430000 0.000000 3171.000000 -1965.000000 2353.000000 -715.000000 -2233.000000 4285.000000 
-6.060000 21.940001 99.980003 -15.480000 -16.780001 0.000000 3088.000000 -2009.000000 2506.000000 -892.000000 -2353.000000 4372.000000 
-6.510000 22.730000 99.459999 -15.360000 -17.230000 0.000000 3245.000000 -2130.000000 2881.000000 -1006.000000 -2427.000000 4469.000000 
-6.970000 23.299999 99.010002 -15.280000 -17.799999 0.000000 3429.000000 -2119.000000 3242.000000 -732.000000 -2491.000000 4657.000000 
-7.480000 23.860001 98.559998 -15.230000 -18.500000 0.000000 3544.000000 -2146.000000 3455.000000 -576.000000 -2484.000000 4661.000000 
-7.980000 24.520000 98.099998 -15.180000 -19.410000 0.000000 3577.000000 -2099.000000 3437.000000 -489.000000 -2547.000000 4520.000000 
-8.470000 25.260000 97.620003 -15.180000 -20.469999 0.000000 3677.000000 -2166.000000 3406.000000 -358.000000 -2516.000000 4156.000000 
-8.950000 26.129999 97.110001 -15.190000 -21.709999 0.000000 3634.000000 -2160.000000 3340.000000 -261.000000 -2418.000000 3633.000000 
-9.430000 27.110001 96.570000 -15.200000 -23.170000 0.000000 3604.000000 -2119.000000 3249.000000 -221.000000 -2298.000000 3174.000000 
-9.950000 28.129999 95.949997 -15.300000 -24.950001 0.000000 3333.000000 -2117.000000 3095.000000 -224.000000 -2266.000000 2878.000000 
-10.440000 29.180000 95.300003 -15.460000 -27.000000 0.000000 3146.000000 -2263.000000 3184.000000 -217.000000 -2263.000000 2780.000000 
-10.900000 30.150000 94.570000 -15.540000 -29.299999 0.000000 2884.000000 -2100.000000 3260.000000 -315.000000 -2329.000000 2859.000000 
-11.330000 31.010000 93.809998 -15.470000 -31.680000 0.000000 2744.000000 -1962.000000 3231.000000 -391.000000 -2650.000000 3345.000000 
-11.810000 31.969999 92.959999 -15.190000 -33.910000 0.000000 2953.000000 -2034.000000 3619.000000 -728.000000 -2760.000000 3544.000000 
-12.340000 32.900002 92.010002 -14.580000 -35.959999 0.000000 2850.000000 -1851.000000 3346.000000 -915.000000 -2802.000000 3579.000000 
-12.840000 33.790001 91.000000 -13.730000 -37.919998 0.000000 2969.000000 -1644.000000 2974.000000 -1023.000000 -2799.000000 3444.000000 
-13.270000 34.689999 89.989998 -12.790000 -39.709999 0.000000 3016.000000 -1481.000000 2675.000000 -856.000000 -2723.000000 3342.000000 
-13.710000 35.639999 88.839996 -11.760000 -41.369999 0.000000 3093.000000 -1309.000000 2507.000000 -567.000000 -2648.000000 3204.000000 
-14.140000 36.660000 87.589996 -10.870000 -42.930000 0.000000 2927.000000 -1467.000000 2455.000000 -488.000000 -2438.000000 2860.000000 
-14.580000 37.930000 86.160004 -10.010000 -44.240002 0.000000 2558.000000 -1151.000000 2181.000000 -440.000000 -2056.000000 2382.000000 
-14.710000 39.340000 84.779999 -9.110000 -45.320000 0.000000 2302.000000 -842.000000 1705.000000 -407.000000 -1696.000000 2064.000000 
-14.380000 40.900002 83.639999 -8.260000 -46.340000 0.000000 1880.000000 -513.000000 1270.000000 -438.000000 -1505.000000 1701.000000 
-14.030000 42.470001 82.519997 -7.680000 -47.490002 0.000000 1360.000000 -399.000000 827.000000 -918.000000 -1496.000000 1310.000000 
-13.770000 43.849998 81.339996 -7.330000 -49.020000 0.000000 1168.000000 -184.000000 271.000000 -1561.000000 -1450.000000 908.000000 
-13.720000 44.950001 80.059998 -7.370000 -50.590000 0.000000 1029.000000 -65.000000 65.000000 -1981.000000 -1457.000000 716.000000 
-13.720000 45.759998 78.790001 -7.780000 -51.970001 0.000000 1100.000000 98.000000 136.000000 -2227.000000 -1297.000000 789.000000 
-13.490000 46.270000 77.739998 -8.920000 -52.450001 0.000000 1286.000000 -188.000000 1036.000000 -1462.000000 -1261.000000 1190.000000 
-13.010000 46.500000 76.860001 -10.270000 -53.060001 0.000000 998.000000 -228.000000 2207.000000 -1097.000000 -1257.000000 1661.000000 
-12.420000 46.430000 76.010002 -11.810000 -53.689999 0.000000 1153.000000 -342.000000 3202.000000 -1524.000000 -1678.000000 1863.000000 
-11.840000 46.080002 75.070000 -13.480000 -54.150002 0.000000 1510.000000 -725.000000 3833.000000 -2424.000000 -2080.000000 2205.000000 
-11.380000 45.560001 73.989998 -14.840000 -54.480000 0.000000 1524.000000 -555.000000 4608.000000 -2907.000000 -2541.000000 2560.000000 
-10.860000 44.990002 72.849998 -15.750000 -54.570000 0.000000 1821.000000 -616.000000 5335.000000 -3355.000000 -2881.000000 2852.000000 
-10.280000 44.480000 71.730003 -16.020000 -54.419998 0.000000 2126.000000 -442.000000 5358.000000 -3725.000000 -2889.000000 2945.000000 
-9.640000 44.119999 70.690002 -15.760000 -54.020000 0.000000 2382.000000 -91.000000 4822.000000 -3656.000000 -2765.000000 2793.000000 
-8.940000 43.930000 69.699997 -15.290000 -53.490002 0.000000 2398.000000 54.000000 4239.000000 -3623.000000 -2483.000000 2413.000000 
-8.200000 43.910000 68.739998 -14.850000 -53.040001 0.000000 2052.000000 213.000000 4099.000000 -3614.000000 -2264.000000 1979.000000 
-7.510000 44.049999 67.779999 -14.710000 -52.740002 0.000000 1633.000000 -23.000000 4213.000000 -3799.000000 -2165.000000 1588.000000 
-6.970000 44.310001 66.790001 -14.900000 -52.590000 0.000000 1152.000000 -242.000000 4625.000000 -4106.000000 -2144.000000 1309.000000 
-6.680000 44.619999 65.769997 -15.250000 -52.529999 0.000000 923.000000 -471.000000 5000.000000 -4329.000000 -2162.000000 1202.000000 
-6.580000 44.950001 64.750000 -15.590000 -52.340000 0.000000 832.000000 -591.000000 5408.000000 -4199.000000 -2325.000000 1625.000000 
-6.580000 45.290001 63.720001 -15.770000 -51.799999 0.000000 959.000000 -652.000000 5880.000000 -4022.000000 -2392.000000 2269.000000 
-6.530000 45.650002 62.779999 -15.620000 -51.080002 0.000000 1095.000000 -465.000000 6175.000000 -4088.000000 -2314.000000 2523.000000 
-6.350000 46.060001 61.950001 -15.130000 -50.290001 0.000000 1321.000000 -209.000000 6267.000000 -4112.000000 -2136.000000 2478.000000 
-6.020000 46.520000 61.259998 -14.270000 -49.529999 0.000000 1600.000000 -39.000000 5807.000000 -3864.000000 -1868.000000 2231.000000 
-5.620000 47.040001 60.590000 -13.090000 -48.869999 0.000000 1737.000000 523.000000 4758.000000 -3537.000000 -1522.000000 1806.000000 
-5.130000 47.599998 60.009998 -11.850000 -48.320000 0.000000 1882.000000 796.000000 3641.000000 -3475.000000 -1419.000000 1489.000000 
-4.560000 48.110001 59.570000 -10.960000 -47.880001 0.000000 982.000000 602.000000 3688.000000 -3570.000000 -1423.000000 1626.000000 
-4.000000 48.549999 59.240002 -10.470000 -47.389999 0.000000 379.000000 542.000000 3897.000000 -3642.000000 -1619.000000 2290.000000 
-3.430000 48.810001 59.070000 -10.260000 -46.730000 0.000000 377.000000 315.000000 4341.000000 -3241.000000 -1789.000000 2767.000000 
-2.880000 48.990002 58.980000 -10.120000 -45.880001 0.000000 957.000000 140.000000 4845.000000 -2904.000000 -1702.000000 2721.000000 
-2.270000 49.130001 58.990002 -9.780000 -45.130001 0.000000 1435.000000 193.000000 4750.000000 -3760.000000 -1290.000000 1706.000000 
-1.550000 49.259998 59.070000 -9.250000 -44.369999 0.000000 1528.000000 468.000000 4513.000000 -2932.000000 -1346.000000 1932.000000 
-0.770000 49.369999 59.230000 -8.690000 -43.610001 0.000000 1399.000000 401.000000 4006.000000 -2526.000000 -1282.000000 2721.000000 
-0.060000 49.560001 59.340000 -8.210000 -43.040001 0.000000 1041.000000 415.000000 3722.000000 -2829.000000 -1469.000000 2905.000000 
0.570000 49.759998 59.480000 -7.830000 -42.470001 0.000000 834.000000 354.000000 3689.000000 -2906.000000 -1517.000000 2954.000000 
1.300000 49.840000 59.740002 -7.450000 -41.790001 0.000000 1143.000000 399.000000 3473.000000 -2687.000000 -1463.000000 3122.000000 
1.990000 49.860001 60.029999 -7.060000 -40.970001 0.000000 1496.000000 530.000000 3120.000000 -2446.000000 -1345.000000 3155.000000 
2.560000 49.849998 60.209999 -6.700000 -40.090000 0.000000 1601.000000 542.000000 2916.000000 -2317.000000 -1432.000000 3141.000000 
3.070000 49.680000 60.330002 -6.480000 -39.200001 0.000000 1395.000000 263.000000 3073.000000 -2158.000000 -1564.000000 2925.000000 
3.570000 49.369999 60.400002 -6.390000 -38.419998 0.000000 1309.000000 65.000000 3152.000000 -2422.000000 -1754.000000 2690.000000 
3.660000 49.049999 60.160000 -6.480000 -37.509998 0.000000 1162.000000 -185.000000 3668.000000 -2618.000000 -2009.000000 3166.000000 
3.460000 48.520000 59.720001 -6.650000 -36.340000 0.000000 1210.000000 -395.000000 4276.000000 -2154.000000 -2171.000000 3895.000000 
3.120000 47.650002 59.110001 -6.760000 -34.970001 0.000000 1576.000000 -464.000000 4429.000000 -1393.000000 -2050.000000 3853.000000 
3.340000 46.680000 59.000000 -6.670000 -33.570000 0.000000 1727.000000 -357.000000 4164.000000 -874.000000 -1713.000000 3148.000000 
4.020000 45.520000 59.130001 -6.510000 -32.430000 0.000000 1468.000000 -419.000000 3971.000000 -1482.000000 -1501.000000 2782.000000 
4.860000 44.509998 59.389999 -6.380000 -31.730000 0.000000 1223.000000 -521.000000 4098.000000 -2259.000000 -1575.000000 2991.000000 
5.480000 43.529999 59.560001 -6.260000 -31.049999 0.000000 1424.000000 -554.000000 4189.000000 -2453.000000 -1639.000000 3494.000000 
5.850000 42.540001 59.580002 -6.030000 -30.330000 0.000000 1596.000000 -428.000000 3985.000000 -2473.000000 -1475.000000 3292.000000 
6.250000 41.689999 59.650002 -5.580000 -29.260000 0.000000 1669.000000 -33.000000 3268.000000 -1576.000000 -1103.000000 3009.000000 
6.480000 40.880001 59.630001 -5.270000 -28.090000 0.000000 1696.000000 38.000000 2667.000000 14.000000 -804.000000 2625.000000 
6.830000 40.119999 59.660000 -5.250000 -27.299999 0.000000 1253.000000 -166.000000 2394.000000 -694.000000 -998.000000 2382.000000 
6.540000 39.549999 59.310001 -5.400000 -27.230000 0.000000 798.000000 -218.000000 2281.000000 -1884.000000 -1615.000000 2861.000000 
5.010000 38.660000 58.090000 -5.970000 -27.230000 0.000000 786.000000 -669.000000 2950.000000 -3535.000000 -2176.000000 3218.000000 
4.190000 37.450001 57.029999 -6.370000 -27.280001 0.000000 958.000000 -494.000000 3856.000000 -6908.000000 -3465.000000 4230.000000 
4.110000 36.000000 56.459999 -7.080000 -26.559999 0.000000 1297.000000 -955.000000 4935.000000 -3216.000000 -5376.000000 13740.000000 
4.200000 33.430000 56.130001 -6.140000 -25.370001 0.000000 -2265.000000 8521.000000 4272.000000 -1116.000000 -1207.000000 1934.000000 
4.880000 31.770000 56.169998 -6.930000 -24.440001 0.000000 4986.000000 -3165.000000 3198.000000 284.000000 -2020.000000 5845.000000 
6.280000 29.940001 56.509998 -8.000000 -24.360001 0.000000 1378.000000 -1258.000000 3229.000000 -1079.000000 -1235.000000 3658.000000 
6.890000 28.549999 56.570000 -8.560000 -24.600000 0.000000 2961.000000 -1213.000000 3868.000000 -935.000000 -1119.000000 2770.000000 
7.430000 27.320000 56.730000 -9.070000 -24.389999 0.000000 2134.000000 -1131.000000 3280.000000 -788.000000 -1178.000000 4321.000000 
7.450000 26.090000 56.680000 -9.470000 -24.430000 0.000000 2773.000000 -1068.000000 3520.000000 -775.000000 -1613.000000 4694.000000 
6.700000 25.309999 56.369999 -9.760000 -24.879999 0.000000 2297.000000 -1008.000000 3604.000000 -993.000000 -1464.000000 4193.000000 
5.800000 25.110001 56.090000 -10.110000 -25.700001 0.000000 2175.000000 -1086.000000 3552.000000 -1176.000000 -1500.000000 3928.000000 
5.110000 25.100000 55.950001 -10.450000 -26.610001 0.000000 1841.000000 -1160.000000 3705.000000 -1263.000000 -1561.000000 3866.000000 
4.670000 25.370001 55.939999 -10.730000 -27.490000 0.000000 1693.000000 -1194.000000 3663.000000 -1373.000000 -1563.000000 3778.000000 
4.090000 25.510000 55.830002 -10.900000 -28.290001 0.000000 1745.000000 -1209.000000 3724.000000 -1371.000000 -1594.000000 3788.000000 
3.630000 25.590000 55.759998 -11.000000 -28.959999 0.000000 1739.000000 -1243.000000 3712.000000 -1375.000000 -1573.000000 3786.000000 
3.480000 25.520000 55.869999 -10.950000 -29.480000 0.000000 1845.000000 -1155.000000 3752.000000 -1192.000000 -1538.000000 3743.000000 
