21.600000 63.720001 87.900002 -9.440000 -61.840000 0.000000 2233.000000 -858.000000 5353.000000 -1819.000000 -4047.000000 3224.000000 
24.219999 64.760002 89.050003 -8.960000 -61.450001 0.000000 2726.000000 -485.000000 5482.000000 -3314.000000 -3301.000000 1785.000000 
27.059999 65.639999 90.279999 -8.440000 -61.200001 0.000000 1769.000000 -656.000000 4504.000000 -3328.000000 -2575.000000 1418.000000 
29.879999 66.209999 91.449997 -7.740000 -60.230000 0.000000 1450.000000 -251.000000 3818.000000 -2461.000000 -2133.000000 1568.000000 
32.419998 66.849998 92.489998 -7.000000 -59.259998 0.000000 1309.000000 -7.000000 3503.000000 -2269.000000 -2213.000000 1768.000000 
34.549999 67.529999 93.269997 -6.400000 -58.689999 0.000000 1057.000000 5.000000 3864.000000 -3401.000000 -2689.000000 1968.000000 
36.240002 67.940002 93.570000 -5.910000 -57.990002 0.000000 726.000000 -18.000000 4243.000000 -3333.000000 -2995.000000 2621.000000 
37.340000 67.959999 93.230003 -5.450000 -57.099998 0.000000 410.000000 -90.000000 4171.000000 -2751.000000 -2863.000000 2742.000000 
37.889999 67.540001 92.290001 -4.970000 -56.119999 0.000000 380.000000 -82.000000 4174.000000 -2691.000000 -2412.000000 2335.000000 
38.009998 66.690002 90.870003 -4.510000 -55.259998 0.000000 651.000000 -70.000000 4252.000000 -3071.000000 -2108.000000 1838.000000 
37.759998 65.650002 89.080002 -4.010000 -54.349998 0.000000 1059.000000 58.000000 4272.000000 -3182.000000 -1883.000000 1975.000000 
37.369999 64.500000 87.199997 -3.620000 -53.400002 0.000000 1103.000000 -34.000000 4318.000000 -2811.000000 -1929.000000 2304.000000 
36.900002 63.259998 85.339996 -3.090000 -52.380001 0.000000 848.000000 64.000000 4181.000000 -2289.000000 -1847.000000 2533.000000 
36.290001 61.939999 83.449997 -2.390000 -51.230000 0.000000 737.000000 277.000000 3814.000000 -1708.000000 -1715.000000 2633.000000 
35.389999 60.650002 81.410004 -1.590000 -49.939999 0.000000 885.000000 466.000000 3374.000000 -1113.000000 -1631.000000 2500.000000 
34.110001 59.430000 79.080002 -0.830000 -48.650002 0.000000 1076.000000 548.000000 3019.000000 -730.000000 -1500.000000 2134.000000 
32.160000 58.189999 76.190002 -0.140000 -47.400002 0.000000 1056.000000 516.000000 2511.000000 -599.000000 -1259.000000 1627.000000 
29.799999 56.990002 73.000000 0.460000 -46.360001 0.000000 876.000000 350.000000 2147.000000 -687.000000 -1272.000000 1218.000000 
27.200001 55.700001 69.599998 0.720000 -45.869999 0.000000 613.000000 103.000000 2102.000000 -1112.000000 -1663.000000 1135.000000 
24.650000 54.150002 66.339996 0.310000 -45.540001 0.000000 797.000000 -222.000000 2330.000000 -1521.000000 -2098.000000 1419.000000 
22.059999 52.150002 63.169998 -0.360000 -45.270000 0.000000 1165.000000 -332.000000 2650.000000 -1550.000000 -2347.000000 1447.000000 
19.170000 49.730000 59.860001 -1.080000 -44.820000 0.000000 1610.000000 -372.000000 2711.000000 -1121.000000 -2650.000000 1561.000000 
16.480000 47.090000 56.799999 -1.840000 -44.290001 0.000000 1840.000000 -414.000000 2692.000000 -1050.000000 -2758.000000 1657.000000 
14.000000 44.500000 53.990002 -2.660000 -43.750000 0.000000 1906.000000 -515.000000 2677.000000 -815.000000 -2748.000000 1585.000000 
11.590000 41.970001 51.360001 -3.690000 -43.250000 0.000000 1732.000000 -739.000000 2629.000000 -676.000000 -2865.000000 1491.000000 
8.950000 39.630001 48.750000 -5.030000 -42.880001 0.000000 1663.000000 -1202.000000 2560.000000 -465.000000 -3021.000000 1198.000000 
6.210000 37.430000 46.209999 -6.560000 -42.529999 0.000000 1553.000000 -1674.000000 2554.000000 -273.000000 -3395.000000 1174.000000 
3.540000 35.270000 43.889999 -8.220000 -42.240002 0.000000 1437.000000 -2050.000000 2677.000000 -347.000000 -3692.000000 1320.000000 
1.110000 33.090000 41.820000 -9.980000 -42.049999 0.000000 1574.000000 -2123.000000 2965.000000 -463.000000 -3993.000000 1660.000000 
-0.950000 30.900000 40.130001 -11.820000 -41.900002 0.000000 1906.000000 -2155.000000 3272.000000 -281.000000 -4207.000000 2075.000000 
-2.610000 28.750000 38.790001 -13.610000 -41.630001 0.000000 2310.000000 -2191.000000 3688.000000 163.000000 -4399.000000 2475.000000 
-3.890000 26.740000 37.730000 -15.200000 -41.130001 0.000000 2675.000000 -2111.000000 4033.000000 911.000000 -4461.000000 2935.000000 
-4.800000 24.950001 36.959999 -16.520000 -40.459999 0.000000 2957.000000 -2055.000000 4279.000000 1186.000000 -4235.000000 3093.000000 
-5.350000 23.350000 36.349998 -17.580000 -39.680000 0.000000 3129.000000 -2007.000000 4262.000000 1414.000000 -3965.000000 3152.000000 
-5.700000 21.959999 35.849998 -18.410000 -38.959999 0.000000 2939.000000 -1924.000000 3866.000000 1371.000000 -3842.000000 2900.000000 
-5.960000 20.719999 35.380001 -19.240000 -38.349998 0.000000 2586.000000 -2189.000000 3281.000000 983.000000 -3531.000000 2461.000000 
-6.300000 19.580000 34.930000 -20.090000 -37.900002 0.000000 2050.000000 -2358.000000 2646.000000 754.000000 -3368.000000 2053.000000 
-6.690000 18.389999 34.520000 -21.080000 -37.669998 0.000000 1453.000000 -2740.000000 2170.000000 398.000000 -3497.000000 1865.000000 
-7.190000 17.049999 34.150002 -22.260000 -37.450001 0.000000 1331.000000 -2950.000000 2115.000000 304.000000 -3393.000000 2097.000000 
-7.700000 15.520000 33.799999 -23.650000 -37.049999 0.000000 1673.000000 -2782.000000 2555.000000 525.000000 -3460.000000 2668.000000 
-8.100000 13.920000 33.639999 -25.129999 -36.419998 0.000000 2194.000000 -2576.000000 3235.000000 763.000000 -3297.000000 3047.000000 
-8.440000 12.410000 33.580002 -26.400000 -35.750000 0.000000 2570.000000 -2224.000000 3513.000000 996.000000 -3193.000000 3210.000000 
-8.950000 11.130000 33.529999 -27.510000 -35.169998 0.000000 2748.000000 -2100.000000 3312.000000 1074.000000 -3134.000000 3286.000000 
-9.570000 10.080000 33.490002 -28.610001 -34.740002 0.000000 2788.000000 -2090.000000 2939.000000 952.000000 -3177.000000 3427.000000 
-10.190000 9.240000 33.500000 -29.780001 -34.500000 0.000000 2640.000000 -2103.000000 2670.000000 1055.000000 -3258.000000 3455.000000 
-10.700000 8.580000 33.610001 -31.049999 -34.180000 0.000000 2601.000000 -2181.000000 2473.000000 1268.000000 -2964.000000 3325.000000 
-10.840000 7.560000 33.849998 -32.310001 -33.770000 0.000000 2571.000000 -2110.000000 2429.000000 1425.000000 -2663.000000 3122.000000 
-10.510000 6.370000 34.090000 -33.560001 -33.380001 0.000000 2801.000000 -2078.000000 2503.000000 1359.000000 -2446.000000 2962.000000 
-9.870000 5.280000 34.299999 -34.919998 -33.200001 0.000000 2608.000000 -2172.000000 2559.000000 1262.000000 -2370.000000 2692.000000 
-9.260000 4.750000 34.560001 -36.290001 -33.209999 0.000000 2778.000000 -2245.000000 2579.000000 1242.000000 -2532.000000 2849.000000 
-9.640000 4.500000 34.759998 -37.570000 -33.110001 0.000000 2660.000000 -2198.000000 2608.000000 1104.000000 -2621.000000 3540.000000 
-9.830000 3.520000 34.980000 -38.619999 -33.029999 0.000000 3181.000000 -1891.000000 2464.000000 1669.000000 -2932.000000 4253.000000 
-9.200000 2.530000 35.200001 -39.759998 -32.939999 0.000000 3588.000000 -1962.000000 2373.000000 1580.000000 -2934.000000 4251.000000 
-8.500000 2.080000 35.529999 -40.939999 -32.919998 0.000000 3236.000000 -2122.000000 2177.000000 1456.000000 -2810.000000 3685.000000 
-8.300000 1.350000 35.790001 -42.259998 -33.279999 0.000000 3043.000000 -2190.000000 1795.000000 1491.000000 -2925.000000 2862.000000 
-8.140000 0.480000 35.900002 -41.759998 -33.230000 0.000000 4447.000000 -402.000000 5199.000000 1798.000000 -2412.000000 3191.000000 
-7.700000 0.500000 36.189999 -41.759998 -33.360001 0.000000 2747.000000 -2189.000000 1712.000000 2312.000000 -3207.000000 4409.000000 
-6.800000 1.130000 36.320000 -41.849998 -33.380001 0.000000 3103.000000 -2225.000000 1828.000000 1604.000000 -2986.000000 4539.000000 
-5.990000 1.590000 36.480000 -41.959999 -33.099998 0.000000 3569.000000 -2002.000000 1802.000000 1715.000000 -2177.000000 3257.000000 
-5.520000 2.260000 36.669998 -42.299999 -32.980000 0.000000 4283.000000 -1505.000000 638.000000 1592.000000 -1772.000000 2121.000000 
-5.270000 2.850000 36.869999 -43.130001 -32.939999 0.000000 5111.000000 -1207.000000 -405.000000 1674.000000 -1836.000000 2489.000000 
-4.850000 3.330000 37.040001 -43.619999 -33.459999 0.000000 -234.000000 -4447.000000 7749.000000 1952.000000 -2605.000000 3032.000000 
-5.070000 4.380000 37.049999 -44.009998 -34.279999 0.000000 4841.000000 -1321.000000 856.000000 504.000000 -3333.000000 3592.000000 
-5.520000 5.220000 37.130001 -44.500000 -34.910000 0.000000 1392.000000 -2518.000000 2688.000000 150.000000 -2989.000000 3469.000000 
-6.090000 6.270000 37.119999 -44.529999 -35.529999 0.000000 4176.000000 -1251.000000 1593.000000 262.000000 -3012.000000 3498.000000 
-6.160000 6.840000 37.340000 -44.529999 -35.889999 0.000000 2499.000000 -1825.000000 1976.000000 1601.000000 -2971.000000 3829.000000 
-6.210000 7.630000 37.509998 -45.200001 -35.959999 0.000000 12764.000000 2540.000000 -3263.000000 1453.000000 -2491.000000 3650.000000 
-6.860000 8.150000 37.650002 -46.320000 -36.070000 0.000000 4334.000000 -2282.000000 954.000000 2337.000000 -2799.000000 3781.000000 
-6.590000 8.710000 37.889999 -46.250000 -36.139999 0.000000 2959.000000 -2249.000000 2773.000000 1385.000000 -2899.000000 4092.000000 
-6.330000 9.090000 38.020000 -45.799999 -36.130001 0.000000 3380.000000 -1902.000000 2101.000000 1195.000000 -2707.000000 3346.000000 
-6.130000 8.920000 38.169998 -45.160000 -36.080002 0.000000 3265.000000 -1546.000000 1957.000000 1303.000000 -2268.000000 2656.000000 
-6.120000 8.660000 38.240002 -45.959999 -35.790001 0.000000 2556.000000 -2603.000000 1909.000000 1844.000000 -1963.000000 2806.000000 
-6.000000 9.000000 38.310001 -45.990002 -36.150002 0.000000 2584.000000 -2305.000000 2241.000000 1788.000000 -2768.000000 2610.000000 
-6.980000 10.080000 38.169998 -46.169998 -36.590000 0.000000 3039.000000 -2179.000000 1802.000000 1469.000000 -2784.000000 2740.000000 
-8.030000 11.120000 37.970001 -46.889999 -36.840000 0.000000 2918.000000 -2062.000000 1183.000000 1036.000000 -2997.000000 3188.000000 
-8.960000 11.770000 37.790001 -48.000000 -36.770000 0.000000 2648.000000 -2262.000000 1101.000000 519.000000 -2934.000000 3408.000000 
-9.410000 11.190000 37.720001 -48.669998 -36.660000 0.000000 3214.000000 -2133.000000 1312.000000 1076.000000 -2560.000000 2652.000000 
-9.890000 10.680000 37.689999 -48.200001 -36.430000 0.000000 2957.000000 -2202.000000 1994.000000 1079.000000 -2333.000000 2719.000000 
-10.540000 10.330000 37.439999 -48.290001 -36.410000 0.000000 3294.000000 -2104.000000 1500.000000 1442.000000 -2478.000000 3029.000000 
-11.350000 10.970000 37.290001 -48.740002 -36.549999 0.000000 2968.000000 -2189.000000 1376.000000 1300.000000 -2798.000000 3283.000000 
-12.280000 11.020000 37.099998 -49.330002 -36.779999 0.000000 2966.000000 -2269.000000 1213.000000 1479.000000 -3046.000000 3236.000000 
-13.090000 11.190000 36.930000 -49.900002 -37.020000 0.000000 2894.000000 -2519.000000 1297.000000 1416.000000 -3184.000000 3104.000000 
-13.660000 11.020000 36.790001 -49.730000 -37.169998 0.000000 2974.000000 -2879.000000 2342.000000 767.000000 -3052.000000 3121.000000 
-13.690000 10.300000 36.860001 -49.740002 -37.220001 0.000000 2631.000000 -2797.000000 2012.000000 1271.000000 -2632.000000 2886.000000 
-13.710000 9.740000 36.830002 -49.900002 -37.270000 0.000000 3613.000000 -2484.000000 1312.000000 1752.000000 -2486.000000 2767.000000 
-13.920000 9.230000 36.810001 -49.439999 -37.200001 0.000000 3802.000000 -2537.000000 2036.000000 2313.000000 -2496.000000 3327.000000 
-13.560000 8.850000 36.880001 -48.520000 -37.080002 0.000000 3922.000000 -2592.000000 2308.000000 2110.000000 -2720.000000 3779.000000 
-13.300000 8.680000 36.910000 -47.189999 -37.130001 0.000000 3743.000000 -2629.000000 2435.000000 1678.000000 -2886.000000 3643.000000 
-13.140000 9.140000 36.750000 -46.070000 -37.160000 0.000000 3069.000000 -3226.000000 2923.000000 1498.000000 -2710.000000 3416.000000 
-13.120000 10.390000 36.639999 -45.349998 -37.630001 0.000000 3395.000000 -2663.000000 1607.000000 1264.000000 -3027.000000 2721.000000 
-13.610000 11.530000 36.480000 -44.560001 -38.189999 0.000000 3203.000000 -2621.000000 1953.000000 329.000000 -3105.000000 2385.000000 
-14.030000 12.630000 36.340000 -43.900002 -38.779999 0.000000 2712.000000 -3040.000000 2371.000000 485.000000 -3065.000000 2691.000000 
-14.440000 13.870000 36.290001 -43.180000 -39.549999 0.000000 3146.000000 -2275.000000 1791.000000 904.000000 -3250.000000 2891.000000 
-15.000000 15.040000 36.200001 -42.279999 -40.189999 0.000000 2729.000000 -2534.000000 2509.000000 949.000000 -3119.000000 3280.000000 
-15.490000 16.150000 36.090000 -41.630001 -40.700001 0.000000 1920.000000 -2928.000000 2922.000000 796.000000 -3325.000000 3670.000000 
-15.730000 17.219999 36.110001 -40.930000 -41.389999 0.000000 3390.000000 -1954.000000 1923.000000 407.000000 -3695.000000 3378.000000 
-16.160000 17.879999 35.980000 -39.520000 -41.959999 0.000000 3825.000000 -1990.000000 3102.000000 461.000000 -3156.000000 3031.000000 
-15.420000 18.270000 36.060001 -38.540001 -42.349998 0.000000 3476.000000 -1956.000000 2509.000000 824.000000 -2628.000000 2760.000000 
-14.870000 19.139999 36.240002 -37.750000 -42.770000 0.000000 3355.000000 -1632.000000 1963.000000 1116.000000 -2359.000000 2554.000000 
-13.940000 19.629999 36.590000 -37.759998 -43.259998 0.000000 1788.000000 -1653.000000 1182.000000 1409.000000 -2580.000000 2641.000000 
-13.500000 20.120001 36.799999 -37.810001 -43.549999 0.000000 2571.000000 -1914.000000 1367.000000 1176.000000 -2671.000000 2871.000000 
-13.280000 20.760000 36.860001 -37.540001 -43.730000 0.000000 2585.000000 -1684.000000 1550.000000 887.000000 -2717.000000 2895.000000 
-12.750000 21.400000 37.080002 -37.580002 -44.139999 0.000000 1853.000000 -1681.000000 1353.000000 419.000000 -2708.000000 2429.000000 
-13.210000 21.430000 36.820000 -37.250000 -44.430000 0.000000 2755.000000 -1533.000000 1613.000000 364.000000 -2799.000000 2669.000000 
-13.050000 22.080000 36.919998 -36.930000 -44.720001 0.000000 2699.000000 -1522.000000 1695.000000 1016.000000 -2963.000000 2788.000000 
-12.890000 22.750000 37.130001 -36.860001 -44.680000 0.000000 2461.000000 -1536.000000 1622.000000 721.000000 -2975.000000 3078.000000 
-12.940000 23.240000 37.349998 -36.730000 -44.639999 0.000000 3127.000000 -1515.000000 1693.000000 277.000000 -3031.000000 2931.000000 
-12.610000 23.340000 37.619999 -36.139999 -44.500000 0.000000 3005.000000 -1398.000000 1805.000000 85.000000 -2909.000000 2662.000000 
-12.860000 22.610001 37.509998 -35.750000 -44.000000 0.000000 3674.000000 -1570.000000 1969.000000 1539.000000 -2960.000000 3339.000000 
-12.850000 22.350000 37.669998 -34.980000 -43.340000 0.000000 3235.000000 -1330.000000 1807.000000 2332.000000 -2355.000000 2945.000000 
-12.680000 21.840000 37.720001 -34.529999 -42.810001 0.000000 3868.000000 -1341.000000 1627.000000 1384.000000 -2944.000000 3089.000000 
-13.060000 21.330000 37.759998 -34.150002 -42.369999 0.000000 3449.000000 -1303.000000 1347.000000 1440.000000 -3245.000000 3303.000000 
-13.350000 21.219999 37.779999 -33.799999 -41.790001 0.000000 3439.000000 -1103.000000 1043.000000 1882.000000 -3043.000000 3188.000000 
-13.140000 21.200001 37.959999 -33.320000 -41.230000 0.000000 3482.000000 -1038.000000 1240.000000 1041.000000 -2943.000000 2974.000000 
-11.980000 20.680000 38.480000 -32.950001 -40.279999 0.000000 3592.000000 -951.000000 1184.000000 899.000000 -2649.000000 3101.000000 
-10.840000 19.320000 39.119999 -32.470001 -39.349998 0.000000 3690.000000 -1207.000000 1650.000000 6485.000000 -3729.000000 5403.000000 
-10.140000 17.809999 39.630001 -32.669998 -39.389999 0.000000 3596.000000 -1380.000000 1499.000000 692.000000 -2993.000000 2032.000000 
-9.630000 16.580000 39.970001 -33.790001 -39.570000 0.000000 3507.000000 -1631.000000 1141.000000 1388.000000 -2660.000000 2558.000000 
-9.340000 16.840000 40.209999 -35.049999 -39.369999 0.000000 4247.000000 -1429.000000 574.000000 1390.000000 -2972.000000 3420.000000 
-9.630000 16.070000 40.279999 -35.959999 -38.939999 0.000000 4292.000000 -1164.000000 778.000000 1522.000000 -2885.000000 3554.000000 
-9.560000 15.310000 40.400002 -37.169998 -38.849998 0.000000 3882.000000 -1214.000000 638.000000 1477.000000 -2971.000000 3245.000000 
-9.730000 15.590000 40.490002 -38.990002 -38.770000 0.000000 3714.000000 -1235.000000 572.000000 1447.000000 -2747.000000 2943.000000 
-9.660000 16.020000 40.480000 -40.790001 -38.450001 0.000000 4322.000000 -1084.000000 523.000000 1766.000000 -2503.000000 2865.000000 
-9.690000 16.430000 40.459999 -42.290001 -37.639999 0.000000 3728.000000 -896.000000 649.000000 1743.000000 -2233.000000 3056.000000 
-9.870000 16.730000 40.349998 -43.750000 -36.900002 0.000000 3627.000000 -948.000000 806.000000 1345.000000 -2324.000000 3119.000000 
-9.990000 17.309999 40.320000 -46.290001 -36.419998 0.000000 3340.000000 -1135.000000 744.000000 975.000000 -2423.000000 3084.000000 
-10.530000 17.809999 40.160000 -49.689999 -36.230000 0.000000 3317.000000 -1274.000000 660.000000 1098.000000 -2249.000000 2544.000000 
-11.180000 18.219999 40.029999 -53.580002 -36.279999 0.000000 2157.000000 -1870.000000 859.000000 953.000000 -2368.000000 2099.000000 
-12.310000 18.139999 39.810001 -57.790001 -36.250000 0.000000 3516.000000 -1653.000000 660.000000 524.000000 -2487.000000 2335.000000 
-13.330000 17.190001 39.650002 -62.259998 -36.209999 0.000000 2850.000000 -1379.000000 1.000000 821.000000 -2097.000000 2256.000000 
-14.150000 16.150000 39.520000 -64.379997 -36.349998 0.000000 3668.000000 -1573.000000 652.000000 784.000000 -2200.000000 2241.000000 
-15.110000 15.350000 39.279999 -64.309998 -36.410000 0.000000 4043.000000 -1639.000000 1552.000000 2772.000000 -2528.000000 3375.000000 
-15.990000 15.490000 39.119999 -63.169998 -36.220001 0.000000 4555.000000 -2059.000000 2594.000000 4010.000000 -2251.000000 4984.000000 
-16.620001 15.790000 38.939999 -61.840000 -35.709999 0.000000 5014.000000 -838.000000 -153.000000 3155.000000 -2129.000000 4416.000000 
-16.719999 16.270000 38.950001 -61.700001 -36.150002 0.000000 3963.000000 -718.000000 -830.000000 325.000000 -2719.000000 2493.000000 
-17.040001 16.379999 38.919998 -64.070000 -36.689999 0.000000 3137.000000 -1788.000000 -212.000000 -295.000000 -2485.000000 1561.000000 
-16.549999 15.490000 39.080002 -69.320000 -37.480000 0.000000 3236.000000 -1965.000000 293.000000 1068.000000 -2379.000000 2373.000000 
-15.860000 14.540000 39.470001 -75.949997 -37.009998 0.000000 3686.000000 -1995.000000 95.000000 -1722.000000 1370.000000 6196.000000 
-15.650000 13.250000 39.750000 -83.000000 -37.099998 0.000000 4035.000000 -1953.000000 -620.000000 2698.000000 -2249.000000 2027.000000 
-15.460000 12.110000 39.950001 -88.980003 -36.310001 0.000000 4481.000000 -1708.000000 -559.000000 1680.000000 -1755.000000 3232.000000 
-15.650000 11.170000 39.939999 -93.080002 -36.180000 0.000000 6909.000000 -2453.000000 -755.000000 1973.000000 -2024.000000 2880.000000 
-16.000000 10.520000 39.810001 -95.559998 -36.020000 0.000000 3585.000000 -1399.000000 -557.000000 2969.000000 -2377.000000 3969.000000 
-16.230000 11.170000 39.660000 -98.309998 -35.700001 0.000000 4269.000000 -847.000000 -1369.000000 2814.000000 -2444.000000 4091.000000 
-16.660000 11.020000 39.599998 -101.419998 -35.410000 0.000000 3498.000000 -1174.000000 -1261.000000 2954.000000 -2238.000000 3731.000000 
-16.629999 11.590000 39.470001 -104.629997 -34.750000 0.000000 2371.000000 -1336.000000 -2154.000000 2713.000000 -2434.000000 3957.000000 
-15.950000 11.290000 39.509998 -108.059998 -33.700001 0.000000 1842.000000 -1577.000000 -2667.000000 2541.000000 -1912.000000 3121.000000 
-15.800000 10.480000 39.450001 -110.550003 -32.000000 0.000000 3382.000000 -198.000000 -5321.000000 1607.000000 -1025.000000 2205.000000 
-15.290000 9.600000 39.369999 -111.250000 -31.340000 0.000000 2749.000000 -637.000000 -5035.000000 562.000000 -979.000000 1406.000000 
-14.140000 9.070000 39.380001 -109.419998 -31.900000 0.000000 13650.000000 -7212.000000 8996.000000 1049.000000 -3714.000000 1228.000000 
-13.590000 8.400000 39.400002 -108.209999 -32.439999 0.000000 3996.000000 -4196.000000 -225.000000 -131.000000 -3253.000000 2603.000000 
-14.200000 9.190000 39.259998 -106.309998 -33.320000 0.000000 4318.000000 -3071.000000 -997.000000 1650.000000 -2479.000000 2520.000000 
-13.760000 10.510000 39.290001 -104.339996 -33.299999 0.000000 4672.000000 -2122.000000 -1853.000000 2088.000000 -2660.000000 3899.000000 
-13.800000 11.920000 39.150002 -102.389999 -32.930000 0.000000 2867.000000 -1541.000000 -1578.000000 2421.000000 -1865.000000 3241.000000 
-13.650000 12.900000 38.970001 -100.290001 -32.820000 0.000000 2496.000000 -1859.000000 -609.000000 2258.000000 -1736.000000 2758.000000 
-13.970000 12.870000 38.650002 -97.230003 -33.360001 0.000000 3309.000000 -2489.000000 311.000000 1676.000000 -2147.000000 2814.000000 
-14.580000 12.870000 38.330002 -93.599998 -33.779999 0.000000 3702.000000 -2149.000000 292.000000 1560.000000 -2306.000000 3270.000000 
-15.130000 13.150000 37.709999 -89.290001 -34.349998 0.000000 3990.000000 -2105.000000 236.000000 2059.000000 -2779.000000 3903.000000 
-15.450000 13.380000 37.080002 -84.879997 -35.310001 0.000000 4603.000000 -1748.000000 99.000000 1528.000000 -2938.000000 3125.000000 
-15.740000 14.020000 36.580002 -80.720001 -36.110001 0.000000 3804.000000 -1760.000000 -342.000000 948.000000 -3106.000000 3604.000000 
-16.240000 14.610000 35.889999 -76.580002 -36.779999 0.000000 3716.000000 -1723.000000 -332.000000 1657.000000 -2584.000000 3101.000000 
-16.580000 15.760000 35.419998 -73.110001 -37.610001 0.000000 2996.000000 -1707.000000 -481.000000 1394.000000 -2723.000000 2959.000000 
-16.620001 17.000000 35.090000 -70.680000 -38.290001 0.000000 3002.000000 -1695.000000 -712.000000 1994.000000 -2846.000000 3449.000000 
-17.100000 17.820000 34.500000 -69.760002 -38.119999 0.000000 2993.000000 -1398.000000 -698.000000 1559.000000 -2029.000000 4048.000000 
-17.510000 17.940001 33.830002 -69.279999 -39.230000 0.000000 3939.000000 -1092.000000 98.000000 3448.000000 -1791.000000 1088.000000 
-16.760000 17.950001 33.630001 -68.919998 -41.049999 0.000000 4079.000000 -1043.000000 263.000000 1749.000000 -2375.000000 2650.000000 
-16.090000 17.840000 33.349998 -67.959999 -43.299999 0.000000 4316.000000 -1165.000000 496.000000 -275.000000 -4184.000000 4171.000000 
-14.930000 18.120001 33.470001 -66.790001 -44.580002 0.000000 3994.000000 -1218.000000 328.000000 1109.000000 -2689.000000 3065.000000 
-13.970000 18.200001 33.590000 -65.989998 -45.720001 0.000000 3760.000000 -939.000000 -183.000000 680.000000 -2846.000000 3209.000000 
-12.870000 18.600000 33.759998 -63.709999 -47.119999 0.000000 4155.000000 -1390.000000 555.000000 486.000000 -3220.000000 3298.000000 
-12.040000 19.520000 33.810001 -62.180000 -48.680000 0.000000 3765.000000 -1553.000000 347.000000 521.000000 -3052.000000 2560.000000 
-12.380000 19.820000 33.580002 -61.070000 -50.450001 0.000000 3221.000000 -1898.000000 329.000000 1275.000000 -3546.000000 1974.000000 
-12.830000 20.000000 33.299999 -59.820000 -52.029999 0.000000 4405.000000 -1971.000000 491.000000 754.000000 -3838.000000 2191.000000 
-12.630000 20.129999 33.259998 -59.259998 -53.060001 0.000000 4028.000000 -1732.000000 -77.000000 1038.000000 -3538.000000 2572.000000 
-12.250000 20.530001 33.330002 -57.900002 -53.730000 0.000000 4485.000000 -1485.000000 397.000000 1156.000000 -3406.000000 2554.000000 
-11.880000 21.129999 33.400002 -57.090000 -54.290001 0.000000 4363.000000 -1487.000000 239.000000 949.000000 -3628.000000 2584.000000 
-11.890000 21.629999 33.459999 -55.560001 -54.580002 0.000000 5080.000000 -1980.000000 822.000000 1950.000000 -2535.000000 2066.000000 
-12.400000 22.240000 33.290001 -53.189999 -54.910000 0.000000 5831.000000 -1802.000000 1048.000000 1426.000000 -4116.000000 3133.000000 
-13.330000 23.209999 32.869999 -50.799999 -55.509998 0.000000 6196.000000 -1635.000000 764.000000 2003.000000 -3594.000000 2988.000000 
-14.800000 24.790001 31.990000 -47.860001 -56.630001 0.000000 6171.000000 -1354.000000 560.000000 2008.000000 -4205.000000 3157.000000 
-16.120001 26.750000 30.760000 -44.389999 -57.779999 0.000000 5892.000000 -1492.000000 1025.000000 1169.000000 -2643.000000 3995.000000 
-17.530001 28.879999 29.290001 -40.840000 -59.740002 0.000000 5625.000000 -1531.000000 1135.000000 2083.000000 -2622.000000 2422.000000 
-19.080000 32.619999 27.650000 -38.080002 -62.689999 0.000000 4147.000000 -1926.000000 875.000000 764.000000 -3023.000000 1553.000000 
-21.129999 36.630001 25.680000 -36.049999 -66.720001 0.000000 3391.000000 -2286.000000 1215.000000 -1070.000000 -3692.000000 -367.000000 
-23.639999 40.669998 23.430000 -34.560001 -70.919998 0.000000 2686.000000 -2493.000000 1676.000000 -2698.000000 -3878.000000 -640.000000 
-26.610001 44.560001 20.920000 -33.360001 -74.919998 0.000000 2289.000000 -2720.000000 2355.000000 -3373.000000 -4936.000000 -835.000000 
-30.030001 48.340000 18.230000 -32.509998 -78.370003 0.000000 2243.000000 -2761.000000 2628.000000 -2954.000000 -5281.000000 -927.000000 
-33.959999 52.070000 15.240000 -31.780001 -81.230003 0.000000 2301.000000 -2779.000000 2921.000000 -2411.000000 -4963.000000 -868.000000 
-38.439999 55.700001 11.880000 -30.820000 -83.690002 0.000000 2185.000000 -2618.000000 3186.000000 -2115.000000 -4675.000000 -480.000000 
-43.619999 59.169998 7.930000 -29.530001 -86.129997 0.000000 2403.000000 -2013.000000 2697.000000 -1292.000000 -3962.000000 -518.000000 
-50.110001 62.380001 2.770000 -28.059999 -88.709999 0.000000 2426.000000 -1966.000000 3146.000000 -1205.000000 -3366.000000 -261.000000 
-58.340000 65.379997 -4.170000 -26.940001 -91.550003 0.000000 2181.000000 -1951.000000 2939.000000 -801.000000 -2711.000000 -529.000000 
-69.169998 67.809998 -13.740000 -25.860001 -94.980003 0.000000 1782.000000 -1748.000000 2789.000000 -1028.000000 -2400.000000 -747.000000 
-82.790001 69.260002 -26.110001 -24.950001 -99.029999 0.000000 1553.000000 -1583.000000 2717.000000 -1567.000000 -2223.000000 -1048.000000 
-97.989998 69.470001 -40.080002 -24.340000 -103.720001 0.000000 1169.000000 -1714.000000 3035.000000 -2172.000000 -2179.000000 -1424.000000 
-112.699997 68.370003 -53.540001 -23.770000 -108.860001 0.000000 809.000000 -1527.000000 2891.000000 -2517.000000 -2340.000000 -1697.000000 
-125.349998 66.139999 -64.849998 -23.160000 -114.139999 0.000000 494.000000 -1452.000000 2946.000000 -3427.000000 -2542.000000 -1949.000000 
-135.559998 63.139999 -73.610001 -22.410000 -119.489998 0.000000 153.000000 -1412.000000 3128.000000 -3451.000000 -2479.000000 -2038.000000 
-143.839996 59.680000 -80.330002 -21.480000 -124.970001 0.000000 -296.000000 -1211.000000 2885.000000 -3394.000000 -2166.000000 -2044.000000 
-150.580002 55.950001 -85.379997 -19.969999 -130.669998 0.000000 -811.000000 -962.000000 2945.000000 -3188.000000 -1729.000000 -1928.000000 
-156.179993 52.180000 -89.160004 -18.559999 -137.330002 0.000000 -1078.000000 -869.000000 2595.000000 -2998.000000 -655.000000 -1932.000000 
-160.830002 48.419998 -91.889999 -16.459999 -143.649994 0.000000 -814.000000 -89.000000 1878.000000 -3783.000000 -696.000000 -1990.000000 
-164.639999 44.599998 -93.730003 -14.650000 -149.970001 0.000000 -1474.000000 -509.000000 2817.000000 -2820.000000 -905.000000 -2135.000000 
-168.050003 40.820000 -95.050003 -12.710000 -156.100006 0.000000 -1520.000000 -408.000000 2749.000000 -2634.000000 -685.000000 -1885.000000 
-171.020004 37.000000 -95.940002 -10.580000 -162.190002 0.000000 -1543.000000 -204.000000 2673.000000 -2482.000000 -562.000000 -1779.000000 
-173.679993 33.180000 -96.489998 -8.270000 -168.179993 0.000000 -1824.000000 7.000000 2454.000000 -4100.000000 -625.000000 -786.000000 
-176.179993 29.490000 -96.839996 -5.930000 -174.940002 0.000000 -2335.000000 -81.000000 2595.000000 -2787.000000 471.000000 -2269.000000 
-178.559998 25.910000 -97.019997 -3.360000 178.619995 0.000000 -2208.000000 22.000000 2361.000000 -3708.000000 581.000000 -2405.000000 
179.149994 22.379999 -96.989998 -0.380000 172.320007 0.000000 -2215.000000 119.000000 2560.000000 -4174.000000 678.000000 -2446.000000 
176.869995 18.879999 -96.739998 3.230000 165.720001 0.000000 -2324.000000 1.000000 2793.000000 -4117.000000 1234.000000 -2438.000000 
174.600006 15.280000 -96.260002 7.880000 159.050003 0.000000 -2189.000000 174.000000 2475.000000 -3620.000000 1028.000000 -2299.000000 
172.509995 11.700000 -95.419998 14.420000 152.440002 0.000000 -3200.000000 1208.000000 1228.000000 -2641.000000 721.000000 -1980.000000 
170.770004 8.620000 -94.230003 22.740000 146.210007 0.000000 -3291.000000 1224.000000 454.000000 -1901.000000 391.000000 -1250.000000 
169.100006 5.880000 -92.959999 32.130001 140.910004 0.000000 -3550.000000 1241.000000 295.000000 -1521.000000 736.000000 -1248.000000 
167.559998 3.600000 -91.669998 41.430000 137.039993 0.000000 -3562.000000 1098.000000 534.000000 -2212.000000 1250.000000 -1535.000000 
166.100006 1.530000 -90.220001 50.360001 134.119995 0.000000 -3597.000000 1137.000000 1041.000000 -2570.000000 1747.000000 -1609.000000 
164.820007 -0.220000 -88.809998 59.060001 131.970001 0.000000 -4695.000000 1267.000000 1946.000000 -2350.000000 2058.000000 -2042.000000 
163.649994 -1.560000 -87.459999 67.699997 130.119995 0.000000 -3349.000000 1490.000000 802.000000 -2533.000000 1925.000000 -1740.000000 
162.550003 -2.650000 -86.180000 75.910004 128.500000 0.000000 -3306.000000 1870.000000 181.000000 -1844.000000 2355.000000 -1929.000000 
161.679993 -3.540000 -84.959999 83.800003 127.180000 0.000000 -4038.000000 1875.000000 -351.000000 -1671.000000 2372.000000 -1930.000000 
160.979996 -4.200000 -83.830002 90.379997 126.150002 0.000000 -3977.000000 1659.000000 278.000000 -1839.000000 2178.000000 -1666.000000 
160.399994 -4.600000 -82.820000 96.220001 125.419998 0.000000 -3196.000000 1920.000000 -58.000000 -2488.000000 2074.000000 -1373.000000 
160.039993 -4.840000 -81.830002 102.019997 125.019997 0.000000 -3247.000000 2078.000000 -586.000000 -1700.000000 2631.000000 -1749.000000 
159.820007 -5.050000 -80.750000 107.830002 124.970001 0.000000 -3756.000000 1848.000000 -846.000000 -1164.000000 2800.000000 -1956.000000 
159.690002 -4.900000 -79.849998 113.169998 125.160004 0.000000 -4337.000000 1753.000000 -987.000000 -1031.000000 2691.000000 -1905.000000 
159.710007 -4.590000 -79.110001 117.900002 125.379997 0.000000 -3859.000000 2148.000000 -1925.000000 -1186.000000 2711.000000 -1810.000000 
159.830002 -4.230000 -78.389999 121.760002 125.669998 0.000000 -4014.000000 2260.000000 -2563.000000 -931.000000 2869.000000 -1958.000000 
160.190002 -3.920000 -77.660004 124.529999 126.089996 0.000000 -3544.000000 1898.000000 -1525.000000 -1118.000000 2783.000000 -2059.000000 
160.759995 -3.690000 -76.959999 126.370003 126.620003 0.000000 -3480.000000 1633.000000 -705.000000 -1479.000000 2733.000000 -2167.000000 
161.479996 -3.430000 -76.309998 128.330002 127.309998 0.000000 -3780.000000 1368.000000 -786.000000 -1666.000000 2608.000000 -2271.000000 
162.210007 -3.210000 -75.639999 130.649994 128.119995 0.000000 -3731.000000 1529.000000 -1534.000000 -1687.000000 2649.000000 -2354.000000 
162.929993 -2.720000 -74.980003 132.600006 128.919998 0.000000 -3489.000000 1537.000000 -1541.000000 -1784.000000 2627.000000 -2374.000000 
163.850006 -2.030000 -74.410004 134.339996 129.710007 0.000000 -3617.000000 1524.000000 -1252.000000 -1984.000000 2631.000000 -2516.000000 
164.839996 -1.090000 -73.970001 136.029999 130.479996 0.000000 -3396.000000 1609.000000 -1764.000000 -2139.000000 2685.000000 -2738.000000 
165.399994 -0.330000 -73.419998 137.419998 131.070007 0.000000 -2934.000000 1970.000000 -2838.000000 -1677.000000 2786.000000 -2774.000000 
165.830002 0.280000 -72.839996 137.949997 131.460007 0.000000 -2016.000000 1737.000000 -1509.000000 -1218.000000 2736.000000 -2649.000000 
166.149994 0.280000 -72.400002 137.990005 131.729996 0.000000 -2992.000000 427.000000 1625.000000 -211.000000 2438.000000 -2343.000000 
166.380005 -0.190000 -71.949997 139.149994 131.940002 0.000000 -4179.000000 841.000000 -418.000000 -151.000000 2586.000000 -2296.000000 
166.380005 -0.840000 -71.260002 140.610001 132.210007 0.000000 -3542.000000 1115.000000 -786.000000 -604.000000 2538.000000 -2297.000000 
166.190002 -1.680000 -70.370003 141.940002 132.529999 0.000000 -3212.000000 1239.000000 -895.000000 -896.000000 2556.000000 -2454.000000 
165.869995 -2.700000 -69.320000 143.350006 132.919998 0.000000 -3440.000000 1208.000000 -1017.000000 -1356.000000 2677.000000 -2866.000000 
165.509995 -3.710000 -68.150002 144.830002 133.229996 0.000000 -3745.000000 1237.000000 -1322.000000 -2066.000000 2805.000000 -3164.000000 
165.350006 -4.280000 -67.050003 146.500000 133.490005 0.000000 -4518.000000 1127.000000 -1884.000000 -1943.000000 2625.000000 -3288.000000 
165.360001 -4.420000 -66.190002 147.880005 133.720001 0.000000 -4151.000000 1098.000000 -2021.000000 -1906.000000 2623.000000 -3307.000000 
165.539993 -4.470000 -65.440002 148.970001 133.880005 0.000000 -4065.000000 1219.000000 -1799.000000 -1790.000000 2780.000000 -3324.000000 
165.800003 -4.460000 -64.699997 150.089996 134.139999 0.000000 -3992.000000 1179.000000 -2093.000000 -1620.000000 2526.000000 -3343.000000 
166.029999 -4.240000 -64.000000 151.119995 134.289993 0.000000 -4145.000000 1169.000000 -2316.000000 -1794.000000 2647.000000 -3217.000000 
166.270004 -3.850000 -63.380001 151.889999 134.410004 0.000000 -4040.000000 1220.000000 -2261.000000 -1557.000000 2748.000000 -3183.000000 
166.509995 -3.680000 -62.660000 152.360001 134.460007 0.000000 -4122.000000 1334.000000 -1980.000000 -1393.000000 2811.000000 -3064.000000 
166.589996 -3.500000 -61.959999 152.610001 134.470001 0.000000 -3935.000000 1366.000000 -1959.000000 -1152.000000 2835.000000 -3023.000000 
166.669998 -3.200000 -61.209999 152.669998 134.580002 0.000000 -3652.000000 1388.000000 -1565.000000 -952.000000 2715.000000 -2929.000000 
166.759995 -2.910000 -60.549999 152.750000 134.779999 0.000000 -3684.000000 1379.000000 -1721.000000 -1337.000000 2599.000000 -2867.000000 
166.910004 -2.740000 -59.799999 152.779999 134.970001 0.000000 -3586.000000 1263.000000 -1558.000000 -1398.000000 2679.000000 -3007.000000 
166.800003 -2.840000 -59.150002 152.830002 135.059998 0.000000 -3410.000000 1185.000000 -1494.000000 -1345.000000 2735.000000 -3002.000000 
166.529999 -2.950000 -58.439999 153.039993 135.089996 0.000000 -3473.000000 1232.000000 -1778.000000 -1473.000000 2571.000000 -2897.000000 
166.210007 -2.820000 -57.610001 153.259995 135.080002 0.000000 -3666.000000 1279.000000 -2155.000000 -1635.000000 2425.000000 -2774.000000 
166.029999 -2.370000 -56.889999 153.309998 135.000000 0.000000 -3484.000000 1204.000000 -1947.000000 -1639.000000 2412.000000 -2725.000000 
165.940002 -1.960000 -56.189999 153.210007 134.820007 0.000000 -3438.000000 1305.000000 -1787.000000 -1646.000000 2449.000000 -2676.000000 
165.779999 -1.610000 -55.560001 153.039993 134.679993 0.000000 -3575.000000 1266.000000 -1615.000000 -1918.000000 2342.000000 -2605.000000 
165.550003 -1.530000 -55.000000 152.770004 134.699997 0.000000 -3522.000000 1197.000000 -1181.000000 -2074.000000 2316.000000 -2815.000000 
165.179993 -1.190000 -54.430000 152.660004 134.440002 0.000000 -3642.000000 1372.000000 -1476.000000 -1682.000000 2427.000000 -2519.000000 
164.929993 -1.000000 -53.959999 152.550003 134.190002 0.000000 -3371.000000 1449.000000 -1585.000000 -2020.000000 2286.000000 -2393.000000 
164.610001 -0.810000 -53.459999 152.460007 133.830002 0.000000 -3692.000000 1499.000000 -1760.000000 -1799.000000 2482.000000 -2397.000000 
164.339996 -0.390000 -53.009998 152.029999 133.539993 0.000000 -3216.000000 1474.000000 -1347.000000 -1900.000000 2311.000000 -2240.000000 
164.110001 -0.180000 -52.590000 151.660004 133.369995 0.000000 -3431.000000 1476.000000 -1328.000000 -1747.000000 2386.000000 -2375.000000 
163.880005 0.000000 -52.200001 151.300003 133.139999 0.000000 -3429.000000 1473.000000 -1244.000000 -1826.000000 2447.000000 -2324.000000 
163.600006 0.140000 -51.799999 150.899994 132.899994 0.000000 -3319.000000 1542.000000 -1208.000000 -1862.000000 2437.000000 -2302.000000 
163.279999 0.190000 -51.540001 150.559998 132.729996 0.000000 -3354.000000 1505.000000 -1195.000000 -1862.000000 2341.000000 -2290.000000 
163.050003 0.180000 -51.180000 150.220001 132.520004 0.000000 -3301.000000 1503.000000 -1068.000000 -1890.000000 2345.000000 -2217.000000 
162.860001 0.030000 -50.910000 149.970001 132.169998 0.000000 -3328.000000 1495.000000 -1031.000000 -1897.000000 2415.000000 -2093.000000 
162.600006 -0.180000 -50.709999 149.800003 132.029999 0.000000 -3335.000000 1500.000000 -1077.000000 -1990.000000 2339.000000 -2213.000000 
162.339996 -0.410000 -50.380001 149.699997 131.919998 0.000000 -3347.000000 1513.000000 -1083.000000 -2017.000000 2320.000000 -2197.000000 
162.080002 -0.520000 -50.130001 149.660004 131.839996 0.000000 -3372.000000 1555.000000 -1192.000000 -1933.000000 2331.000000 -2261.000000 
161.979996 -0.460000 -49.869999 149.639999 131.809998 0.000000 -3292.000000 1542.000000 -1148.000000 -1971.000000 2372.000000 -2342.000000 
162.050003 -0.320000 -49.689999 149.770004 131.880005 0.000000 -3506.000000 1542.000000 -1308.000000 -2013.000000 2361.000000 -2468.000000 
162.169998 -0.210000 -49.549999 150.029999 131.979996 0.000000 -3622.000000 1510.000000 -1396.000000 -1980.000000 2443.000000 -2590.000000 
162.210007 -0.220000 -49.470001 150.279999 132.020004 0.000000 -3522.000000 1529.000000 -1472.000000 -1863.000000 2512.000000 -2550.000000 
162.330002 -0.200000 -49.349998 150.600006 132.110001 0.000000 -3582.000000 1524.000000 -1606.000000 -1862.000000 2479.000000 -2585.000000 
162.440002 -0.150000 -49.250000 150.800003 132.139999 0.000000 -3452.000000 1546.000000 -1495.000000 -1963.000000 2508.000000 -2546.000000 
162.460007 -0.210000 -49.169998 150.889999 132.089996 0.000000 -3432.000000 1631.000000 -1440.000000 -1662.000000 2598.000000 -2490.000000 
162.279999 -0.370000 -49.090000 150.970001 132.050003 0.000000 -3163.000000 1638.000000 -1559.000000 -1580.000000 2633.000000 -2570.000000 
162.149994 -0.450000 -48.930000 151.020004 132.039993 0.000000 -3291.000000 1578.000000 -1348.000000 -1660.000000 2550.000000 -2487.000000 
162.029999 -0.540000 -48.779999 151.119995 131.889999 0.000000 -3310.000000 1619.000000 -1465.000000 -1698.000000 2630.000000 -2252.000000 
162.080002 -0.160000 -48.630001 151.029999 131.889999 0.000000 -3639.000000 2107.000000 -1547.000000 -1499.000000 2615.000000 -2438.000000 
162.139999 -0.150000 -48.660000 151.050003 131.990005 0.000000 -3167.000000 1604.000000 -1385.000000 -1486.000000 2414.000000 -2417.000000 
162.320007 -0.250000 -48.610001 151.000000 132.160004 0.000000 -3110.000000 1540.000000 -1084.000000 -1869.000000 2257.000000 -2391.000000 
162.529999 -0.280000 -48.540001 151.229996 132.380005 0.000000 -3215.000000 1486.000000 -1435.000000 -2045.000000 2286.000000 -2447.000000 
162.809998 -0.060000 -48.509998 151.539993 132.669998 0.000000 -3514.000000 1552.000000 -1588.000000 -2022.000000 2259.000000 -2406.000000 
163.020004 0.140000 -48.520000 152.000000 133.080002 0.000000 -4085.000000 1597.000000 -1997.000000 -2665.000000 2199.000000 -2386.000000 
163.419998 0.430000 -48.570000 152.410004 133.589996 0.000000 -4031.000000 1645.000000 -1954.000000 -2090.000000 2570.000000 -2769.000000 
163.669998 1.330000 -48.730000 152.720001 134.220001 0.000000 -3632.000000 1666.000000 -1709.000000 -2138.000000 2503.000000 -2857.000000 
164.210007 2.250000 -48.990002 153.100006 134.850006 0.000000 -3716.000000 1747.000000 -1896.000000 -2359.000000 2378.000000 -2859.000000 
165.000000 3.140000 -49.369999 153.509995 135.440002 0.000000 -3892.000000 1704.000000 -1976.000000 -2392.000000 2320.000000 -2887.000000 
165.880005 4.090000 -49.869999 153.869995 136.000000 0.000000 -4136.000000 1678.000000 -1912.000000 -2382.000000 2313.000000 -2941.000000 
166.830002 5.350000 -50.380001 154.240005 136.589996 0.000000 -4268.000000 1650.000000 -1876.000000 -2481.000000 2191.000000 -2863.000000 
167.770004 6.650000 -51.000000 154.550003 137.259995 0.000000 -4290.000000 1593.000000 -1644.000000 -2666.000000 2102.000000 -2814.000000 
168.630005 8.140000 -51.669998 154.910004 138.050003 0.000000 -4324.000000 1580.000000 -1829.000000 -2728.000000 2169.000000 -2976.000000 
169.429993 9.780000 -52.430000 155.220001 138.940002 0.000000 -4340.000000 1461.000000 -1705.000000 -2866.000000 2190.000000 -3160.000000 
170.289993 11.320000 -53.200001 155.410004 139.789993 0.000000 -4447.000000 1494.000000 -1707.000000 -2982.000000 2191.000000 -3177.000000 
171.110001 12.690000 -53.950001 155.259995 140.589996 0.000000 -4248.000000 1453.000000 -1320.000000 -2914.000000 2018.000000 -3045.000000 
171.979996 14.220000 -54.590000 154.929993 141.399994 0.000000 -4246.000000 1510.000000 -1599.000000 -2899.000000 2010.000000 -3120.000000 
172.750000 16.160000 -55.259998 154.309998 142.289993 0.000000 -4081.000000 1792.000000 -1806.000000 -3103.000000 2006.000000 -3029.000000 
173.380005 18.450001 -55.980000 153.479996 143.320007 0.000000 -4200.000000 1736.000000 -1815.000000 -3361.000000 1823.000000 -2864.000000 
174.050003 20.969999 -56.730000 152.050003 144.190002 0.000000 -3772.000000 1697.000000 -1375.000000 -3260.000000 1766.000000 -2669.000000 
174.940002 23.200001 -57.490002 150.020004 144.830002 0.000000 -3317.000000 1596.000000 -873.000000 -3206.000000 1587.000000 -2461.000000 
175.910004 25.320000 -58.200001 147.669998 145.320007 0.000000 -3585.000000 1709.000000 -866.000000 -2833.000000 1505.000000 -2440.000000 
176.899994 27.700001 -58.880001 144.910004 145.550003 0.000000 -3680.000000 1912.000000 -980.000000 -2724.000000 1455.000000 -1913.000000 
178.160004 30.379999 -59.320000 141.440002 145.720001 0.000000 -3699.000000 2018.000000 -1043.000000 -2661.000000 1279.000000 -1559.000000 
179.860001 33.360001 -59.529999 136.619995 146.160004 0.000000 -3591.000000 2026.000000 -970.000000 -2635.000000 1165.000000 -1488.000000 
-178.020004 36.520000 -59.520000 129.500000 146.899994 0.000000 -3079.000000 1920.000000 -1047.000000 -2659.000000 1181.000000 -1527.000000 
-175.460007 39.939999 -59.250000 118.110001 147.919998 0.000000 -3056.000000 1928.000000 -1215.000000 -2929.000000 1147.000000 -1496.000000 
-172.399994 43.570000 -58.639999 98.250000 149.500000 0.000000 -2564.000000 1688.000000 -511.000000 -2728.000000 1010.000000 -1591.000000 
-168.820007 47.380001 -57.560001 70.760002 151.429993 0.000000 -2257.000000 1498.000000 -438.000000 -2697.000000 880.000000 -1266.000000 
-164.669998 51.340000 -55.930000 43.099998 155.110001 0.000000 -2014.000000 1061.000000 -303.000000 -2965.000000 596.000000 -1022.000000 
-159.830002 55.320000 -53.570000 23.930000 167.240005 0.000000 -1421.000000 819.000000 248.000000 -3513.000000 221.000000 -732.000000 
-154.100006 59.189999 -50.290001 12.400000 -80.589996 0.000000 -1400.000000 685.000000 708.000000 -3413.000000 -71.000000 -378.000000 
-147.339996 62.840000 -45.869999 5.020000 -39.660000 0.000000 -984.000000 580.000000 1279.000000 -2962.000000 -233.000000 336.000000 
-139.270004 66.059998 -39.970001 0.070000 -31.969999 0.000000 -580.000000 475.000000 1907.000000 -2738.000000 -312.000000 942.000000 
-129.690002 68.739998 -32.439999 -3.280000 -27.950001 0.000000 -469.000000 404.000000 2243.000000 -3000.000000 -257.000000 960.000000 
-118.510002 70.760002 -23.190001 -5.700000 -24.490000 0.000000 -74.000000 206.000000 2621.000000 -2175.000000 -36.000000 883.000000 
-105.709999 72.059998 -12.290000 -7.480000 -22.230000 0.000000 -5.000000 92.000000 2650.000000 -2112.000000 -27.000000 888.000000 
-91.540001 72.449997 -0.070000 -8.960000 -21.280001 0.000000 380.000000 -60.000000 2628.000000 -2356.000000 -145.000000 749.000000 
-77.690002 71.839996 11.870000 -10.240000 -20.520000 0.000000 860.000000 -348.000000 2805.000000 -1972.000000 -242.000000 886.000000 
-65.470001 70.410004 22.170000 -11.420000 -19.950001 0.000000 915.000000 -567.000000 3016.000000 -1748.000000 -533.000000 1492.000000 
-55.259998 68.339996 30.350000 -12.670000 -19.780001 0.000000 1032.000000 -721.000000 2766.000000 -1482.000000 -867.000000 2020.000000 
-46.990002 65.750000 36.450001 -13.990000 -19.620001 0.000000 1178.000000 -937.000000 3203.000000 -1379.000000 -1191.000000 2815.000000 
-40.340000 62.889999 40.840000 -15.330000 -19.530001 0.000000 1026.000000 -1158.000000 3629.000000 -1239.000000 -1339.000000 3052.000000 
-34.990002 59.759998 44.070000 -16.610001 -19.680000 0.000000 1239.000000 -1411.000000 3966.000000 -1276.000000 -1583.000000 3029.000000 
-31.240000 56.529999 45.840000 -17.860001 -19.910000 0.000000 1212.000000 -1642.000000 3924.000000 -1206.000000 -1744.000000 3160.000000 
-28.650000 53.380001 46.650002 -19.180000 -20.320000 0.000000 1068.000000 -1759.000000 3858.000000 -1298.000000 -1862.000000 3077.000000 
-26.540001 50.500000 46.919998 -20.580000 -20.809999 0.000000 1242.000000 -1949.000000 3862.000000 -1548.000000 -1964.000000 2956.000000 
-24.420000 47.869999 47.169998 -21.990000 -21.290001 0.000000 1347.000000 -2083.000000 3923.000000 -1728.000000 -2030.000000 2926.000000 
-22.430000 45.290001 47.419998 -23.100000 -21.690001 0.000000 1629.000000 -2064.000000 3942.000000 -1669.000000 -2151.000000 3124.000000 
-20.870001 42.740002 47.439999 -23.969999 -21.959999 0.000000 1607.000000 -2055.000000 3897.000000 -1479.000000 -2234.000000 3553.000000 
-19.629999 40.240002 47.349998 -24.340000 -22.100000 0.000000 1643.000000 -2015.000000 4020.000000 -1269.000000 -2141.000000 3743.000000 
-18.389999 37.900002 47.360001 -24.549999 -22.260000 0.000000 1735.000000 -1988.000000 4129.000000 -1006.000000 -2133.000000 3755.000000 
-17.340000 35.720001 47.180000 -24.700001 -22.430000 0.000000 1754.000000 -1920.000000 3966.000000 -786.000000 -2133.000000 3814.000000 
-16.500000 33.630001 46.849998 -24.969999 -22.629999 0.000000 1790.000000 -1922.000000 3672.000000 -773.000000 -2156.000000 3808.000000 
-15.680000 31.580000 46.560001 -25.170000 -22.780001 0.000000 2026.000000 -1873.000000 3521.000000 -516.000000 -2049.000000 3902.000000 
-14.830000 29.559999 46.290001 -25.209999 -22.930000 0.000000 2323.000000 -1767.000000 3548.000000 -172.000000 -1997.000000 4004.000000 
-13.930000 27.570000 46.009998 -25.260000 -23.080000 0.000000 2559.000000 -1749.000000 3656.000000 -169.000000 -2067.000000 4387.000000 
-13.000000 25.540001 45.810001 -25.309999 -23.230000 0.000000 2703.000000 -1761.000000 3778.000000 -63.000000 -2119.000000 4663.000000 
-11.920000 23.620001 45.660000 -25.490000 -23.410000 0.000000 2724.000000 -1881.000000 3805.000000 58.000000 -2203.000000 4768.000000 
-10.860000 21.830000 45.500000 -25.500000 -23.540001 0.000000 2977.000000 -1952.000000 4098.000000 25.000000 -2180.000000 4769.000000 
-9.910000 20.160000 45.310001 -25.330000 -23.530001 0.000000 3019.000000 -1861.000000 4147.000000 178.000000 -2096.000000 4812.000000 
-9.130000 18.639999 45.049999 -25.010000 -23.559999 0.000000 2985.000000 -1780.000000 3960.000000 252.000000 -2073.000000 4652.000000 
-8.410000 17.389999 44.650002 -24.650000 -23.639999 0.000000 2917.000000 -1716.000000 3734.000000 134.000000 -2058.000000 4552.000000 
-7.890000 16.240000 44.099998 -24.410000 -23.900000 0.000000 2796.000000 -1753.000000 3540.000000 -14.000000 -2256.000000 4471.000000 
-7.850000 15.290000 43.540001 -24.639999 -24.209999 0.000000 2640.000000 -1949.000000 3348.000000 -144.000000 -2346.000000 4444.000000 
-7.660000 14.270000 42.930000 -24.799999 -24.530001 0.000000 2767.000000 -2001.000000 3474.000000 -148.000000 -2410.000000 4418.000000 
-7.740000 13.400000 42.349998 -24.850000 -24.780001 0.000000 2923.000000 -1954.000000 3457.000000 172.000000 -2368.000000 4420.000000 
-7.870000 12.610000 41.820000 -24.820000 -24.959999 0.000000 2941.000000 -1898.000000 3463.000000 344.000000 -2282.000000 4380.000000 
-7.990000 12.260000 41.470001 -24.770000 -25.110001 0.000000 2955.000000 -1783.000000 3314.000000 319.000000 -2249.000000 4385.000000 
-7.650000 12.290000 41.119999 -24.809999 -25.290001 0.000000 2828.000000 -1788.000000 3127.000000 68.000000 -2261.000000 4249.000000 
-7.260000 12.230000 41.020000 -25.010000 -25.500000 0.000000 2875.000000 -1895.000000 3038.000000 61.000000 -2267.000000 3957.000000 
-7.060000 11.720000 40.799999 -25.240000 -25.620001 0.000000 2860.000000 -1985.000000 3147.000000 102.000000 -2203.000000 3891.000000 
-6.870000 10.760000 40.570000 -25.330000 -25.670000 0.000000 2932.000000 -1909.000000 3134.000000 452.000000 -2160.000000 3897.000000 
-7.020000 10.240000 40.349998 -25.459999 -25.700001 0.000000 2887.000000 -1868.000000 2997.000000 667.000000 -2168.000000 3959.000000 
-7.430000 10.030000 40.049999 -25.660000 -25.760000 0.000000 2839.000000 -1854.000000 2922.000000 439.000000 -2212.000000 3988.000000 
-7.750000 9.970000 39.759998 -25.879999 -25.799999 0.000000 2774.000000 -1800.000000 2788.000000 283.000000 -2176.000000 3938.000000 
-7.700000 10.130000 39.509998 -26.020000 -25.790001 0.000000 2622.000000 -1791.000000 2836.000000 78.000000 -2126.000000 3888.000000 
-7.310000 9.960000 39.400002 -25.959999 -25.680000 0.000000 2655.000000 -1706.000000 2868.000000 221.000000 -1959.000000 3762.000000 
-7.040000 10.150000 39.389999 -25.870001 -25.600000 0.000000 2638.000000 -1671.000000 2910.000000 292.000000 -1897.000000 3606.000000 
-6.640000 10.080000 39.389999 -26.070000 -25.639999 0.000000 2516.000000 -1818.000000 2844.000000 123.000000 -2053.000000 3590.000000 
-6.850000 10.540000 39.270000 -26.180000 -25.670000 0.000000 2503.000000 -1558.000000 2386.000000 161.000000 -2259.000000 3958.000000 
-7.680000 10.470000 39.049999 -25.820000 -26.020000 0.000000 3992.000000 -2658.000000 5213.000000 -89.000000 -2997.000000 3773.000000 
-8.180000 10.040000 38.849998 -25.290001 -25.860001 0.000000 4609.000000 -2671.000000 4874.000000 124.000000 -3874.000000 6992.000000 
-8.090000 8.860000 38.820000 -25.320000 -25.120001 0.000000 2118.000000 -2269.000000 3128.000000 1328.000000 -3284.000000 7517.000000 
-7.070000 8.640000 39.020000 -25.330000 -24.920000 0.000000 2938.000000 -1988.000000 3102.000000 553.000000 -2091.000000 4162.000000 
-6.220000 9.500000 39.130001 -24.580000 -24.900000 0.000000 3300.000000 -1490.000000 3304.000000 159.000000 -1243.000000 2161.000000 
-5.960000 10.570000 39.119999 -24.100000 -24.480000 0.000000 2069.000000 -1381.000000 2518.000000 -175.000000 -994.000000 2189.000000 
-6.460000 10.580000 39.180000 -23.440001 -24.010000 0.000000 2486.000000 -1338.000000 2716.000000 646.000000 -801.000000 1977.000000 
-6.080000 10.390000 39.320000 -22.240000 -24.400000 0.000000 -666.000000 2881.000000 -1033.000000 -943.000000 -5917.000000 8288.000000 
-6.090000 9.650000 39.209999 -21.900000 -23.530001 0.000000 -168.000000 -879.000000 2605.000000 2076.000000 -718.000000 4076.000000 
-6.620000 9.530000 39.180000 -21.000000 -23.150000 0.000000 2121.000000 -904.000000 2703.000000 360.000000 -1860.000000 3893.000000 
-6.770000 10.220000 39.049999 -21.100000 -23.230000 0.000000 2803.000000 -1569.000000 3198.000000 -306.000000 -2163.000000 3676.000000 
-6.160000 10.740000 39.070000 -21.510000 -22.950001 0.000000 2819.000000 -1790.000000 2856.000000 299.000000 -1889.000000 4005.000000 
-6.330000 10.890000 38.990002 -21.709999 -22.650000 0.000000 2803.000000 -1796.000000 2997.000000 160.000000 -1819.000000 3856.000000 
-6.100000 10.560000 39.130001 -21.639999 -22.350000 0.000000 2709.000000 -1732.000000 3096.000000 233.000000 -1832.000000 4239.000000 
-5.870000 10.910000 39.220001 -21.120001 -21.870001 0.000000 2392.000000 -1513.000000 3282.000000 -46.000000 -1292.000000 3773.000000 
-5.630000 11.440000 39.270000 -20.459999 -21.879999 0.000000 3731.000000 -1573.000000 3635.000000 -79.000000 -1647.000000 3747.000000 
-5.810000 12.170000 39.250000 -19.250000 -21.500000 0.000000 2425.000000 -974.000000 3233.000000 161.000000 -1519.000000 4555.000000 
-6.880000 12.800000 38.980000 -18.280001 -21.250000 0.000000 2474.000000 -961.000000 3353.000000 398.000000 -1573.000000 4321.000000 
-7.910000 13.320000 38.650002 -18.070000 -21.070000 0.000000 2773.000000 -1190.000000 3296.000000 339.000000 -1433.000000 3820.000000 
-8.170000 13.760000 38.490002 -18.129999 -21.080000 0.000000 2656.000000 -1257.000000 3248.000000 120.000000 -1473.000000 3440.000000 
-8.350000 13.310000 38.290001 -18.600000 -21.330000 0.000000 2118.000000 -1503.000000 3341.000000 -324.000000 -1843.000000 3456.000000 
-9.340000 13.700000 37.919998 -18.969999 -21.559999 0.000000 2620.000000 -1514.000000 3232.000000 -24.000000 -1894.000000 3383.000000 
-10.500000 14.060000 37.540001 -19.160000 -21.600000 0.000000 2760.000000 -1456.000000 3211.000000 -218.000000 -1747.000000 3650.000000 
-11.570000 14.330000 37.099998 -19.250000 -21.650000 0.000000 2607.000000 -1419.000000 3229.000000 881.000000 -3854.000000 7312.000000 
-12.570000 14.550000 36.759998 -18.940001 -21.200001 0.000000 4284.000000 -1254.000000 4104.000000 102.000000 -1863.000000 4474.000000 
-12.220000 13.790000 36.720001 -19.080000 -21.040001 0.000000 2570.000000 -1456.000000 3381.000000 275.000000 -1801.000000 4127.000000 
-11.560000 14.040000 36.730000 -19.200001 -20.620001 0.000000 2260.000000 -1381.000000 3442.000000 1.000000 -1487.000000 4271.000000 
-12.090000 14.370000 36.480000 -19.540001 -20.379999 0.000000 2274.000000 -1436.000000 3227.000000 50.000000 -1621.000000 4286.000000 
-12.710000 13.880000 36.150002 -19.889999 -20.290001 0.000000 2424.000000 -1389.000000 3092.000000 291.000000 -1651.000000 4191.000000 
-12.790000 13.380000 35.990002 -20.000000 -20.400000 0.000000 2370.000000 -1348.000000 3369.000000 181.000000 -1720.000000 4017.000000 
-13.320000 13.310000 35.709999 -20.520000 -20.520000 0.000000 2366.000000 -1552.000000 3115.000000 121.000000 -1730.000000 4025.000000 
-13.800000 13.120000 35.480000 -20.760000 -20.580000 0.000000 2440.000000 -1474.000000 3299.000000 171.000000 -1682.000000 4080.000000 
-14.110000 12.880000 35.220001 -20.860001 -20.620001 0.000000 2522.000000 -1444.000000 3296.000000 155.000000 -1631.000000 4133.000000 
-14.330000 12.990000 35.060001 -20.860001 -20.780001 0.000000 2393.000000 -1383.000000 3264.000000 102.000000 -1722.000000 4059.000000 
-14.260000 13.080000 34.930000 -20.940001 -20.930000 0.000000 2303.000000 -1413.000000 3279.000000 165.000000 -1706.000000 4065.000000 
-14.000000 12.430000 34.930000 -21.090000 -21.059999 0.000000 2367.000000 -1499.000000 3372.000000 363.000000 -1678.000000 3911.000000 
-13.420000 12.180000 34.880001 -21.610001 -21.120001 0.000000 2083.000000 -1707.000000 3224.000000 295.000000 -1687.000000 4027.000000 
-13.210000 11.550000 34.880001 -21.840000 -21.120001 0.000000 2487.000000 -1585.000000 3223.000000 370.000000 -1634.000000 4075.000000 
-12.950000 11.260000 34.880001 -22.150000 -21.219999 0.000000 2580.000000 -1668.000000 3223.000000 245.000000 -1730.000000 4102.000000 
-13.270000 10.900000 34.849998 -22.790001 -21.620001 0.000000 2243.000000 -1982.000000 3325.000000 131.000000 -2024.000000 3827.000000 
-13.990000 10.740000 34.779999 -23.469999 -22.040001 0.000000 8718.000000 -1284.000000 2001.000000 64.000000 -1946.000000 3980.000000 
-14.900000 10.560000 34.720001 -24.910000 -22.370001 0.000000 2718.000000 -2305.000000 3865.000000 530.000000 -1769.000000 4475.000000 
-15.470000 10.340000 34.610001 -26.010000 -23.180000 0.000000 2982.000000 -2142.000000 3979.000000 535.000000 -2036.000000 3947.000000 
-15.610000 11.120000 34.500000 -27.280001 -24.190001 0.000000 1986.000000 -2730.000000 4493.000000 70.000000 -2425.000000 4544.000000 
-17.070000 11.620000 34.080002 -28.370001 -25.400000 0.000000 3276.000000 -2965.000000 3634.000000 -9.000000 -2884.000000 4806.000000 
-18.730000 12.400000 33.759998 -29.459999 -26.730000 0.000000 2887.000000 -3535.000000 3530.000000 928.000000 -2241.000000 3886.000000 
-20.370001 13.270000 33.470001 -30.379999 -28.590000 0.000000 2433.000000 -3444.000000 3892.000000 2085.000000 -3350.000000 4599.000000 
-21.840000 13.830000 33.270000 -31.180000 -30.580000 0.000000 2374.000000 -3474.000000 3950.000000 -291.000000 -4202.000000 5581.000000 
-23.389999 14.580000 32.950001 -31.690001 -32.369999 0.000000 2905.000000 -3144.000000 3391.000000 -2378.000000 -4404.000000 5607.000000 
-25.180000 16.120001 32.500000 -31.930000 -33.900002 0.000000 3696.000000 -2887.000000 2556.000000 -2268.000000 -4503.000000 5217.000000 
-26.860001 18.160000 32.209999 -32.080002 -35.180000 0.000000 2925.000000 -2883.000000 2423.000000 -1434.000000 -4213.000000 4478.000000 
-28.230000 20.170000 32.160000 -32.330002 -36.330002 0.000000 1306.000000 -3320.000000 2594.000000 -541.000000 -3938.000000 3547.000000 
-29.299999 21.990000 32.330002 -32.400002 -37.419998 0.000000 626.000000 -3447.000000 2705.000000 190.000000 -3651.000000 2547.000000 
-30.040001 23.600000 32.799999 -32.150002 -38.610001 0.000000 -240.000000 -2882.000000 2713.000000 138.000000 -3301.000000 1751.000000 
-30.480000 24.930000 33.529999 -32.099998 -40.110001 0.000000 1179.000000 -3236.000000 2917.000000 -106.000000 -3376.000000 1417.000000 
-30.650000 25.980000 34.480000 -31.950001 -42.070000 0.000000 1726.000000 -3272.000000 3171.000000 -401.000000 -3677.000000 1420.000000 
-30.610001 26.930000 35.599998 -31.520000 -44.470001 0.000000 1663.000000 -3003.000000 3291.000000 -699.000000 -4152.000000 2353.000000 
-30.360001 27.799999 36.880001 -30.889999 -46.709999 0.000000 1472.000000 -2729.000000 3090.000000 -663.000000 -4692.000000 4137.000000 
-29.969999 28.520000 38.099998 -30.090000 -47.950001 0.000000 1269.000000 -2426.000000 2693.000000 -126.000000 -4716.000000 4932.000000 
-29.500000 29.170000 39.139999 -29.250000 -48.290001 0.000000 1435.000000 -2137.000000 2398.000000 126.000000 -4317.000000 4701.000000 
-28.840000 29.840000 39.910000 -28.410000 -48.119999 0.000000 1732.000000 -2015.000000 2345.000000 310.000000 -3777.000000 3819.000000 
-27.799999 30.680000 40.549999 -27.530001 -48.049999 0.000000 1745.000000 -1833.000000 2392.000000 2.000000 -2970.000000 2493.000000 
-25.750000 32.279999 41.910000 -26.770000 -48.840000 0.000000 1632.000000 -1872.000000 2405.000000 -46.000000 -2408.000000 1090.000000 
-23.629999 33.970001 43.459999 -26.000000 -50.340000 0.000000 1687.000000 -1885.000000 2586.000000 -332.000000 -2114.000000 460.000000 
-21.559999 35.779999 45.130001 -25.030001 -52.279999 0.000000 1620.000000 -1683.000000 2922.000000 -684.000000 -1719.000000 204.000000 
-19.540001 37.740002 46.900002 -23.850000 -54.360001 0.000000 1506.000000 -1535.000000 3317.000000 -1223.000000 -1348.000000 126.000000 
-17.639999 39.849998 48.709999 -22.520000 -56.500000 0.000000 1092.000000 -1276.000000 3487.000000 -1806.000000 -1159.000000 242.000000 
-15.930000 42.169998 50.509998 -21.100000 -58.689999 0.000000 648.000000 -929.000000 3363.000000 -2295.000000 -1093.000000 483.000000 
-14.450000 44.689999 52.290001 -19.719999 -60.950001 0.000000 929.000000 -917.000000 2932.000000 -2318.000000 -1305.000000 652.000000 
-13.400000 47.430000 53.939999 -18.290001 -63.070000 0.000000 1016.000000 -703.000000 2458.000000 -1909.000000 -1439.000000 869.000000 
-12.790000 50.250000 55.459999 -16.860001 -65.000000 0.000000 384.000000 -511.000000 2097.000000 -1372.000000 -1216.000000 752.000000 
-12.320000 52.939999 56.939999 -15.580000 -67.550003 0.000000 36.000000 -487.000000 1968.000000 -760.000000 -1036.000000 235.000000 
-11.790000 55.439999 58.480000 -14.230000 -70.290001 0.000000 536.000000 -431.000000 1976.000000 -843.000000 -1249.000000 377.000000 
-10.910000 57.639999 60.299999 -12.940000 -73.360001 0.000000 365.000000 -251.000000 2389.000000 -1520.000000 -1431.000000 433.000000 
-9.680000 59.529999 62.439999 -11.710000 -76.279999 0.000000 1043.000000 -52.000000 2805.000000 -2893.000000 -2012.000000 1030.000000 
-8.430000 61.279999 64.690002 -10.680000 -78.570000 0.000000 1593.000000 -7.000000 3182.000000 -3789.000000 -2902.000000 1733.000000 
-7.130000 62.939999 67.050003 -9.770000 -79.639999 0.000000 1791.000000 -109.000000 3539.000000 -2322.000000 -2943.000000 2049.000000 
-5.880000 64.529999 69.400002 -8.820000 -80.040001 0.000000 1565.000000 -191.000000 3739.000000 -2132.000000 -3434.000000 2499.000000 
-4.770000 66.110001 71.610001 -7.700000 -79.959999 0.000000 1312.000000 -91.000000 3660.000000 -1731.000000 -3504.000000 2516.000000 
-3.360000 67.559998 73.930000 -6.420000 -79.639999 0.000000 1297.000000 268.000000 3340.000000 -1310.000000 -2896.000000 1742.000000 
-1.430000 68.820000 76.500000 -5.210000 -79.470001 0.000000 1557.000000 534.000000 3039.000000 -1548.000000 -2638.000000 1511.000000 
0.650000 69.900002 79.029999 -4.180000 -79.559998 0.000000 1643.000000 619.000000 3050.000000 -1587.000000 -2646.000000 1653.000000 
2.880000 70.699997 81.540001 -3.510000 -79.620003 0.000000 1609.000000 385.000000 3383.000000 -1744.000000 -2627.000000 1957.000000 
5.260000 71.129997 83.989998 -3.180000 -79.589996 0.000000 827.000000 -15.000000 3988.000000 -2305.000000 -2868.000000 2302.000000 
7.590000 71.199997 86.339996 -2.880000 -79.440002 0.000000 650.000000 31.000000 4030.000000 -2389.000000 -2763.000000 2091.000000 
9.630000 70.870003 88.330002 -2.510000 -79.160004 0.000000 1312.000000 193.000000 3704.000000 -2453.000000 -2874.000000 1740.000000 
11.290000 70.250000 89.959999 -2.280000 -78.959999 0.000000 1955.000000 204.000000 3598.000000 -2671.000000 -3135.000000 1437.000000 
12.750000 69.300003 91.250000 -2.220000 -79.000000 0.000000 2368.000000 58.000000 3634.000000 -3035.000000 -3588.000000 1014.000000 
14.230000 67.959999 92.570000 -2.340000 -79.059998 0.000000 2667.000000 -253.000000 3874.000000 -3447.000000 -3969.000000 958.000000 
15.640000 66.339996 93.760002 -2.510000 -79.019997 0.000000 2966.000000 -463.000000 4191.000000 -2710.000000 -3855.000000 926.000000 
16.850000 64.730003 94.720001 -2.640000 -78.949997 0.000000 3397.000000 -512.000000 4412.000000 -1675.000000 -3947.000000 1255.000000 
17.959999 63.320000 95.519997 -2.750000 -78.870003 0.000000 3643.000000 -646.000000 4646.000000 -67.000000 -5356.000000 3804.000000 
19.020000 62.220001 96.239998 -3.090000 -78.879997 0.000000 2527.000000 -1225.000000 5121.000000 -795.000000 -4365.000000 1731.000000 
19.850000 61.349998 96.610001 -3.150000 -79.339996 0.000000 3902.000000 -645.000000 4528.000000 -2520.000000 -4881.000000 1024.000000 
20.459999 60.590000 96.699997 -3.040000 -79.589996 0.000000 3466.000000 -505.000000 4174.000000 -3065.000000 -6077.000000 1411.000000 
21.440001 60.070000 96.949997 -2.860000 -79.040001 0.000000 3675.000000 -748.000000 4105.000000 -2986.000000 -6546.000000 1958.000000 
22.370001 60.049999 97.129997 -2.590000 -78.160004 0.000000 3336.000000 -1354.000000 4936.000000 -2969.000000 -5744.000000 728.000000 
24.240000 60.590000 98.370003 -2.180000 -77.419998 0.000000 2886.000000 -1851.000000 5643.000000 -4596.000000 -5190.000000 -255.000000 
26.049999 61.360001 99.750000 -1.880000 -76.849998 0.000000 2209.000000 -2612.000000 7078.000000 -4939.000000 -3719.000000 -379.000000 
28.160000 61.849998 101.360001 -1.690000 -76.349998 0.000000 1636.000000 -2832.000000 7770.000000 -3925.000000 -2299.000000 232.000000 
30.850000 61.689999 103.519997 -1.490000 -75.610001 0.000000 1498.000000 -1907.000000 6119.000000 -2691.000000 -1673.000000 947.000000 
33.400002 61.880001 105.779999 -1.050000 -74.559998 0.000000 1637.000000 -602.000000 3830.000000 -1486.000000 -1218.000000 1303.000000 
35.470001 62.590000 107.970001 -0.180000 -73.699997 0.000000 1225.000000 419.000000 2280.000000 -982.000000 -1140.000000 1207.000000 
36.240002 63.759998 109.209999 0.730000 -73.470001 0.000000 785.000000 917.000000 1575.000000 -2035.000000 -1920.000000 1110.000000 
36.099998 65.080002 109.690002 1.340000 -73.599998 0.000000 512.000000 821.000000 1865.000000 -3118.000000 -2729.000000 1088.000000 
35.660000 66.320000 109.820000 1.160000 -73.760002 0.000000 322.000000 -11.000000 3213.000000 -3654.000000 -2942.000000 722.000000 
35.099998 67.360001 109.730003 0.630000 -73.910004 0.000000 358.000000 -838.000000 4625.000000 -3685.000000 -2646.000000 304.000000 
34.430000 68.139999 109.400002 0.170000 -74.089996 0.000000 418.000000 -1110.000000 4987.000000 -3415.000000 -2471.000000 180.000000 
33.580002 68.769997 108.839996 -0.180000 -74.300003 0.000000 559.000000 -1014.000000 4760.000000 -2982.000000 -2528.000000 354.000000 
32.509998 69.250000 108.029999 -0.430000 -74.489998 0.000000 688.000000 -732.000000 4230.000000 -2798.000000 -2694.000000 581.000000 
31.230000 69.639999 106.959999 -0.630000 -74.669998 0.000000 762.000000 -560.000000 3828.000000 -2561.000000 -2718.000000 591.000000 
29.940001 69.919998 105.769997 -0.790000 -74.860001 0.000000 761.000000 -466.000000 3619.000000 -2482.000000 -2742.000000 513.000000 
28.590000 70.080002 104.440002 -1.000000 -75.139999 0.000000 894.000000 -553.000000 3714.000000 -2671.000000 -2836.000000 412.000000 
27.309999 70.139999 103.150002 -1.300000 -75.459999 0.000000 989.000000 -744.000000 3873.000000 -2830.000000 -2982.000000 363.000000 
26.100000 70.129997 101.809998 -1.700000 -75.760002 0.000000 1049.000000 -920.000000 4073.000000 -2880.000000 -3016.000000 253.000000 
25.000000 70.010002 100.599998 -2.110000 -76.029999 0.000000 1036.000000 -1059.000000 4142.000000 -2892.000000 -2963.000000 191.000000 
24.230000 69.860001 99.690002 -2.510000 -76.230003 0.000000 1028.000000 -1097.000000 4129.000000 -2892.000000 -2937.000000 224.000000 
23.799999 69.639999 99.120003 -2.880000 -76.320000 0.000000 1003.000000 -1063.000000 4087.000000 -2879.000000 -2916.000000 335.000000 
