2.560000 28.330000 162.740005 -1822.000000 171.000000 3601.000000
2.500000 28.400000 162.740005 -1836.000000 168.000000 3579.000000
2.690000 28.469999 162.740005 -1830.000000 154.000000 3612.000000
2.520000 28.320000 162.690002 -1810.000000 161.000000 3597.000000
2.680000 28.400000 162.690002 -1829.000000 151.000000 3597.000000
2.430000 28.360001 162.619995 -1831.000000 158.000000 3606.000000
2.270000 28.290001 162.570007 -1810.000000 144.000000 3592.000000
2.210000 28.260000 162.589996 -1815.000000 158.000000 3592.000000
2.320000 28.260000 162.630005 -1817.000000 163.000000 3599.000000
2.400000 28.379999 162.660004 -1830.000000 158.000000 3568.000000
2.600000 28.370001 162.729996 -1818.000000 184.000000 3597.000000
2.690000 28.350000 162.770004 -1819.000000 179.000000 3594.000000
2.880000 28.350000 162.809998 -1798.000000 181.000000 3571.000000
2.700000 28.219999 162.740005 -1800.000000 161.000000 3601.000000
2.500000 28.120001 162.720001 -1809.000000 183.000000 3601.000000
2.440000 28.120001 162.720001 -1814.000000 164.000000 3610.000000
2.520000 28.209999 162.740005 -1809.000000 157.000000 3574.000000
2.410000 28.040001 162.740005 -1792.000000 170.000000 3606.000000
2.150000 27.969999 162.690002 -1802.000000 146.000000 3605.000000
2.060000 27.950001 162.710007 -1805.000000 146.000000 3619.000000
2.160000 27.940001 162.720001 -1795.000000 138.000000 3615.000000
2.220000 28.040001 162.750000 -1848.000000 155.000000 3591.000000
2.140000 28.150000 162.729996 -1837.000000 134.000000 3577.000000
2.230000 28.190001 162.800003 -1823.000000 181.000000 3568.000000
2.390000 28.180000 162.910004 -1841.000000 206.000000 3616.000000
2.550000 28.139999 163.009995 -1836.000000 215.000000 3617.000000
2.390000 27.990000 163.080002 -1816.000000 199.000000 3609.000000
2.120000 27.840000 163.059998 -1807.000000 147.000000 3620.000000
1.910000 27.540001 163.020004 -1766.000000 118.000000 3663.000000
2.090000 27.360001 163.089996 -1785.000000 151.000000 3715.000000
2.060000 27.360001 163.110001 -1903.000000 147.000000 3731.000000
2.090000 27.340000 163.160004 -1910.000000 166.000000 3704.000000
1.980000 27.030001 163.250000 -1860.000000 186.000000 3841.000000
2.090000 26.719999 163.360001 -1848.000000 196.000000 3904.000000
2.080000 26.520000 163.429993 -2012.000000 192.000000 4098.000000
2.020000 26.320000 163.520004 -2175.000000 211.000000 4154.000000
2.040000 26.049999 163.660004 -2159.000000 278.000000 4244.000000
2.190000 25.490000 163.880005 -1880.000000 328.000000 4277.000000
2.290000 24.889999 164.059998 -1558.000000 345.000000 4395.000000
2.530000 24.420000 164.270004 -1485.000000 450.000000 4223.000000
2.930000 24.209999 164.529999 -1716.000000 664.000000 4264.000000
3.380000 24.240000 164.809998 -1893.000000 780.000000 3989.000000
3.880000 24.280001 165.110001 -1886.000000 877.000000 3796.000000
4.430000 24.250000 165.399994 -1823.000000 1206.000000 3415.000000
4.980000 24.160000 165.710007 -1847.000000 1300.000000 3342.000000
5.500000 24.040001 166.009995 -1845.000000 1319.000000 3458.000000
6.050000 23.850000 166.350006 -1189.000000 1423.000000 3319.000000
6.600000 23.840000 166.720001 -1744.000000 1707.000000 3622.000000
7.190000 23.950001 167.149994 -2169.000000 2096.000000 3698.000000
7.820000 24.070000 167.669998 -2468.000000 1860.000000 4113.000000
8.410000 24.240000 168.250000 -2672.000000 1510.000000 4249.000000
9.030000 24.400000 168.880005 -2546.000000 1474.000000 3994.000000
9.680000 24.520000 169.550003 -2622.000000 1481.000000 3886.000000
10.370000 24.600000 170.289993 -2457.000000 1477.000000 3608.000000
11.110000 24.610001 171.100006 -2037.000000 1508.000000 3312.000000
11.850000 24.580000 171.929993 -1829.000000 1551.000000 3105.000000
12.600000 24.480000 172.770004 -1502.000000 1588.000000 2861.000000
13.300000 24.320000 173.619995 -1106.000000 1676.000000 2635.000000
13.940000 24.170000 174.440002 -952.000000 1650.000000 2565.000000
14.480000 24.129999 175.210007 -1234.000000 1434.000000 2679.000000
14.820000 24.200001 175.910004 -1644.000000 1100.000000 2872.000000
14.900000 24.240000 176.490005 -1824.000000 797.000000 3215.000000
14.800000 24.100000 176.960007 -2026.000000 495.000000 3584.000000
14.610000 23.850000 177.350006 -1958.000000 180.000000 3671.000000
14.360000 23.530001 177.669998 -1762.000000 92.000000 3566.000000
14.080000 23.150000 177.929993 -1567.000000 54.000000 3358.000000
13.750000 22.670000 178.110001 -1163.000000 99.000000 3087.000000
13.370000 22.110001 178.229996 -812.000000 58.000000 3017.000000
12.940000 21.540001 178.309998 -720.000000 -50.000000 3011.000000
12.420000 21.100000 178.350006 -987.000000 -270.000000 3192.000000
11.860000 20.719999 178.350006 -1527.000000 -434.000000 3664.000000
11.280000 20.270000 178.300003 -1710.000000 -618.000000 4299.000000
10.680000 19.719999 178.179993 -1434.000000 -690.000000 4324.000000
10.090000 19.150000 178.000000 -1124.000000 -737.000000 4232.000000
9.510000 18.660000 177.770004 -1168.000000 -700.000000 4135.000000
8.970000 18.309999 177.529999 -1911.000000 -714.000000 3943.000000
8.430000 17.870001 177.289993 -1857.000000 -961.000000 3775.000000
7.890000 17.160000 177.000000 -841.000000 -972.000000 3800.000000
7.500000 16.209999 176.740005 -51.000000 -264.000000 3903.000000
7.080000 15.410000 176.470001 -301.000000 -457.000000 4081.000000
6.620000 14.800000 176.220001 -795.000000 -726.000000 4184.000000
6.190000 14.160000 176.000000 -604.000000 -926.000000 4365.000000
5.810000 13.550000 175.779999 -660.000000 -715.000000 4498.000000
5.460000 13.070000 175.610001 -1085.000000 -661.000000 4409.000000
5.140000 12.570000 175.460007 -1000.000000 -616.000000 4230.000000
4.860000 11.890000 175.279999 -434.000000 -355.000000 4014.000000
4.680000 11.100000 175.110001 -46.000000 -109.000000 3784.000000
4.540000 10.330000 174.949997 87.000000 91.000000 3606.000000
4.380000 9.600000 174.839996 -76.000000 138.000000 3392.000000
4.170000 8.910000 174.750000 -214.000000 196.000000 3317.000000
3.980000 8.150000 174.630005 50.000000 213.000000 3360.000000
3.740000 7.350000 174.500000 343.000000 178.000000 3475.000000
3.440000 6.540000 174.330002 792.000000 -202.000000 4220.000000
3.040000 5.880000 174.160004 654.000000 -829.000000 4482.000000
3.060000 5.540000 174.009995 -477.000000 367.000000 4852.000000
2.940000 4.950000 173.830002 44.000000 53.000000 4974.000000
2.880000 4.360000 173.610001 779.000000 135.000000 4959.000000
3.050000 4.060000 173.389999 163.000000 560.000000 4284.000000
3.250000 4.140000 173.190002 -588.000000 982.000000 3656.000000
3.320000 3.820000 172.899994 251.000000 442.000000 3751.000000
3.210000 3.420000 172.570007 1059.000000 54.000000 4397.000000
3.370000 3.570000 172.350006 -433.000000 819.000000 4366.000000
3.350000 4.030000 172.179993 -1217.000000 362.000000 4119.000000
3.120000 4.180000 171.990005 -164.000000 20.000000 4322.000000
3.250000 4.270000 171.830002 -77.000000 401.000000 4053.000000
3.330000 4.680000 171.699997 -455.000000 312.000000 3685.000000
3.290000 5.110000 171.589996 -429.000000 197.000000 3393.000000
3.230000 5.460000 171.449997 -288.000000 142.000000 3469.000000
3.030000 5.540000 171.289993 -84.000000 -28.000000 3673.000000
2.830000 5.640000 171.139999 87.000000 -149.000000 3856.000000
2.600000 5.880000 170.990005 -142.000000 -131.000000 4005.000000
2.420000 6.120000 170.820007 -57.000000 -120.000000 4113.000000
2.320000 6.360000 170.630005 197.000000 -155.000000 4384.000000
2.240000 6.670000 170.419998 706.000000 -378.000000 4527.000000
2.200000 7.170000 170.190002 1193.000000 -508.000000 4781.000000
2.180000 7.950000 169.940002 979.000000 -547.000000 4899.000000
2.220000 9.040000 169.690002 1033.000000 -528.000000 5050.000000
2.360000 10.440000 169.399994 993.000000 -388.000000 5166.000000
2.540000 12.180000 169.080002 585.000000 -406.000000 5241.000000
2.770000 14.170000 168.759995 165.000000 -346.000000 5236.000000
3.140000 16.330000 168.460007 143.000000 -52.000000 5030.000000
3.570000 18.730000 168.130005 380.000000 3.000000 5021.000000
4.110000 21.450001 167.889999 225.000000 218.000000 4782.000000
4.700000 24.559999 167.740005 73.000000 331.000000 4271.000000
5.410000 28.129999 167.779999 -90.000000 406.000000 3904.000000
6.220000 32.169998 168.029999 -266.000000 415.000000 3391.000000
7.230000 36.750000 168.589996 -778.000000 331.000000 2589.000000
8.630000 42.130001 169.660004 -1600.000000 320.000000 2090.000000
10.490000 47.869999 171.320007 -2218.000000 424.000000 1448.000000
13.050000 53.919998 173.759995 -2260.000000 432.000000 598.000000
16.990000 60.139999 177.600006 -1794.000000 574.000000 -47.000000
23.090000 65.980003 -176.320007 -1700.000000 859.000000 -1352.000000
33.060001 71.250000 -166.369995 -1629.000000 743.000000 -2451.000000
51.369999 75.580002 -148.309998 -2209.000000 1050.000000 -3384.000000
81.650002 77.589996 -118.389999 -2832.000000 1105.000000 -3837.000000
112.029999 76.040001 -87.489998 -2667.000000 1184.000000 -4185.000000
129.649994 72.260002 -69.050003 -3027.000000 1389.000000 -4306.000000
139.029999 68.050003 -59.029999 -3499.000000 1686.000000 -4025.000000
144.979996 63.770000 -52.560001 -2771.000000 1639.000000 -4172.000000
149.000000 59.619999 -48.049999 -2254.000000 1609.000000 -4897.000000
151.520004 56.040001 -45.029999 -2732.000000 1663.000000 -5153.000000
153.539993 52.570000 -42.410000 -3260.000000 1530.000000 -5620.000000
155.320007 48.990002 -40.009998 -3788.000000 1451.000000 -5282.000000
156.440002 45.980000 -38.290001 -3556.000000 1379.000000 -5004.000000
157.279999 43.259998 -36.840000 -3085.000000 1499.000000 -4878.000000
158.009995 40.490002 -35.430000 -3207.000000 1558.000000 -4393.000000
158.479996 37.840000 -34.180000 -3238.000000 1618.000000 -4333.000000
158.550003 35.759998 -33.320000 -2855.000000 1801.000000 -4183.000000
158.460007 34.000000 -32.610001 -2238.000000 1588.000000 -4028.000000
158.360001 32.150002 -31.870001 -1894.000000 1649.000000 -4022.000000
158.169998 30.389999 -31.139999 -2346.000000 1766.000000 -4003.000000
157.820007 28.879999 -30.490000 -2905.000000 1364.000000 -3830.000000
157.419998 27.490000 -29.950001 -3124.000000 1387.000000 -3598.000000
157.050003 26.070000 -29.410000 -2449.000000 1609.000000 -3450.000000
156.639999 24.830000 -28.930000 -2342.000000 1397.000000 -3313.000000
156.139999 23.850000 -28.610001 -2507.000000 1530.000000 -3483.000000
155.600006 23.139999 -28.370001 -2591.000000 1476.000000 -3529.000000
155.080002 22.500000 -28.160000 -2524.000000 1486.000000 -3652.000000
154.580002 21.969999 -28.010000 -2420.000000 1475.000000 -3651.000000
154.029999 21.610001 -27.980000 -2037.000000 1441.000000 -3479.000000
153.490005 21.290001 -27.990000 -1603.000000 1489.000000 -3291.000000
152.990005 20.930000 -27.959999 -1309.000000 1501.000000 -3205.000000
152.479996 20.580000 -27.940001 -1126.000000 1555.000000 -3114.000000
151.990005 20.290001 -27.900000 -1166.000000 1581.000000 -3089.000000
151.559998 20.000000 -27.820000 -1268.000000 1588.000000 -3164.000000
151.139999 19.780001 -27.750000 -1416.000000 1540.000000 -3124.000000
150.750000 19.629999 -27.709999 -1371.000000 1616.000000 -3088.000000
150.410004 19.480000 -27.670000 -1259.000000 1600.000000 -3125.000000
150.080002 19.360001 -27.639999 -1157.000000 1657.000000 -3018.000000
149.779999 19.209999 -27.600000 -1066.000000 1734.000000 -3013.000000
149.520004 19.049999 -27.540001 -1164.000000 1761.000000 -3034.000000
149.279999 18.889999 -27.440001 -1197.000000 1778.000000 -2962.000000
149.080002 18.760000 -27.340000 -1192.000000 1797.000000 -3038.000000
148.889999 18.639999 -27.250000 -1308.000000 1821.000000 -3020.000000
148.740005 18.610001 -27.160000 -1485.000000 1825.000000 -3108.000000
148.589996 18.629999 -27.120001 -1473.000000 1823.000000 -3117.000000
148.440002 18.680000 -27.120001 -1284.000000 1841.000000 -3110.000000
148.330002 18.709999 -27.120001 -1133.000000 1899.000000 -3170.000000
148.220001 18.740000 -27.129999 -992.000000 1978.000000 -3188.000000
148.130005 18.770000 -27.110001 -1030.000000 1955.000000 -3224.000000
148.080002 18.770000 -27.049999 -1081.000000 1944.000000 -3174.000000
148.039993 18.740000 -26.969999 -1143.000000 1968.000000 -3194.000000
148.009995 18.750000 -26.900000 -1305.000000 1987.000000 -3261.000000
147.979996 18.790001 -26.840000 -1425.000000 1965.000000 -3309.000000
147.960007 18.830000 -26.790001 -1465.000000 1961.000000 -3302.000000
147.970001 18.840000 -26.740000 -1389.000000 1962.000000 -3350.000000
147.960007 18.889999 -26.730000 -1331.000000 2002.000000 -3359.000000
147.940002 18.959999 -26.750000 -1264.000000 1998.000000 -3338.000000
147.940002 18.990000 -26.760000 -1245.000000 2023.000000 -3342.000000
147.940002 19.000000 -26.750000 -1168.000000 2028.000000 -3335.000000
147.940002 19.049999 -26.770000 -1193.000000 2017.000000 -3374.000000
147.929993 19.110001 -26.780001 -1263.000000 2008.000000 -3418.000000
147.940002 19.129999 -26.750000 -1265.000000 2025.000000 -3454.000000
147.960007 19.150000 -26.719999 -1335.000000 2033.000000 -3483.000000
147.949997 19.219999 -26.740000 -1359.000000 2032.000000 -3550.000000
147.940002 19.270000 -26.750000 -1296.000000 2043.000000 -3537.000000
147.940002 19.280001 -26.740000 -1260.000000 2064.000000 -3458.000000
147.929993 19.280001 -26.730000 -1237.000000 2096.000000 -3422.000000
147.910004 19.309999 -26.740000 -1206.000000 2072.000000 -3463.000000
147.869995 19.360001 -26.770000 -1287.000000 2061.000000 -3430.000000
147.850006 19.379999 -26.770000 -1304.000000 2060.000000 -3421.000000
147.830002 19.389999 -26.760000 -1346.000000 2050.000000 -3397.000000
147.800003 19.440001 -26.780001 -1305.000000 2042.000000 -3455.000000
147.750000 19.500000 -26.809999 -1348.000000 2036.000000 -3453.000000
147.720001 19.530001 -26.830000 -1303.000000 2056.000000 -3514.000000
147.690002 19.549999 -26.840000 -1261.000000 2055.000000 -3467.000000
147.649994 19.590000 -26.860001 -1265.000000 2077.000000 -3470.000000
147.610001 19.610001 -26.860001 -1254.000000 2070.000000 -3437.000000
147.589996 19.600000 -26.850000 -1287.000000 2066.000000 -3402.000000
147.559998 19.590000 -26.830000 -1319.000000 2028.000000 -3341.000000
147.520004 19.600000 -26.830000 -1309.000000 2017.000000 -3324.000000
147.479996 19.639999 -26.840000 -1337.000000 1989.000000 -3344.000000
147.449997 19.680000 -26.850000 -1363.000000 1972.000000 -3416.000000
147.419998 19.719999 -26.860001 -1360.000000 1973.000000 -3404.000000
147.389999 19.760000 -26.870001 -1347.000000 1983.000000 -3388.000000
147.369995 19.809999 -26.879999 -1345.000000 2007.000000 -3441.000000
147.330002 19.860001 -26.900000 -1304.000000 2004.000000 -3424.000000
147.300003 19.900000 -26.910000 -1315.000000 2007.000000 -3411.000000
147.279999 19.920000 -26.910000 -1338.000000 1988.000000 -3376.000000
147.250000 19.940001 -26.900000 -1323.000000 1998.000000 -3361.000000
147.210007 19.980000 -26.900000 -1358.000000 2005.000000 -3318.000000
147.190002 20.000000 -26.889999 -1327.000000 1987.000000 -3259.000000
147.169998 20.020000 -26.870001 -1340.000000 1994.000000 -3263.000000
147.149994 20.070000 -26.870001 -1355.000000 2007.000000 -3296.000000
147.119995 20.139999 -26.900000 -1318.000000 2012.000000 -3335.000000
147.100006 20.180000 -26.900000 -1338.000000 2001.000000 -3346.000000
147.100006 20.200001 -26.889999 -1389.000000 1998.000000 -3338.000000
147.089996 20.230000 -26.900000 -1397.000000 2006.000000 -3332.000000
147.080002 20.260000 -26.900000 -1378.000000 2008.000000 -3321.000000
147.080002 20.270000 -26.879999 -1363.000000 2028.000000 -3338.000000
147.070007 20.260000 -26.870001 -1345.000000 2061.000000 -3336.000000
147.070007 20.270000 -26.860001 -1365.000000 2050.000000 -3360.000000
147.059998 20.280001 -26.860001 -1410.000000 2045.000000 -3339.000000
147.059998 20.270000 -26.840000 -1412.000000 2028.000000 -3327.000000
147.059998 20.240000 -26.820000 -1369.000000 2012.000000 -3310.000000
147.059998 20.219999 -26.809999 -1371.000000 2033.000000 -3273.000000
147.059998 20.230000 -26.809999 -1408.000000 2015.000000 -3298.000000
147.059998 20.230000 -26.809999 -1409.000000 2008.000000 -3335.000000
147.070007 20.219999 -26.799999 -1414.000000 2003.000000 -3353.000000
147.070007 20.219999 -26.809999 -1436.000000 2015.000000 -3416.000000
147.070007 20.230000 -26.830000 -1367.000000 2009.000000 -3404.000000
147.070007 20.219999 -26.840000 -1357.000000 2015.000000 -3378.000000
147.080002 20.209999 -26.850000 -1378.000000 2007.000000 -3366.000000
147.080002 20.230000 -26.870001 -1367.000000 2007.000000 -3342.000000
147.070007 20.250000 -26.889999 -1359.000000 1989.000000 -3352.000000
147.089996 20.250000 -26.889999 -1387.000000 1994.000000 -3353.000000
147.089996 20.250000 -26.910000 -1375.000000 1987.000000 -3331.000000
147.089996 20.280001 -26.930000 -1432.000000 1981.000000 -3273.000000
147.100006 20.309999 -26.950001 -1474.000000 1966.000000 -3265.000000
147.110001 20.350000 -26.980000 -1470.000000 1971.000000 -3263.000000
147.119995 20.400000 -27.030001 -1459.000000 1985.000000 -3287.000000
147.119995 20.469999 -27.110001 -1481.000000 1974.000000 -3334.000000
147.130005 20.559999 -27.190001 -1501.000000 1939.000000 -3323.000000
147.139999 20.670000 -27.280001 -1500.000000 1932.000000 -3328.000000
147.160004 20.780001 -27.379999 -1531.000000 1912.000000 -3255.000000
147.169998 20.879999 -27.480000 -1486.000000 1907.000000 -3248.000000
147.199997 21.000000 -27.590000 -1485.000000 1885.000000 -3215.000000
147.220001 21.129999 -27.709999 -1567.000000 1889.000000 -3212.000000
147.240005 21.280001 -27.840000 -1643.000000 1864.000000 -3182.000000
147.259995 21.469999 -28.000000 -1718.000000 1850.000000 -3141.000000
147.300003 21.730000 -28.190001 -1829.000000 1829.000000 -3131.000000
147.320007 22.059999 -28.450001 -1971.000000 1785.000000 -3164.000000
147.320007 22.510000 -28.780001 -2142.000000 1745.000000 -3139.000000
147.289993 23.110001 -29.219999 -2309.000000 1692.000000 -3035.000000
147.240005 23.850000 -29.780001 -2414.000000 1641.000000 -3031.000000
147.110001 24.790001 -30.510000 -2540.000000 1647.000000 -2961.000000
146.889999 25.969999 -31.440001 -2613.000000 1664.000000 -3020.000000
146.570007 27.420000 -32.599998 -2618.000000 1637.000000 -3163.000000
146.119995 29.100000 -33.970001 -2547.000000 1663.000000 -3221.000000
145.559998 30.959999 -35.509998 -2602.000000 1624.000000 -3305.000000
144.830002 33.090000 -37.310001 -2733.000000 1737.000000 -3305.000000
143.839996 35.490002 -39.439999 -2695.000000 1799.000000 -3276.000000
142.559998 38.160000 -41.900002 -2747.000000 1644.000000 -3238.000000
140.919998 41.099998 -44.759998 -2667.000000 1776.000000 -3096.000000
138.710007 44.270000 -48.250000 -2585.000000 1815.000000 -3039.000000
135.860001 47.639999 -52.410000 -2540.000000 1684.000000 -3201.000000
132.320007 50.980000 -57.230000 -2418.000000 1936.000000 -3258.000000
128.149994 54.090000 -62.590000 -2375.000000 1852.000000 -3318.000000
123.110001 57.020000 -68.699997 -2490.000000 1989.000000 -3274.000000
116.800003 59.750000 -76.010002 -2307.000000 2122.000000 -3068.000000
109.290001 62.020000 -84.410004 -2164.000000 1876.000000 -2575.000000
100.959999 63.700001 -93.510002 -1874.000000 1863.000000 -1897.000000
92.059998 64.760002 -103.029999 -1775.000000 1854.000000 -1524.000000
82.970001 65.230003 -112.570000 -2041.000000 1917.000000 -824.000000
74.500000 65.309998 -121.320000 -2374.000000 1958.000000 -573.000000
66.930000 65.099998 -129.000000 -2576.000000 1676.000000 -10.000000
60.169998 64.610001 -135.759995 -2672.000000 1620.000000 310.000000
53.880001 63.959999 -141.929993 -3134.000000 1582.000000 306.000000
48.130001 63.250000 -147.589996 -3598.000000 1623.000000 503.000000
42.860001 62.470001 -152.779999 -3610.000000 1385.000000 938.000000
37.889999 61.500000 -157.660004 -3612.000000 1218.000000 1325.000000
32.799999 60.020000 -162.660004 -3793.000000 897.000000 1888.000000
28.520000 58.160000 -166.860001 -3310.000000 1087.000000 2082.000000
25.000000 56.220001 -170.339996 -2836.000000 1021.000000 2524.000000
22.020000 54.250000 -173.240005 -3009.000000 800.000000 2819.000000
19.270000 52.310001 -175.869995 -3688.000000 641.000000 2957.000000
16.820000 50.459999 -178.199997 -4108.000000 741.000000 2979.000000
14.740000 48.459999 179.850006 -4050.000000 695.000000 3036.000000
12.740000 46.290001 178.020004 -3400.000000 629.000000 2969.000000
11.480000 43.869999 176.770004 -2825.000000 966.000000 3118.000000
10.470000 41.570000 175.860001 -1978.000000 1041.000000 2866.000000
9.510000 39.470001 175.100006 -1764.000000 688.000000 2787.000000
8.620000 37.580002 174.399994 -1776.000000 609.000000 3103.000000
7.750000 35.900002 173.800003 -1799.000000 473.000000 3443.000000
6.860000 34.389999 173.240005 -2012.000000 304.000000 3755.000000
6.060000 32.980000 172.750000 -2123.000000 313.000000 3732.000000
5.170000 31.760000 172.259995 -2393.000000 286.000000 3955.000000
4.340000 30.610001 171.820007 -2390.000000 172.000000 4083.000000
3.660000 29.350000 171.470001 -2033.000000 185.000000 3908.000000
3.090000 28.490000 171.229996 -2186.000000 112.000000 3667.000000
2.560000 27.670000 171.100006 -2101.000000 164.000000 3799.000000
2.180000 26.629999 171.059998 -1753.000000 146.000000 4110.000000
1.720000 25.809999 170.979996 -1822.000000 4.000000 4154.000000
1.270000 25.370001 170.949997 -1961.000000 -94.000000 3972.000000
0.880000 24.650000 170.919998 -1675.000000 -1.000000 3938.000000
0.710000 23.850000 170.979996 -1092.000000 63.000000 3998.000000
0.590000 23.160000 171.050003 -1270.000000 102.000000 4042.000000
0.250000 22.590000 171.039993 -1505.000000 -21.000000 4030.000000
0.040000 22.010000 171.089996 -1329.000000 20.000000 3953.000000
-0.040000 21.450001 171.169998 -1217.000000 91.000000 3886.000000
-0.010000 21.030001 171.289993 -1267.000000 143.000000 3756.000000
-0.110000 20.889999 171.369995 -1331.000000 45.000000 3599.000000
-0.330000 20.790001 171.380005 -1531.000000 9.000000 3255.000000
-0.820000 20.309999 171.300003 -1229.000000 -711.000000 4241.000000
-1.040000 19.650000 171.279999 -1350.000000 -271.000000 5056.000000
-1.340000 19.219999 171.229996 -1539.000000 -562.000000 5065.000000
-1.620000 18.879999 171.130005 -1398.000000 -557.000000 4621.000000
-1.820000 18.520000 171.080002 -1231.000000 -342.000000 4280.000000
-1.660000 18.129999 171.139999 -995.000000 -76.000000 4080.000000
-1.490000 17.860001 171.199997 -886.000000 -95.000000 3913.000000
-1.520000 18.100000 171.160004 -1196.000000 -296.000000 3758.000000
-1.530000 18.410000 171.139999 -1337.000000 -453.000000 3497.000000
-1.580000 18.670000 171.130005 -1176.000000 -451.000000 3449.000000
-1.680000 18.840000 171.110001 -1172.000000 -593.000000 3645.000000
-1.790000 19.030001 171.119995 -1293.000000 -880.000000 3749.000000
-1.900000 19.280001 171.149994 -1466.000000 -1199.000000 3918.000000
-1.990000 19.600000 171.199997 -1531.000000 -1306.000000 3925.000000
-2.050000 19.959999 171.289993 -1549.000000 -1070.000000 3769.000000
-2.100000 20.440001 171.369995 -1538.000000 -1173.000000 3643.000000
-2.120000 20.990000 171.440002 -1825.000000 -1347.000000 3566.000000
-2.120000 21.500000 171.539993 -1892.000000 -1385.000000 3510.000000
-2.120000 21.889999 171.630005 -1534.000000 -1311.000000 3552.000000
-2.100000 22.170000 171.710007 -1410.000000 -1078.000000 3599.000000
-2.030000 22.400000 171.789993 -1717.000000 -924.000000 3702.000000
-1.900000 22.530001 171.869995 -1779.000000 -737.000000 3844.000000
-1.850000 22.459999 171.880005 -1506.000000 -715.000000 3848.000000
-1.810000 22.240000 171.779999 -1353.000000 -533.000000 3825.000000
-1.550000 21.870001 171.740005 -1050.000000 -317.000000 3657.000000
-1.240000 21.580000 171.720001 -659.000000 -25.000000 3442.000000
-0.890000 21.410000 171.669998 -768.000000 153.000000 3457.000000
-0.510000 21.490000 171.589996 -1381.000000 203.000000 3478.000000
-0.240000 21.600000 171.440002 -1745.000000 198.000000 3533.000000
0.010000 21.580000 171.279999 -1668.000000 229.000000 3610.000000
0.310000 21.330000 171.100006 -1329.000000 345.000000 3637.000000
0.580000 20.920000 170.880005 -1079.000000 574.000000 3790.000000
0.800000 20.459999 170.610001 -953.000000 669.000000 3862.000000
1.010000 20.080000 170.289993 -1058.000000 680.000000 3732.000000
1.180000 19.740000 169.919998 -1261.000000 787.000000 3694.000000
1.300000 19.450001 169.500000 -1357.000000 796.000000 3511.000000
1.360000 19.230000 169.029999 -1640.000000 882.000000 3362.000000
1.360000 19.010000 168.539993 -2059.000000 922.000000 3452.000000
1.310000 18.719999 168.050003 -2200.000000 860.000000 3416.000000
1.290000 18.340000 167.570007 -1761.000000 878.000000 3341.000000
1.300000 17.870001 167.100006 -1430.000000 970.000000 3478.000000
1.320000 17.340000 166.619995 -1241.000000 1037.000000 3540.000000
1.320000 16.840000 166.119995 -1234.000000 1045.000000 3633.000000
1.320000 16.370001 165.600006 -1216.000000 1039.000000 3631.000000
1.320000 15.930000 165.080002 -1174.000000 1083.000000 3758.000000
1.310000 15.560000 164.550003 -1396.000000 1096.000000 3845.000000
1.290000 15.240000 164.020004 -1417.000000 1027.000000 3827.000000
1.260000 15.000000 163.490005 -1441.000000 1063.000000 3720.000000
1.210000 14.920000 162.990005 -1455.000000 1152.000000 3317.000000
1.130000 14.940000 162.500000 -1438.000000 1155.000000 3103.000000
1.040000 15.000000 162.039993 -1201.000000 1179.000000 2871.000000
0.900000 15.130000 161.600006 -979.000000 1068.000000 2569.000000
0.760000 15.330000 161.169998 -1029.000000 1151.000000 2998.000000
0.560000 15.740000 160.820007 -2305.000000 905.000000 3835.000000
0.380000 16.340000 160.639999 -3602.000000 731.000000 4754.000000
0.340000 17.030001 160.630005 -4128.000000 598.000000 5193.000000
0.430000 17.600000 160.679993 -3779.000000 751.000000 4765.000000
0.630000 17.910000 160.759995 -2606.000000 1082.000000 4332.000000
0.870000 17.980000 160.869995 -1605.000000 905.000000 3930.000000
1.100000 17.879999 160.979996 -919.000000 542.000000 3565.000000
1.180000 17.719999 161.059998 -673.000000 218.000000 3402.000000
1.040000 17.690001 161.080002 -660.000000 -55.000000 3517.000000
0.880000 17.799999 161.080002 -692.000000 -258.000000 3888.000000
0.760000 18.000000 161.070007 -740.000000 -370.000000 4282.000000
0.680000 18.309999 161.050003 -745.000000 -400.000000 4460.000000
0.600000 18.730000 161.009995 -895.000000 -349.000000 4397.000000
0.500000 19.240000 160.919998 -1058.000000 -322.000000 4242.000000
0.370000 19.910000 160.830002 -1233.000000 -265.000000 3972.000000
0.330000 20.780001 160.770004 -1521.000000 -206.000000 3845.000000
0.360000 21.680000 160.750000 -1743.000000 -164.000000 3703.000000
0.450000 22.520000 160.759995 -1818.000000 -44.000000 3613.000000
0.570000 23.270000 160.789993 -1944.000000 14.000000 3561.000000
0.680000 23.910000 160.839996 -1994.000000 60.000000 3551.000000
0.800000 24.469999 160.919998 -2028.000000 125.000000 3524.000000
0.920000 24.950001 161.009995 -2020.000000 134.000000 3569.000000
1.080000 25.389999 161.119995 -1932.000000 147.000000 3562.000000
1.290000 25.770000 161.259995 -1876.000000 209.000000 3585.000000
1.520000 26.110001 161.410004 -1849.000000 218.000000 3606.000000
1.780000 26.389999 161.550003 -1792.000000 196.000000 3681.000000
1.940000 26.650000 161.690002 -1750.000000 162.000000 3683.000000
2.180000 26.900000 161.789993 -1748.000000 143.000000 3678.000000
2.030000 27.090000 161.789993 -1768.000000 131.000000 3657.000000
2.010000 27.290001 161.800003 -1757.000000 127.000000 3646.000000
2.010000 27.620001 161.779999 -1827.000000 93.000000 3633.000000
2.000000 27.930000 161.750000 -1834.000000 95.000000 3586.000000
2.040000 28.260000 161.710007 -1872.000000 65.000000 3560.000000
2.070000 28.570000 161.699997 -1923.000000 122.000000 3519.000000
2.080000 28.860001 161.679993 -1948.000000 125.000000 3537.000000
2.100000 29.120001 161.639999 -1910.000000 108.000000 3508.000000
1.970000 29.280001 161.580002 -1903.000000 118.000000 3544.000000
2.210000 29.389999 161.610001 -1886.000000 140.000000 3568.000000
2.460000 29.299999 161.669998 -1868.000000 160.000000 3588.000000
2.720000 29.309999 161.699997 -1861.000000 177.000000 3576.000000
2.900000 29.139999 161.729996 -1835.000000 184.000000 3610.000000
2.820000 28.950001 161.699997 -1824.000000 186.000000 3613.000000
3.080000 28.900000 161.720001 -1831.000000 184.000000 3630.000000
3.170000 28.690001 161.699997 -1810.000000 186.000000 3612.000000
3.000000 28.610001 161.649994 -1832.000000 188.000000 3600.000000
2.920000 28.410000 161.630005 -1786.000000 186.000000 3626.000000
2.760000 28.469999 161.589996 -1825.000000 180.000000 3564.000000
2.920000 28.600000 161.600006 -1841.000000 169.000000 3568.000000
2.910000 28.760000 161.600006 -1860.000000 181.000000 3568.000000
2.700000 28.730000 161.559998 -1846.000000 168.000000 3578.000000
2.530000 28.660000 161.500000 -1832.000000 157.000000 3582.000000
2.720000 28.700001 161.520004 -1839.000000 153.000000 3606.000000
2.770000 28.820000 161.470001 -1858.000000 138.000000 3603.000000
2.520000 28.770000 161.419998 -1852.000000 157.000000 3590.000000
2.310000 28.639999 161.399994 -1827.000000 157.000000 3591.000000
2.530000 28.580000 161.470001 -1794.000000 173.000000 3577.000000
2.390000 28.490000 161.470001 -1828.000000 165.000000 3592.000000
2.190000 28.469999 161.490005 -1831.000000 174.000000 3577.000000
2.370000 28.559999 161.589996 -1848.000000 190.000000 3577.000000
2.590000 28.650000 161.669998 -1847.000000 196.000000 3572.000000
2.720000 28.730000 161.779999 -1863.000000 206.000000 3586.000000
2.790000 28.840000 161.820007 -1878.000000 184.000000 3585.000000
2.670000 28.959999 161.800003 -1872.000000 163.000000 3567.000000
2.580000 29.059999 161.800003 -1881.000000 165.000000 3548.000000
2.610000 29.020000 161.830002 -1864.000000 169.000000 3583.000000
2.680000 29.160000 161.820007 -1870.000000 147.000000 3549.000000
2.510000 29.260000 161.779999 -1887.000000 154.000000 3538.000000
2.400000 29.330000 161.740005 -1877.000000 146.000000 3542.000000
2.590000 29.379999 161.779999 -1877.000000 160.000000 3560.000000
2.820000 29.400000 161.830002 -1853.000000 179.000000 3542.000000
