24.540001 46.360001 145.259995 -2901.000000 1187.000000 2532.000000
24.510000 46.320000 145.229996 -2912.000000 1214.000000 2561.000000
24.490000 46.290001 145.190002 -2885.000000 1189.000000 2501.000000
24.469999 46.259998 145.160004 -2863.000000 1204.000000 2540.000000
24.450001 46.230000 145.119995 -2870.000000 1196.000000 2536.000000
24.420000 46.189999 145.080002 -2869.000000 1202.000000 2552.000000
24.400000 46.160000 145.050003 -2875.000000 1226.000000 2554.000000
24.370001 46.130001 145.020004 -2849.000000 1238.000000 2565.000000
24.340000 46.099998 144.979996 -2886.000000 1236.000000 2570.000000
24.309999 46.099998 144.919998 -2962.000000 1261.000000 2536.000000
24.270000 46.110001 144.860001 -3132.000000 1342.000000 2444.000000
24.190001 46.139999 144.720001 -3412.000000 1396.000000 2379.000000
23.900000 46.200001 144.389999 -3804.000000 1162.000000 2628.000000
23.559999 46.320000 143.839996 -3777.000000 1396.000000 2555.000000
23.260000 46.419998 143.190002 -3333.000000 1605.000000 2578.000000
22.959999 46.500000 142.470001 -2857.000000 1882.000000 2406.000000
22.660000 46.669998 141.720001 -2945.000000 2190.000000 2418.000000
22.549999 46.980000 141.110001 -2876.000000 2797.000000 2000.000000
22.910000 47.490002 141.000000 -3255.000000 3326.000000 2038.000000
23.719999 47.810001 141.429993 -3364.000000 3611.000000 1730.000000
23.910000 47.590000 141.429993 -4827.000000 2412.000000 2519.000000
23.260000 46.919998 140.619995 -4757.000000 1428.000000 2983.000000
22.250000 45.970001 139.179993 -4294.000000 1085.000000 3077.000000
21.309999 44.570000 137.529999 -3315.000000 1254.000000 3157.000000
20.530001 42.700001 135.990005 -2408.000000 1586.000000 3585.000000
20.070000 40.689999 134.750000 -1701.000000 2237.000000 3402.000000
19.760000 38.639999 133.690002 -1223.000000 2828.000000 3298.000000
19.389999 36.570000 132.699997 -1069.000000 2870.000000 3463.000000
18.889999 34.540001 131.649994 -1348.000000 2620.000000 3560.000000
18.280001 32.610001 130.529999 -1785.000000 2173.000000 3845.000000
17.650000 30.910000 129.479996 -1693.000000 1734.000000 3833.000000
16.969999 29.450001 128.449997 -1363.000000 1453.000000 3915.000000
16.250000 28.190001 127.389999 -1176.000000 1340.000000 3793.000000
15.530000 27.100000 126.370003 -1049.000000 1395.000000 3490.000000
14.830000 26.129999 125.430000 -920.000000 1500.000000 3168.000000
14.130000 25.270000 124.580002 -903.000000 1545.000000 3106.000000
13.380000 24.490000 123.769997 -1004.000000 1358.000000 3075.000000
12.480000 23.809999 122.940002 -1216.000000 974.000000 3086.000000
11.460000 23.209999 122.110001 -1225.000000 661.000000 2909.000000
10.380000 22.650000 121.279999 -1215.000000 448.000000 2795.000000
9.320000 22.040001 120.489998 -1090.000000 395.000000 2614.000000
8.220000 21.410000 119.669998 -933.000000 286.000000 2592.000000
7.070000 20.750000 118.879997 -884.000000 97.000000 2698.000000
5.850000 20.120001 118.099998 -1047.000000 -250.000000 2926.000000
4.550000 19.530001 117.309998 -1128.000000 -698.000000 2987.000000
3.230000 19.000000 116.550003 -1078.000000 -1058.000000 3081.000000
1.990000 18.530001 115.839996 -1150.000000 -1245.000000 3071.000000
0.860000 18.100000 115.209999 -1277.000000 -1249.000000 3115.000000
-0.160000 17.680000 114.639999 -1238.000000 -1157.000000 3098.000000
-1.070000 17.250000 114.139999 -1117.000000 -1017.000000 3085.000000
-1.920000 16.809999 113.680000 -1052.000000 -958.000000 3201.000000
-2.760000 16.370001 113.239998 -1130.000000 -1063.000000 3160.000000
-3.570000 15.940000 112.839996 -1141.000000 -1183.000000 3428.000000
-4.320000 15.530000 112.459999 -1128.000000 -1276.000000 3679.000000
-5.050000 15.180000 112.110001 -1089.000000 -1359.000000 3890.000000
-5.770000 14.940000 111.779999 -1250.000000 -1500.000000 3912.000000
-6.460000 14.790000 111.489998 -1762.000000 -1746.000000 3903.000000
-7.070000 14.600000 111.239998 -2293.000000 -2056.000000 3968.000000
-7.550000 14.190000 111.040001 -1930.000000 -2031.000000 4131.000000
-7.800000 13.480000 110.870003 -1391.000000 -1563.000000 4646.000000
-7.970000 12.630000 110.739998 -237.000000 -1699.000000 4220.000000
-7.920000 12.010000 110.680000 530.000000 -1031.000000 4571.000000
-7.520000 11.870000 110.639999 -28.000000 -118.000000 4192.000000
-7.300000 11.940000 110.519997 -649.000000 -428.000000 4244.000000
-7.230000 11.990000 110.339996 -661.000000 -716.000000 4232.000000
-7.280000 11.980000 110.139999 -570.000000 -947.000000 4285.000000
-7.300000 12.000000 109.959999 -607.000000 -852.000000 4351.000000
-7.210000 12.130000 109.779999 -525.000000 -488.000000 4247.000000
-7.090000 12.450000 109.589996 -601.000000 -291.000000 4140.000000
-7.010000 12.870000 109.400002 -712.000000 -215.000000 4115.000000
-6.980000 13.350000 109.230003 -794.000000 -196.000000 4020.000000
-7.020000 13.870000 109.099998 -1097.000000 -389.000000 3950.000000
-7.040000 14.300000 108.940002 -984.000000 -422.000000 4077.000000
-7.000000 14.650000 108.809998 -775.000000 -348.000000 4193.000000
-6.900000 14.930000 108.680000 -415.000000 -218.000000 4128.000000
-6.830000 15.270000 108.540001 -430.000000 -205.000000 4250.000000
-6.810000 15.770000 108.389999 -881.000000 -336.000000 4190.000000
-6.800000 16.400000 108.209999 -1215.000000 -447.000000 4277.000000
-6.770000 17.070000 108.050003 -1487.000000 -310.000000 3876.000000
-6.820000 17.629999 107.889999 -1669.000000 -508.000000 3981.000000
-6.860000 17.990000 107.739998 -1282.000000 -455.000000 3792.000000
-6.850000 18.100000 107.599998 -759.000000 -265.000000 4081.000000
-6.780000 18.290001 107.489998 -920.000000 -96.000000 3931.000000
-6.830000 18.650000 107.379997 -1237.000000 -367.000000 3693.000000
-6.950000 18.969999 107.239998 -1088.000000 -510.000000 3669.000000
-7.000000 19.330000 107.080002 -1513.000000 -410.000000 3650.000000
-7.020000 19.580000 106.970001 -1605.000000 -338.000000 3481.000000
-7.080000 19.740000 106.870003 -1675.000000 -349.000000 3338.000000
-7.210000 19.780001 106.779999 -1484.000000 -553.000000 3444.000000
-7.380000 19.730000 106.680000 -1200.000000 -618.000000 3555.000000
-7.490000 19.670000 106.589996 -1085.000000 -587.000000 3596.000000
-7.570000 19.629999 106.500000 -1074.000000 -582.000000 3737.000000
-7.660000 19.639999 106.419998 -1291.000000 -623.000000 3703.000000
-7.740000 19.639999 106.379997 -1441.000000 -717.000000 3779.000000
-7.820000 19.549999 106.320000 -1135.000000 -675.000000 3777.000000
-7.910000 19.440001 106.279999 -915.000000 -726.000000 3999.000000
-7.960000 19.450001 106.239998 -946.000000 -762.000000 4155.000000
-7.970000 19.580000 106.209999 -878.000000 -845.000000 4399.000000
-7.890000 19.860001 106.180000 -696.000000 -732.000000 4553.000000
-7.760000 20.379999 106.139999 -694.000000 -761.000000 4698.000000
-7.620000 21.200001 106.070000 -991.000000 -849.000000 4790.000000
-7.430000 22.219999 105.989998 -1052.000000 -808.000000 4750.000000
-7.170000 23.360001 105.889999 -994.000000 -660.000000 4634.000000
-6.840000 24.639999 105.800003 -922.000000 -567.000000 4536.000000
-6.440000 26.160000 105.730003 -1153.000000 -469.000000 4420.000000
-6.030000 27.940001 105.690002 -1303.000000 -529.000000 4323.000000
-5.610000 29.930000 105.669998 -1434.000000 -615.000000 4178.000000
-5.160000 32.060001 105.699997 -1262.000000 -591.000000 4016.000000
-4.650000 34.419998 105.820000 -1380.000000 -475.000000 3713.000000
-3.950000 37.180000 106.089996 -1851.000000 -204.000000 3213.000000
-3.160000 40.290001 106.500000 -2281.000000 -83.000000 2742.000000
-2.290000 43.509998 107.019997 -2267.000000 -60.000000 2474.000000
-1.280000 46.740002 107.650002 -1883.000000 -6.000000 2338.000000
-0.030000 50.029999 108.529999 -1345.000000 150.000000 2140.000000
1.560000 53.660000 109.790001 -1416.000000 276.000000 1650.000000
3.570000 57.680000 111.610001 -1699.000000 306.000000 1159.000000
6.290000 61.880001 114.300003 -2120.000000 513.000000 550.000000
10.150000 66.040001 118.239998 -2451.000000 706.000000 64.000000
15.780000 70.040001 124.000000 -2866.000000 822.000000 -408.000000
24.330000 73.720001 132.649994 -3083.000000 773.000000 -766.000000
37.970001 76.820000 146.210007 -3073.000000 792.000000 -1045.000000
59.500000 78.860001 167.250000 -2915.000000 979.000000 -1275.000000
86.919998 79.160004 -165.860001 -2863.000000 1211.000000 -1434.000000
110.309998 77.540001 -142.330002 -2803.000000 1299.000000 -1730.000000
125.320000 74.580002 -126.769997 -2752.000000 1305.000000 -1852.000000
134.449997 70.919998 -117.050003 -2589.000000 1383.000000 -2184.000000
140.080002 66.940002 -110.860001 -2379.000000 1589.000000 -2440.000000
143.789993 62.770000 -106.660004 -2293.000000 1811.000000 -2846.000000
146.289993 58.560001 -103.690002 -2379.000000 1788.000000 -2904.000000
148.130005 54.400002 -101.400002 -2426.000000 1838.000000 -3518.000000
149.550003 50.360001 -99.540001 -2402.000000 1657.000000 -3606.000000
150.729996 46.470001 -97.959999 -2334.000000 1598.000000 -3732.000000
151.750000 42.709999 -96.550003 -2249.000000 1673.000000 -3855.000000
152.539993 39.160000 -95.330002 -2255.000000 1760.000000 -3937.000000
153.100006 35.880001 -94.330002 -2177.000000 1732.000000 -3854.000000
153.500000 32.790001 -93.489998 -1905.000000 1745.000000 -4116.000000
153.820007 29.860001 -92.750000 -1717.000000 1729.000000 -4068.000000
154.130005 27.129999 -92.040001 -1537.000000 1832.000000 -4229.000000
154.460007 24.580000 -91.370003 -1498.000000 1938.000000 -3980.000000
154.860001 22.280001 -90.669998 -1556.000000 1801.000000 -3676.000000
155.169998 20.690001 -89.989998 -2128.000000 1860.000000 -3140.000000
155.429993 19.309999 -89.349998 -1278.000000 1752.000000 -3305.000000
155.539993 17.600000 -88.889999 -41.000000 1430.000000 -3564.000000
155.589996 16.010000 -88.540001 -200.000000 1334.000000 -3653.000000
155.770004 14.650000 -88.110001 -1060.000000 1518.000000 -4044.000000
156.039993 13.320000 -87.680000 -1519.000000 1745.000000 -4026.000000
156.300003 12.050000 -87.290001 -1594.000000 1903.000000 -4233.000000
156.509995 10.890000 -86.930000 -1453.000000 1922.000000 -4276.000000
156.649994 9.970000 -86.629997 -1471.000000 1818.000000 -4531.000000
156.740005 9.270000 -86.400002 -1474.000000 1803.000000 -4697.000000
156.800003 8.700000 -86.260002 -1305.000000 1836.000000 -4781.000000
156.820007 8.280000 -86.180000 -1274.000000 1881.000000 -4934.000000
156.809998 8.030000 -86.139999 -1281.000000 2058.000000 -5091.000000
156.770004 8.020000 -86.120003 -1419.000000 2183.000000 -5176.000000
156.720001 8.110000 -86.150002 -1313.000000 2243.000000 -5019.000000
156.580002 8.210000 -86.230003 -1064.000000 2215.000000 -4557.000000
156.380005 8.280000 -86.300003 -603.000000 1967.000000 -4103.000000
156.179993 8.390000 -86.349998 -482.000000 1670.000000 -3673.000000
155.979996 8.500000 -86.349998 -366.000000 1421.000000 -3298.000000
155.809998 8.610000 -86.309998 -401.000000 1403.000000 -3318.000000
155.690002 8.630000 -86.300003 -418.000000 1456.000000 -3353.000000
155.610001 8.610000 -86.290001 -648.000000 1472.000000 -3438.000000
155.570007 8.620000 -86.269997 -899.000000 1478.000000 -3600.000000
155.559998 8.620000 -86.250000 -888.000000 1574.000000 -3867.000000
155.529999 8.620000 -86.239998 -769.000000 1611.000000 -3980.000000
155.490005 8.620000 -86.239998 -628.000000 1669.000000 -4062.000000
155.429993 8.610000 -86.279999 -577.000000 1681.000000 -4053.000000
155.360001 8.640000 -86.330002 -567.000000 1700.000000 -3971.000000
155.270004 8.700000 -86.389999 -507.000000 1774.000000 -3885.000000
155.169998 8.760000 -86.480003 -381.000000 1765.000000 -3774.000000
155.089996 8.780000 -86.559998 -270.000000 1744.000000 -3742.000000
155.020004 8.740000 -86.599998 -379.000000 1829.000000 -3653.000000
154.960007 8.650000 -86.599998 -442.000000 1862.000000 -3711.000000
154.910004 8.550000 -86.599998 -512.000000 1847.000000 -3725.000000
154.869995 8.470000 -86.580002 -621.000000 1842.000000 -3722.000000
154.860001 8.410000 -86.540001 -674.000000 1812.000000 -3729.000000
154.839996 8.400000 -86.519997 -716.000000 1835.000000 -3697.000000
154.830002 8.410000 -86.510002 -600.000000 1831.000000 -3721.000000
154.830002 8.430000 -86.519997 -567.000000 1783.000000 -3686.000000
154.830002 8.490000 -86.510002 -599.000000 1762.000000 -3710.000000
154.839996 8.580000 -86.510002 -635.000000 1806.000000 -3714.000000
154.860001 8.670000 -86.519997 -593.000000 1813.000000 -3741.000000
154.880005 8.760000 -86.540001 -534.000000 1795.000000 -3701.000000
154.910004 8.860000 -86.559998 -504.000000 1778.000000 -3776.000000
154.949997 8.950000 -86.580002 -538.000000 1777.000000 -3770.000000
154.990005 9.040000 -86.599998 -555.000000 1769.000000 -3808.000000
155.020004 9.120000 -86.589996 -555.000000 1744.000000 -3804.000000
155.059998 9.200000 -86.580002 -611.000000 1706.000000 -3857.000000
155.100006 9.300000 -86.580002 -673.000000 1685.000000 -3859.000000
155.130005 9.420000 -86.580002 -689.000000 1702.000000 -3815.000000
155.160004 9.530000 -86.589996 -678.000000 1695.000000 -3821.000000
155.179993 9.640000 -86.610001 -665.000000 1687.000000 -3802.000000
155.199997 9.770000 -86.639999 -684.000000 1671.000000 -3802.000000
155.210007 9.920000 -86.680000 -682.000000 1703.000000 -3793.000000
155.199997 10.050000 -86.730003 -593.000000 1740.000000 -3770.000000
155.190002 10.130000 -86.790001 -470.000000 1720.000000 -3716.000000
155.169998 10.180000 -86.839996 -479.000000 1705.000000 -3733.000000
155.169998 10.210000 -86.860001 -595.000000 1706.000000 -3780.000000
155.149994 10.230000 -86.879997 -684.000000 1774.000000 -3784.000000
155.130005 10.250000 -86.889999 -723.000000 1823.000000 -3797.000000
155.100006 10.260000 -86.910004 -734.000000 1811.000000 -3802.000000
155.059998 10.290000 -86.930000 -765.000000 1809.000000 -3817.000000
155.020004 10.370000 -86.959999 -838.000000 1815.000000 -3824.000000
154.970001 10.510000 -86.989998 -908.000000 1807.000000 -3877.000000
154.910004 10.700000 -87.080002 -949.000000 1806.000000 -3967.000000
154.830002 10.960000 -87.199997 -943.000000 1788.000000 -3975.000000
154.750000 11.270000 -87.360001 -900.000000 1748.000000 -4057.000000
154.660004 11.650000 -87.550003 -964.000000 1736.000000 -4129.000000
154.570007 12.110000 -87.790001 -1065.000000 1733.000000 -4303.000000
154.460007 12.680000 -88.070000 -1238.000000 1768.000000 -4349.000000
154.320007 13.400000 -88.410004 -1406.000000 1841.000000 -4528.000000
154.130005 14.340000 -88.820000 -1762.000000 1787.000000 -4437.000000
153.889999 15.450000 -89.349998 -1921.000000 1880.000000 -4394.000000
153.559998 16.770000 -89.989998 -2084.000000 1945.000000 -4269.000000
153.139999 18.270000 -90.769997 -2126.000000 2100.000000 -4302.000000
152.630005 20.000000 -91.709999 -1998.000000 2188.000000 -4435.000000
151.960007 22.010000 -92.790001 -2123.000000 2105.000000 -4334.000000
151.160004 24.330000 -94.059998 -2262.000000 2042.000000 -4269.000000
150.220001 26.870001 -95.510002 -2302.000000 2037.000000 -4573.000000
149.080002 29.670000 -97.180000 -2567.000000 2175.000000 -4389.000000
147.720001 32.799999 -99.160004 -2834.000000 2296.000000 -4353.000000
146.000000 36.270000 -101.570000 -2883.000000 2207.000000 -4239.000000
143.809998 39.959999 -104.349998 -2823.000000 1833.000000 -3828.000000
141.119995 43.830002 -107.620003 -2621.000000 1495.000000 -3395.000000
137.929993 47.750000 -111.519997 -2360.000000 1533.000000 -3270.000000
134.100006 51.540001 -116.169998 -2212.000000 1760.000000 -3148.000000
129.369995 55.099998 -121.750000 -2162.000000 1977.000000 -2924.000000
123.519997 58.299999 -128.470001 -1941.000000 2135.000000 -3059.000000
116.489998 60.990002 -136.300003 -1858.000000 2118.000000 -2906.000000
108.269997 63.169998 -145.220001 -2046.000000 2022.000000 -2586.000000
98.949997 64.820000 -155.199997 -2282.000000 1878.000000 -1884.000000
88.599998 65.849998 -166.229996 -2747.000000 1936.000000 -1218.000000
77.610001 66.099998 -177.889999 -2973.000000 1986.000000 -615.000000
66.720001 65.440002 170.619995 -2677.000000 2056.000000 -398.000000
56.650002 63.910000 160.000000 -2325.000000 1866.000000 -11.000000
47.980000 61.619999 150.820007 -1862.000000 1717.000000 358.000000
40.860001 58.820000 143.229996 -1629.000000 1717.000000 653.000000
35.250000 55.709999 137.190002 -1196.000000 1848.000000 568.000000
30.770000 52.430000 132.369995 -1064.000000 1784.000000 946.000000
27.120001 49.150002 128.449997 -1185.000000 1622.000000 1250.000000
24.200001 46.000000 125.269997 -1162.000000 1585.000000 1284.000000
21.709999 42.950001 122.559998 -1461.000000 1389.000000 1778.000000
19.559999 40.020000 120.199997 -1611.000000 1331.000000 2171.000000
17.520000 37.169998 117.919998 -1780.000000 996.000000 2844.000000
15.670000 34.389999 115.900002 -1277.000000 820.000000 3320.000000
14.030000 31.820000 114.099998 -1050.000000 751.000000 3586.000000
12.560000 29.440001 112.570000 -657.000000 636.000000 3845.000000
11.230000 27.340000 111.389999 -328.000000 420.000000 3667.000000
9.990000 25.580000 110.419998 -750.000000 304.000000 3735.000000
8.930000 24.170000 109.680000 -1028.000000 371.000000 3540.000000
8.030000 23.120001 109.160004 -1670.000000 484.000000 3136.000000
7.130000 22.129999 108.629997 -1976.000000 459.000000 3267.000000
6.290000 21.100000 108.080002 -2198.000000 523.000000 3256.000000
5.430000 19.930000 107.519997 -1997.000000 375.000000 3541.000000
4.590000 18.610001 106.940002 -1617.000000 186.000000 3795.000000
3.700000 17.160000 106.349998 -990.000000 -96.000000 4001.000000
2.810000 15.730000 105.830002 -347.000000 -292.000000 4037.000000
2.010000 14.490000 105.400002 -5.000000 -285.000000 4024.000000
1.360000 13.570000 105.080002 -289.000000 -3.000000 3931.000000
0.820000 12.980000 104.860001 -776.000000 166.000000 3778.000000
0.250000 12.510000 104.620003 -1098.000000 -5.000000 3947.000000
-0.330000 12.070000 104.379997 -1202.000000 -137.000000 4340.000000
-0.900000 11.610000 104.139999 -1106.000000 -251.000000 4406.000000
-1.550000 11.140000 103.889999 -672.000000 -693.000000 4654.000000
-2.180000 10.780000 103.629997 -515.000000 -832.000000 4548.000000
-2.730000 10.580000 103.419998 -638.000000 -770.000000 4448.000000
-3.150000 10.530000 103.250000 -713.000000 -414.000000 4183.000000
-3.500000 10.570000 103.099998 -1017.000000 -277.000000 3901.000000
-3.840000 10.590000 102.949997 -1165.000000 -321.000000 3809.000000
-4.160000 10.560000 102.790001 -1923.000000 -520.000000 3978.000000
-4.440000 10.180000 102.639999 -2341.000000 -663.000000 4143.000000
-4.640000 9.320000 102.580002 -509.000000 -390.000000 4259.000000
-4.740000 8.360000 102.489998 492.000000 -212.000000 4711.000000
-4.860000 7.610000 102.389999 458.000000 -416.000000 4846.000000
-5.070000 7.140000 102.300003 -473.000000 -636.000000 4493.000000
-5.250000 6.790000 102.309998 -673.000000 -489.000000 4326.000000
-5.340000 6.510000 102.309998 -556.000000 -219.000000 4194.000000
-5.470000 6.320000 102.260002 -588.000000 -316.000000 4092.000000
-5.650000 6.150000 102.199997 -530.000000 -556.000000 4219.000000
-5.820000 5.980000 102.129997 -389.000000 -663.000000 4283.000000
-5.960000 5.880000 102.070000 -340.000000 -692.000000 4427.000000
-6.040000 5.850000 102.019997 -246.000000 -560.000000 4303.000000
-6.080000 5.900000 101.980003 -380.000000 -346.000000 3984.000000
-6.110000 5.980000 101.930000 -438.000000 -305.000000 3828.000000
-6.180000 6.030000 101.870003 -467.000000 -344.000000 3896.000000
-6.290000 6.070000 101.809998 -518.000000 -489.000000 3986.000000
-6.370000 6.110000 101.739998 -512.000000 -445.000000 4100.000000
-6.420000 6.160000 101.650002 -540.000000 -369.000000 4100.000000
-6.480000 6.220000 101.570000 -433.000000 -428.000000 4128.000000
-6.550000 6.340000 101.480003 -365.000000 -411.000000 3992.000000
-6.620000 6.540000 101.370003 -458.000000 -382.000000 3937.000000
-6.680000 6.810000 101.239998 -525.000000 -284.000000 3920.000000
-6.780000 7.100000 101.110001 -709.000000 -355.000000 4026.000000
-6.910000 7.410000 100.970001 -1119.000000 -529.000000 3995.000000
-7.070000 7.570000 100.820000 -1364.000000 -628.000000 4209.000000
-7.180000 7.470000 100.739998 -1142.000000 -592.000000 4397.000000
-7.180000 7.270000 100.720001 -327.000000 -331.000000 4299.000000
-7.150000 7.100000 100.680000 -11.000000 -118.000000 3946.000000
-7.150000 7.060000 100.650002 -159.000000 -156.000000 3795.000000
-7.220000 7.160000 100.610001 -496.000000 -370.000000 3710.000000
-7.330000 7.380000 100.589996 -610.000000 -483.000000 3807.000000
-7.450000 7.660000 100.559998 -857.000000 -603.000000 3982.000000
-7.570000 7.920000 100.510002 -1113.000000 -628.000000 4110.000000
-7.690000 8.160000 100.500000 -951.000000 -578.000000 4073.000000
-7.760000 8.380000 100.500000 -560.000000 -215.000000 3816.000000
-7.870000 8.660000 100.440002 -698.000000 -246.000000 3930.000000
-8.050000 8.930000 100.379997 -878.000000 -503.000000 3941.000000
-8.280000 9.240000 100.330002 -980.000000 -641.000000 3727.000000
-8.470000 9.610000 100.300003 -974.000000 -624.000000 3404.000000
-8.600000 9.950000 100.269997 -1551.000000 -709.000000 3630.000000
-8.640000 10.030000 100.269997 -1343.000000 -744.000000 4089.000000
-8.590000 9.950000 100.300003 -781.000000 -448.000000 3985.000000
-8.510000 9.940000 100.330002 -424.000000 -252.000000 3999.000000
-8.540000 9.980000 100.290001 -747.000000 -582.000000 4259.000000
-8.630000 10.040000 100.250000 -698.000000 -743.000000 4255.000000
-8.690000 10.110000 100.209999 -592.000000 -623.000000 4096.000000
-8.700000 10.240000 100.180000 -683.000000 -476.000000 4013.000000
-8.720000 10.410000 100.150002 -902.000000 -507.000000 3844.000000
-8.800000 10.550000 100.139999 -933.000000 -638.000000 3852.000000
-8.840000 10.640000 100.120003 -916.000000 -564.000000 3915.000000
-8.850000 10.710000 100.110001 -968.000000 -528.000000 4045.000000
-8.900000 10.780000 100.080002 -1109.000000 -579.000000 4092.000000
-8.990000 10.850000 100.050003 -1125.000000 -640.000000 4076.000000
-9.050000 10.880000 100.029999 -857.000000 -566.000000 4068.000000
-9.110000 10.890000 99.989998 -704.000000 -519.000000 3980.000000
-9.170000 10.910000 99.959999 -780.000000 -502.000000 3855.000000
-9.260000 10.960000 99.940002 -950.000000 -507.000000 3746.000000
-9.450000 11.040000 99.900002 -967.000000 -812.000000 3712.000000
-9.680000 11.190000 99.900002 -808.000000 -836.000000 3613.000000
-9.840000 11.400000 99.910004 -1206.000000 -784.000000 3794.000000
-9.970000 11.480000 99.900002 -908.000000 -812.000000 4000.000000
-10.070000 11.470000 99.910004 -478.000000 -751.000000 4125.000000
-10.130000 11.530000 99.919998 -387.000000 -643.000000 4093.000000
-10.190000 11.690000 99.940002 -572.000000 -616.000000 4033.000000
-10.260000 11.910000 99.970001 -773.000000 -629.000000 4147.000000
-10.320000 12.110000 100.000000 -717.000000 -703.000000 4239.000000
-10.350000 12.290000 100.040001 -550.000000 -782.000000 4302.000000
-10.330000 12.490000 100.080002 -469.000000 -706.000000 4385.000000
-10.290000 12.810000 100.110001 -645.000000 -729.000000 4360.000000
-10.290000 13.270000 100.110001 -577.000000 -969.000000 4386.000000
-10.250000 13.820000 100.080002 -512.000000 -1027.000000 4555.000000
-10.130000 14.450000 100.080002 -389.000000 -999.000000 4755.000000
-10.020000 15.220000 100.080002 -391.000000 -1263.000000 4981.000000
-9.960000 16.190001 100.059998 -563.000000 -1624.000000 4887.000000
-9.870000 17.400000 100.050003 -786.000000 -1833.000000 4637.000000
-9.650000 18.780001 100.089996 -919.000000 -1672.000000 4318.000000
-9.230000 20.270000 100.250000 -1016.000000 -1303.000000 3945.000000
-8.690000 21.860001 100.540001 -1241.000000 -1188.000000 3660.000000
-8.120000 23.580000 100.930000 -1535.000000 -1333.000000 3423.000000
-7.480000 25.430000 101.360001 -1823.000000 -1544.000000 3315.000000
-6.730000 27.330000 101.830002 -2200.000000 -1707.000000 3268.000000
-5.840000 29.170000 102.410004 -2250.000000 -1875.000000 3268.000000
-4.680000 30.959999 103.110001 -2007.000000 -1835.000000 2895.000000
-3.370000 32.740002 103.919998 -1797.000000 -1640.000000 2730.000000
-1.870000 34.549999 104.910004 -1643.000000 -1378.000000 2595.000000
-0.180000 36.419998 106.070000 -1521.000000 -981.000000 2524.000000
1.760000 38.419998 107.449997 -1519.000000 -434.000000 2370.000000
4.050000 40.639999 109.190002 -1701.000000 51.000000 2127.000000
6.560000 43.040001 111.230003 -2099.000000 336.000000 1824.000000
9.160000 45.529999 113.519997 -2579.000000 279.000000 1580.000000
11.890000 47.980000 116.029999 -2677.000000 207.000000 1349.000000
14.760000 50.360001 118.739998 -2876.000000 59.000000 1092.000000
17.879999 52.570000 121.730003 -2821.000000 246.000000 687.000000
21.360001 54.549999 125.089996 -2651.000000 598.000000 284.000000
25.139999 56.259998 128.809998 -2555.000000 981.000000 64.000000
29.129999 57.610001 132.759995 -2894.000000 1391.000000 -202.000000
33.130001 58.570000 136.720001 -3310.000000 1838.000000 -330.000000
36.709999 59.090000 140.289993 -3888.000000 2099.000000 -330.000000
39.500000 59.220001 143.000000 -4489.000000 2138.000000 -142.000000
41.310001 59.060001 144.710007 -4569.000000 1955.000000 257.000000
42.200001 58.689999 145.490005 -4061.000000 1682.000000 512.000000
42.419998 58.169998 145.630005 -3405.000000 1696.000000 501.000000
42.139999 57.560001 145.339996 -3390.000000 2205.000000 757.000000
41.660000 56.750000 144.800003 -2964.000000 3074.000000 530.000000
40.910000 55.660000 143.899994 -2687.000000 3647.000000 524.000000
39.610001 54.419998 142.509995 -2822.000000 3565.000000 871.000000
37.950001 53.070000 140.779999 -2861.000000 3292.000000 1212.000000
36.099998 51.669998 138.869995 -2812.000000 2921.000000 1502.000000
34.119999 50.270000 136.910004 -2749.000000 2510.000000 1814.000000
32.299999 48.869999 135.169998 -2408.000000 2514.000000 1907.000000
30.690001 47.480000 133.669998 -2192.000000 2695.000000 2010.000000
29.240000 46.150002 132.380005 -2184.000000 2774.000000 2169.000000
27.889999 44.860001 131.270004 -2303.000000 2656.000000 2308.000000
26.570000 43.630001 130.279999 -2617.000000 2399.000000 2514.000000
25.309999 42.490002 129.410004 -2793.000000 2211.000000 2718.000000
24.139999 41.480000 128.710007 -2741.000000 2025.000000 2995.000000
23.010000 40.570000 128.119995 -2643.000000 1895.000000 3346.000000
21.889999 39.660000 127.570000 -2471.000000 1780.000000 3514.000000
20.830000 38.779999 127.110001 -2218.000000 1726.000000 3465.000000
19.900000 38.040001 126.790001 -2042.000000 1773.000000 3291.000000
19.070000 37.480000 126.570000 -2014.000000 1762.000000 3087.000000
18.320000 37.060001 126.410004 -2042.000000 1643.000000 2922.000000
17.639999 36.700001 126.309998 -1981.000000 1518.000000 2833.000000
17.049999 36.369999 126.250000 -1886.000000 1412.000000 2836.000000
16.570000 36.080002 126.220001 -1746.000000 1357.000000 2875.000000
16.170000 35.880001 126.220001 -1442.000000 1315.000000 2855.000000
15.830000 35.849998 126.269997 -1197.000000 1283.000000 2793.000000
15.200000 35.910000 126.080002 -1903.000000 438.000000 4678.000000
14.380000 35.700001 125.419998 -3487.000000 255.000000 5883.000000
14.320000 35.570000 125.220001 -4118.000000 1084.000000 5288.000000
14.770000 35.750000 125.660004 -4254.000000 1772.000000 4395.000000
15.350000 36.150002 126.440002 -3395.000000 1841.000000 3069.000000
15.820000 36.610001 127.150002 -2456.000000 1552.000000 2656.000000
16.049999 37.020000 127.559998 -1634.000000 1179.000000 2614.000000
16.120001 37.450001 127.709999 -1444.000000 1004.000000 2758.000000
16.170000 37.970001 127.779999 -1886.000000 1001.000000 2854.000000
16.230000 38.529999 127.839996 -2552.000000 1047.000000 2811.000000
16.299999 39.150002 127.910004 -3072.000000 1132.000000 2620.000000
16.299999 39.730000 127.919998 -3600.000000 1166.000000 2748.000000
16.270000 40.200001 127.849998 -3416.000000 1159.000000 2617.000000
16.100000 40.580002 127.660004 -3248.000000 1036.000000 2643.000000
15.870000 40.880001 127.379997 -2941.000000 829.000000 2659.000000
15.610000 41.110001 127.089996 -2711.000000 678.000000 2685.000000
15.400000 41.310001 126.839996 -2775.000000 677.000000 2645.000000
15.290000 41.450001 126.690002 -3007.000000 725.000000 2524.000000
15.220000 41.500000 126.599998 -3197.000000 704.000000 2628.000000
15.190000 41.459999 126.570000 -3113.000000 722.000000 2677.000000
15.190000 41.349998 126.550003 -3015.000000 744.000000 2695.000000
15.250000 41.150002 126.580002 -2832.000000 762.000000 2719.000000
15.340000 40.889999 126.650002 -2629.000000 760.000000 2814.000000
