-2.027993 -21.940795 -2.464402
-2.486046 -22.109786 -1.559174
-2.784685 -22.592064 0.385743
-3.028106 -23.261558 2.956259
-3.133254 -23.990892 5.69488
-2.969718 -24.747345 8.582513
-2.63338 -25.530094 11.688606
-2.109116 -26.371756 15.135317
-1.29039 -27.274891 19.08282
-0.17191 -28.119467 23.420287
1.156475 -28.786253 27.956399
2.59341 -29.278395 32.718295
4.077911 -29.618284 37.786659
5.63005 -29.812942 43.322602
7.230988 -29.870538 49.541223
8.849122 -29.781655 56.453464
10.499246 -29.565623 64.04587
12.253058 -29.229127 72.20953
14.070719 -28.767799 80.566456
15.911439 -28.177355 88.836589
17.746015 -27.484146 96.718628
19.473915 -26.730298 104.054167
21.040438 -25.927247 110.87801
22.408971 -25.129571 117.270008
23.581027 -24.341467 123.569623
24.671976 -23.563388 130.054386
25.706097 -22.79209 136.639797
26.659278 -21.996554 143.28665
27.566824 -21.172377 150.140971
28.415721 -20.306374 157.181173
29.192838 -19.434264 164.448208
29.860573 -18.594049 171.905943
30.434023 -17.790636 -179.847327
30.88021 -17.109203 -170.528862
31.2479 -16.535236 -159.416517
31.481311 -16.119051 -147.356547
31.635518 -15.913916 -136.612026
31.671052 -15.751087 -127.971603
31.706996 -15.444 -119.853319
31.817875 -14.89807 -111.351063
31.917169 -14.155352 -103.377828
32.001566 -13.180888 -95.082094
32.06171 -12.050066 -86.650292
32.091057 -10.90013 -78.920579
32.115232 -9.816065 -72.29866
32.103207 -8.524602 -64.707253
32.079656 -6.972217 -55.527198
32.039077 -5.308856 -45.81132
31.95505 -3.680593 -36.665779
31.8735 -1.97049 -26.386339
31.676835 -0.1763 -13.598352
31.376601 1.803232 3.715313
30.930687 3.734496 22.262927
30.148801 5.585327 41.315199
29.401961 7.244597 56.80261
28.732295 8.998461 70.475671
28.17066 10.693574 80.864372
27.658923 12.161187 88.08854
27.038284 13.464222 94.50237
26.149779 14.547767 102.081899
25.167696 15.384532 109.743523
24.095404 16.351124 118.162623
23.017318 17.298634 126.348933
21.870125 18.049264 134.878823
20.840624 18.503792 142.613833
20.106619 18.422069 149.175646
19.7195 18.232226 153.880856
19.553067 17.999174 157.133523
19.655426 18.010077 158.219577
19.559308 17.876825 160.319869
19.339509 17.957056 162.114409
18.872938 18.09302 164.94117
18.226192 18.379364 168.226174
17.428321 18.801639 171.888884
16.650686 19.379301 174.709124
16.3627 19.96734 174.666604
15.996798 19.799731 177.64912
16.287872 19.558159 177.887316
16.687811 19.2899 176.65109
16.951746 19.2389 173.665562
16.602942 19.497389 170.740449
15.979707 20.197706 166.731083
15.295143 20.976637 163.018564
14.456928 21.719845 160.830686
13.929482 22.344677 158.559713
13.542278 22.779937 157.232884
13.316231 23.133407 156.123824
13.12155 23.643197 154.542425
12.786887 24.209238 152.618047
12.578155 24.664546 150.578074
12.483234 24.950604 148.796765
12.387209 25.205499 147.350799
12.182025 25.475002 146.763465
11.809383 25.773545 147.20439
11.380459 26.178895 147.685071
11.077776 26.550178 147.423786
10.831801 26.879302 146.61224
10.762068 27.191753 144.791008
10.947211 27.325632 141.960394
11.193306 27.439159 138.40386
11.440175 27.54324 134.503079
11.330331 27.72264 132.004337
11.633559 27.869463 127.951962
11.756114 28.044088 124.888426
11.823429 28.252322 122.149353
12.006233 28.332344 119.296486
12.33437 28.353969 116.10399
12.630659 28.353779 113.388975
12.909006 28.401395 111.163653
13.305669 28.393333 108.890727
13.685682 28.366615 106.978075
13.733271 28.406837 106.36521
13.781165 28.420352 105.941984
13.967699 28.360629 105.203743
14.09316 28.364588 104.525286
14.666267 28.233077 102.220765
15.34897 28.004608 99.730136
16.082725 27.80848 97.135611
16.461019 27.718018 95.947436
16.642215 27.63591 95.574971
16.434379 27.601237 96.783148
16.455926 27.641385 97.121018
16.517679 27.663287 97.359639
16.733762 27.600221 96.962417
17.060218 27.496878 96.16192
17.464492 27.331517 95.027434
17.805019 27.120924 94.037193
18.197061 26.942004 92.922553
18.519697 26.752189 91.999832
18.874979 26.583469 90.826556
19.309035 26.428318 89.695181
19.821792 26.205059 88.409399
20.275687 26.016251 87.277814
20.626158 25.925628 86.450777
21.108761 25.717313 85.018671
21.653259 25.43181 83.279234
22.238285 25.097721 81.403145
22.884803 24.67112 79.25761
23.548419 24.234578 77.161477
24.202936 23.765806 75.049036
24.952576 23.204983 72.549406
25.739836 22.530928 69.873762
26.532363 21.82533 67.229552
27.282747 21.108908 64.778021
28.075113 20.304179 62.047127
28.85519 19.476679 59.284881
29.587091 18.61266 56.603239
30.246706 17.735685 54.046692
30.856626 16.825773 51.692203
31.464822 15.909952 49.413147
32.062561 14.942472 47.024487
32.640322 13.845703 44.27959
33.16026 12.740917 41.570227
33.694149 11.618349 38.784748
34.180115 10.47099 36.018518
34.662921 9.267882 33.186432
35.091065 7.961161 30.241219
35.468763 6.581274 27.133975
35.793552 5.129444 23.881829
36.030599 3.58308 20.450886
36.242527 2.011766 17.013239
36.420624 0.355405 13.405051
36.5289 -1.400413 9.484159
36.600898 -3.1862 5.405703
36.634862 -4.922496 1.439569
36.609589 -6.594445 -2.454459
36.523602 -8.18282 -6.233656
36.32377 -9.725521 -9.903564
35.949857 -11.252136 -13.600371
35.515345 -12.776997 -17.28722
34.954936 -14.385063 -21.359038
34.267472 -16.075494 -26.02468
33.440647 -17.816194 -31.172944
32.560621 -19.468432 -36.317526
31.68068 -20.980378 -41.131733
30.76678 -22.28804 -45.557496
29.856719 -23.375496 -49.437147
28.871302 -24.326515 -53.085026
27.82879 -25.218162 -56.586134
26.658795 -26.114124 -60.092185
25.225548 -27.080853 -64.298631
23.349704 -28.14742 -69.44656
21.050058 -29.227449 -75.467639
18.369517 -30.244525 -82.04479
15.81573 -31.051218 -87.46229
13.452964 -31.66819 -91.966744
11.213887 -32.188 -95.997511
8.995877 -32.595448 -99.872036
7.01289 -32.864402 -102.975868
5.318006 -33.021708 -105.365693
4.011223 -33.076916 -106.860737
3.067074 -33.058727 -107.482291
2.3325 -33.009881 -107.736426
1.582141 -32.966252 -107.957631
0.496966 -32.962215 -108.66288
-1.02966 -32.944764 -109.982525
-2.707585 -32.896852 -111.237392
-4.325024 -32.801128 -112.234241
-5.759963 -32.715381 -112.961417
-6.776134 -32.600054 -112.903814
-7.422634 -32.517215 -112.208188
-7.871093 -32.461062 -111.144554
-8.207872 -32.403853 -109.993026
-8.418856 -32.321757 -108.798555
-8.565011 -32.225707 -107.551725
-8.833867 -32.096005 -106.636615
-9.356886 -32.026415 -105.958132
-10.014132 -31.924347 -105.667237
-10.76794 -31.792395 -105.862703
-11.295173 -31.703262 -105.39715
-11.489473 -31.629544 -104.039853
-11.299362 -31.54521 -101.623092
-11.156726 -31.513749 -99.093137
-11.237991 -31.519725 -96.756685
-11.625527 -31.517914 -95.333073
-12.270228 -31.529399 -94.605325
-12.95673 -31.544401 -94.11026
-13.363833 -31.529763 -93.335446
-13.435325 -31.606333 -91.626216
-13.31556 -31.822066 -89.170688
-13.150187 -32.045958 -86.761308
-12.828613 -32.224107 -84.523541
-12.143367 -32.481028 -81.496797
-11.452551 -32.779305 -78.601587
-10.541179 -33.096915 -75.279512
-9.593955 -33.332103 -72.000918
-8.609691 -33.421249 -69.133535
-7.529919 -33.514959 -66.199303
-6.742766 -33.750348 -63.708121
-6.157298 -33.961868 -61.747457
-5.658794 -34.071262 -60.309072
-5.095373 -34.178747 -58.681411
-4.395315 -34.284417 -56.586245
-3.504963 -34.401092 -54.171937
-1.947752 -34.543373 -50.690805
0.352132 -34.717483 -46.03513
3.444963 -34.726281 -40.035758
7.277709 -34.574926 -32.468569
11.522771 -34.153007 -23.951706
15.829301 -33.312618 -15.183385
19.721317 -32.201853 -6.922767
23.140455 -30.813424 0.720782
26.042544 -29.171521 7.44919
28.342479 -27.297705 13.250507
30.4511 -25.05062 19.256058
32.311734 -22.188091 25.684411
33.943377 -18.710946 32.465366
35.299554 -14.765607 39.495342
36.284339 -10.150882 46.801953
36.783192 -5.450685 53.684854
36.877277 -0.759088 60.214421
36.657372 3.60326 66.175233
36.144174 7.569076 71.698569
35.372365 11.352281 77.192586
34.355011 14.857861 82.706072
32.920593 17.881067 88.175411
31.420513 20.264707 93.281651
30.038325 22.107382 97.840642
28.787971 23.388313 101.738047
27.67836 24.332422 105.190246
26.724857 25.088536 108.205094
25.741316 25.841938 111.277996
24.717687 26.651166 114.375497
23.693041 27.452688 117.417477
22.597361 28.100285 120.294402
21.554919 28.562358 122.743236
20.596063 28.923095 124.86942
19.666739 29.111993 126.926179
18.965822 29.218649 128.697442
18.208458 29.382907 130.74726
17.401004 29.649493 132.957704
16.582517 29.92316 135.094267
15.677631 30.247174 137.278013
14.678362 30.571561 139.586969
13.648036 30.892997 141.934004
12.623552 31.172174 144.19101
11.668869 31.394446 146.326473
10.754714 31.590461 148.282757
9.853064 31.77499 150.335374
9.131723 31.881066 152.133443
8.795246 31.955144 153.234207
8.744477 32.083753 153.910811
8.827659 32.072763 154.398703
8.909859 31.952446 154.929431
8.768526 31.931716 155.882751
8.146272 31.901339 157.743605
7.248354 31.930585 159.939348
6.488443 31.991361 162.057537
6.462582 31.822313 163.680706
7.033088 32.053745 163.600542
6.666214 31.970377 166.542949
6.506294 31.636313 168.080645
6.754211 31.520409 167.468497
6.551663 31.301538 167.796498
6.282292 31.043029 168.103029
6.095919 31.046941 168.171567
5.913872 31.050933 168.344835
5.851923 31.317903 168.344737
5.417267 30.878796 169.698428
4.581159 30.777363 171.877841
3.857667 30.927355 173.361302
3.023377 31.052884 174.948731
1.962637 30.966158 177.424733
0.855881 31.0699 179.730582
-0.017236 31.151016 -179.040607
-1.182672 31.414442 -177.280503
-2.27406 31.601685 -175.862727
-2.862679 31.686684 -175.394727
-3.129517 31.6699 -175.360188
-3.382281 31.706815 -175.461306
-3.601597 31.743775 -175.84096
-3.273428 31.784081 -177.408727
-2.882873 31.202732 -178.333571
-2.961752 30.995921 -178.098698
-2.587649 30.488893 -179.073904
-2.142337 30.292589 178.739109
-1.80222 30.263403 176.690934
-1.506418 30.242265 175.035172
-1.497388 30.361121 174.064493
-2.193882 30.54912 174.41044
-3.300881 30.516119 175.869967
-3.732524 30.728972 175.75511
-3.534963 30.971344 175.090292
-2.616459 31.134099 174.214995
-0.480728 31.291433 171.742827
2.455384 31.256173 168.314323
5.807325 31.041666 164.233143
9.350538 30.37587 159.952496
12.70089 29.43984 156.083146
15.627793 28.356703 153.066532
18.008651 27.194581 151.075032
20.094143 25.881918 149.364894
21.746653 24.55747 148.421736
23.164648 23.423884 147.888501
24.601778 22.266495 146.787871
25.986239 21.028489 145.369196
27.347069 19.703331 143.77684
28.740204 18.182778 142.050843
30.173559 16.389059 140.362175
31.574339 14.300432 138.962736
32.850159 11.993813 138.115813
33.884534 9.501737 138.16016
34.660506 6.726206 139.077743
35.059852 3.790135 141.280288
35.057669 0.95872 144.943764
34.72287 -1.589317 149.834557
34.177302 -3.773106 155.714395
33.497068 -5.667074 162.270332
32.601329 -7.327816 170.302166
31.432558 -8.798626 -179.459312
30.32946 -10.292036 -169.375252
29.206856 -11.659297 -158.643222
28.227748 -12.913225 -148.939272
27.476838 -13.991664 -141.010962
26.863037 -14.859273 -133.766712
26.273336 -15.525688 -126.379751
25.883389 -15.990038 -120.423244
25.708271 -16.281688 -116.098342
25.690728 -16.436299 -113.004273
25.719323 -16.439007 -110.606282
25.780947 -16.322152 -108.957021
25.886452 -16.140215 -107.956527
25.994714 -15.921303 -107.073368
26.066136 -15.727688 -105.558885
26.057648 -15.56783 -103.057492
26.053926 -15.445031 -100.294426
26.099616 -15.358626 -97.478598
26.215645 -15.307555 -94.69053
26.28516 -15.212763 -91.058003
26.266333 -15.085543 -86.513492
26.173359 -14.942694 -80.990388
25.900634 -14.758554 -73.669427
25.494657 -14.650148 -64.646743
25.032629 -14.667016 -54.83393
24.576581 -14.72654 -46.37432
24.351595 -14.598469 -43.127568
24.33925 -14.301999 -44.134149
23.579477 -13.88873 -42.641904
23.054673 -13.626984 -42.388494
23.109472 -14.084274 -38.225874
23.005835 -15.358297 -26.329238
21.972656 -17.479583 -8.283678
20.862977 -20.013711 8.0378
20.367126 -22.01449 18.501252
20.163966 -23.515634 26.373259
20.296126 -24.27416 31.698511
20.462755 -24.162215 33.316068
20.202599 -23.687834 32.548483
19.683931 -22.97655 29.507754
19.10418 -22.113307 25.086861
18.76645 -21.066742 19.762121
18.631431 -19.956964 14.358214
18.620196 -18.944713 9.327423
18.68885 -18.061007 4.50731
18.809587 -17.35839 0.11471
18.950218 -16.809734 -3.845635
19.111573 -16.457988 -6.788927
19.267963 -16.259963 -8.88766
19.394523 -16.325482 -9.281354
19.44888 -16.529948 -8.811235
19.469051 -16.849797 -7.468263
19.4464 -17.21279 -5.773378
