1.290000 24.410000 64.949997 -10.000000 -21.480000 0.000000 1826.000000 -769.000000 3844.000000 -1157.000000 -1621.000000 3851.000000 
1.250000 24.360001 64.959999 -10.000000 -21.459999 0.000000 1846.000000 -789.000000 3857.000000 -1141.000000 -1611.000000 3885.000000 
1.280000 24.330000 64.949997 -9.990000 -21.350000 0.000000 1835.000000 -778.000000 3869.000000 -1140.000000 -1609.000000 3894.000000 
1.310000 24.320000 64.930000 -9.980000 -21.350000 0.000000 1822.000000 -792.000000 3843.000000 -1145.000000 -1608.000000 3863.000000 
1.360000 24.309999 64.970001 -9.960000 -21.360001 0.000000 1823.000000 -761.000000 3853.000000 -1140.000000 -1620.000000 3875.000000 
1.390000 24.340000 64.949997 -9.950000 -21.290001 0.000000 1838.000000 -755.000000 3875.000000 -1155.000000 -1597.000000 3898.000000 
1.390000 24.389999 64.919998 -9.930000 -21.230000 0.000000 1826.000000 -765.000000 3858.000000 -1147.000000 -1587.000000 3859.000000 
1.410000 24.410000 64.900002 -9.920000 -21.299999 0.000000 1820.000000 -757.000000 3858.000000 -1169.000000 -1592.000000 3850.000000 
1.450000 24.469999 64.830002 -9.920000 -21.280001 0.000000 1801.000000 -773.000000 3865.000000 -1151.000000 -1603.000000 3869.000000 
1.470000 24.480000 64.870003 -9.920000 -21.270000 0.000000 1812.000000 -776.000000 3847.000000 -1169.000000 -1603.000000 3877.000000 
1.430000 24.510000 64.839996 -9.920000 -21.260000 0.000000 1807.000000 -755.000000 3851.000000 -1149.000000 -1613.000000 3905.000000 
1.390000 24.510000 64.839996 -9.910000 -21.250000 0.000000 1817.000000 -769.000000 3857.000000 -1135.000000 -1602.000000 3878.000000 
1.390000 24.480000 64.870003 -9.930000 -21.280001 0.000000 1811.000000 -773.000000 3850.000000 -1153.000000 -1622.000000 3870.000000 
1.410000 24.450001 64.849998 -9.960000 -21.350000 0.000000 1817.000000 -812.000000 3853.000000 -1128.000000 -1644.000000 3883.000000 
1.370000 24.420000 64.940002 -10.010000 -21.459999 0.000000 1841.000000 -835.000000 3848.000000 -1116.000000 -1660.000000 3892.000000 
1.340000 24.280001 64.930000 -10.030000 -21.520000 0.000000 1894.000000 -831.000000 3836.000000 -1074.000000 -1676.000000 3930.000000 
1.390000 24.030001 65.029999 -10.020000 -21.450001 0.000000 1950.000000 -798.000000 3826.000000 -1125.000000 -1690.000000 4103.000000 
1.520000 23.799999 65.089996 -10.000000 -21.510000 0.000000 2030.000000 -777.000000 3845.000000 -973.000000 -1684.000000 4031.000000 
1.600000 23.580000 65.209999 -9.990000 -22.040001 0.000000 2136.000000 -823.000000 3820.000000 -1139.000000 -2165.000000 4603.000000 
1.540000 23.209999 65.209999 -9.980000 -22.480000 0.000000 2267.000000 -895.000000 3931.000000 -853.000000 -1945.000000 4319.000000 
1.720000 22.930000 65.300003 -9.940000 -22.760000 0.000000 2421.000000 -945.000000 3721.000000 -1401.000000 -1988.000000 4698.000000 
1.940000 22.809999 65.410004 -9.640000 -23.770000 0.000000 3233.000000 -623.000000 3809.000000 -1425.000000 -2502.000000 4662.000000 
1.710000 22.820000 65.360001 -8.930000 -26.080000 0.000000 4912.000000 -610.000000 4073.000000 -2047.000000 -2801.000000 4817.000000 
1.600000 23.240000 65.379997 -8.220000 -27.670000 0.000000 3624.000000 -1413.000000 6288.000000 55.000000 -2662.000000 6935.000000 
1.900000 24.350000 65.470001 -7.180000 -28.469999 0.000000 3092.000000 -996.000000 7195.000000 855.000000 -2486.000000 7199.000000 
1.950000 25.780001 65.480003 -5.920000 -29.330000 0.000000 3699.000000 -477.000000 7520.000000 1561.000000 -2842.000000 6835.000000 
1.480000 27.559999 65.220001 -4.770000 -30.040001 0.000000 5652.000000 -825.000000 7944.000000 -3067.000000 -2842.000000 5640.000000 
0.720000 29.990000 64.790001 -3.220000 -31.290001 0.000000 5489.000000 -110.000000 6059.000000 -139.000000 -2574.000000 6334.000000 
-0.390000 33.400002 63.970001 -1.700000 -32.349998 0.000000 4438.000000 -460.000000 4926.000000 155.000000 -2464.000000 6100.000000 
-1.560000 37.389999 62.950001 -0.170000 -33.419998 0.000000 3650.000000 -442.000000 3406.000000 1365.000000 -2183.000000 5535.000000 
-2.360000 41.689999 62.020000 1.560000 -34.560001 0.000000 3507.000000 111.000000 1947.000000 405.000000 -1979.000000 4813.000000 
-2.580000 45.950001 61.279999 3.150000 -35.709999 0.000000 3592.000000 97.000000 408.000000 -506.000000 -1711.000000 3614.000000 
-2.410000 49.279999 60.290001 4.510000 -36.590000 0.000000 2534.000000 467.000000 -427.000000 -1488.000000 -1246.000000 2751.000000 
-1.410000 51.049999 59.230000 5.400000 -37.189999 0.000000 1317.000000 343.000000 -558.000000 -1368.000000 -1481.000000 2553.000000 
0.730000 51.730000 58.959999 5.940000 -37.410000 0.000000 759.000000 417.000000 -232.000000 -1326.000000 -1785.000000 3472.000000 
3.430000 51.279999 59.090000 5.210000 -37.320000 0.000000 1212.000000 -89.000000 893.000000 -1531.000000 -2115.000000 3990.000000 
5.940000 49.970001 59.099998 3.970000 -36.730000 0.000000 2228.000000 -306.000000 1900.000000 -1252.000000 -2062.000000 3725.000000 
8.060000 48.230000 58.840000 2.730000 -35.700001 0.000000 2938.000000 -212.000000 2322.000000 -687.000000 -1939.000000 3087.000000 
9.600000 46.099998 58.029999 1.380000 -34.500000 0.000000 3612.000000 -609.000000 2822.000000 -353.000000 -1658.000000 2758.000000 
10.770000 43.910000 56.930000 0.130000 -33.470001 0.000000 3429.000000 -509.000000 3155.000000 74.000000 -1847.000000 2730.000000 
11.550000 41.810001 55.380001 -1.090000 -32.570000 0.000000 3305.000000 -759.000000 3465.000000 298.000000 -2283.000000 2983.000000 
12.140000 39.930000 53.560001 -2.250000 -31.900000 0.000000 3137.000000 -933.000000 3510.000000 310.000000 -2739.000000 2880.000000 
12.000000 38.580002 51.259998 -3.290000 -31.780001 0.000000 3249.000000 -1073.000000 3520.000000 -697.000000 -3146.000000 2585.000000 
11.570000 38.279999 48.880001 -4.330000 -31.990000 0.000000 3177.000000 -1254.000000 3514.000000 -1810.000000 -3352.000000 2192.000000 
11.140000 38.270000 46.529999 -5.380000 -32.189999 0.000000 2954.000000 -1399.000000 3414.000000 -2693.000000 -3439.000000 1898.000000 
10.990000 38.630001 44.389999 -6.520000 -32.419998 0.000000 2664.000000 -1510.000000 3422.000000 -3339.000000 -3482.000000 1807.000000 
11.070000 39.150002 42.480000 -7.660000 -32.630001 0.000000 2156.000000 -1657.000000 3784.000000 -3629.000000 -3386.000000 1878.000000 
11.420000 39.740002 40.869999 -8.560000 -32.720001 0.000000 1549.000000 -1698.000000 4007.000000 -3399.000000 -3085.000000 1694.000000 
11.920000 40.240002 39.540001 -9.210000 -32.680000 0.000000 1025.000000 -1581.000000 4101.000000 -2678.000000 -2591.000000 1337.000000 
12.450000 40.590000 38.330002 -9.680000 -32.540001 0.000000 704.000000 -1424.000000 4089.000000 -2159.000000 -2110.000000 1004.000000 
12.920000 40.720001 37.189999 -10.170000 -32.400002 0.000000 481.000000 -1367.000000 3448.000000 -1673.000000 -1841.000000 871.000000 
13.180000 40.660000 35.930000 -10.780000 -32.349998 0.000000 570.000000 -1316.000000 2994.000000 -1475.000000 -1790.000000 1025.000000 
13.240000 40.430000 34.580002 -11.580000 -32.509998 0.000000 319.000000 -1378.000000 2867.000000 -1142.000000 -1754.000000 916.000000 
13.010000 40.060001 33.080002 -12.770000 -32.810001 0.000000 541.000000 -1584.000000 2914.000000 -745.000000 -1699.000000 714.000000 
12.240000 39.549999 31.299999 -14.320000 -33.250000 0.000000 791.000000 -1735.000000 3106.000000 -668.000000 -1969.000000 831.000000 
11.020000 38.919998 29.299999 -16.180000 -33.869999 0.000000 1142.000000 -1904.000000 3508.000000 -854.000000 -2516.000000 1286.000000 
9.350000 38.189999 27.059999 -18.209999 -34.549999 0.000000 1539.000000 -2062.000000 3938.000000 -1804.000000 -3189.000000 1671.000000 
7.330000 37.320000 24.750000 -20.209999 -35.299999 0.000000 1842.000000 -2184.000000 4372.000000 -2529.000000 -3656.000000 1791.000000 
5.160000 36.520000 22.490000 -21.990000 -36.090000 0.000000 2166.000000 -2275.000000 4744.000000 -2637.000000 -3654.000000 1797.000000 
2.900000 36.040001 20.639999 -23.379999 -36.990002 0.000000 2418.000000 -2234.000000 5030.000000 -2326.000000 -3640.000000 2039.000000 
0.650000 35.810001 18.870001 -24.330000 -38.020000 0.000000 2339.000000 -2274.000000 5314.000000 -1990.000000 -3780.000000 2528.000000 
-1.540000 35.860001 17.250000 -24.740000 -39.110001 0.000000 2379.000000 -2141.000000 5250.000000 -1729.000000 -3865.000000 2767.000000 
-3.610000 36.070000 15.730000 -24.650000 -40.189999 0.000000 2297.000000 -2163.000000 4986.000000 -1693.000000 -3868.000000 2600.000000 
-5.400000 36.410000 14.400000 -24.160000 -41.230000 0.000000 1936.000000 -2067.000000 4526.000000 -1898.000000 -3789.000000 2333.000000 
-7.080000 36.580002 13.170000 -23.520000 -42.180000 0.000000 1256.000000 -2010.000000 3993.000000 -2013.000000 -3544.000000 1996.000000 
-8.620000 36.470001 12.130000 -22.889999 -43.110001 0.000000 1094.000000 -1774.000000 3119.000000 -1732.000000 -3264.000000 1613.000000 
-10.110000 35.990002 11.200000 -22.709999 -44.020000 0.000000 1400.000000 -1658.000000 2385.000000 -1636.000000 -3078.000000 1522.000000 
-11.580000 35.240002 10.310000 -23.070000 -45.000000 0.000000 1665.000000 -1636.000000 2175.000000 -1195.000000 -2937.000000 1602.000000 
-12.940000 34.049999 9.640000 -23.620001 -45.889999 0.000000 1702.000000 -1628.000000 2593.000000 -824.000000 -2869.000000 1907.000000 
-13.690000 32.549999 9.170000 -23.500000 -46.650002 0.000000 1778.000000 -1512.000000 3164.000000 -999.000000 -2940.000000 2168.000000 
-14.190000 31.129999 8.910000 -23.170000 -47.400002 0.000000 1949.000000 -1493.000000 3420.000000 -984.000000 -2955.000000 2220.000000 
-14.910000 29.840000 8.520000 -22.910000 -47.990002 0.000000 2188.000000 -1471.000000 3470.000000 -783.000000 -3041.000000 2495.000000 
-15.740000 28.660000 8.080000 -22.680000 -48.470001 0.000000 2405.000000 -1423.000000 3746.000000 -733.000000 -3121.000000 2813.000000 
-17.170000 27.860001 7.260000 -22.549999 -49.060001 0.000000 2457.000000 -1394.000000 3527.000000 -101.000000 -3341.000000 3179.000000 
-18.660000 27.379999 6.450000 -22.820000 -49.470001 0.000000 2254.000000 -1476.000000 3027.000000 -270.000000 -3529.000000 3603.000000 
-19.930000 27.049999 5.760000 -23.400000 -49.639999 0.000000 2117.000000 -1506.000000 2310.000000 -140.000000 -3600.000000 3799.000000 
-20.469999 26.030001 5.430000 -24.219999 -49.500000 0.000000 2229.000000 -1672.000000 1785.000000 -324.000000 -3522.000000 3335.000000 
-20.080000 25.680000 5.480000 -25.219999 -49.189999 0.000000 2143.000000 -1694.000000 1892.000000 -581.000000 -3482.000000 2989.000000 
-19.620001 24.660000 5.420000 -26.410000 -49.070000 0.000000 2133.000000 -1823.000000 2423.000000 -351.000000 -3350.000000 2535.000000 
-19.780001 23.219999 5.210000 -27.600000 -49.169998 0.000000 2373.000000 -1985.000000 3068.000000 -785.000000 -3422.000000 2481.000000 
-19.940001 21.780001 5.040000 -28.500000 -49.459999 0.000000 2503.000000 -2119.000000 3504.000000 -767.000000 -3579.000000 2493.000000 
-19.219999 21.010000 5.180000 -29.059999 -49.860001 0.000000 143.000000 -817.000000 3444.000000 -1394.000000 -3572.000000 2436.000000 
-18.910000 19.959999 5.270000 -29.350000 -50.400002 0.000000 2170.000000 -2138.000000 3913.000000 -289.000000 -3270.000000 2166.000000 
-18.580000 19.209999 5.410000 -29.770000 -50.509998 0.000000 2169.000000 -2219.000000 3487.000000 -37.000000 -3187.000000 2506.000000 
-18.200001 18.860001 5.530000 -30.719999 -50.639999 0.000000 2204.000000 -2235.000000 3013.000000 205.000000 -3019.000000 2483.000000 
-18.309999 18.139999 5.530000 -31.750000 -50.779999 0.000000 2033.000000 -2167.000000 2516.000000 58.000000 -2944.000000 2358.000000 
-18.240000 18.639999 5.630000 -32.130001 -50.919998 0.000000 334.000000 -973.000000 1714.000000 -17.000000 -3007.000000 2450.000000 
-18.260000 18.219999 5.810000 -33.290001 -51.750000 0.000000 2456.000000 -2149.000000 1970.000000 -241.000000 -3201.000000 2128.000000 
-19.400000 18.709999 5.490000 -33.349998 -52.930000 0.000000 1032.000000 -1831.000000 5077.000000 -448.000000 -3901.000000 2243.000000 
-20.559999 18.510000 5.330000 -34.259998 -54.430000 0.000000 2563.000000 -3715.000000 3963.000000 -1647.000000 -4525.000000 1999.000000 
-21.610001 19.299999 5.200000 -34.939999 -55.560001 0.000000 2597.000000 -3014.000000 3099.000000 -737.000000 -5819.000000 4116.000000 
-22.740000 20.010000 5.020000 -34.840000 -55.900002 0.000000 2751.000000 -2764.000000 3574.000000 263.000000 -4800.000000 3499.000000 
-23.809999 20.610001 4.830000 -34.660000 -56.889999 0.000000 130.000000 -925.000000 1775.000000 -181.000000 -4351.000000 2049.000000 
-24.209999 22.049999 4.760000 -35.400002 -57.259998 0.000000 2038.000000 -2703.000000 2897.000000 513.000000 -3902.000000 2809.000000 
-24.480000 23.360001 4.740000 -35.490002 -58.480000 0.000000 1583.000000 -2365.000000 2859.000000 -446.000000 -3692.000000 1628.000000 
-24.940001 24.320000 4.730000 -35.619999 -59.529999 0.000000 2071.000000 -2513.000000 3005.000000 -41.000000 -4445.000000 2566.000000 
-25.799999 24.160000 4.540000 -35.799999 -61.509998 0.000000 35.000000 -2647.000000 3079.000000 -602.000000 -4294.000000 1791.000000 
-25.680000 25.059999 4.970000 -35.599998 -64.129997 0.000000 1381.000000 -2220.000000 2980.000000 -893.000000 -4272.000000 592.000000 
-25.030001 25.610001 5.540000 -35.119999 -67.099998 0.000000 1907.000000 -2150.000000 2968.000000 -1355.000000 -4466.000000 675.000000 
-24.420000 25.910000 6.250000 -34.830002 -69.870003 0.000000 1717.000000 -2123.000000 2851.000000 1601.000000 -9697.000000 7391.000000 
-24.889999 26.620001 6.790000 -34.020000 -73.550003 0.000000 1619.000000 -2194.000000 3484.000000 -3666.000000 -3540.000000 -687.000000 
-25.299999 27.549999 7.480000 -33.860001 -76.169998 0.000000 1721.000000 -2230.000000 2997.000000 -588.000000 -3947.000000 578.000000 
-25.809999 28.299999 8.200000 -34.099998 -78.269997 0.000000 1586.000000 -2350.000000 2842.000000 917.000000 -3328.000000 57.000000 
-26.510000 28.580000 8.820000 -34.259998 -79.889999 0.000000 2052.000000 -2243.000000 2676.000000 566.000000 -2896.000000 679.000000 
-26.500000 28.559999 9.900000 -34.570000 -81.089996 0.000000 3199.000000 -2213.000000 2010.000000 330.000000 -3036.000000 616.000000 
-26.430000 28.260000 10.730000 -35.090000 -81.699997 0.000000 2627.000000 -2469.000000 2705.000000 476.000000 -4280.000000 1237.000000 
-26.000000 28.290001 11.670000 -35.389999 -81.959999 0.000000 2790.000000 -2509.000000 3388.000000 147.000000 -3506.000000 669.000000 
-25.389999 29.209999 12.340000 -35.849998 -82.019997 0.000000 1836.000000 -2515.000000 3075.000000 -488.000000 -3563.000000 427.000000 
-24.670000 30.139999 13.110000 -36.380001 -81.910004 0.000000 1996.000000 -2458.000000 2882.000000 -1612.000000 -5316.000000 919.000000 
-23.570000 30.360001 14.270000 -37.009998 -81.879997 0.000000 1101.000000 -3234.000000 3606.000000 -2353.000000 -4490.000000 395.000000 
-22.690001 30.049999 15.460000 -36.750000 -81.820000 0.000000 2314.000000 -2007.000000 3025.000000 -2089.000000 -4139.000000 168.000000 
-22.950001 30.160000 16.139999 -36.910000 -81.900002 0.000000 2787.000000 -2847.000000 2553.000000 -746.000000 -4705.000000 -12.000000 
-23.260000 30.110001 16.650000 -36.799999 -82.150002 0.000000 3254.000000 -2221.000000 1620.000000 -923.000000 -3975.000000 -10.000000 
-23.490000 29.840000 17.110001 -36.660000 -82.500000 0.000000 2660.000000 -2942.000000 3208.000000 -420.000000 -4390.000000 9.000000 
-23.090000 29.420000 18.010000 -36.369999 -83.120003 0.000000 2481.000000 -2444.000000 3106.000000 3616.000000 5364.000000 -4495.000000 
-23.129999 29.879999 18.230000 -36.880001 -84.040001 0.000000 868.000000 -2961.000000 2835.000000 330.000000 -6328.000000 1000.000000 
-23.469999 29.660000 18.160000 -37.340000 -84.870003 0.000000 3067.000000 -2880.000000 3225.000000 -2503.000000 -8476.000000 1734.000000 
-22.650000 30.410000 18.580000 -37.029999 -85.080002 0.000000 1705.000000 -2901.000000 4625.000000 -3701.000000 -7168.000000 753.000000 
-21.129999 31.240000 19.450001 -36.369999 -84.610001 0.000000 2039.000000 -2837.000000 3997.000000 130.000000 -3884.000000 -436.000000 
-19.030001 31.730000 20.840000 -35.669998 -83.959999 0.000000 1995.000000 -3009.000000 4035.000000 -2004.000000 -3888.000000 -653.000000 
-17.760000 31.010000 21.889999 -34.549999 -83.480003 0.000000 2595.000000 -3109.000000 4820.000000 -2449.000000 -4083.000000 -799.000000 
-15.970000 30.709999 23.100000 -33.570000 -82.830002 0.000000 1739.000000 -2940.000000 4375.000000 -2411.000000 -3448.000000 -666.000000 
-14.470000 31.570000 24.480000 -32.000000 -82.019997 0.000000 2446.000000 -2489.000000 4163.000000 -1330.000000 -2837.000000 -286.000000 
-13.720000 32.849998 25.520000 -30.510000 -81.379997 0.000000 2668.000000 -2472.000000 3764.000000 -1756.000000 -4312.000000 -197.000000 
-13.820000 34.230000 26.120001 -28.620001 -80.769997 0.000000 3327.000000 -2280.000000 4265.000000 -1710.000000 -4296.000000 -30.000000 
-13.870000 36.139999 26.809999 -26.559999 -80.169998 0.000000 2349.000000 -2229.000000 5266.000000 -1128.000000 -3451.000000 -162.000000 
-14.110000 38.119999 27.330000 -23.709999 -79.820000 0.000000 3534.000000 -1479.000000 6080.000000 -1471.000000 -3076.000000 -588.000000 
-14.420000 40.220001 27.840000 -21.510000 -78.910004 0.000000 3394.000000 -2281.000000 4390.000000 -3532.000000 687.000000 1259.000000 
-14.560000 42.540001 28.420000 -19.660000 -78.309998 0.000000 2421.000000 -2227.000000 3190.000000 -3201.000000 -4255.000000 25.000000 
-14.450000 44.950001 29.090000 -17.680000 -77.419998 0.000000 1442.000000 -1753.000000 3158.000000 -2838.000000 -3842.000000 73.000000 
-14.250000 47.349998 29.830000 -15.970000 -76.489998 0.000000 2267.000000 -1589.000000 3706.000000 -1916.000000 -2763.000000 -324.000000 
-14.030000 49.740002 30.610001 -14.330000 -75.720001 0.000000 1933.000000 -1467.000000 3794.000000 -1555.000000 -2684.000000 -347.000000 
-13.830000 52.180000 31.379999 -12.980000 -75.360001 0.000000 2166.000000 -1460.000000 3748.000000 -1742.000000 -2465.000000 -234.000000 
-13.740000 54.770000 32.040001 -11.460000 -75.389999 0.000000 2511.000000 -1364.000000 3744.000000 -2386.000000 -2604.000000 61.000000 
-14.110000 57.509998 32.349998 -9.750000 -75.629997 0.000000 2700.000000 -1245.000000 4253.000000 -2191.000000 -2387.000000 222.000000 
-14.780000 60.360001 32.320000 -7.530000 -76.260002 0.000000 3531.000000 -947.000000 4872.000000 -2232.000000 -2206.000000 -41.000000 
-15.670000 63.310001 31.990000 -5.300000 -77.300003 0.000000 3362.000000 -867.000000 4578.000000 -2467.000000 -2168.000000 -24.000000 
-16.840000 66.400002 31.379999 -3.170000 -78.889999 0.000000 2331.000000 -587.000000 3980.000000 -3030.000000 -2842.000000 -12.000000 
-18.520000 69.570000 30.270000 -1.320000 -80.889999 0.000000 2236.000000 -571.000000 3402.000000 -2837.000000 -2206.000000 -208.000000 
-21.059999 72.750000 28.350000 0.490000 -83.250000 0.000000 1971.000000 -123.000000 3023.000000 -2789.000000 -1703.000000 -93.000000 
-25.309999 75.830002 24.780001 2.120000 -86.040001 0.000000 1162.000000 140.000000 2672.000000 -2942.000000 -1633.000000 -45.000000 
-32.419998 78.599998 18.459999 3.630000 -89.139999 0.000000 775.000000 305.000000 2290.000000 -2981.000000 -1628.000000 -83.000000 
-44.270000 80.800003 7.430000 4.320000 -92.279999 0.000000 867.000000 198.000000 2424.000000 -2830.000000 -1633.000000 -84.000000 
-62.799999 82.199997 -10.430000 5.250000 -95.339996 0.000000 240.000000 372.000000 2593.000000 -2825.000000 -1443.000000 -70.000000 
-87.400002 82.720001 -34.849998 6.290000 -98.410004 0.000000 -471.000000 628.000000 2346.000000 -3222.000000 -1271.000000 -47.000000 
-110.519997 82.510002 -58.009998 7.490000 -101.769997 0.000000 -293.000000 870.000000 2544.000000 -2907.000000 -1447.000000 -292.000000 
-127.510002 81.860001 -74.790001 8.380000 -104.809998 0.000000 -516.000000 924.000000 2637.000000 -3779.000000 -1914.000000 -204.000000 
-139.460007 80.900002 -86.269997 8.660000 -107.209999 0.000000 -440.000000 788.000000 2742.000000 -3714.000000 -1963.000000 -165.000000 
-147.679993 79.820000 -93.919998 8.430000 -108.720001 0.000000 -613.000000 666.000000 3089.000000 -3158.000000 -1846.000000 -5.000000 
-153.009995 78.739998 -98.669998 7.770000 -110.070000 0.000000 -404.000000 397.000000 3653.000000 -2911.000000 -1618.000000 -66.000000 
-157.059998 77.629997 -102.129997 7.180000 -111.190002 0.000000 365.000000 220.000000 3980.000000 -2978.000000 -1737.000000 45.000000 
-159.770004 76.629997 -104.339996 6.570000 -112.360001 0.000000 214.000000 253.000000 3773.000000 -2916.000000 -1578.000000 -122.000000 
-161.520004 75.760002 -105.669998 6.000000 -114.510002 0.000000 -151.000000 386.000000 3495.000000 -2513.000000 -814.000000 -614.000000 
-162.979996 74.870003 -106.699997 5.570000 -114.970001 0.000000 -321.000000 579.000000 2982.000000 -3233.000000 -2104.000000 -200.000000 
-163.729996 73.949997 -107.029999 4.940000 -115.989998 0.000000 -1024.000000 421.000000 3288.000000 -3225.000000 -2254.000000 -398.000000 
-163.720001 72.870003 -106.570000 4.310000 -118.120003 0.000000 -778.000000 454.000000 3165.000000 -3602.000000 -1922.000000 -651.000000 
-163.580002 71.889999 -106.010002 3.620000 -121.769997 0.000000 -1136.000000 278.000000 3387.000000 -3603.000000 -1453.000000 -1298.000000 
-163.779999 70.940002 -105.839996 2.760000 -125.989998 0.000000 -1037.000000 -80.000000 4052.000000 -3957.000000 -1400.000000 -1660.000000 
-164.190002 69.809998 -105.820000 1.800000 -130.679993 0.000000 -877.000000 -466.000000 5079.000000 -4403.000000 -1430.000000 -1623.000000 
-164.949997 68.449997 -106.139999 0.770000 -135.330002 0.000000 -402.000000 -1145.000000 6512.000000 -4108.000000 -1324.000000 -1513.000000 
-165.830002 67.070000 -106.550003 0.110000 -138.899994 0.000000 -923.000000 -305.000000 4500.000000 -3507.000000 -1624.000000 -927.000000 
-166.789993 65.540001 -106.989998 -0.570000 -142.979996 0.000000 -1136.000000 -457.000000 3967.000000 -3124.000000 -1191.000000 -1068.000000 
-167.300003 64.050003 -107.000000 -1.070000 -147.639999 0.000000 -803.000000 -399.000000 3732.000000 -2805.000000 -628.000000 -1138.000000 
-167.190002 62.740002 -106.410004 -1.300000 -151.960007 0.000000 -1025.000000 -147.000000 3647.000000 -2837.000000 -588.000000 -1072.000000 
-167.080002 61.430000 -105.849998 -1.490000 -155.050003 0.000000 -1048.000000 -122.000000 3561.000000 -3062.000000 -1063.000000 -1006.000000 
-166.949997 60.049999 -105.209999 -1.760000 -157.789993 0.000000 -970.000000 -193.000000 3605.000000 -3258.000000 -1200.000000 -1225.000000 
-166.639999 58.560001 -104.440002 -2.170000 -161.059998 0.000000 -949.000000 -248.000000 3733.000000 -3284.000000 -759.000000 -1582.000000 
-166.029999 57.000000 -103.430000 -2.900000 -164.869995 0.000000 -1066.000000 -495.000000 3857.000000 -3514.000000 -330.000000 -2238.000000 
-165.350006 55.430000 -102.389999 -3.930000 -168.179993 0.000000 -1019.000000 -1110.000000 5000.000000 -3840.000000 -764.000000 -2162.000000 
-164.880005 54.000000 -101.570000 -4.730000 -171.380005 0.000000 -1504.000000 -813.000000 4446.000000 -3557.000000 -687.000000 -1948.000000 
-164.850006 52.770000 -101.160004 -5.530000 -174.570007 0.000000 -1586.000000 -881.000000 4156.000000 -3843.000000 -341.000000 -2008.000000 
-164.669998 51.840000 -100.589996 -6.240000 -177.100006 0.000000 -1786.000000 -704.000000 3659.000000 -3438.000000 -359.000000 -1895.000000 
-164.250000 51.160000 -99.879997 -6.780000 -178.869995 0.000000 -1964.000000 -588.000000 3347.000000 -3348.000000 -486.000000 -1900.000000 
-163.559998 50.740002 -98.919998 -7.100000 -179.789993 0.000000 -2251.000000 -440.000000 2888.000000 -3556.000000 -686.000000 -1971.000000 
-162.820007 50.590000 -97.889999 -7.690000 179.869995 0.000000 -2212.000000 -717.000000 3079.000000 -3852.000000 -671.000000 -2128.000000 
-162.089996 50.540001 -96.879997 -8.320000 179.820007 0.000000 -2210.000000 -960.000000 3485.000000 -3922.000000 -564.000000 -2333.000000 
-161.539993 50.439999 -96.010002 -8.980000 179.880005 0.000000 -2058.000000 -1235.000000 3934.000000 -4154.000000 -474.000000 -2403.000000 
-161.210007 50.520000 -95.410004 -9.480000 -179.899994 0.000000 -2163.000000 -1276.000000 4093.000000 -4037.000000 -571.000000 -2215.000000 
-161.139999 50.810001 -95.019997 -9.770000 -179.619995 0.000000 -2135.000000 -1185.000000 3942.000000 -4021.000000 -511.000000 -2209.000000 
-161.199997 51.110001 -94.839996 -9.920000 -179.389999 0.000000 -1989.000000 -1223.000000 4113.000000 -3862.000000 -306.000000 -2213.000000 
-161.339996 51.439999 -94.730003 -9.980000 -179.089996 0.000000 -1930.000000 -1153.000000 4150.000000 -3624.000000 -282.000000 -2050.000000 
-161.490005 51.860001 -94.650002 -9.860000 -178.740005 0.000000 -2115.000000 -843.000000 3675.000000 -3196.000000 -245.000000 -1940.000000 
-161.619995 52.470001 -94.559998 -9.640000 -178.259995 0.000000 -1962.000000 -704.000000 3529.000000 -3225.000000 -210.000000 -1947.000000 
-161.630005 53.189999 -94.360001 -9.440000 -177.570007 0.000000 -1870.000000 -735.000000 3590.000000 -3184.000000 -199.000000 -1862.000000 
-161.580002 53.820000 -94.080002 -9.320000 -176.369995 0.000000 -1698.000000 -751.000000 3622.000000 -3348.000000 -589.000000 -1689.000000 
-161.619995 54.160000 -93.879997 -9.240000 -174.979996 0.000000 -1455.000000 -772.000000 3663.000000 -3206.000000 -748.000000 -1602.000000 
-161.309998 54.490002 -93.400002 -9.190000 -173.679993 0.000000 -1125.000000 -759.000000 3799.000000 -3042.000000 -699.000000 -1639.000000 
-160.649994 54.959999 -92.639999 -9.160000 -172.339996 0.000000 -872.000000 -740.000000 4045.000000 -3062.000000 -837.000000 -1636.000000 
-160.110001 55.439999 -92.000000 -9.160000 -170.979996 0.000000 -771.000000 -756.000000 4137.000000 -3194.000000 -1009.000000 -1621.000000 
-159.630005 55.779999 -91.430000 -9.280000 -169.750000 0.000000 -821.000000 -826.000000 4079.000000 -3138.000000 -1015.000000 -1701.000000 
-159.089996 55.980000 -90.930000 -9.510000 -168.809998 0.000000 -941.000000 -856.000000 3905.000000 -3058.000000 -817.000000 -1922.000000 
-158.220001 56.110001 -90.160004 -9.900000 -168.020004 0.000000 -1069.000000 -1003.000000 3906.000000 -3327.000000 -733.000000 -2030.000000 
-157.300003 56.220001 -89.370003 -10.520000 -167.250000 0.000000 -1269.000000 -1080.000000 3831.000000 -3504.000000 -734.000000 -2151.000000 
-156.580002 56.349998 -88.820000 -11.310000 -166.539993 0.000000 -1335.000000 -1257.000000 3935.000000 -3579.000000 -711.000000 -2278.000000 
-155.940002 56.590000 -88.349998 -12.060000 -165.960007 0.000000 -1375.000000 -1408.000000 4124.000000 -3404.000000 -600.000000 -2334.000000 
-155.220001 56.759998 -87.800003 -12.740000 -165.440002 0.000000 -1367.000000 -1438.000000 4200.000000 -3359.000000 -594.000000 -2304.000000 
-154.570007 56.900002 -87.260002 -13.330000 -164.869995 0.000000 -1388.000000 -1394.000000 4092.000000 -3251.000000 -708.000000 -2261.000000 
-154.050003 57.000000 -86.830002 -13.890000 -164.410004 0.000000 -1298.000000 -1399.000000 4089.000000 -3235.000000 -671.000000 -2294.000000 
-153.679993 57.049999 -86.599998 -14.420000 -164.039993 0.000000 -1277.000000 -1402.000000 4275.000000 -3368.000000 -615.000000 -2297.000000 
-153.479996 56.980000 -86.510002 -14.870000 -163.639999 0.000000 -1207.000000 -1431.000000 4331.000000 -3297.000000 -734.000000 -2223.000000 
-153.309998 56.880001 -86.470001 -15.250000 -163.229996 0.000000 -1162.000000 -1377.000000 4075.000000 -3288.000000 -779.000000 -2170.000000 
-153.149994 56.770000 -86.489998 -15.450000 -162.820007 0.000000 -1106.000000 -1254.000000 3816.000000 -3133.000000 -797.000000 -2068.000000 
-152.970001 56.570000 -86.459999 -15.770000 -162.619995 0.000000 -1199.000000 -1359.000000 3845.000000 -3143.000000 -636.000000 -2149.000000 
-152.800003 56.380001 -86.470001 -15.780000 -162.500000 0.000000 -1300.000000 -1295.000000 3855.000000 -2966.000000 -598.000000 -2145.000000 
-152.610001 56.169998 -86.470001 -15.780000 -162.509995 0.000000 -1272.000000 -1302.000000 3812.000000 -3126.000000 -521.000000 -2238.000000 
-152.440002 55.980000 -86.489998 -15.820000 -162.660004 0.000000 -1488.000000 -1303.000000 3827.000000 -3092.000000 -351.000000 -2286.000000 
-152.449997 55.810001 -86.690002 -15.990000 -163.110001 0.000000 -1569.000000 -1380.000000 3773.000000 -3235.000000 34.000000 -2527.000000 
-152.449997 55.660000 -86.849998 -16.080000 -163.460007 0.000000 -1628.000000 -1361.000000 3703.000000 -3082.000000 -55.000000 -2465.000000 
-152.520004 55.520000 -87.029999 -16.190001 -163.880005 0.000000 -1907.000000 -1282.000000 3583.000000 -3236.000000 117.000000 -2465.000000 
-152.639999 55.439999 -87.220001 -16.320000 -164.350006 0.000000 -1995.000000 -1378.000000 3710.000000 -3255.000000 263.000000 -2586.000000 
-152.699997 55.279999 -87.330002 -16.280001 -164.610001 0.000000 -1844.000000 -1378.000000 3837.000000 -3387.000000 87.000000 -2594.000000 
-152.660004 55.090000 -87.300003 -16.330000 -164.559998 0.000000 -1726.000000 -1425.000000 3761.000000 -3121.000000 -288.000000 -2383.000000 
-152.550003 54.900002 -87.209999 -16.530001 -164.250000 0.000000 -1370.000000 -1402.000000 3519.000000 -3042.000000 -555.000000 -2227.000000 
-152.369995 54.709999 -87.080002 -16.600000 -163.979996 0.000000 -1406.000000 -1408.000000 3657.000000 -2981.000000 -478.000000 -2297.000000 
-152.369995 54.570000 -87.120003 -16.590000 -163.839996 0.000000 -1531.000000 -1358.000000 3607.000000 -2984.000000 -315.000000 -2316.000000 
-152.440002 54.529999 -87.250000 -16.650000 -164.000000 0.000000 -1892.000000 -1388.000000 3668.000000 -3288.000000 167.000000 -2550.000000 
-152.580002 54.529999 -87.389999 -16.940001 -164.029999 0.000000 -1973.000000 -1547.000000 3630.000000 -3259.000000 115.000000 -2586.000000 
-152.610001 54.470001 -87.410004 -17.260000 -163.679993 0.000000 -1694.000000 -1602.000000 3743.000000 -3268.000000 -301.000000 -2459.000000 
-152.559998 54.320000 -87.330002 -17.320000 -163.289993 0.000000 -1417.000000 -1683.000000 3979.000000 -3164.000000 -425.000000 -2455.000000 
-152.479996 54.220001 -87.239998 -17.240000 -162.979996 0.000000 -1504.000000 -1506.000000 3785.000000 -2929.000000 -431.000000 -2304.000000 
-152.449997 54.160000 -87.199997 -16.950001 -162.850006 0.000000 -1507.000000 -1463.000000 3820.000000 -2969.000000 -353.000000 -2331.000000 
-152.580002 54.070000 -87.349998 -16.820000 -162.809998 0.000000 -1489.000000 -1490.000000 3760.000000 -3225.000000 -336.000000 -2351.000000 
-152.750000 54.009998 -87.519997 -16.780001 -162.770004 0.000000 -1426.000000 -1588.000000 3954.000000 -3153.000000 -343.000000 -2348.000000 
-152.940002 53.889999 -87.730003 -16.860001 -162.559998 0.000000 -1293.000000 -1516.000000 3733.000000 -3298.000000 -600.000000 -2241.000000 
-153.020004 53.779999 -87.839996 -16.799999 -162.479996 0.000000 -1539.000000 -1408.000000 3559.000000 -3303.000000 -368.000000 -2238.000000 
-153.169998 53.770000 -88.000000 -16.680000 -162.070007 0.000000 -1406.000000 -1373.000000 3374.000000 -3115.000000 -520.000000 -2055.000000 
-153.330002 53.720001 -88.160004 -16.670000 -161.690002 0.000000 -1364.000000 -1330.000000 3322.000000 -3135.000000 -383.000000 -2064.000000 
-153.479996 53.630001 -88.290001 -16.400000 -161.509995 0.000000 -1558.000000 -1334.000000 3586.000000 -3156.000000 -100.000000 -2118.000000 
-153.789993 53.560001 -88.570000 -15.910000 -161.449997 0.000000 -1511.000000 -1437.000000 3957.000000 -2858.000000 -18.000000 -2309.000000 
-154.020004 53.419998 -88.750000 -15.750000 -161.119995 0.000000 -1001.000000 -1418.000000 3673.000000 -3236.000000 -513.000000 -2048.000000 
-153.949997 53.080002 -88.720001 -15.530000 -160.539993 0.000000 -1041.000000 -1469.000000 4073.000000 -3264.000000 -889.000000 -2014.000000 
-153.809998 52.880001 -88.660004 -15.050000 -160.220001 0.000000 -1212.000000 -1366.000000 3995.000000 -3147.000000 -730.000000 -2021.000000 
-153.919998 52.930000 -88.900002 -14.730000 -160.139999 0.000000 -1520.000000 -1232.000000 3714.000000 -3197.000000 -531.000000 -2064.000000 
-154.270004 53.099998 -89.309998 -14.620000 -160.410004 0.000000 -1808.000000 -1371.000000 3914.000000 -3380.000000 -53.000000 -2518.000000 
-154.619995 53.320000 -89.680000 -14.400000 -160.649994 0.000000 -1727.000000 -1136.000000 3633.000000 -3651.000000 -44.000000 -2294.000000 
-154.949997 53.470001 -89.919998 -14.580000 -160.520004 0.000000 -1617.000000 -1466.000000 3790.000000 -3511.000000 -316.000000 -2214.000000 
-155.000000 53.470001 -89.959999 -14.650000 -160.320007 0.000000 -1518.000000 -1565.000000 4174.000000 -3311.000000 -218.000000 -2257.000000 
-155.080002 53.509998 -89.970001 -14.500000 -159.559998 0.000000 -1325.000000 -1325.000000 3759.000000 -3281.000000 -762.000000 -2036.000000 
-155.130005 53.480000 -89.900002 -14.520000 -158.979996 0.000000 -1319.000000 -1404.000000 3918.000000 -3157.000000 -591.000000 -2030.000000 
-155.250000 53.419998 -89.940002 -14.760000 -158.240005 0.000000 -1184.000000 -1329.000000 3673.000000 -3303.000000 -761.000000 -1910.000000 
-155.330002 53.410000 -89.940002 -14.900000 -157.509995 0.000000 -1342.000000 -1413.000000 3832.000000 -3198.000000 -723.000000 -1784.000000 
-155.369995 53.380001 -89.910004 -15.130000 -157.160004 0.000000 -1321.000000 -1449.000000 3880.000000 -3254.000000 -569.000000 -2053.000000 
-155.339996 53.389999 -89.839996 -15.460000 -156.830002 0.000000 -1243.000000 -1552.000000 4084.000000 -3358.000000 -691.000000 -2051.000000 
-155.240005 53.389999 -89.660004 -15.830000 -156.610001 0.000000 -1181.000000 -1582.000000 4049.000000 -3420.000000 -764.000000 -2005.000000 
-155.190002 53.419998 -89.580002 -15.890000 -156.539993 0.000000 -1251.000000 -1516.000000 4015.000000 -3359.000000 -708.000000 -1967.000000 
-155.240005 53.490002 -89.599998 -15.960000 -156.550003 0.000000 -1229.000000 -1486.000000 3873.000000 -3176.000000 -700.000000 -1926.000000 
-155.369995 53.470001 -89.680000 -15.940000 -156.619995 0.000000 -1230.000000 -1507.000000 3989.000000 -3287.000000 -736.000000 -1918.000000 
-155.429993 53.360001 -89.699997 -15.950000 -156.619995 0.000000 -1040.000000 -1481.000000 3896.000000 -3288.000000 -876.000000 -1820.000000 
-155.410004 53.189999 -89.650002 -15.860000 -156.830002 0.000000 -1081.000000 -1452.000000 3863.000000 -3214.000000 -805.000000 -1825.000000 
-155.410004 53.139999 -89.699997 -15.740000 -157.210007 0.000000 -1161.000000 -1383.000000 3758.000000 -3242.000000 -726.000000 -1863.000000 
-155.509995 53.090000 -89.830002 -15.690000 -157.839996 0.000000 -1306.000000 -1393.000000 3790.000000 -3235.000000 -553.000000 -1920.000000 
-155.630005 53.049999 -89.949997 -15.580000 -158.729996 0.000000 -1452.000000 -1409.000000 3820.000000 -3302.000000 -358.000000 -2023.000000 
-155.809998 53.060001 -90.150002 -15.540000 -159.580002 0.000000 -1445.000000 -1460.000000 3795.000000 -3526.000000 -430.000000 -2029.000000 
-155.979996 53.000000 -90.269997 -15.580000 -160.279999 0.000000 -1358.000000 -1495.000000 3790.000000 -3350.000000 -458.000000 -2063.000000 
-155.979996 52.900002 -90.230003 -15.460000 -160.860001 0.000000 -1288.000000 -1462.000000 3910.000000 -3300.000000 -524.000000 -2038.000000 
-155.940002 52.790001 -90.220001 -15.360000 -161.380005 0.000000 -1224.000000 -1452.000000 3899.000000 -3328.000000 -600.000000 -2034.000000 
-155.910004 52.689999 -90.209999 -15.270000 -161.880005 0.000000 -1220.000000 -1451.000000 3954.000000 -3402.000000 -655.000000 -2067.000000 
-155.889999 52.590000 -90.230003 -15.260000 -162.580002 0.000000 -1223.000000 -1530.000000 4147.000000 -3391.000000 -520.000000 -2116.000000 
-155.919998 52.560001 -90.290001 -15.090000 -163.589996 0.000000 -1318.000000 -1540.000000 4188.000000 -3352.000000 -294.000000 -2181.000000 
-156.139999 52.560001 -90.510002 -15.020000 -164.720001 0.000000 -1404.000000 -1490.000000 4080.000000 -3173.000000 -299.000000 -2132.000000 
-156.690002 52.500000 -90.970001 -15.440000 -166.559998 0.000000 -2737.000000 -3943.000000 5742.000000 -3865.000000 539.000000 -2426.000000 
-157.070007 52.410000 -91.220001 -14.410000 -167.529999 0.000000 -1330.000000 -1046.000000 3548.000000 -3003.000000 -470.000000 -1889.000000 
-157.449997 52.330002 -91.489998 -13.990000 -168.679993 0.000000 -1489.000000 -1192.000000 3515.000000 -3113.000000 -202.000000 -2038.000000 
-157.759995 52.330002 -91.639999 -13.670000 -169.779999 0.000000 -1574.000000 -1195.000000 3507.000000 -2949.000000 1.000000 -2132.000000 
-158.000000 52.290001 -91.709999 -13.420000 -170.630005 0.000000 -1595.000000 -1152.000000 3469.000000 -3026.000000 -34.000000 -2145.000000 
-158.070007 52.189999 -91.580002 -13.240000 -171.270004 0.000000 -1584.000000 -1184.000000 3523.000000 -3108.000000 -101.000000 -2192.000000 
-157.910004 52.080002 -91.260002 -13.130000 -171.509995 0.000000 -1455.000000 -1202.000000 3629.000000 -3046.000000 -377.000000 -2119.000000 
-157.649994 51.889999 -90.839996 -13.050000 -171.490005 0.000000 -1190.000000 -1218.000000 3751.000000 -3096.000000 -576.000000 -2078.000000 
-157.330002 51.680000 -90.449997 -12.990000 -171.509995 0.000000 -1222.000000 -1221.000000 3825.000000 -3157.000000 -557.000000 -2148.000000 
-157.160004 51.540001 -90.260002 -12.980000 -171.479996 0.000000 -1402.000000 -1174.000000 3689.000000 -3298.000000 -558.000000 -2125.000000 
-157.179993 51.480000 -90.220001 -12.870000 -171.610001 0.000000 -1717.000000 -1082.000000 3534.000000 -3373.000000 -369.000000 -2194.000000 
-157.229996 51.500000 -90.239998 -12.920000 -171.830002 0.000000 -1805.000000 -1240.000000 3716.000000 -3499.000000 -188.000000 -2277.000000 
-157.309998 51.520000 -90.250000 -12.890000 -172.050003 0.000000 -1929.000000 -1218.000000 3720.000000 -3460.000000 -82.000000 -2350.000000 
-157.399994 51.650002 -90.239998 -12.840000 -172.309998 0.000000 -2016.000000 -1194.000000 3668.000000 -3304.000000 65.000000 -2335.000000 
-157.490005 51.820000 -90.180000 -12.710000 -172.389999 0.000000 -1933.000000 -1133.000000 3725.000000 -3242.000000 -41.000000 -2284.000000 
-157.580002 51.910000 -90.099998 -12.450000 -172.410004 0.000000 -1846.000000 -1100.000000 3785.000000 -3257.000000 -42.000000 -2218.000000 
-157.639999 51.939999 -90.040001 -12.150000 -172.520004 0.000000 -1881.000000 -1050.000000 3711.000000 -3216.000000 74.000000 -2184.000000 
-157.750000 51.980000 -90.000000 -11.940000 -172.740005 0.000000 -2137.000000 -996.000000 3597.000000 -3289.000000 345.000000 -2337.000000 
-157.910004 52.060001 -89.989998 -11.740000 -173.130005 0.000000 -2520.000000 -927.000000 3342.000000 -3366.000000 657.000000 -2422.000000 
-158.199997 52.169998 -90.010002 -11.550000 -173.399994 0.000000 -2508.000000 -924.000000 3294.000000 -3402.000000 672.000000 -2453.000000 
-158.389999 52.240002 -89.860001 -11.260000 -173.419998 0.000000 -2470.000000 -997.000000 3532.000000 -3518.000000 479.000000 -2381.000000 
-158.369995 52.250000 -89.470001 -10.940000 -173.289993 0.000000 -2450.000000 -988.000000 3461.000000 -3513.000000 429.000000 -2391.000000 
-158.259995 52.259998 -88.940002 -10.540000 -172.729996 0.000000 -2526.000000 -968.000000 3312.000000 -3808.000000 89.000000 -2271.000000 
-158.039993 52.470001 -88.269997 -9.990000 -172.330002 0.000000 -2627.000000 -826.000000 3093.000000 -3388.000000 627.000000 -2396.000000 
-157.929993 52.840000 -87.639999 -9.440000 -171.059998 0.000000 -2492.000000 -837.000000 3205.000000 -3608.000000 118.000000 -2322.000000 
-157.779999 53.139999 -86.940002 -8.980000 -169.970001 0.000000 -2419.000000 -888.000000 3504.000000 -3033.000000 785.000000 -2423.000000 
-157.520004 53.480000 -86.070000 -8.630000 -168.949997 0.000000 -3561.000000 -1025.000000 3399.000000 -3697.000000 241.000000 -2539.000000 
-157.309998 53.860001 -85.160004 -8.480000 -168.339996 0.000000 -1801.000000 -1186.000000 4116.000000 -3757.000000 343.000000 -2626.000000 
-157.190002 54.200001 -84.300003 -8.000000 -165.270004 0.000000 -1405.000000 -1086.000000 4300.000000 -4876.000000 -1568.000000 -1531.000000 
-157.149994 54.560001 -83.529999 -8.040000 -162.880005 0.000000 -2266.000000 -1145.000000 3677.000000 -1658.000000 897.000000 -2852.000000 
-156.850006 55.099998 -82.580002 -8.240000 -161.660004 0.000000 -1938.000000 -1132.000000 4095.000000 -2858.000000 1788.000000 -2779.000000 
-156.529999 55.500000 -81.620003 -7.820000 -161.190002 0.000000 -1846.000000 -775.000000 3809.000000 -2842.000000 -139.000000 -2370.000000 
-156.330002 55.950001 -80.699997 -7.510000 -161.229996 0.000000 -2235.000000 -791.000000 3401.000000 -3253.000000 -382.000000 -2024.000000 
-156.050003 56.480000 -79.699997 -7.260000 -160.889999 0.000000 -2452.000000 -720.000000 3177.000000 -3403.000000 -281.000000 -2057.000000 
-155.529999 57.209999 -78.480003 -7.100000 -160.009995 0.000000 -2434.000000 -766.000000 3104.000000 -3365.000000 -182.000000 -2172.000000 
-154.899994 58.119999 -77.099998 -6.940000 -158.550003 0.000000 -2010.000000 -732.000000 3287.000000 -3562.000000 -298.000000 -2191.000000 
-154.149994 59.139999 -75.570000 -6.960000 -156.919998 0.000000 -1441.000000 -784.000000 3862.000000 -3476.000000 -221.000000 -2279.000000 
-153.500000 60.099998 -74.040001 -6.940000 -154.809998 0.000000 -885.000000 -722.000000 4121.000000 -3346.000000 -569.000000 -2002.000000 
-153.119995 61.110001 -72.779999 -7.200000 -152.479996 0.000000 -657.000000 -942.000000 4790.000000 -4028.000000 -918.000000 -1997.000000 
-152.970001 62.070000 -71.720001 -7.430000 -150.339996 0.000000 -854.000000 -971.000000 5103.000000 -4109.000000 -987.000000 -1968.000000 
-153.080002 62.840000 -70.900002 -7.150000 -148.600006 0.000000 -505.000000 -761.000000 5235.000000 -3544.000000 -823.000000 -1922.000000 
-153.460007 63.750000 -70.339996 -6.520000 -147.110001 0.000000 -1289.000000 -423.000000 4237.000000 -3512.000000 -446.000000 -1536.000000 
-153.779999 64.980003 -69.809998 -5.820000 -145.500000 0.000000 -1008.000000 -382.000000 3807.000000 -3349.000000 -309.000000 -1905.000000 
-154.110001 66.430000 -69.230003 -5.030000 -142.850006 0.000000 -1747.000000 -342.000000 3589.000000 -4053.000000 -1064.000000 -1888.000000 
-154.389999 68.000000 -68.410004 -4.140000 -139.250000 0.000000 -974.000000 -406.000000 3607.000000 -3906.000000 -1090.000000 -1495.000000 
-154.259995 69.589996 -67.139999 -3.200000 -134.580002 0.000000 -175.000000 -420.000000 4357.000000 -2979.000000 -1536.000000 -1573.000000 
-153.330002 71.120003 -65.120003 -2.370000 -128.720001 0.000000 775.000000 -450.000000 4426.000000 -4414.000000 -4023.000000 -40.000000 
-150.789993 72.449997 -61.650002 -1.700000 -123.660004 0.000000 1880.000000 -457.000000 4126.000000 -3147.000000 -2963.000000 441.000000 
-148.720001 73.430000 -58.730000 -0.870000 -118.900002 0.000000 2206.000000 -86.000000 4457.000000 -2545.000000 -2066.000000 -50.000000 
-146.550003 74.300003 -55.919998 -0.080000 -116.830002 0.000000 1548.000000 15.000000 4583.000000 -3059.000000 -1285.000000 -1006.000000 
-144.119995 75.199997 -52.959999 0.540000 -115.809998 0.000000 861.000000 71.000000 4670.000000 -3683.000000 -991.000000 -1200.000000 
-141.190002 76.139999 -49.529999 0.990000 -114.529999 0.000000 -563.000000 314.000000 3930.000000 -2566.000000 -1108.000000 -1147.000000 
-135.899994 77.320000 -43.730000 1.430000 -112.919998 0.000000 647.000000 215.000000 3888.000000 -3619.000000 -2029.000000 -978.000000 
-129.529999 78.410004 -36.799999 1.610000 -111.269997 0.000000 557.000000 88.000000 3695.000000 -3715.000000 -2110.000000 -700.000000 
-122.040001 79.389999 -28.770000 1.570000 -108.470001 0.000000 585.000000 -3.000000 3754.000000 -3375.000000 -2197.000000 -21.000000 
-113.629997 80.120003 -19.790001 1.360000 -106.230003 0.000000 766.000000 -57.000000 3791.000000 -3779.000000 -2285.000000 -364.000000 
-104.739998 80.760002 -10.270000 1.060000 -104.339996 0.000000 886.000000 -111.000000 3921.000000 -3670.000000 -1723.000000 -430.000000 
-95.239998 81.230003 -0.150000 0.780000 -103.000000 0.000000 991.000000 -34.000000 4192.000000 -3067.000000 -1123.000000 -939.000000 
-84.279999 81.559998 11.450000 0.470000 -101.669998 0.000000 811.000000 -50.000000 4157.000000 -1672.000000 -1218.000000 -444.000000 
-70.720001 81.709999 25.680000 0.190000 -101.050003 0.000000 406.000000 -59.000000 3820.000000 -2286.000000 -1345.000000 -474.000000 
-58.660000 81.339996 38.080002 -0.160000 -100.150002 0.000000 590.000000 -280.000000 3832.000000 -2230.000000 -1357.000000 -528.000000 
-50.549999 80.610001 46.570000 -0.510000 -98.809998 0.000000 700.000000 -361.000000 3623.000000 -2603.000000 -1638.000000 -208.000000 
-45.189999 79.410004 52.330002 -0.980000 -97.410004 0.000000 1221.000000 -601.000000 3644.000000 -2329.000000 -1918.000000 -214.000000 
-41.290001 77.940002 56.669998 -1.580000 -96.330002 0.000000 1208.000000 -807.000000 3511.000000 -2535.000000 -2388.000000 -246.000000 
-39.660000 76.580002 58.820000 -2.220000 -96.019997 0.000000 1270.000000 -915.000000 3683.000000 -2359.000000 -2338.000000 -656.000000 
-39.680000 75.389999 59.560001 -2.940000 -96.320000 0.000000 893.000000 -978.000000 3817.000000 -2458.000000 -1823.000000 -1294.000000 
-40.540001 74.260002 59.570000 -3.620000 -97.139999 0.000000 1069.000000 -873.000000 4211.000000 -2174.000000 -1437.000000 -1580.000000 
-40.820000 72.849998 60.070000 -4.600000 -98.029999 0.000000 1064.000000 -1364.000000 3900.000000 -2717.000000 -2112.000000 -1239.000000 
-40.959999 71.489998 60.770000 -5.500000 -98.580002 0.000000 887.000000 -1297.000000 3956.000000 -2866.000000 -3311.000000 -552.000000 
-40.810001 70.169998 61.840000 -6.380000 -99.290001 0.000000 893.000000 -1330.000000 3933.000000 -2356.000000 -2450.000000 -1025.000000 
-40.540001 68.930000 63.020000 -7.300000 -99.769997 0.000000 832.000000 -1401.000000 3605.000000 -2488.000000 -2542.000000 -971.000000 
-39.830002 67.820000 64.660004 -8.210000 -100.110001 0.000000 828.000000 -1493.000000 3694.000000 -3372.000000 -2302.000000 -1010.000000 
-39.770000 66.900002 65.830002 -9.060000 -100.269997 0.000000 597.000000 -1557.000000 3972.000000 -2765.000000 -2019.000000 -1394.000000 
-40.049999 66.050003 66.800003 -9.950000 -99.910004 0.000000 1009.000000 -1724.000000 3921.000000 -1245.000000 -2350.000000 -955.000000 
-40.619999 65.129997 67.470001 -10.810000 -99.610001 0.000000 1064.000000 -1831.000000 3759.000000 -1366.000000 -3047.000000 -787.000000 
-41.090000 64.059998 68.120003 -11.650000 -99.570000 0.000000 1037.000000 -1988.000000 3534.000000 -1630.000000 -2910.000000 -880.000000 
-41.820000 62.950001 68.529999 -12.440000 -99.580002 0.000000 1133.000000 -2043.000000 3610.000000 -1187.000000 -2906.000000 -1067.000000 
-42.810001 61.830002 68.610001 -13.210000 -99.610001 0.000000 1299.000000 -2066.000000 3674.000000 -1087.000000 -3406.000000 -1035.000000 
-43.910000 60.730000 68.510002 -13.940000 -99.699997 0.000000 1492.000000 -2101.000000 3867.000000 -1265.000000 -4018.000000 -770.000000 
-44.869999 59.680000 68.419998 -14.590000 -99.910004 0.000000 1521.000000 -2090.000000 3949.000000 -1498.000000 -4416.000000 -734.000000 
-45.580002 58.660000 68.449997 -15.180000 -100.139999 0.000000 1526.000000 -2090.000000 3903.000000 -1757.000000 -4437.000000 -648.000000 
-46.150002 57.700001 68.529999 -15.710000 -100.410004 0.000000 1368.000000 -2138.000000 3916.000000 -1873.000000 -4350.000000 -723.000000 
-46.480000 56.810001 68.839996 -16.270000 -100.760002 0.000000 1252.000000 -2256.000000 3850.000000 -2189.000000 -3968.000000 -968.000000 
-46.759998 56.080002 69.169998 -16.750000 -101.040001 0.000000 981.000000 -2200.000000 3922.000000 -2207.000000 -3997.000000 -1106.000000 
-47.099998 55.500000 69.419998 -17.250000 -101.250000 0.000000 1031.000000 -2209.000000 3775.000000 -2211.000000 -3808.000000 -1225.000000 
-47.360001 54.889999 69.750000 -17.740000 -101.470001 0.000000 954.000000 -2093.000000 3675.000000 -2004.000000 -3327.000000 -1463.000000 
-47.240002 54.320000 70.379997 -18.209999 -101.070000 0.000000 1095.000000 -2137.000000 3903.000000 -1885.000000 -4114.000000 -939.000000 
-46.759998 53.470001 71.370003 -18.650000 -100.570000 0.000000 1244.000000 -2186.000000 4146.000000 -2003.000000 -4288.000000 -1011.000000 
-46.020000 52.650002 72.480003 -18.990000 -100.349998 0.000000 3262.000000 -1873.000000 3526.000000 -2270.000000 -3331.000000 -1410.000000 
-45.250000 52.290001 73.540001 -19.290001 -99.959999 0.000000 433.000000 -2045.000000 4026.000000 -1877.000000 -3682.000000 -1019.000000 
-44.410000 51.500000 74.709999 -19.540001 -99.599998 0.000000 1392.000000 -2121.000000 4169.000000 -1933.000000 -3443.000000 -1204.000000 
-43.660000 51.099998 75.680000 -19.840000 -99.050003 0.000000 777.000000 -2070.000000 3766.000000 -1911.000000 -3288.000000 -992.000000 
-43.169998 50.740002 76.489998 -20.030001 -98.599998 0.000000 1007.000000 -1968.000000 3709.000000 -1547.000000 -3071.000000 -929.000000 
-42.709999 50.180000 77.279999 -20.320000 -98.230003 0.000000 1126.000000 -1958.000000 3501.000000 -1676.000000 -3022.000000 -900.000000 
-42.529999 49.880001 77.760002 -20.540001 -97.339996 0.000000 1632.000000 -1822.000000 3351.000000 -1174.000000 -3835.000000 -444.000000 
-42.180000 49.599998 78.300003 -20.770000 -96.320000 0.000000 1509.000000 -1824.000000 3276.000000 -940.000000 -4053.000000 -127.000000 
-41.509998 49.450001 78.970001 -21.129999 -95.370003 0.000000 1492.000000 -1890.000000 3207.000000 -1265.000000 -4329.000000 -59.000000 
-40.349998 48.490002 80.000000 -21.780001 -94.330002 0.000000 4023.000000 -3065.000000 4348.000000 -1531.000000 -6392.000000 858.000000 
-39.060001 48.639999 80.849998 -21.450001 -94.010002 0.000000 2484.000000 -1999.000000 6076.000000 -2839.000000 -4308.000000 -1099.000000 
-38.340000 49.040001 81.330002 -20.940001 -94.199997 0.000000 1239.000000 -1990.000000 4690.000000 -2768.000000 -3698.000000 -1191.000000 
-37.750000 49.349998 81.779999 -20.540001 -94.730003 0.000000 620.000000 -1703.000000 3517.000000 -2868.000000 -3511.000000 -1150.000000 
-37.090000 49.490002 82.349998 -20.010000 -95.099998 0.000000 -191.000000 -1427.000000 3546.000000 -1837.000000 -2893.000000 -828.000000 
-36.189999 49.070000 83.190002 -19.379999 -94.430000 0.000000 910.000000 -1328.000000 3103.000000 -617.000000 -3772.000000 95.000000 
-35.299999 47.959999 83.970001 -19.030001 -93.029999 0.000000 1716.000000 -1510.000000 3391.000000 -1434.000000 -4534.000000 970.000000 
-34.009998 46.299999 84.949997 -18.900000 -91.820000 0.000000 2736.000000 -1742.000000 3389.000000 -2098.000000 -2354.000000 -610.000000 
-31.830000 44.980000 86.389999 -18.639999 -90.349998 0.000000 2646.000000 -1618.000000 3317.000000 -2356.000000 -3129.000000 -512.000000 
-29.620001 43.880001 87.739998 -17.879999 -88.570000 0.000000 1513.000000 -1408.000000 4225.000000 -1749.000000 -4138.000000 174.000000 
-27.299999 42.610001 89.080002 -17.580000 -87.230003 0.000000 1842.000000 -1711.000000 3542.000000 -2639.000000 -3410.000000 -74.000000 
-25.170000 41.400002 90.220001 -17.299999 -85.760002 0.000000 2714.000000 -1738.000000 3834.000000 -1600.000000 -5149.000000 -129.000000 
-23.370001 40.840000 91.050003 -17.150000 -84.639999 0.000000 2431.000000 -1718.000000 3718.000000 -1516.000000 -3700.000000 55.000000 
-22.360001 41.080002 91.320000 -16.500000 -84.370003 0.000000 1607.000000 -1251.000000 4212.000000 -2192.000000 -2524.000000 -265.000000 
-22.160000 41.599998 91.120003 -15.760000 -84.410004 0.000000 1525.000000 -1121.000000 4053.000000 -2460.000000 -1895.000000 -699.000000 
-22.230000 42.009998 90.720001 -15.040000 -84.449997 0.000000 1544.000000 -1053.000000 3775.000000 -1534.000000 -1416.000000 -1325.000000 
-22.299999 42.380001 90.309998 -14.290000 -83.510002 0.000000 1670.000000 -999.000000 3931.000000 -714.000000 -4649.000000 925.000000 
-22.490000 42.599998 89.849998 -13.720000 -82.839996 0.000000 1879.000000 -1101.000000 3606.000000 -1319.000000 -4764.000000 789.000000 
-22.719999 42.630001 89.269997 -13.130000 -82.580002 0.000000 2355.000000 -1085.000000 3785.000000 -2088.000000 -3880.000000 416.000000 
-22.629999 42.660000 88.849998 -12.650000 -82.470001 0.000000 2144.000000 -1160.000000 3848.000000 -1853.000000 -3473.000000 151.000000 
-22.250000 42.820000 88.669998 -12.270000 -82.209999 0.000000 1805.000000 -1221.000000 3865.000000 -2236.000000 -3974.000000 345.000000 
-21.790001 43.009998 88.550003 -11.650000 -81.690002 0.000000 1708.000000 -996.000000 3972.000000 -2212.000000 -4075.000000 597.000000 
-21.680000 43.270000 88.220001 -11.190000 -81.000000 0.000000 1642.000000 -1040.000000 3992.000000 -1684.000000 -3894.000000 803.000000 
-21.840000 43.439999 87.790001 -10.800000 -81.239998 0.000000 2158.000000 -1010.000000 3764.000000 -1523.000000 -3611.000000 236.000000 
-22.070000 43.660000 87.250000 -10.370000 -81.720001 0.000000 2114.000000 -957.000000 3917.000000 -985.000000 -3218.000000 -53.000000 
-22.270000 43.939999 86.669998 -9.900000 -82.300003 0.000000 1949.000000 -908.000000 4003.000000 -1501.000000 -3154.000000 -283.000000 
-22.450001 44.270000 86.050003 -9.750000 -82.709999 0.000000 866.000000 -1262.000000 4069.000000 -1610.000000 -3421.000000 -13.000000 
-22.740000 44.509998 85.430000 -9.640000 -82.540001 0.000000 739.000000 -1307.000000 3883.000000 -1808.000000 -4048.000000 411.000000 
-23.340000 44.259998 84.540001 -9.480000 -81.940002 0.000000 1771.000000 -1490.000000 4823.000000 -2162.000000 -4911.000000 596.000000 
-23.709999 43.930000 83.790001 -9.280000 -80.860001 0.000000 1022.000000 -1831.000000 5141.000000 -2249.000000 -5579.000000 907.000000 
-23.879999 43.340000 83.260002 -8.680000 -79.849998 0.000000 1798.000000 -1838.000000 7205.000000 -2404.000000 -5964.000000 496.000000 
-23.980000 42.930000 82.790001 -7.790000 -78.430000 0.000000 2411.000000 -2176.000000 6659.000000 -3166.000000 -6899.000000 807.000000 
-24.110001 42.849998 82.269997 -6.600000 -76.209999 0.000000 2798.000000 -2479.000000 5918.000000 -1882.000000 -7281.000000 1481.000000 
-24.260000 43.070000 81.730003 -5.330000 -74.050003 0.000000 2662.000000 -2729.000000 5252.000000 -1410.000000 -6688.000000 886.000000 
-24.389999 43.450001 81.129997 -4.160000 -72.239998 0.000000 2442.000000 -2862.000000 5006.000000 -761.000000 -6144.000000 10.000000 
-24.510000 43.880001 80.459999 -3.170000 -70.879997 0.000000 2030.000000 -2793.000000 4901.000000 -985.000000 -5172.000000 -810.000000 
-24.650000 44.369999 79.779999 -2.350000 -70.010002 0.000000 1371.000000 -2671.000000 4346.000000 -945.000000 -4709.000000 -889.000000 
-24.770000 44.830002 79.089996 -1.710000 -69.500000 0.000000 1384.000000 -2599.000000 3910.000000 -546.000000 -4604.000000 -333.000000 
-24.780001 45.200001 78.519997 -1.270000 -69.250000 0.000000 1485.000000 -2390.000000 3781.000000 -270.000000 -4702.000000 363.000000 
-24.690001 45.459999 78.070000 -1.010000 -69.199997 0.000000 1355.000000 -2222.000000 3947.000000 -412.000000 -4647.000000 593.000000 
-24.459999 45.590000 77.680000 -0.920000 -69.300003 0.000000 1337.000000 -2133.000000 4081.000000 -792.000000 -4473.000000 333.000000 
-24.230000 45.680000 77.300003 -0.940000 -69.400002 0.000000 1433.000000 -2075.000000 4194.000000 -1049.000000 -4256.000000 88.000000 
-24.080000 45.759998 76.879997 -1.060000 -69.440002 0.000000 1492.000000 -2063.000000 4357.000000 -1153.000000 -4069.000000 -96.000000 
-23.990000 45.889999 76.410004 -1.250000 -69.470001 0.000000 1459.000000 -1887.000000 4283.000000 -1081.000000 -3960.000000 -25.000000 
-24.030001 46.110001 75.870003 -1.540000 -69.519997 0.000000 1407.000000 -1829.000000 4095.000000 -1026.000000 -3775.000000 222.000000 
-24.240000 46.490002 75.160004 -1.900000 -69.489998 0.000000 1286.000000 -1673.000000 3783.000000 -936.000000 -3660.000000 450.000000 
-24.549999 46.990002 74.290001 -2.330000 -69.379997 0.000000 1082.000000 -1555.000000 3534.000000 -941.000000 -3475.000000 506.000000 
-24.870001 47.470001 73.400002 -2.780000 -69.209999 0.000000 851.000000 -1316.000000 3187.000000 -786.000000 -3238.000000 461.000000 
-25.209999 47.910000 72.550003 -3.300000 -68.860001 0.000000 643.000000 -1251.000000 2858.000000 -652.000000 -3050.000000 634.000000 
-25.549999 48.410000 71.709999 -3.720000 -68.220001 0.000000 364.000000 -1234.000000 3240.000000 -776.000000 -2864.000000 872.000000 
-25.690001 49.090000 71.070000 -3.580000 -67.510002 0.000000 103.000000 -694.000000 3478.000000 -1285.000000 -2592.000000 789.000000 
-25.450001 49.759998 70.739998 -3.250000 -66.879997 0.000000 -28.000000 -537.000000 3268.000000 -1886.000000 -2209.000000 444.000000 
-24.830000 50.310001 70.720001 -2.970000 -66.070000 0.000000 -382.000000 -494.000000 2833.000000 -2079.000000 -1959.000000 95.000000 
-23.980000 50.720001 71.000000 -2.770000 -65.089996 0.000000 -750.000000 -448.000000 2835.000000 -1824.000000 -1779.000000 -144.000000 
-23.219999 50.939999 71.339996 -2.620000 -64.010002 0.000000 -797.000000 -287.000000 3085.000000 -1546.000000 -1518.000000 -85.000000 
-22.740000 50.980000 71.599998 -1.940000 -62.680000 0.000000 56.000000 323.000000 2710.000000 -1390.000000 -1177.000000 354.000000 
-22.270000 50.869999 71.839996 -1.130000 -60.689999 0.000000 1141.000000 1172.000000 2148.000000 -1140.000000 -1056.000000 1084.000000 
-21.600000 50.709999 72.110001 -0.480000 -59.130001 0.000000 990.000000 1477.000000 2374.000000 -1099.000000 -964.000000 1607.000000 
-20.770000 50.529999 72.269997 0.070000 -57.930000 0.000000 481.000000 1625.000000 2783.000000 -1937.000000 -899.000000 1391.000000 
-19.920000 50.270000 72.209999 0.560000 -57.090000 0.000000 -116.000000 1533.000000 2723.000000 -2122.000000 -1029.000000 1040.000000 
-19.290001 49.930000 71.870003 0.940000 -56.310001 0.000000 -658.000000 1392.000000 2719.000000 -1914.000000 -1219.000000 936.000000 
-18.959999 49.480000 71.290001 1.160000 -55.880001 0.000000 -849.000000 1150.000000 2816.000000 -2767.000000 -1435.000000 586.000000 
-18.840000 48.830002 70.550003 1.170000 -55.450001 0.000000 -925.000000 1021.000000 3140.000000 -3652.000000 -1671.000000 504.000000 
-18.719999 47.959999 69.849998 1.140000 -54.959999 0.000000 -488.000000 1190.000000 3365.000000 -3820.000000 -2056.000000 1137.000000 
-18.400000 46.919998 69.339996 1.110000 -54.169998 0.000000 373.000000 1392.000000 3732.000000 -3805.000000 -2386.000000 2154.000000 
-17.850000 45.830002 68.989998 1.020000 -52.950001 0.000000 1099.000000 1598.000000 4222.000000 -3707.000000 -2745.000000 3057.000000 
-17.150000 44.840000 68.720001 0.940000 -51.560001 0.000000 1551.000000 1769.000000 4624.000000 -3680.000000 -2959.000000 3494.000000 
-16.559999 44.110001 68.320000 0.940000 -50.119999 0.000000 1594.000000 1786.000000 4731.000000 -3724.000000 -2983.000000 3509.000000 
-16.120001 43.619999 67.760002 1.020000 -48.820000 0.000000 1145.000000 1623.000000 4774.000000 -3760.000000 -2615.000000 2906.000000 
-15.680000 43.290001 67.169998 1.070000 -47.689999 0.000000 526.000000 1429.000000 4980.000000 -3810.000000 -2263.000000 1969.000000 
-15.200000 42.970001 66.610001 1.090000 -46.619999 0.000000 604.000000 1249.000000 5149.000000 -3530.000000 -1933.000000 1312.000000 
-14.810000 42.639999 66.050003 1.130000 -45.700001 0.000000 877.000000 1151.000000 4861.000000 -3186.000000 -1517.000000 1062.000000 
-14.430000 42.270000 65.559998 1.120000 -45.080002 0.000000 952.000000 1206.000000 4896.000000 -3028.000000 -1504.000000 1392.000000 
-14.000000 41.910000 65.150002 1.090000 -44.779999 0.000000 1139.000000 1170.000000 5005.000000 -3736.000000 -1674.000000 1855.000000 
-13.560000 41.590000 64.779999 1.140000 -44.130001 0.000000 1258.000000 1366.000000 4576.000000 -2926.000000 -1347.000000 2474.000000 
-13.170000 41.490002 64.290001 1.390000 -43.119999 0.000000 696.000000 2470.000000 4348.000000 -2594.000000 -1531.000000 3233.000000 
-12.370000 41.419998 64.010002 1.610000 -42.590000 0.000000 560.000000 1846.000000 4478.000000 -2912.000000 -1747.000000 3168.000000 
-11.810000 41.290001 63.590000 1.710000 -42.250000 0.000000 156.000000 1425.000000 3890.000000 -2946.000000 -1641.000000 2750.000000 
-11.580000 41.200001 63.070000 1.780000 -42.049999 0.000000 422.000000 1449.000000 3480.000000 -3365.000000 -1771.000000 2630.000000 
-11.530000 41.049999 62.520000 1.540000 -41.820000 0.000000 559.000000 1066.000000 3580.000000 -3719.000000 -2009.000000 2757.000000 
-11.370000 40.799999 62.099998 1.150000 -41.500000 0.000000 310.000000 1163.000000 4310.000000 -3789.000000 -2172.000000 3180.000000 
-11.080000 40.450001 61.930000 0.800000 -41.090000 0.000000 950.000000 1058.000000 4188.000000 -4369.000000 -2615.000000 4145.000000 
-10.750000 40.049999 61.889999 0.460000 -39.990002 0.000000 1342.000000 1021.000000 4516.000000 -2556.000000 -2173.000000 4488.000000 
-10.240000 39.630001 62.049999 0.200000 -38.740002 0.000000 1679.000000 1046.000000 4711.000000 -2157.000000 -1702.000000 4186.000000 
-9.260000 39.119999 62.529999 -0.020000 -37.630001 0.000000 2233.000000 836.000000 4656.000000 -1743.000000 -1527.000000 3697.000000 
-8.000000 38.580002 63.139999 -0.260000 -36.549999 0.000000 2320.000000 722.000000 4252.000000 -1781.000000 -1400.000000 3780.000000 
-6.660000 37.980000 63.770000 -0.580000 -35.529999 0.000000 2112.000000 590.000000 3920.000000 -1633.000000 -1457.000000 4072.000000 
-5.310000 37.450001 64.379997 -0.980000 -34.590000 0.000000 1844.000000 449.000000 3952.000000 -1522.000000 -1491.000000 4205.000000 
-4.010000 36.980000 64.980003 -1.380000 -33.630001 0.000000 1733.000000 296.000000 3899.000000 -1487.000000 -1371.000000 3992.000000 
-2.780000 36.560001 65.540001 -1.710000 -32.810001 0.000000 1616.000000 249.000000 4082.000000 -1617.000000 -1282.000000 3661.000000 
-1.610000 36.160000 66.019997 -2.010000 -32.160000 0.000000 1730.000000 138.000000 4336.000000 -1557.000000 -1316.000000 3582.000000 
-0.520000 35.680000 66.430000 -2.230000 -31.780001 0.000000 2000.000000 98.000000 4371.000000 -1463.000000 -1404.000000 3534.000000 
0.500000 35.180000 66.860001 -2.500000 -31.709999 0.000000 1945.000000 -123.000000 4323.000000 -1927.000000 -1743.000000 3558.000000 
0.830000 35.330002 66.879997 -2.900000 -31.780001 0.000000 1416.000000 -397.000000 4211.000000 -2376.000000 -2261.000000 3810.000000 
0.440000 35.330002 66.620003 -3.640000 -31.920000 0.000000 860.000000 -884.000000 4742.000000 -2520.000000 -3219.000000 5388.000000 
-0.010000 35.270000 66.349998 -4.350000 -31.570000 0.000000 649.000000 -827.000000 5195.000000 -2154.000000 -2608.000000 5233.000000 
-0.260000 35.119999 66.220001 -5.280000 -31.129999 0.000000 4460.000000 -7955.000000 20123.000000 -1038.000000 -1847.000000 3504.000000 
-0.660000 34.220001 65.959999 -4.300000 -30.820000 0.000000 918.000000 176.000000 563.000000 -141.000000 -2213.000000 4268.000000 
-0.360000 33.060001 66.029999 -4.480000 -31.000000 0.000000 1969.000000 -1119.000000 5171.000000 -1149.000000 -1965.000000 4372.000000 
0.660000 32.520000 66.410004 -4.360000 -31.480000 0.000000 1350.000000 -807.000000 3452.000000 -805.000000 -1489.000000 3180.000000 
1.150000 32.279999 66.599998 -3.940000 -31.910000 0.000000 1908.000000 -613.000000 4255.000000 -992.000000 -1440.000000 3213.000000 
1.480000 31.350000 66.620003 -3.400000 -31.910000 0.000000 1303.000000 -579.000000 3761.000000 -1023.000000 -1529.000000 3855.000000 
2.300000 30.120001 66.989998 -2.660000 -31.520000 0.000000 2266.000000 -403.000000 3848.000000 -1065.000000 -1468.000000 4053.000000 
3.290000 29.260000 67.300003 -1.750000 -30.750000 0.000000 2238.000000 -126.000000 3783.000000 -1019.000000 -1268.000000 3996.000000 
3.700000 28.250000 67.279999 -0.900000 -29.830000 0.000000 2255.000000 13.000000 3829.000000 -796.000000 -1372.000000 4554.000000 
4.200000 27.340000 67.309998 -0.350000 -29.219999 0.000000 2084.000000 -64.000000 3840.000000 -990.000000 -1310.000000 4498.000000 
5.060000 26.469999 67.570000 -0.080000 -28.889999 0.000000 2437.000000 -79.000000 3762.000000 -899.000000 -1246.000000 4366.000000 
5.900000 25.629999 67.870003 -0.090000 -28.750000 0.000000 2490.000000 -215.000000 3758.000000 -834.000000 -1191.000000 4464.000000 
6.630000 25.180000 68.139999 -0.360000 -29.110001 0.000000 2309.000000 -454.000000 3769.000000 -1031.000000 -1233.000000 4030.000000 
7.000000 25.389999 68.230003 -0.700000 -29.490000 0.000000 1904.000000 -541.000000 3763.000000 -1199.000000 -1206.000000 3931.000000 
6.820000 25.299999 68.160004 -0.950000 -29.930000 0.000000 2059.000000 -453.000000 3763.000000 -1128.000000 -1296.000000 4005.000000 
6.260000 25.170000 67.930000 -1.170000 -30.230000 0.000000 2120.000000 -463.000000 3779.000000 -1046.000000 -1324.000000 4137.000000 
5.710000 25.000000 67.720001 -1.370000 -30.480000 0.000000 2103.000000 -429.000000 3787.000000 -976.000000 -1372.000000 4113.000000 
5.170000 24.709999 67.410004 -1.630000 -30.879999 0.000000 2151.000000 -531.000000 3743.000000 -993.000000 -1436.000000 4049.000000 
4.780000 24.389999 67.260002 -1.900000 -31.280001 0.000000 2164.000000 -586.000000 3742.000000 -903.000000 -1424.000000 3982.000000 
4.430000 23.900000 67.120003 -2.080000 -31.440001 0.000000 2308.000000 -486.000000 3695.000000 -856.000000 -1440.000000 4163.000000 
4.190000 23.480000 67.040001 -2.280000 -31.559999 0.000000 2564.000000 -463.000000 3651.000000 -843.000000 -1391.000000 4102.000000 
4.060000 23.379999 66.930000 -2.560000 -31.740000 0.000000 2268.000000 -578.000000 3657.000000 -918.000000 -1373.000000 4106.000000 
3.980000 23.309999 66.919998 -2.870000 -31.959999 0.000000 2210.000000 -611.000000 3676.000000 -967.000000 -1381.000000 4039.000000 
3.800000 23.090000 66.860001 -3.150000 -31.959999 0.000000 2184.000000 -587.000000 3655.000000 -949.000000 -1351.000000 4082.000000 
3.700000 22.959999 66.800003 -3.420000 -32.029999 0.000000 2171.000000 -579.000000 3671.000000 -946.000000 -1353.000000 4037.000000 
3.680000 22.809999 66.800003 -3.690000 -32.110001 0.000000 2123.000000 -606.000000 3677.000000 -965.000000 -1354.000000 4050.000000 
3.580000 22.639999 66.680000 -3.920000 -32.139999 0.000000 2188.000000 -630.000000 3667.000000 -933.000000 -1367.000000 4064.000000 
3.500000 22.570000 66.669998 -4.120000 -32.169998 0.000000 2188.000000 -631.000000 3724.000000 -904.000000 -1360.000000 4019.000000 
3.490000 22.610001 66.730003 -4.250000 -32.200001 0.000000 2259.000000 -588.000000 3674.000000 -991.000000 -1377.000000 4077.000000 
3.490000 22.719999 66.750000 -4.390000 -32.290001 0.000000 2135.000000 -628.000000 3703.000000 -1028.000000 -1396.000000 4000.000000 
3.420000 22.780001 66.739998 -4.530000 -32.299999 0.000000 2147.000000 -661.000000 3704.000000 -956.000000 -1370.000000 4040.000000 
3.310000 22.799999 66.669998 -4.620000 -32.310001 0.000000 2279.000000 -607.000000 3656.000000 -970.000000 -1371.000000 4055.000000 
3.260000 22.780001 66.660004 -4.740000 -32.250000 0.000000 2246.000000 -641.000000 3682.000000 -949.000000 -1363.000000 4038.000000 
3.270000 22.760000 66.669998 -4.860000 -32.220001 0.000000 2172.000000 -651.000000 3668.000000 -956.000000 -1379.000000 4038.000000 
3.240000 22.639999 66.739998 -4.970000 -32.049999 0.000000 2190.000000 -645.000000 3696.000000 -930.000000 -1370.000000 4102.000000 
3.190000 22.590000 66.709999 -5.050000 -32.070000 0.000000 2241.000000 -640.000000 3660.000000 -899.000000 -1372.000000 4065.000000 
3.210000 22.670000 66.739998 -5.130000 -32.160000 0.000000 2145.000000 -643.000000 3696.000000 -992.000000 -1383.000000 4037.000000 
3.250000 22.780001 66.730003 -5.210000 -32.150002 0.000000 2108.000000 -645.000000 3732.000000 -987.000000 -1371.000000 4043.000000 
3.180000 22.889999 66.680000 -5.280000 -32.200001 0.000000 2125.000000 -635.000000 3723.000000 -937.000000 -1396.000000 4009.000000 
3.120000 23.020000 66.669998 -5.390000 -32.160000 0.000000 2051.000000 -699.000000 3742.000000 -1012.000000 -1414.000000 4001.000000 
3.020000 23.059999 66.629997 -5.470000 -32.240002 0.000000 2124.000000 -686.000000 3739.000000 -1004.000000 -1430.000000 4015.000000 
2.810000 23.080000 66.559998 -5.560000 -32.290001 0.000000 2085.000000 -698.000000 3722.000000 -984.000000 -1448.000000 4036.000000 
2.620000 23.129999 66.470001 -5.660000 -32.360001 0.000000 2093.000000 -722.000000 3713.000000 -926.000000 -1440.000000 3976.000000 
2.590000 23.250000 66.500000 -5.760000 -32.480000 0.000000 2066.000000 -740.000000 3704.000000 -978.000000 -1462.000000 3954.000000 
2.590000 23.379999 66.570000 -5.830000 -32.480000 0.000000 2059.000000 -726.000000 3734.000000 -1011.000000 -1462.000000 3983.000000 
2.500000 23.450001 66.589996 -5.860000 -32.310001 0.000000 2129.000000 -704.000000 3738.000000 -1017.000000 -1414.000000 3981.000000 
2.510000 23.530001 66.680000 -5.840000 -32.070000 0.000000 2134.000000 -651.000000 3720.000000 -1001.000000 -1376.000000 4003.000000 
2.540000 23.600000 66.769997 -5.800000 -31.930000 0.000000 2109.000000 -640.000000 3766.000000 -1015.000000 -1395.000000 4015.000000 
2.490000 23.700001 66.779999 -5.780000 -31.770000 0.000000 2104.000000 -633.000000 3753.000000 -1010.000000 -1405.000000 4017.000000 
2.430000 23.770000 66.790001 -5.800000 -31.780001 0.000000 2069.000000 -661.000000 3742.000000 -952.000000 -1422.000000 4009.000000 
2.440000 23.719999 66.800003 -5.850000 -31.770000 0.000000 2082.000000 -664.000000 3748.000000 -950.000000 -1451.000000 3988.000000 
2.560000 23.510000 66.820000 -5.920000 -31.639999 0.000000 2131.000000 -701.000000 3749.000000 -905.000000 -1411.000000 4024.000000 
2.710000 23.260000 66.910004 -5.990000 -31.410000 0.000000 2166.000000 -697.000000 3751.000000 -941.000000 -1400.000000 4065.000000 
2.780000 23.150000 66.949997 -6.060000 -31.430000 0.000000 2161.000000 -708.000000 3741.000000 -967.000000 -1410.000000 3994.000000 
2.750000 23.200001 66.949997 -6.100000 -31.440001 0.000000 2135.000000 -706.000000 3770.000000 -1040.000000 -1431.000000 3991.000000 
2.620000 23.410000 66.879997 -6.110000 -31.520000 0.000000 2026.000000 -677.000000 3783.000000 -1085.000000 -1464.000000 4000.000000 
2.460000 23.719999 66.830002 -6.080000 -31.580000 0.000000 2015.000000 -628.000000 3797.000000 -1113.000000 -1453.000000 3942.000000 
