34.209999 69.209999 108.190002 -5.200000 -71.169998 0.000000 1287.000000 -413.000000 3974.000000 -2774.000000 -2702.000000 880.000000 
34.070000 69.050003 107.970001 -5.240000 -71.300003 0.000000 1387.000000 -492.000000 4078.000000 -2785.000000 -2886.000000 779.000000 
33.349998 68.879997 107.220001 -5.350000 -71.550003 0.000000 1538.000000 -600.000000 4207.000000 -2969.000000 -3249.000000 744.000000 
32.160000 68.610001 106.040001 -5.460000 -71.760002 0.000000 1746.000000 -680.000000 4351.000000 -2921.000000 -3467.000000 814.000000 
31.049999 68.110001 104.849998 -5.540000 -71.900002 0.000000 1957.000000 -756.000000 4500.000000 -2889.000000 -3845.000000 793.000000 
30.490000 67.750000 104.199997 -5.590000 -71.889999 0.000000 2132.000000 -782.000000 4516.000000 -2840.000000 -4029.000000 985.000000 
30.650000 67.470001 104.180000 -5.580000 -71.629997 0.000000 2343.000000 -789.000000 4684.000000 -2579.000000 -3659.000000 1038.000000 
32.150002 67.419998 105.330002 -5.490000 -71.309998 0.000000 2323.000000 -759.000000 4679.000000 -2647.000000 -3458.000000 1104.000000 
33.779999 67.470001 106.639999 -5.360000 -71.050003 0.000000 2247.000000 -692.000000 4570.000000 -2701.000000 -3201.000000 1011.000000 
35.169998 67.589996 107.839996 -5.280000 -71.029999 0.000000 2084.000000 -726.000000 4559.000000 -3071.000000 -3506.000000 935.000000 
36.099998 67.949997 108.800003 -5.260000 -71.010002 0.000000 2063.000000 -726.000000 4567.000000 -3493.000000 -3868.000000 1220.000000 
36.500000 68.260002 109.430000 -5.340000 -71.209999 0.000000 2231.000000 -845.000000 4837.000000 -3995.000000 -4314.000000 809.000000 
35.669998 68.699997 109.169998 -5.540000 -71.059998 0.000000 2271.000000 -1076.000000 5159.000000 -4154.000000 -5082.000000 1175.000000 
35.790001 69.099998 109.809998 -5.710000 -70.540001 0.000000 2683.000000 -1230.000000 5471.000000 -2620.000000 -5759.000000 1647.000000 
36.369999 68.370003 110.370003 -5.220000 -69.849998 0.000000 2583.000000 -173.000000 3855.000000 -2999.000000 -6160.000000 1731.000000 
35.509998 67.970001 109.660004 -4.580000 -68.849998 0.000000 4374.000000 248.000000 4205.000000 -1340.000000 -6962.000000 2088.000000 
34.349998 67.250000 108.220001 -3.920000 -67.699997 0.000000 4925.000000 120.000000 4987.000000 -1392.000000 -7329.000000 2905.000000 
34.040001 65.720001 106.760002 -3.240000 -66.300003 0.000000 4742.000000 -118.000000 5066.000000 -784.000000 -6969.000000 3078.000000 
34.470001 63.840000 105.480003 -2.400000 -65.139999 0.000000 4407.000000 266.000000 3889.000000 -1258.000000 -5863.000000 1984.000000 
35.509998 61.930000 104.489998 -1.640000 -63.860001 0.000000 4530.000000 146.000000 3855.000000 -1163.000000 -4891.000000 2017.000000 
37.049999 60.070000 103.849998 -0.870000 -62.459999 0.000000 4577.000000 130.000000 3767.000000 -913.000000 -4390.000000 2196.000000 
38.759998 58.310001 103.269997 0.080000 -60.980000 0.000000 4364.000000 434.000000 3155.000000 -439.000000 -4141.000000 2397.000000 
40.459999 56.709999 102.660004 1.110000 -59.459999 0.000000 3939.000000 590.000000 2605.000000 156.000000 -3887.000000 2506.000000 
41.990002 55.360001 101.889999 2.020000 -57.980000 0.000000 3513.000000 515.000000 2419.000000 418.000000 -3367.000000 2225.000000 
43.450001 54.299999 101.010002 2.710000 -56.570000 0.000000 3239.000000 423.000000 2543.000000 282.000000 -2757.000000 1843.000000 
45.130001 53.560001 100.239998 3.310000 -55.230000 0.000000 2947.000000 593.000000 2370.000000 205.000000 -2165.000000 1835.000000 
46.849998 53.250000 99.449997 4.010000 -53.980000 0.000000 2465.000000 912.000000 1823.000000 516.000000 -1700.000000 1936.000000 
48.240002 53.310001 98.290001 4.840000 -52.889999 0.000000 1716.000000 1065.000000 1186.000000 629.000000 -1328.000000 1914.000000 
49.150002 53.490002 96.570000 5.620000 -51.970001 0.000000 1107.000000 953.000000 816.000000 319.000000 -1195.000000 1595.000000 
49.480000 53.570000 94.160004 6.160000 -51.349998 0.000000 764.000000 718.000000 774.000000 -170.000000 -1318.000000 1090.000000 
49.099998 53.639999 90.989998 6.090000 -51.220001 0.000000 957.000000 347.000000 992.000000 -552.000000 -1449.000000 699.000000 
48.090000 53.689999 87.209999 5.010000 -51.639999 0.000000 1181.000000 -93.000000 1418.000000 -798.000000 -1623.000000 267.000000 
46.549999 53.720001 82.940002 3.490000 -52.240002 0.000000 1313.000000 -374.000000 1759.000000 -1261.000000 -1938.000000 171.000000 
44.599998 53.730000 78.330002 1.770000 -52.759998 0.000000 1415.000000 -678.000000 1997.000000 -1281.000000 -2375.000000 411.000000 
42.340000 53.720001 73.510002 -0.040000 -53.139999 0.000000 1274.000000 -973.000000 2250.000000 -1049.000000 -2754.000000 528.000000 
39.700001 53.700001 68.459999 -1.900000 -53.400002 0.000000 1180.000000 -1359.000000 2455.000000 -803.000000 -3014.000000 340.000000 
36.680000 53.630001 63.160000 -3.740000 -53.689999 0.000000 987.000000 -1682.000000 2825.000000 -1129.000000 -2937.000000 -193.000000 
33.450001 53.419998 57.770000 -5.520000 -54.099998 0.000000 853.000000 -1893.000000 3117.000000 -1685.000000 -2814.000000 -763.000000 
30.190001 53.070000 52.330002 -7.190000 -54.560001 0.000000 703.000000 -2093.000000 3135.000000 -2130.000000 -2689.000000 -1158.000000 
26.879999 52.580002 47.029999 -8.720000 -55.070000 0.000000 486.000000 -2147.000000 3126.000000 -2353.000000 -2749.000000 -1235.000000 
23.530001 51.980000 41.869999 -10.310000 -55.660000 0.000000 363.000000 -2469.000000 3272.000000 -2459.000000 -2942.000000 -1217.000000 
20.139999 51.279999 36.959999 -11.960000 -56.360001 0.000000 378.000000 -2677.000000 3467.000000 -2814.000000 -3204.000000 -1347.000000 
16.660000 50.450001 32.259998 -13.690000 -57.130001 0.000000 319.000000 -2912.000000 3787.000000 -3153.000000 -3616.000000 -1382.000000 
13.140000 49.480000 27.879999 -15.490000 -57.919998 0.000000 513.000000 -3168.000000 4060.000000 -3387.000000 -4048.000000 -1135.000000 
9.730000 48.470001 23.950001 -17.219999 -58.730000 0.000000 686.000000 -3117.000000 4418.000000 -3356.000000 -4258.000000 -868.000000 
6.530000 47.509998 20.469999 -18.790001 -59.459999 0.000000 864.000000 -3051.000000 4592.000000 -2806.000000 -4337.000000 -472.000000 
3.550000 46.709999 17.389999 -20.219999 -60.070000 0.000000 709.000000 -3011.000000 4426.000000 -2360.000000 -4120.000000 -444.000000 
0.740000 46.000000 14.600000 -21.510000 -60.639999 0.000000 440.000000 -3043.000000 4266.000000 -2215.000000 -3983.000000 -527.000000 
-1.900000 45.320000 12.050000 -22.680000 -61.250000 0.000000 -84.000000 -3433.000000 4359.000000 -2309.000000 -3768.000000 -894.000000 
-4.410000 44.650002 9.830000 -23.639999 -61.830002 0.000000 -426.000000 -3378.000000 4238.000000 -2441.000000 -3480.000000 -1128.000000 
-6.940000 43.799999 7.850000 -24.480000 -62.349998 0.000000 -302.000000 -3101.000000 3929.000000 -2257.000000 -3326.000000 -993.000000 
-9.550000 42.619999 6.070000 -25.440001 -62.869999 0.000000 535.000000 -2828.000000 3662.000000 -1580.000000 -3537.000000 -673.000000 
-12.130000 41.200001 4.460000 -26.570000 -63.419998 0.000000 1121.000000 -2723.000000 3361.000000 -1112.000000 -4034.000000 -468.000000 
-14.650000 39.590000 3.030000 -27.790001 -64.070000 0.000000 1091.000000 -2779.000000 3271.000000 -844.000000 -4469.000000 -283.000000 
-17.100000 37.990002 1.700000 -28.990000 -64.809998 0.000000 1213.000000 -2958.000000 3688.000000 -969.000000 -5159.000000 75.000000 
-19.420000 36.430000 0.590000 -30.020000 -65.519997 0.000000 1447.000000 -2816.000000 4111.000000 -1181.000000 -5800.000000 833.000000 
-21.510000 34.990002 -0.360000 -30.010000 -66.129997 0.000000 1884.000000 -2561.000000 4378.000000 -1079.000000 -6270.000000 1555.000000 
-23.270000 33.720001 -1.060000 -29.980000 -66.580002 0.000000 2064.000000 -2345.000000 4245.000000 -845.000000 -6206.000000 1681.000000 
-24.650000 32.689999 -1.570000 -30.240000 -66.830002 0.000000 1752.000000 -2233.000000 3675.000000 -776.000000 -5849.000000 1564.000000 
-25.639999 31.820000 -1.880000 -31.100000 -67.070000 0.000000 1478.000000 -2202.000000 3079.000000 -592.000000 -5030.000000 844.000000 
-26.209999 30.980000 -2.110000 -32.119999 -67.470001 0.000000 1713.000000 -2252.000000 2544.000000 -361.000000 -4363.000000 326.000000 
-26.580000 30.340000 -2.140000 -33.150002 -67.940002 0.000000 1999.000000 -2013.000000 2025.000000 -229.000000 -4701.000000 560.000000 
-26.440001 29.280001 -1.870000 -34.450001 -68.800003 0.000000 2627.000000 -2424.000000 1715.000000 8.000000 -5691.000000 -403.000000 
-26.020000 28.080000 -1.350000 -34.599998 -68.860001 0.000000 3452.000000 -4765.000000 14556.000000 2498.000000 3600.000000 -8619.000000 
-24.950001 27.180000 -0.620000 -34.500000 -68.449997 0.000000 5540.000000 -2433.000000 1643.000000 -464.000000 -4741.000000 1318.000000 
-23.530001 26.660000 -0.130000 -34.529999 -68.669998 0.000000 4126.000000 -2628.000000 2015.000000 -1109.000000 -4942.000000 249.000000 
-22.010000 27.070000 0.290000 -34.709999 -69.050003 0.000000 2947.000000 -2565.000000 2517.000000 -308.000000 -4271.000000 802.000000 
-21.059999 27.000000 0.600000 -34.599998 -70.099998 0.000000 3387.000000 -2368.000000 3237.000000 -235.000000 -4521.000000 564.000000 
-19.809999 27.280001 1.060000 -34.509998 -71.120003 0.000000 1348.000000 -2143.000000 3296.000000 714.000000 -5030.000000 4319.000000 
-19.059999 28.620001 1.290000 -34.520000 -71.379997 0.000000 954.000000 -2036.000000 2890.000000 2472.000000 -5088.000000 5853.000000 
-18.080000 29.549999 1.620000 -34.599998 -71.169998 0.000000 1616.000000 -1861.000000 2360.000000 -1008.000000 -3767.000000 1112.000000 
-16.790001 28.820000 2.150000 -34.270000 -71.080002 0.000000 2951.000000 -1657.000000 2821.000000 -592.000000 -4307.000000 1417.000000 
-15.440000 28.150000 2.650000 -33.910000 -70.809998 0.000000 2978.000000 -1831.000000 2857.000000 302.000000 -4210.000000 1913.000000 
-13.930000 27.900000 3.210000 -33.430000 -70.820000 0.000000 3218.000000 -1885.000000 3007.000000 217.000000 -4167.000000 1702.000000 
-12.560000 27.920000 3.720000 -32.910000 -71.220001 0.000000 3031.000000 -1960.000000 2914.000000 1137.000000 -4720.000000 2477.000000 
-11.270000 28.280001 4.280000 -33.270000 -72.029999 0.000000 2404.000000 -2244.000000 2628.000000 195.000000 -4969.000000 1732.000000 
-10.150000 28.500000 4.750000 -32.700001 -73.309998 0.000000 2911.000000 -2245.000000 3092.000000 -973.000000 -5305.000000 488.000000 
-9.200000 28.770000 5.100000 -31.950001 -74.769997 0.000000 2652.000000 -2076.000000 3026.000000 -1170.000000 -3888.000000 28.000000 
-8.410000 29.490000 5.450000 -31.840000 -76.500000 0.000000 2954.000000 -1776.000000 2310.000000 -500.000000 -2625.000000 -513.000000 
-8.030000 30.680000 5.710000 -32.740002 -77.410004 0.000000 1142.000000 -1173.000000 665.000000 438.000000 -1914.000000 413.000000 
-8.190000 31.910000 5.970000 -33.200001 -77.769997 0.000000 2888.000000 -1996.000000 2894.000000 227.000000 -2639.000000 361.000000 
-8.640000 31.830000 6.090000 -33.419998 -77.800003 0.000000 2968.000000 -2051.000000 3139.000000 -789.000000 -3524.000000 797.000000 
-8.620000 31.809999 6.470000 -33.869999 -77.680000 0.000000 3164.000000 -2070.000000 2473.000000 -862.000000 -3949.000000 733.000000 
-8.330000 32.619999 6.800000 -34.230000 -77.339996 0.000000 3136.000000 -2059.000000 2256.000000 193.000000 -3441.000000 609.000000 
-7.820000 33.509998 7.150000 -34.650002 -76.989998 0.000000 2822.000000 -2284.000000 2561.000000 -387.000000 -4426.000000 252.000000 
-7.920000 34.310001 7.390000 -34.580002 -76.779999 0.000000 2647.000000 -2248.000000 2805.000000 -2550.000000 -4797.000000 685.000000 
-7.950000 35.160000 7.580000 -35.250000 -76.540001 0.000000 2283.000000 -2431.000000 2534.000000 -761.000000 -4362.000000 775.000000 
-7.540000 35.730000 8.140000 -35.779999 -76.239998 0.000000 2588.000000 -2392.000000 2507.000000 -172.000000 -3291.000000 286.000000 
-6.840000 34.919998 8.850000 -36.299999 -76.099998 0.000000 2834.000000 -2347.000000 2376.000000 -167.000000 -4436.000000 290.000000 
-6.540000 34.240002 9.560000 -36.470001 -76.019997 0.000000 4090.000000 -2431.000000 3060.000000 -1093.000000 -4690.000000 490.000000 
-6.460000 34.410000 9.980000 -36.730000 -76.099998 0.000000 2306.000000 -2414.000000 2701.000000 -2165.000000 -3033.000000 -262.000000 
-5.970000 34.369999 10.690000 -36.980000 -76.089996 0.000000 495.000000 -2302.000000 3041.000000 -1610.000000 -3692.000000 252.000000 
-5.500000 34.380001 11.530000 -37.290001 -76.169998 0.000000 2245.000000 -2758.000000 3218.000000 -1632.000000 -3406.000000 -111.000000 
-6.030000 34.040001 11.720000 -37.480000 -76.290001 0.000000 2755.000000 -2920.000000 3225.000000 -1052.000000 -4297.000000 -128.000000 
-7.140000 34.709999 11.670000 -37.799999 -76.389999 0.000000 4082.000000 -3386.000000 3708.000000 -1188.000000 -4857.000000 117.000000 
-8.120000 35.709999 11.640000 -37.720001 -76.419998 0.000000 2197.000000 -3299.000000 4001.000000 -156.000000 -4506.000000 -13.000000 
-8.790000 36.630001 11.770000 -36.639999 -76.440002 0.000000 3006.000000 -3345.000000 5016.000000 -1973.000000 -4226.000000 -346.000000 
-9.620000 37.299999 11.760000 -35.310001 -76.620003 0.000000 2422.000000 -3448.000000 4361.000000 -3842.000000 -5401.000000 -470.000000 
-10.630000 38.860001 11.660000 -33.740002 -76.540001 0.000000 2615.000000 -3398.000000 4651.000000 -2489.000000 -3445.000000 -429.000000 
-11.020000 41.080002 11.950000 -32.310001 -75.480003 0.000000 2074.000000 -3547.000000 4611.000000 -2065.000000 -5087.000000 1179.000000 
-11.560000 43.480000 12.320000 -30.650000 -73.800003 0.000000 1770.000000 -3423.000000 4813.000000 -2511.000000 -5280.000000 1170.000000 
-12.390000 46.060001 12.490000 -29.020000 -71.980003 0.000000 1674.000000 -3234.000000 4086.000000 -2345.000000 -3660.000000 -323.000000 
-13.510000 48.799999 12.580000 -27.540001 -70.080002 0.000000 2027.000000 -2927.000000 3815.000000 -2938.000000 -2831.000000 -971.000000 
-15.170000 51.630001 12.270000 -25.900000 -68.620003 0.000000 1832.000000 -2624.000000 4170.000000 -2966.000000 -2677.000000 -1487.000000 
-17.580000 54.480000 11.400000 -24.120001 -67.820000 0.000000 1762.000000 -2472.000000 4415.000000 -3260.000000 -2120.000000 -1911.000000 
-20.570000 57.400002 10.010000 -22.450001 -68.190002 0.000000 1819.000000 -2379.000000 4569.000000 -2704.000000 -2547.000000 -2055.000000 
-24.430000 60.419998 7.880000 -20.629999 -69.699997 0.000000 1804.000000 -2258.000000 4597.000000 -3385.000000 -2202.000000 -2431.000000 
-29.559999 63.419998 4.530000 -18.639999 -72.339996 0.000000 1716.000000 -1977.000000 4577.000000 -5132.000000 -1854.000000 -4121.000000 
-36.209999 66.260002 -0.310000 -16.670000 -75.879997 0.000000 1342.000000 -1567.000000 3991.000000 -6101.000000 -1537.000000 -4670.000000 
-44.540001 68.739998 -6.800000 -14.820000 -79.309998 0.000000 991.000000 -1251.000000 3646.000000 2492.000000 -16567.000000 16816.000000 
-54.279999 70.879997 -14.680000 -12.960000 -83.510002 0.000000 -4813.000000 -782.000000 3165.000000 -7361.000000 4380.000000 -3999.000000 
-64.620003 72.400002 -23.090000 -11.670000 -87.910004 0.000000 2577.000000 -1263.000000 4510.000000 -3864.000000 -2236.000000 -865.000000 
-76.370003 72.919998 -32.869999 -10.800000 -91.449997 0.000000 910.000000 -1311.000000 3678.000000 -2822.000000 -2002.000000 -1132.000000 
-88.459999 72.849998 -42.950001 -10.220000 -95.529999 0.000000 370.000000 -1242.000000 3069.000000 -4438.000000 -1643.000000 -3077.000000 
-98.820000 71.730003 -51.340000 -9.160000 -100.809998 0.000000 13772.000000 -570.000000 6619.000000 -2501.000000 -373.000000 -3426.000000 
-108.370003 70.510002 -59.240002 -8.660000 -105.540001 0.000000 -396.000000 -622.000000 2803.000000 -2054.000000 -3448.000000 1007.000000 
-117.750000 69.160004 -66.970001 -8.060000 -109.639999 0.000000 -5913.000000 -828.000000 2081.000000 -3172.000000 -2291.000000 644.000000 
-124.639999 67.610001 -72.029999 -7.740000 -111.620003 0.000000 -1976.000000 -551.000000 1843.000000 -1897.000000 -1683.000000 163.000000 
-129.369995 65.910004 -74.889999 -7.350000 -113.070000 0.000000 -495.000000 -497.000000 2851.000000 -2883.000000 -2670.000000 -515.000000 
-131.759995 64.599998 -75.769997 -6.310000 -115.739998 0.000000 -1584.000000 62.000000 1952.000000 -3501.000000 -1210.000000 -982.000000 
-134.339996 63.450001 -76.830002 -5.340000 -117.870003 0.000000 -1328.000000 -30.000000 2735.000000 -2170.000000 -794.000000 -981.000000 
-136.559998 62.860001 -77.629997 -4.860000 -118.650002 0.000000 -929.000000 -249.000000 3076.000000 -2453.000000 -1372.000000 -607.000000 
-137.770004 62.669998 -77.610001 -4.750000 -119.730003 0.000000 -794.000000 -317.000000 3106.000000 -2962.000000 -1443.000000 -681.000000 
-137.740005 62.599998 -76.470001 -4.970000 -120.070000 0.000000 -315.000000 -433.000000 3242.000000 -2656.000000 -1631.000000 -489.000000 
-137.229996 62.430000 -75.010002 -5.360000 -120.040001 0.000000 -25.000000 -516.000000 3535.000000 -2609.000000 -1736.000000 -358.000000 
-138.210007 62.119999 -74.910004 -5.870000 -120.650002 0.000000 45.000000 -531.000000 3736.000000 -2867.000000 -1204.000000 -575.000000 
-136.820007 62.099998 -72.980003 -6.620000 -120.230003 0.000000 -186.000000 -578.000000 3583.000000 -2584.000000 -2338.000000 54.000000 
-135.860001 62.349998 -71.510002 -7.470000 -120.440002 0.000000 -166.000000 -470.000000 3483.000000 -2510.000000 -1299.000000 -521.000000 
-134.679993 62.689999 -69.910004 -8.510000 -119.889999 0.000000 35.000000 -650.000000 3572.000000 -2261.000000 -1631.000000 -317.000000 
-133.270004 63.000000 -68.180000 -9.680000 -119.580002 0.000000 84.000000 -751.000000 3756.000000 -2599.000000 -1864.000000 -368.000000 
-131.320007 63.189999 -65.919998 -10.960000 -119.459999 0.000000 755.000000 -863.000000 3439.000000 -2084.000000 -2174.000000 -442.000000 
-129.050003 63.310001 -63.599998 -12.920000 -119.430000 0.000000 -904.000000 -1357.000000 3847.000000 -2073.000000 -3551.000000 135.000000 
-126.519997 63.290001 -61.200001 -14.600000 -119.260002 0.000000 347.000000 -1473.000000 3737.000000 -2135.000000 -2604.000000 -231.000000 
-124.139999 62.849998 -59.150002 -16.480000 -119.169998 0.000000 -460.000000 -1198.000000 2193.000000 -1595.000000 -2861.000000 -486.000000 
-121.370003 62.790001 -56.869999 -18.559999 -120.099998 0.000000 -1379.000000 -1123.000000 1420.000000 -1647.000000 -1948.000000 -1062.000000 
-118.610001 62.790001 -54.680000 -20.350000 -121.519997 0.000000 -1478.000000 -1315.000000 1712.000000 -2700.000000 -1881.000000 -1438.000000 
-115.680000 62.860001 -52.270000 -21.570000 -122.559998 0.000000 -1010.000000 -2163.000000 3169.000000 -4032.000000 -2555.000000 -1294.000000 
-112.349998 63.110001 -49.549999 -22.629999 -122.779999 0.000000 -603.000000 -2338.000000 3567.000000 -3902.000000 -2838.000000 -1291.000000 
-108.419998 63.369999 -46.279999 -23.639999 -122.330002 0.000000 -349.000000 -2405.000000 3630.000000 -3260.000000 -2898.000000 -1350.000000 
-104.180000 63.459999 -42.700001 -24.520000 -121.870003 0.000000 -76.000000 -2336.000000 3613.000000 -2788.000000 -2532.000000 -1357.000000 
-99.639999 63.570000 -38.799999 -25.530001 -121.820000 0.000000 -110.000000 -2363.000000 3180.000000 -1880.000000 -1923.000000 -1675.000000 
-95.029999 63.500000 -34.840000 -26.600000 -121.830002 0.000000 241.000000 -2665.000000 3448.000000 -1905.000000 -2224.000000 -1732.000000 
-90.680000 63.130001 -31.260000 -27.840000 -121.980003 0.000000 312.000000 -3053.000000 3994.000000 -2830.000000 -2941.000000 -1774.000000 
-86.540001 62.590000 -27.980000 -29.219999 -121.650002 0.000000 257.000000 -2903.000000 3359.000000 -2744.000000 -3491.000000 -1537.000000 
-83.080002 61.919998 -25.400000 -30.410000 -121.379997 0.000000 134.000000 -3125.000000 3763.000000 -2717.000000 -3300.000000 -1650.000000 
-79.279999 61.520000 -22.580000 -31.490000 -121.339996 0.000000 -178.000000 -2846.000000 3482.000000 -3077.000000 -2895.000000 -1772.000000 
-75.470001 61.310001 -19.750000 -32.610001 -121.410004 0.000000 -471.000000 -2814.000000 3135.000000 -2959.000000 -2713.000000 -1765.000000 
-72.629997 61.320000 -17.730000 -33.700001 -121.379997 0.000000 -348.000000 -2869.000000 3016.000000 -2633.000000 -2516.000000 -1672.000000 
-69.959999 60.830002 -15.740000 -34.669998 -121.279999 0.000000 -322.000000 -2980.000000 3422.000000 -2550.000000 -2476.000000 -1884.000000 
-67.019997 60.430000 -13.530000 -35.759998 -120.989998 0.000000 -63.000000 -2797.000000 2644.000000 -2768.000000 -3024.000000 -1895.000000 
-64.620003 60.070000 -11.800000 -36.680000 -120.279999 0.000000 168.000000 -2902.000000 3448.000000 -3450.000000 -3507.000000 -1628.000000 
-61.730000 59.590000 -9.560000 -37.330002 -119.370003 0.000000 276.000000 -3202.000000 4120.000000 -3055.000000 -3510.000000 -1672.000000 
-58.490002 59.400002 -7.140000 -37.889999 -118.470001 0.000000 447.000000 -3313.000000 4103.000000 -2215.000000 -3355.000000 -1627.000000 
-55.330002 59.220001 -4.770000 -38.160000 -117.940002 0.000000 294.000000 -3181.000000 4057.000000 -2111.000000 -2784.000000 -1664.000000 
-53.099998 59.119999 -3.220000 -38.430000 -117.650002 0.000000 129.000000 -3130.000000 3842.000000 -2364.000000 -2718.000000 -1662.000000 
-51.500000 59.020000 -2.210000 -38.910000 -117.440002 0.000000 -41.000000 -3208.000000 3753.000000 -2986.000000 -2782.000000 -1612.000000 
-50.290001 58.970001 -1.470000 -39.279999 -117.419998 0.000000 -240.000000 -3069.000000 3598.000000 -2922.000000 -2228.000000 -1847.000000 
-49.599998 58.980000 -1.110000 -39.639999 -117.410004 0.000000 -562.000000 -3210.000000 3392.000000 -3141.000000 -2443.000000 -2112.000000 
-49.400002 59.200001 -1.070000 -39.939999 -117.370003 0.000000 -525.000000 -3246.000000 3445.000000 -3598.000000 -2771.000000 -1884.000000 
-49.259998 59.360001 -1.040000 -40.209999 -117.339996 0.000000 -435.000000 -3129.000000 3306.000000 -3044.000000 -2721.000000 -1869.000000 
-49.330002 59.240002 -1.100000 -40.480000 -117.330002 0.000000 -189.000000 -2966.000000 3066.000000 -2119.000000 -2433.000000 -1901.000000 
-49.340000 59.009998 -1.100000 -40.820000 -117.419998 0.000000 -169.000000 -3097.000000 3216.000000 -2883.000000 -2588.000000 -1953.000000 
-49.389999 58.869999 -1.160000 -40.900002 -117.279999 0.000000 -8.000000 -3245.000000 3701.000000 -2599.000000 -3052.000000 -1721.000000 
-49.130001 57.930000 -0.940000 -41.450001 -117.099998 0.000000 435.000000 -3937.000000 3832.000000 -2585.000000 -3601.000000 -2057.000000 
-49.009998 58.220001 -0.990000 -41.060001 -117.169998 0.000000 -27.000000 -3036.000000 3632.000000 -2317.000000 -2496.000000 -1799.000000 
-48.669998 58.599998 -0.890000 -41.200001 -117.620003 0.000000 -350.000000 -3276.000000 3644.000000 -2967.000000 -2251.000000 -1963.000000 
-48.520000 58.209999 -0.870000 -41.230000 -118.070000 0.000000 143.000000 -3136.000000 3570.000000 -2359.000000 -2644.000000 -1863.000000 
-48.830002 58.470001 -1.260000 -41.009998 -117.830002 0.000000 -863.000000 -3803.000000 5055.000000 -2898.000000 -3739.000000 -1356.000000 
-48.980000 58.880001 -1.530000 -40.759998 -117.949997 0.000000 8.000000 -2988.000000 3603.000000 -2793.000000 -3027.000000 -1359.000000 
-48.950001 59.330002 -1.690000 -40.459999 -118.260002 0.000000 -246.000000 -2876.000000 3416.000000 -2632.000000 -2539.000000 -1618.000000 
-49.279999 59.799999 -2.130000 -40.490002 -118.849998 0.000000 -468.000000 -2795.000000 3095.000000 -3402.000000 -2154.000000 -1787.000000 
-49.599998 60.360001 -2.520000 -40.599998 -119.300003 0.000000 -718.000000 -2526.000000 2606.000000 -2511.000000 -1910.000000 -1503.000000 
-50.130001 60.660000 -3.020000 -40.660000 -119.849998 0.000000 -529.000000 -2794.000000 3102.000000 -2625.000000 -2041.000000 -1721.000000 
-51.160000 60.840000 -3.960000 -40.700001 -120.290001 0.000000 -654.000000 -2682.000000 3049.000000 -2566.000000 -2281.000000 -1498.000000 
-52.320000 61.029999 -5.000000 -40.509998 -120.470001 0.000000 -193.000000 -2866.000000 3618.000000 -2438.000000 -2693.000000 -1345.000000 
-53.689999 61.270000 -6.290000 -39.980000 -120.889999 0.000000 -528.000000 -2694.000000 3493.000000 -2631.000000 -2442.000000 -1440.000000 
-55.230000 61.669998 -7.750000 -39.810001 -121.629997 0.000000 -948.000000 -2705.000000 3385.000000 -2977.000000 -2175.000000 -1632.000000 
-56.970001 62.000000 -9.340000 -39.660000 -122.269997 0.000000 -1292.000000 -2468.000000 3151.000000 -3213.000000 -2374.000000 -1740.000000 
-58.540001 62.320000 -10.710000 -39.480000 -122.949997 0.000000 -1558.000000 -2671.000000 3441.000000 -3588.000000 -2257.000000 -1813.000000 
-59.910000 62.599998 -11.870000 -39.180000 -123.449997 0.000000 -1679.000000 -2577.000000 3335.000000 -3370.000000 -1903.000000 -1860.000000 
-61.220001 62.880001 -12.960000 -38.740002 -123.830002 0.000000 -1859.000000 -2546.000000 3424.000000 -3627.000000 -1651.000000 -1892.000000 
-62.560001 63.200001 -14.040000 -38.360001 -124.220001 0.000000 -2233.000000 -2438.000000 3278.000000 -3701.000000 -1077.000000 -1937.000000 
-64.209999 63.520000 -15.310000 -37.840000 -124.620003 0.000000 -2358.000000 -2210.000000 3123.000000 -4054.000000 -1148.000000 -1844.000000 
-66.190002 63.790001 -16.809999 -37.310001 -125.230003 0.000000 -2364.000000 -2301.000000 3266.000000 -4083.000000 -846.000000 -1761.000000 
-68.470001 64.010002 -18.469999 -36.540001 -126.099998 0.000000 -2601.000000 -2254.000000 3610.000000 -3655.000000 -8.000000 -1766.000000 
-71.169998 64.199997 -20.430000 -35.720001 -127.209999 0.000000 -2586.000000 -1933.000000 3208.000000 -4579.000000 -261.000000 -1769.000000 
-74.040001 64.360001 -22.420000 -34.900002 -128.800003 0.000000 -3136.000000 -2159.000000 3693.000000 -4746.000000 242.000000 -2000.000000 
-76.839996 64.559998 -24.190001 -34.009998 -130.550003 0.000000 -3360.000000 -1954.000000 3512.000000 -4864.000000 165.000000 -1868.000000 
-79.589996 64.730003 -25.760000 -32.919998 -132.399994 0.000000 -3077.000000 -1776.000000 3485.000000 -4100.000000 251.000000 -1777.000000 
-82.220001 64.709999 -27.080000 -31.700001 -134.149994 0.000000 -2879.000000 -1641.000000 3437.000000 -3625.000000 303.000000 -1649.000000 
-84.519997 64.559998 -28.000000 -30.610001 -135.960007 0.000000 -2763.000000 -1660.000000 3367.000000 -3631.000000 355.000000 -1692.000000 
-86.410004 64.379997 -28.549999 -29.799999 -137.679993 0.000000 -2567.000000 -1692.000000 3372.000000 -3816.000000 225.000000 -1723.000000 
-88.040001 64.190002 -28.809999 -29.270000 -139.240005 0.000000 -2374.000000 -1806.000000 3473.000000 -3948.000000 150.000000 -1882.000000 
-89.610001 63.950001 -28.950001 -28.799999 -140.479996 0.000000 -1791.000000 -1961.000000 3891.000000 -4083.000000 -273.000000 -2144.000000 
-91.339996 63.639999 -29.219999 -28.620001 -141.240005 0.000000 -1739.000000 -2177.000000 4046.000000 -4410.000000 -858.000000 -1761.000000 
-93.089996 63.439999 -29.570000 -28.020000 -142.479996 0.000000 -1464.000000 -1996.000000 4374.000000 -3812.000000 -336.000000 -1863.000000 
-94.980003 63.369999 -30.129999 -27.799999 -143.050003 0.000000 -1074.000000 -1895.000000 3567.000000 -4606.000000 -1567.000000 -1683.000000 
-96.900002 63.599998 -30.850000 -26.930000 -142.449997 0.000000 -1272.000000 -1496.000000 3495.000000 -3676.000000 -1730.000000 -1394.000000 
-98.930000 63.970001 -31.790001 -26.049999 -141.389999 0.000000 -1011.000000 -1294.000000 3073.000000 -3327.000000 -1457.000000 -1158.000000 
-100.860001 64.389999 -32.599998 -25.049999 -140.339996 0.000000 -1087.000000 -1267.000000 3323.000000 -3616.000000 -1160.000000 -929.000000 
-102.370003 64.440002 -33.000000 -24.270000 -139.820007 0.000000 -1077.000000 -1366.000000 3368.000000 -2255.000000 -553.000000 -1319.000000 
-103.309998 64.019997 -32.930000 -23.879999 -139.229996 0.000000 -630.000000 -1482.000000 3339.000000 -1618.000000 -506.000000 -1327.000000 
-104.099998 63.500000 -32.779999 -23.940001 -138.990005 0.000000 -777.000000 -1570.000000 3318.000000 -1844.000000 -610.000000 -1206.000000 
-104.370003 63.029999 -32.290001 -24.209999 -138.020004 0.000000 -819.000000 -1283.000000 2625.000000 -2513.000000 -1776.000000 -1224.000000 
-104.860001 62.599998 -32.080002 -24.549999 -136.729996 0.000000 -405.000000 -1496.000000 2772.000000 -2913.000000 -2202.000000 -1116.000000 
-105.040001 62.119999 -31.730000 -24.889999 -135.919998 0.000000 -631.000000 -1950.000000 3347.000000 -3075.000000 -1731.000000 -1859.000000 
-104.709999 61.500000 -30.959999 -25.250000 -135.199997 0.000000 -543.000000 -2201.000000 3693.000000 -3725.000000 -1520.000000 -1906.000000 
-104.400002 60.959999 -30.330000 -25.620001 -134.460007 0.000000 -614.000000 -2454.000000 3899.000000 -3871.000000 -1758.000000 -1829.000000 
-103.480003 60.660000 -29.190001 -25.900000 -133.600006 0.000000 -644.000000 -2411.000000 3783.000000 -3351.000000 -1870.000000 -1796.000000 
-102.559998 60.340000 -28.150000 -26.000000 -132.740005 0.000000 -516.000000 -2295.000000 3566.000000 -2927.000000 -1898.000000 -1848.000000 
-101.680000 59.959999 -27.180000 -25.950001 -131.750000 0.000000 -526.000000 -2275.000000 3391.000000 -2415.000000 -2050.000000 -1838.000000 
-100.610001 59.619999 -26.160000 -25.840000 -130.679993 0.000000 -364.000000 -2195.000000 3242.000000 -1942.000000 -2026.000000 -1720.000000 
-99.150002 59.310001 -24.799999 -25.799999 -129.720001 0.000000 -190.000000 -2373.000000 3232.000000 -1702.000000 -2054.000000 -1624.000000 
-97.589996 58.849998 -23.340000 -25.820000 -128.809998 0.000000 315.000000 -2473.000000 2945.000000 -1966.000000 -2525.000000 -1512.000000 
-96.199997 58.250000 -22.030001 -25.860001 -128.100006 0.000000 463.000000 -2388.000000 3240.000000 -2041.000000 -2523.000000 -1668.000000 
-94.959999 57.570000 -20.959999 -26.080000 -127.589996 0.000000 290.000000 -2533.000000 3283.000000 -1968.000000 -2537.000000 -1810.000000 
-94.040001 56.779999 -20.270000 -26.370001 -127.309998 0.000000 178.000000 -2650.000000 3426.000000 -2190.000000 -2726.000000 -1901.000000 
-92.839996 56.169998 -19.389999 -26.709999 -127.370003 0.000000 -286.000000 -2701.000000 3328.000000 -2064.000000 -2349.000000 -2061.000000 
-91.370003 55.840000 -18.330000 -27.049999 -127.839996 0.000000 -468.000000 -2655.000000 3195.000000 -1962.000000 -1939.000000 -2147.000000 
-89.790001 55.820000 -16.940001 -27.450001 -127.910004 0.000000 -554.000000 -2678.000000 3070.000000 -2260.000000 -2664.000000 -1741.000000 
-88.349998 54.980000 -15.640000 -27.870001 -128.500000 0.000000 -500.000000 -2640.000000 2510.000000 -2205.000000 -1782.000000 -2333.000000 
-86.940002 54.180000 -14.370000 -28.250000 -128.210007 0.000000 14.000000 -2600.000000 3050.000000 -1842.000000 -2960.000000 -2050.000000 
-85.370003 53.470001 -12.970000 -28.650000 -127.739998 0.000000 781.000000 -2910.000000 3113.000000 -2161.000000 -3457.000000 -1880.000000 
-83.690002 52.820000 -11.560000 -29.129999 -127.239998 0.000000 422.000000 -2678.000000 2873.000000 -1585.000000 -3403.000000 -1853.000000 
-81.769997 52.630001 -9.930000 -29.670000 -127.180000 0.000000 205.000000 -2646.000000 2554.000000 -1298.000000 -2453.000000 -2299.000000 
-79.570000 52.779999 -7.850000 -30.219999 -127.040001 0.000000 441.000000 -2736.000000 2554.000000 -1464.000000 -2454.000000 -2169.000000 
-77.089996 52.330002 -5.380000 -30.799999 -126.529999 0.000000 8.000000 -2591.000000 2319.000000 -1898.000000 -3054.000000 -1929.000000 
-74.860001 51.650002 -3.070000 -31.370001 -125.500000 0.000000 636.000000 -2927.000000 2756.000000 -2234.000000 -3824.000000 -1751.000000 
-72.349998 51.209999 -0.550000 -31.799999 -124.320000 0.000000 1223.000000 -2981.000000 3357.000000 -2285.000000 -4025.000000 -1782.000000 
-69.800003 50.990002 1.920000 -31.990000 -123.330002 0.000000 1237.000000 -3035.000000 4029.000000 -1572.000000 -3835.000000 -1795.000000 
-67.360001 51.009998 4.350000 -32.279999 -122.660004 0.000000 1368.000000 -2927.000000 3364.000000 -927.000000 -3071.000000 -1795.000000 
-64.820000 50.910000 6.890000 -32.669998 -122.300003 0.000000 681.000000 -2816.000000 3109.000000 -740.000000 -2668.000000 -2064.000000 
-63.139999 51.080002 8.700000 -33.340000 -122.120003 0.000000 1178.000000 -3277.000000 2528.000000 -1449.000000 -2406.000000 -2224.000000 
-60.860001 50.750000 11.290000 -34.250000 -121.589996 0.000000 940.000000 -3028.000000 1961.000000 -1227.000000 -2740.000000 -1963.000000 
-58.520000 50.279999 13.920000 -35.070000 -120.610001 0.000000 179.000000 -3216.000000 3022.000000 -2364.000000 -3671.000000 -1904.000000 
-56.509998 49.360001 16.160000 -35.480000 -119.949997 0.000000 1067.000000 -3510.000000 3817.000000 -2594.000000 -3739.000000 -2052.000000 
-54.520000 48.970001 18.469999 -35.610001 -119.589996 0.000000 527.000000 -3092.000000 3635.000000 -803.000000 -2532.000000 -2160.000000 
-52.720001 48.250000 20.379999 -35.410000 -119.059998 0.000000 629.000000 -3960.000000 5996.000000 283.000000 -3828.000000 -2485.000000 
-50.959999 47.709999 22.260000 -35.740002 -118.419998 0.000000 2744.000000 -3323.000000 3153.000000 -987.000000 -5209.000000 -1957.000000 
-49.660000 47.369999 23.719999 -35.770000 -118.339996 0.000000 2086.000000 -3297.000000 4094.000000 -1516.000000 -4285.000000 -2299.000000 
-48.340000 47.660000 24.930000 -35.680000 -118.620003 0.000000 393.000000 -3163.000000 3646.000000 -1898.000000 -3605.000000 -2483.000000 
-47.410000 47.939999 25.799999 -35.830002 -119.209999 0.000000 83.000000 -3263.000000 2973.000000 -2262.000000 -2964.000000 -2187.000000 
-46.209999 47.950001 27.200001 -36.049999 -119.860001 0.000000 423.000000 -2857.000000 2406.000000 -2728.000000 -3199.000000 -2420.000000 
-44.950001 47.830002 28.850000 -36.049999 -119.440002 0.000000 -2427.000000 -1945.000000 1759.000000 -1693.000000 -3859.000000 -1433.000000 
-42.750000 46.930000 31.629999 -36.310001 -119.839996 0.000000 2424.000000 -2619.000000 3124.000000 -411.000000 -2364.000000 -2733.000000 
-40.209999 46.230000 34.500000 -37.139999 -119.680000 0.000000 -720.000000 -2552.000000 2384.000000 -93.000000 -2281.000000 -1440.000000 
-37.919998 44.310001 36.889999 -37.779999 -119.790001 0.000000 564.000000 -3677.000000 4074.000000 -1810.000000 -1925.000000 -1549.000000 
-35.820000 42.790001 38.880001 -37.610001 -119.300003 0.000000 576.000000 -3095.000000 4016.000000 -2939.000000 -5017.000000 -2432.000000 
-35.049999 42.689999 39.820000 -37.369999 -119.629997 0.000000 347.000000 -2441.000000 3232.000000 -996.000000 -2813.000000 -2013.000000 
-34.650002 42.650002 40.480000 -37.139999 -120.250000 0.000000 8.000000 -2573.000000 3683.000000 -1456.000000 -2250.000000 -2002.000000 
-34.410000 42.369999 41.119999 -36.790001 -120.910004 0.000000 481.000000 -2349.000000 3393.000000 -1980.000000 -2923.000000 -2251.000000 
-34.230000 41.980000 41.730000 -36.630001 -120.370003 0.000000 -742.000000 -1862.000000 3199.000000 -1492.000000 -5114.000000 -1817.000000 
-33.770000 41.570000 42.610001 -37.209999 -119.389999 0.000000 34.000000 -2580.000000 2697.000000 -938.000000 -9821.000000 2021.000000 
-32.500000 40.820000 44.330002 -37.009998 -117.300003 0.000000 401.000000 -2367.000000 3576.000000 -3838.000000 -7280.000000 -3948.000000 
-30.469999 40.029999 46.619999 -37.380001 -114.839996 0.000000 2142.000000 -2741.000000 3213.000000 -2311.000000 -2355.000000 -3637.000000 
-27.360001 38.770000 50.000000 -37.860001 -112.620003 0.000000 1523.000000 -2799.000000 2477.000000 -3405.000000 -1913.000000 -3238.000000 
-24.670000 36.490002 53.020000 -38.430000 -110.809998 0.000000 2913.000000 -2240.000000 551.000000 -2075.000000 -2736.000000 -2047.000000 
-22.299999 34.270000 55.580002 -38.759998 -109.360001 0.000000 -2076.000000 -2666.000000 5182.000000 -262.000000 -3019.000000 -2251.000000 
-20.100000 32.980000 57.630001 -38.799999 -108.239998 0.000000 1317.000000 -2734.000000 3581.000000 1442.000000 -1105.000000 -923.000000 
-18.520000 30.860001 58.980000 -38.400002 -108.580002 0.000000 1765.000000 -2402.000000 3788.000000 -875.000000 -322.000000 -1357.000000 
-17.340000 29.389999 60.279999 -37.750000 -108.980003 0.000000 1235.000000 -2341.000000 3552.000000 -1849.000000 -1171.000000 -1262.000000 
-16.790001 27.799999 61.130001 -37.360001 -109.440002 0.000000 1162.000000 -2502.000000 3252.000000 -2339.000000 -2587.000000 -1594.000000 
-16.959999 26.959999 61.599998 -36.869999 -109.559998 0.000000 1268.000000 -2509.000000 3237.000000 -1367.000000 -3895.000000 -1373.000000 
-17.260000 26.540001 62.009998 -36.299999 -109.839996 0.000000 1490.000000 -2487.000000 3233.000000 -437.000000 -3229.000000 -1615.000000 
-17.610001 26.450001 62.369999 -35.889999 -110.230003 0.000000 1574.000000 -2633.000000 3135.000000 -1607.000000 -2968.000000 -1926.000000 
-17.590000 26.530001 62.840000 -35.360001 -110.790001 0.000000 1478.000000 -2698.000000 3401.000000 -1971.000000 -2486.000000 -2009.000000 
-17.370001 26.770000 63.349998 -34.630001 -111.540001 0.000000 1433.000000 -2619.000000 3653.000000 -1586.000000 -2249.000000 -2065.000000 
-17.330000 27.049999 63.869999 -34.150002 -112.339996 0.000000 1814.000000 -2765.000000 3491.000000 -1288.000000 -3259.000000 -2146.000000 
-17.610001 26.610001 64.300003 -33.709999 -112.930000 0.000000 2181.000000 -2712.000000 3197.000000 -1054.000000 -4820.000000 -2090.000000 
-17.820000 25.950001 64.660004 -33.750000 -113.040001 0.000000 2513.000000 -2708.000000 2086.000000 -325.000000 -5798.000000 -1607.000000 
-17.950001 25.920000 64.919998 -33.020000 -112.820000 0.000000 3274.000000 -3752.000000 7063.000000 -292.000000 -6396.000000 -1522.000000 
-17.629999 25.680000 65.330002 -32.150002 -112.150002 0.000000 3632.000000 -3552.000000 5687.000000 -874.000000 -6709.000000 -1576.000000 
-17.129999 25.639999 65.639999 -31.120001 -111.290001 0.000000 3884.000000 -3671.000000 4460.000000 -1493.000000 -6132.000000 -1841.000000 
-16.600000 26.420000 65.699997 -29.969999 -110.709999 0.000000 3203.000000 -3787.000000 4852.000000 -1846.000000 -5066.000000 -2367.000000 
-16.059999 27.639999 65.690002 -28.820000 -110.230003 0.000000 3426.000000 -3813.000000 4666.000000 -1639.000000 -4690.000000 -2494.000000 
-15.730000 29.240000 65.629997 -27.780001 -110.029999 0.000000 2989.000000 -3821.000000 4041.000000 -811.000000 -4302.000000 -2778.000000 
-15.940000 30.760000 65.349998 -26.820000 -110.089996 0.000000 2563.000000 -3832.000000 3561.000000 -694.000000 -4362.000000 -2857.000000 
-16.809999 32.169998 64.779999 -25.969999 -110.489998 0.000000 2738.000000 -3887.000000 3058.000000 -1020.000000 -4100.000000 -2728.000000 
-17.830000 33.410000 64.010002 -25.350000 -111.120003 0.000000 2318.000000 -3760.000000 2889.000000 -990.000000 -3486.000000 -2881.000000 
-19.059999 34.669998 63.169998 -24.969999 -111.800003 0.000000 2051.000000 -3478.000000 2471.000000 -1202.000000 -3169.000000 -2868.000000 
-20.290001 36.000000 62.290001 -24.820000 -112.370003 0.000000 1997.000000 -3213.000000 1952.000000 -1234.000000 -3429.000000 -2778.000000 
-21.389999 37.150002 61.619999 -24.940001 -112.709999 0.000000 1778.000000 -3108.000000 1757.000000 -1599.000000 -3887.000000 -2598.000000 
-22.170000 38.450001 61.230000 -25.330000 -112.680000 0.000000 1941.000000 -3147.000000 1905.000000 -2049.000000 -4285.000000 -2428.000000 
-22.750000 39.650002 61.230000 -26.049999 -112.260002 0.000000 1362.000000 -3546.000000 2910.000000 -2311.000000 -4288.000000 -2420.000000 
-22.860001 40.869999 61.650002 -26.790001 -111.510002 0.000000 977.000000 -3922.000000 3783.000000 -2380.000000 -3986.000000 -2632.000000 
-22.700001 42.000000 62.490002 -27.320000 -110.550003 0.000000 729.000000 -4055.000000 3467.000000 -1952.000000 -3018.000000 -3396.000000 
-22.860001 42.990002 63.560001 -27.600000 -109.639999 0.000000 649.000000 -3709.000000 2757.000000 -1017.000000 -1823.000000 -3999.000000 
-23.379999 43.919998 64.889999 -27.700001 -109.050003 0.000000 697.000000 -3309.000000 1981.000000 -391.000000 -1520.000000 -3719.000000 
-23.910000 44.669998 66.589996 -27.680000 -108.769997 0.000000 895.000000 -2818.000000 1466.000000 180.000000 -1648.000000 -3463.000000 
-24.379999 45.090000 68.570000 -27.500000 -107.949997 0.000000 1161.000000 -2298.000000 1520.000000 1564.000000 -4571.000000 -227.000000 
-24.730000 45.070000 70.430000 -27.139999 -107.070000 0.000000 -528.000000 -2337.000000 1911.000000 1278.000000 -3433.000000 -991.000000 
-25.020000 44.759998 71.970001 -26.620001 -106.550003 0.000000 2182.000000 -1762.000000 2014.000000 199.000000 -1767.000000 -1701.000000 
-25.360001 44.369999 73.019997 -25.900000 -106.230003 0.000000 2218.000000 -1327.000000 1932.000000 -102.000000 -2096.000000 -1701.000000 
-25.959999 44.189999 73.559998 -24.940001 -105.830002 0.000000 2458.000000 -1369.000000 2756.000000 223.000000 -2618.000000 -1266.000000 
-26.780001 44.360001 73.540001 -23.719999 -105.440002 0.000000 1940.000000 -1114.000000 2643.000000 -90.000000 -2824.000000 -755.000000 
-27.660000 44.860001 73.029999 -22.309999 -105.019997 0.000000 1682.000000 -675.000000 2477.000000 -515.000000 -2897.000000 -301.000000 
-28.150000 45.830002 72.349998 -20.830000 -104.440002 0.000000 1240.000000 -334.000000 2415.000000 -966.000000 -2636.000000 62.000000 
-27.980000 47.070000 71.809998 -19.459999 -103.709999 0.000000 984.000000 15.000000 2439.000000 -1535.000000 -2158.000000 462.000000 
-27.230000 48.299999 71.559998 -18.200001 -102.919998 0.000000 788.000000 271.000000 2443.000000 -1721.000000 -1793.000000 688.000000 
-26.100000 49.349998 71.519997 -17.160000 -102.120003 0.000000 191.000000 258.000000 2314.000000 -1867.000000 -1448.000000 601.000000 
-24.980000 50.250000 71.550003 -16.280001 -101.379997 0.000000 33.000000 237.000000 2088.000000 -2202.000000 -1271.000000 709.000000 
-23.969999 51.000000 71.629997 -15.430000 -100.540001 0.000000 28.000000 676.000000 2020.000000 -1932.000000 -1333.000000 964.000000 
-22.910000 51.570000 71.830002 -14.750000 -99.650002 0.000000 134.000000 645.000000 2433.000000 -1984.000000 -1437.000000 1102.000000 
-21.639999 51.939999 72.220001 -14.090000 -98.790001 0.000000 418.000000 745.000000 2645.000000 -2202.000000 -1581.000000 1206.000000 
-20.180000 52.150002 72.730003 -13.400000 -97.910004 0.000000 486.000000 845.000000 2986.000000 -2166.000000 -1653.000000 1369.000000 
-18.750000 52.330002 73.169998 -12.690000 -97.059998 0.000000 844.000000 971.000000 3451.000000 -2253.000000 -1881.000000 1519.000000 
-17.459999 52.549999 73.400002 -12.010000 -96.320000 0.000000 1129.000000 1030.000000 3940.000000 -2407.000000 -1822.000000 1486.000000 
-16.370001 52.919998 73.349998 -11.350000 -95.720001 0.000000 1216.000000 1036.000000 4252.000000 -2755.000000 -2089.000000 1612.000000 
-15.550000 53.520000 72.989998 -10.710000 -95.190002 0.000000 1075.000000 955.000000 4263.000000 -2917.000000 -2001.000000 1459.000000 
-14.990000 54.369999 72.400002 -10.100000 -94.629997 0.000000 747.000000 877.000000 3963.000000 -3014.000000 -1987.000000 1420.000000 
-14.690000 55.400002 71.690002 -9.520000 -93.970001 0.000000 475.000000 808.000000 3707.000000 -2976.000000 -1770.000000 1661.000000 
-14.410000 56.450001 71.010002 -8.990000 -93.360001 0.000000 667.000000 746.000000 3560.000000 -3363.000000 -1230.000000 959.000000 
-14.070000 57.389999 70.459999 -8.660000 -92.660004 0.000000 -89.000000 686.000000 3577.000000 -3442.000000 -1380.000000 1044.000000 
-13.770000 58.209999 69.959999 -8.380000 -92.010002 0.000000 206.000000 665.000000 3886.000000 -3415.000000 -1812.000000 1016.000000 
-13.460000 58.849998 69.570000 -8.230000 -91.400002 0.000000 469.000000 455.000000 4390.000000 -3527.000000 -2553.000000 1203.000000 
-13.110000 59.380001 69.300003 -8.140000 -90.930000 0.000000 902.000000 289.000000 4502.000000 -3587.000000 -2938.000000 867.000000 
-12.680000 59.840000 69.169998 -8.050000 -90.410004 0.000000 906.000000 57.000000 4449.000000 -3455.000000 -3033.000000 747.000000 
-12.130000 60.220001 69.190002 -7.960000 -89.889999 0.000000 962.000000 -151.000000 4551.000000 -3403.000000 -2905.000000 663.000000 
-11.330000 60.480000 69.430000 -7.930000 -89.480003 0.000000 1236.000000 -332.000000 4473.000000 -3548.000000 -3116.000000 409.000000 
-10.220000 60.610001 69.980003 -7.940000 -88.919998 0.000000 1434.000000 -425.000000 4373.000000 -3568.000000 -3138.000000 561.000000 
-8.870000 60.619999 70.750000 -8.030000 -88.190002 0.000000 2335.000000 -248.000000 3921.000000 -3085.000000 -3300.000000 800.000000 
-7.330000 60.560001 71.690002 -8.320000 -87.449997 0.000000 1904.000000 -222.000000 4361.000000 -2894.000000 -3211.000000 772.000000 
-5.870000 60.500000 72.639999 -9.110000 -86.709999 0.000000 1747.000000 -626.000000 4833.000000 -3090.000000 -3416.000000 1132.000000 
-4.680000 60.470001 73.470001 -10.010000 -86.389999 0.000000 1774.000000 -709.000000 4998.000000 -3286.000000 -3202.000000 565.000000 
-3.280000 60.080002 74.500000 -10.850000 -86.059998 0.000000 1783.000000 -749.000000 4804.000000 -3176.000000 -4945.000000 1010.000000 
-1.830000 60.080002 75.470001 -11.570000 -85.629997 0.000000 2798.000000 -702.000000 5011.000000 -7567.000000 -9668.000000 1128.000000 
-1.040000 60.660000 76.010002 -12.240000 -84.279999 0.000000 3795.000000 -1905.000000 8318.000000 -8411.000000 -10737.000000 510.000000 
0.400000 61.400002 77.300003 -12.170000 -81.760002 0.000000 4823.000000 -2971.000000 10163.000000 -1823.000000 -6676.000000 -49.000000 
3.250000 62.189999 79.449997 -10.890000 -79.339996 0.000000 4682.000000 -1894.000000 8189.000000 -1454.000000 -3894.000000 299.000000 
8.340000 62.740002 83.180000 -9.200000 -77.059998 0.000000 3014.000000 -990.000000 5346.000000 -1474.000000 -2185.000000 768.000000 
13.200000 63.580002 86.650002 -7.670000 -74.870003 0.000000 1832.000000 -469.000000 3613.000000 -1723.000000 -1394.000000 942.000000 
17.629999 64.540001 89.830002 -6.390000 -73.139999 0.000000 801.000000 -273.000000 2726.000000 -2851.000000 -963.000000 1030.000000 
21.230000 65.250000 92.610001 -5.360000 -71.779999 0.000000 -621.000000 -205.000000 2185.000000 -3458.000000 -727.000000 686.000000 
23.510000 65.459999 94.610001 -4.410000 -70.720001 0.000000 -1119.000000 -166.000000 2373.000000 -3929.000000 -1169.000000 794.000000 
24.549999 65.209999 95.750000 -3.740000 -70.099998 0.000000 -574.000000 -666.000000 3555.000000 -4177.000000 -1036.000000 281.000000 
25.020000 64.480003 96.300003 -3.500000 -69.669998 0.000000 388.000000 -902.000000 4617.000000 -3490.000000 -1610.000000 400.000000 
25.670000 62.900002 97.000000 -3.510000 -69.349998 0.000000 1460.000000 -745.000000 4501.000000 -2461.000000 -2155.000000 531.000000 
25.950001 61.349998 97.500000 -3.450000 -69.260002 0.000000 1896.000000 -338.000000 3738.000000 -852.000000 -2145.000000 489.000000 
24.940001 59.919998 96.930000 -3.440000 -69.510002 0.000000 2672.000000 -351.000000 3759.000000 -569.000000 -3199.000000 948.000000 
22.590000 59.250000 95.120003 -3.440000 -70.199997 0.000000 2442.000000 -284.000000 3208.000000 -1378.000000 -4439.000000 1164.000000 
20.280001 58.660000 93.300003 -3.680000 -70.989998 0.000000 2960.000000 -559.000000 3457.000000 -1902.000000 -4966.000000 1120.000000 
18.430000 58.029999 91.739998 -4.040000 -71.660004 0.000000 3337.000000 -830.000000 3957.000000 -2135.000000 -4789.000000 891.000000 
16.910000 57.080002 90.260002 -4.330000 -72.160004 0.000000 3207.000000 -1077.000000 4139.000000 -2132.000000 -4440.000000 569.000000 
16.070000 55.840000 89.339996 -4.520000 -72.489998 0.000000 3132.000000 -1152.000000 4114.000000 -1898.000000 -3813.000000 478.000000 
15.680000 54.619999 88.739998 -4.670000 -72.790001 0.000000 2823.000000 -1189.000000 3880.000000 -1811.000000 -3606.000000 419.000000 
15.280000 53.680000 88.239998 -4.860000 -73.070000 0.000000 2558.000000 -1183.000000 3619.000000 -1913.000000 -3668.000000 378.000000 
14.680000 53.040001 87.680000 -5.110000 -73.330002 0.000000 2542.000000 -1208.000000 3531.000000 -1913.000000 -3867.000000 397.000000 
14.070000 52.619999 87.110001 -5.350000 -73.550003 0.000000 2636.000000 -1258.000000 3593.000000 -1944.000000 -3847.000000 342.000000 
13.740000 52.240002 86.669998 -5.600000 -73.690002 0.000000 2643.000000 -1316.000000 3663.000000 -2082.000000 -3826.000000 397.000000 
13.830000 51.830002 86.690002 -5.820000 -73.760002 0.000000 2612.000000 -1373.000000 3761.000000 -2118.000000 -3752.000000 415.000000 
14.200000 51.680000 86.930000 -5.990000 -73.730003 0.000000 2609.000000 -1311.000000 3723.000000 -2073.000000 -3658.000000 439.000000 
14.660000 51.779999 87.370003 -6.110000 -73.660004 0.000000 2529.000000 -1230.000000 3664.000000 -2079.000000 -3565.000000 457.000000 
15.070000 52.029999 87.830002 -6.180000 -73.570000 0.000000 2449.000000 -1138.000000 3554.000000 -2059.000000 -3367.000000 512.000000 
15.490000 52.439999 88.330002 -6.210000 -73.459999 0.000000 2327.000000 -1034.000000 3562.000000 -1984.000000 -3524.000000 663.000000 
16.020000 52.930000 88.949997 -6.200000 -73.309998 0.000000 2221.000000 -926.000000 3521.000000 -2099.000000 -3716.000000 857.000000 
16.459999 53.500000 89.519997 -6.180000 -73.150002 0.000000 2366.000000 -844.000000 3629.000000 -2076.000000 -3649.000000 759.000000 
16.830000 54.130001 90.019997 -6.100000 -72.970001 0.000000 2348.000000 -788.000000 3749.000000 -2033.000000 -3564.000000 830.000000 
17.240000 54.810001 90.570000 -5.990000 -72.760002 0.000000 2244.000000 -763.000000 3783.000000 -2007.000000 -3484.000000 868.000000 
17.740000 55.500000 91.160004 -5.860000 -72.550003 0.000000 2147.000000 -702.000000 3739.000000 -1913.000000 -3806.000000 1062.000000 
18.209999 56.240002 91.730003 -5.680000 -72.400002 0.000000 1424.000000 -411.000000 2947.000000 -2250.000000 -3114.000000 747.000000 
18.700001 56.980000 92.279999 -5.770000 -72.180000 0.000000 2095.000000 -550.000000 3743.000000 -2226.000000 -3015.000000 813.000000 
19.180000 57.680000 92.839996 -5.900000 -71.989998 0.000000 2141.000000 -709.000000 4021.000000 -2205.000000 -3011.000000 755.000000 
19.660000 58.360001 93.370003 -5.920000 -71.870003 0.000000 1848.000000 -684.000000 3848.000000 -2406.000000 -3084.000000 845.000000 
20.059999 59.009998 93.849998 -5.910000 -71.750000 0.000000 1624.000000 -729.000000 3725.000000 -2361.000000 -3032.000000 844.000000 
20.430000 59.650002 94.239998 -5.950000 -71.669998 0.000000 1534.000000 -706.000000 3809.000000 -2451.000000 -2933.000000 773.000000 
20.719999 60.209999 94.610001 -6.010000 -71.610001 0.000000 1533.000000 -716.000000 3801.000000 -2476.000000 -2939.000000 785.000000 
20.969999 60.720001 94.919998 -6.070000 -71.550003 0.000000 1499.000000 -727.000000 3784.000000 -2453.000000 -2964.000000 843.000000 
21.129999 61.169998 95.150002 -6.150000 -71.519997 0.000000 1433.000000 -757.000000 3716.000000 -2431.000000 -3003.000000 811.000000 
21.170000 61.549999 95.209999 -6.260000 -71.529999 0.000000 1457.000000 -776.000000 3773.000000 -2428.000000 -3042.000000 767.000000 
21.150000 61.830002 95.260002 -6.390000 -71.550003 0.000000 1489.000000 -779.000000 3710.000000 -2452.000000 -3048.000000 732.000000 
21.049999 62.029999 95.230003 -6.530000 -71.589996 0.000000 1584.000000 -825.000000 3779.000000 -2392.000000 -3033.000000 721.000000 
20.940001 62.169998 95.169998 -6.670000 -71.650002 0.000000 1609.000000 -838.000000 3734.000000 -2432.000000 -3081.000000 661.000000 
20.770000 62.240002 95.040001 -6.830000 -71.730003 0.000000 1652.000000 -884.000000 3821.000000 -2453.000000 -3160.000000 676.000000 
