22.139999 29.719999 78.849998 -6.030000 -31.610001 0.000000 1578.000000 -1244.000000 5372.000000 725.000000 -2097.000000 3979.000000 
22.040001 31.200001 78.949997 -5.580000 -31.709999 0.000000 2301.000000 -1292.000000 5053.000000 246.000000 -2221.000000 3800.000000 
22.049999 32.860001 79.050003 -5.210000 -31.959999 0.000000 1683.000000 -1309.000000 5923.000000 28.000000 -2478.000000 3901.000000 
21.959999 34.630001 78.870003 -4.770000 -32.349998 0.000000 2127.000000 -1207.000000 5663.000000 -265.000000 -2706.000000 4205.000000 
21.450001 36.570000 78.540001 -4.040000 -32.889999 0.000000 1903.000000 -679.000000 4480.000000 -234.000000 -2971.000000 4300.000000 
21.400000 39.480000 78.430000 -3.410000 -33.200001 0.000000 1934.000000 -765.000000 3467.000000 -724.000000 -3105.000000 4590.000000 
21.600000 42.259998 78.410004 -2.730000 -33.389999 0.000000 1134.000000 -178.000000 3760.000000 -720.000000 -2912.000000 4604.000000 
21.709999 44.790001 78.139999 -2.290000 -33.360001 0.000000 1997.000000 -290.000000 4734.000000 -797.000000 -2582.000000 4160.000000 
21.750000 47.279999 77.629997 -1.830000 -33.220001 0.000000 1673.000000 -258.000000 4757.000000 -1349.000000 -2365.000000 3577.000000 
22.160000 49.189999 76.919998 -1.370000 -32.970001 0.000000 922.000000 -225.000000 4697.000000 -1301.000000 -2092.000000 3480.000000 
23.670000 50.099998 76.790001 -1.250000 -32.619999 0.000000 -322.000000 -573.000000 3702.000000 -1579.000000 -2254.000000 3376.000000 
25.200001 49.799999 76.540001 -0.430000 -32.040001 0.000000 704.000000 259.000000 2160.000000 -1901.000000 -2406.000000 3434.000000 
24.920000 48.830002 75.029999 0.540000 -31.719999 0.000000 1512.000000 1031.000000 874.000000 -575.000000 -2531.000000 3824.000000 
24.639999 47.580002 73.360001 0.860000 -31.440001 0.000000 2031.000000 464.000000 2361.000000 -162.000000 -2787.000000 4288.000000 
25.350000 45.970001 72.139999 0.740000 -31.110001 0.000000 2293.000000 18.000000 4451.000000 -286.000000 -2993.000000 4664.000000 
26.910000 44.480000 71.269997 0.590000 -30.600000 0.000000 2238.000000 -151.000000 5117.000000 -325.000000 -2823.000000 4365.000000 
28.510000 43.080002 70.339996 0.360000 -29.920000 0.000000 2131.000000 -388.000000 5055.000000 -479.000000 -2604.000000 3956.000000 
30.059999 41.959999 69.440002 0.100000 -29.049999 0.000000 1796.000000 -482.000000 4918.000000 -679.000000 -2288.000000 3571.000000 
31.620001 41.250000 68.660004 -0.130000 -28.020000 0.000000 1529.000000 -501.000000 4710.000000 -786.000000 -1893.000000 3160.000000 
33.110001 40.990002 67.959999 -0.300000 -27.040001 0.000000 1331.000000 -480.000000 4334.000000 -697.000000 -1615.000000 2892.000000 
34.349998 41.139999 67.199997 -0.400000 -26.299999 0.000000 1024.000000 -322.000000 3789.000000 -662.000000 -1605.000000 2827.000000 
34.990002 41.910000 66.199997 -0.480000 -25.770000 0.000000 760.000000 -208.000000 3272.000000 -615.000000 -1685.000000 2647.000000 
35.070000 43.060001 64.900002 -0.660000 -25.600000 0.000000 490.000000 -171.000000 3276.000000 -915.000000 -1816.000000 2563.000000 
34.840000 44.250000 63.340000 -0.960000 -25.920000 0.000000 440.000000 -157.000000 3367.000000 -1274.000000 -1958.000000 2458.000000 
34.380001 45.360001 61.430000 -1.400000 -26.299999 0.000000 311.000000 -213.000000 3413.000000 -1548.000000 -2036.000000 2270.000000 
33.779999 46.290001 59.299999 -1.760000 -26.730000 0.000000 -114.000000 -166.000000 3261.000000 -1921.000000 -1978.000000 1927.000000 
33.099998 47.029999 57.060001 -2.250000 -27.350000 0.000000 -405.000000 -228.000000 3365.000000 -2214.000000 -2266.000000 1928.000000 
32.419998 47.610001 54.820000 -2.690000 -28.030001 0.000000 -492.000000 -205.000000 3590.000000 -2474.000000 -2447.000000 2216.000000 
31.760000 48.060001 52.669998 -3.300000 -28.700001 0.000000 -569.000000 -361.000000 3615.000000 -2648.000000 -2493.000000 2206.000000 
31.090000 48.410000 50.590000 -4.000000 -29.320000 0.000000 -578.000000 -461.000000 3561.000000 -2620.000000 -2430.000000 1982.000000 
30.270000 48.730000 48.500000 -4.880000 -30.020000 0.000000 -567.000000 -615.000000 3517.000000 -2371.000000 -2426.000000 1545.000000 
29.160000 49.060001 46.310001 -5.900000 -30.809999 0.000000 -749.000000 -828.000000 3579.000000 -2283.000000 -2459.000000 1342.000000 
27.900000 49.400002 44.080002 -6.970000 -31.730000 0.000000 -922.000000 -932.000000 3781.000000 -2466.000000 -2818.000000 1561.000000 
26.600000 49.709999 41.830002 -8.090000 -32.660000 0.000000 -1065.000000 -1044.000000 3822.000000 -2622.000000 -2996.000000 1696.000000 
25.370001 49.970001 39.680000 -9.170000 -33.509998 0.000000 -1231.000000 -1075.000000 3726.000000 -2698.000000 -2892.000000 1475.000000 
24.260000 50.150002 37.650002 -10.220000 -34.250000 0.000000 -1347.000000 -1059.000000 3476.000000 -2805.000000 -2637.000000 1184.000000 
23.219999 50.209999 35.709999 -11.290000 -34.910000 0.000000 -1366.000000 -1076.000000 3280.000000 -2801.000000 -2328.000000 906.000000 
22.160000 50.160000 33.880001 -12.440000 -35.639999 0.000000 -1330.000000 -1129.000000 3196.000000 -2468.000000 -2196.000000 836.000000 
20.889999 50.009998 31.990000 -13.710000 -36.490002 0.000000 -1255.000000 -1267.000000 3255.000000 -2215.000000 -2181.000000 762.000000 
19.230000 49.720001 29.920000 -15.170000 -37.500000 0.000000 -1133.000000 -1464.000000 3315.000000 -1956.000000 -2267.000000 811.000000 
17.209999 49.290001 27.670000 -16.670000 -38.709999 0.000000 -1022.000000 -1608.000000 3536.000000 -1646.000000 -2569.000000 1023.000000 
14.940000 48.740002 25.360001 -17.980000 -40.020000 0.000000 -944.000000 -1645.000000 4107.000000 -1718.000000 -2939.000000 1245.000000 
12.560000 48.070000 23.070000 -19.510000 -41.360001 0.000000 -632.000000 -1897.000000 3954.000000 -1979.000000 -3237.000000 1442.000000 
10.130000 47.290001 20.889999 -20.870001 -42.689999 0.000000 -626.000000 -1933.000000 4016.000000 -2001.000000 -3460.000000 1430.000000 
7.710000 46.480000 18.780001 -22.129999 -44.020000 0.000000 -730.000000 -2126.000000 4172.000000 -1848.000000 -3593.000000 1432.000000 
5.330000 45.720001 16.860001 -23.270000 -45.380001 0.000000 -705.000000 -2157.000000 4178.000000 -1712.000000 -3610.000000 1447.000000 
2.990000 44.939999 15.030000 -24.490000 -46.779999 0.000000 -473.000000 -2256.000000 4006.000000 -1324.000000 -3694.000000 1431.000000 
0.680000 44.110001 13.310000 -25.610001 -48.200001 0.000000 -290.000000 -2309.000000 3845.000000 -941.000000 -3815.000000 1353.000000 
-1.560000 43.080002 11.700000 -26.510000 -49.689999 0.000000 -68.000000 -2323.000000 3750.000000 -834.000000 -3907.000000 1316.000000 
-3.690000 41.889999 10.150000 -27.320000 -51.240002 0.000000 224.000000 -2418.000000 3944.000000 -624.000000 -4119.000000 1548.000000 
-5.660000 40.520000 8.730000 -27.620001 -52.770000 0.000000 155.000000 -2525.000000 4655.000000 -684.000000 -4424.000000 1949.000000 
-7.430000 39.070000 7.410000 -27.420000 -54.240002 0.000000 -50.000000 -2407.000000 4794.000000 -1177.000000 -4584.000000 2094.000000 
-8.840000 37.520000 6.450000 -27.110001 -55.590000 0.000000 132.000000 -2312.000000 4589.000000 -1387.000000 -4578.000000 2103.000000 
-9.730000 35.919998 5.780000 -26.830000 -56.660000 0.000000 331.000000 -2174.000000 4421.000000 -1241.000000 -4446.000000 2190.000000 
-10.430000 34.439999 5.290000 -26.780001 -57.470001 0.000000 659.000000 -2052.000000 4128.000000 -945.000000 -4362.000000 2258.000000 
-11.120000 33.080002 4.880000 -26.840000 -57.990002 0.000000 738.000000 -1852.000000 3603.000000 -847.000000 -4162.000000 2299.000000 
-11.440000 31.820000 4.470000 -27.139999 -58.139999 0.000000 998.000000 -1861.000000 3443.000000 -545.000000 -4185.000000 2657.000000 
-11.580000 30.620001 4.110000 -27.379999 -57.939999 0.000000 882.000000 -1802.000000 3477.000000 -347.000000 -4337.000000 3052.000000 
-11.370000 29.510000 3.970000 -27.870001 -58.110001 0.000000 1149.000000 -1879.000000 3465.000000 -203.000000 -3286.000000 1420.000000 
-10.770000 28.740000 4.030000 -28.549999 -58.230000 0.000000 1100.000000 -1965.000000 3440.000000 -31.000000 -3248.000000 1467.000000 
-10.130000 27.950001 4.240000 -29.610001 -58.220001 0.000000 698.000000 -2179.000000 3506.000000 -189.000000 -3623.000000 1887.000000 
-9.720000 26.860001 4.450000 -30.500000 -58.450001 0.000000 308.000000 -2321.000000 3583.000000 -504.000000 -3670.000000 1652.000000 
-9.830000 25.530001 4.190000 -31.250000 -58.299999 0.000000 392.000000 -2405.000000 3738.000000 -296.000000 -4523.000000 2516.000000 
-10.420000 24.280001 3.780000 -31.410000 -58.040001 0.000000 928.000000 -2513.000000 4179.000000 69.000000 -4149.000000 2236.000000 
-11.290000 23.360001 3.380000 -31.430000 -58.049999 0.000000 1379.000000 -2408.000000 4434.000000 -109.000000 -4076.000000 1841.000000 
-11.720000 23.410000 3.160000 -31.330000 -57.970001 0.000000 1577.000000 -2436.000000 4574.000000 -470.000000 -4466.000000 2411.000000 
-11.240000 23.910000 3.130000 -31.000000 -57.919998 0.000000 1548.000000 -2126.000000 4316.000000 -291.000000 -3950.000000 2216.000000 
-10.420000 23.980000 3.280000 -30.480000 -57.740002 0.000000 1258.000000 -2110.000000 4039.000000 -116.000000 -4074.000000 2482.000000 
-9.570000 24.010000 3.630000 -30.120001 -57.669998 0.000000 1257.000000 -2073.000000 3645.000000 -151.000000 -3755.000000 2211.000000 
-9.080000 24.620001 3.720000 -29.889999 -57.980000 0.000000 1145.000000 -2096.000000 3584.000000 -586.000000 -3920.000000 2073.000000 
-8.810000 25.360001 3.790000 -30.340000 -58.349998 0.000000 731.000000 -2082.000000 3190.000000 -148.000000 -3973.000000 2045.000000 
-8.740000 26.030001 3.930000 -30.930000 -58.509998 0.000000 586.000000 -1879.000000 2622.000000 325.000000 -2815.000000 1371.000000 
-7.990000 26.490000 4.340000 -31.690001 -57.980000 0.000000 851.000000 -1985.000000 2835.000000 -245.000000 -3279.000000 2086.000000 
-6.920000 26.290001 4.800000 -31.860001 -57.700001 0.000000 974.000000 -2088.000000 3267.000000 -158.000000 -3171.000000 1776.000000 
-5.990000 25.820000 5.340000 -32.389999 -57.360001 0.000000 580.000000 -3383.000000 5094.000000 104.000000 -3387.000000 1981.000000 
-5.550000 25.000000 5.610000 -32.070000 -57.240002 0.000000 509.000000 -2569.000000 5034.000000 238.000000 -3795.000000 2067.000000 
-5.580000 24.270000 5.700000 -31.270000 -57.410000 0.000000 1265.000000 -1963.000000 4621.000000 -63.000000 -4066.000000 2031.000000 
-6.480000 24.510000 5.560000 -31.730000 -57.570000 0.000000 1281.000000 -2577.000000 3189.000000 -426.000000 -4460.000000 2387.000000 
-6.760000 25.670000 5.630000 -31.780001 -57.820000 0.000000 1094.000000 -2149.000000 3177.000000 -522.000000 -3814.000000 1991.000000 
-6.780000 26.760000 5.910000 -31.850000 -58.240002 0.000000 1902.000000 -2143.000000 2883.000000 -522.000000 -3833.000000 1650.000000 
-6.720000 27.520000 6.400000 -32.090000 -58.380001 0.000000 1507.000000 -2461.000000 3436.000000 -200.000000 -4005.000000 2079.000000 
-7.250000 27.570000 6.580000 -31.809999 -58.790001 0.000000 1703.000000 -2440.000000 3896.000000 88.000000 -4168.000000 1859.000000 
-7.780000 27.730000 6.790000 -31.799999 -59.009998 0.000000 1041.000000 -2319.000000 3578.000000 -54.000000 -3952.000000 2014.000000 
-7.490000 28.320000 7.460000 -31.750000 -59.090000 0.000000 1489.000000 -2153.000000 3270.000000 174.000000 -3605.000000 1921.000000 
-7.150000 28.889999 8.060000 -32.259998 -59.049999 0.000000 2188.000000 -2381.000000 2203.000000 109.000000 -3359.000000 1813.000000 
-6.260000 28.549999 8.970000 -32.139999 -59.240002 0.000000 2165.000000 -2604.000000 3954.000000 405.000000 -3984.000000 1857.000000 
-5.590000 27.639999 9.570000 -31.719999 -59.259998 0.000000 1204.000000 -2001.000000 3734.000000 179.000000 -3612.000000 1805.000000 
-4.770000 27.910000 10.390000 -32.380001 -59.360001 0.000000 2389.000000 -3065.000000 3537.000000 -487.000000 -3848.000000 1805.000000 
-4.260000 28.330000 11.140000 -32.419998 -59.279999 0.000000 586.000000 -1921.000000 3191.000000 218.000000 -3864.000000 1897.000000 
-4.220000 28.620001 11.760000 -33.189999 -59.000000 0.000000 2915.000000 -2934.000000 3047.000000 230.000000 -3923.000000 2051.000000 
-4.690000 27.879999 11.900000 -33.110001 -58.770000 0.000000 1440.000000 -2202.000000 3221.000000 -15.000000 -3556.000000 1863.000000 
-3.990000 26.889999 12.670000 -33.500000 -57.959999 0.000000 1648.000000 -2351.000000 3179.000000 236.000000 -3625.000000 2490.000000 
-3.020000 26.230000 13.430000 -33.459999 -57.560001 0.000000 2032.000000 -2154.000000 3329.000000 659.000000 -3415.000000 2089.000000 
-2.210000 25.570000 14.130000 -33.500000 -56.939999 0.000000 1230.000000 -2087.000000 3347.000000 342.000000 -3513.000000 2306.000000 
-1.770000 24.780001 14.560000 -33.830002 -56.580002 0.000000 1500.000000 -2273.000000 3248.000000 379.000000 -3497.000000 2196.000000 
-1.680000 25.320000 14.940000 -34.750000 -56.310001 0.000000 1588.000000 -2502.000000 3140.000000 460.000000 -3482.000000 2210.000000 
-2.680000 25.200001 14.870000 -35.490002 -56.369999 0.000000 864.000000 -2299.000000 3040.000000 -177.000000 -3615.000000 2208.000000 
-3.170000 25.750000 15.040000 -35.840000 -56.060001 0.000000 1482.000000 -2543.000000 3476.000000 457.000000 -3553.000000 2304.000000 
-3.460000 26.120001 15.320000 -36.980000 -56.209999 0.000000 1286.000000 -2550.000000 2895.000000 -68.000000 -3675.000000 2157.000000 
-3.890000 26.250000 15.560000 -37.990002 -56.520000 0.000000 1355.000000 -2568.000000 2963.000000 498.000000 -3671.000000 2005.000000 
-4.340000 26.150000 15.860000 -38.700001 -56.820000 0.000000 1371.000000 -2567.000000 2978.000000 275.000000 -3859.000000 2064.000000 
-4.000000 25.959999 16.709999 -39.970001 -56.939999 0.000000 1598.000000 -2700.000000 2649.000000 310.000000 -3807.000000 2187.000000 
-3.420000 24.690001 17.520000 -40.990002 -57.250000 0.000000 1734.000000 -2888.000000 2908.000000 623.000000 -3475.000000 1815.000000 
-3.300000 23.340000 17.940001 -41.939999 -57.740002 0.000000 1815.000000 -2828.000000 2680.000000 706.000000 -3416.000000 1721.000000 
-3.680000 22.139999 18.010000 -42.520000 -58.380001 0.000000 1625.000000 -2918.000000 2829.000000 721.000000 -3473.000000 1660.000000 
-3.750000 22.090000 18.080000 -43.250000 -58.650002 0.000000 1774.000000 -2842.000000 2666.000000 594.000000 -3699.000000 2027.000000 
-4.320000 21.980000 18.049999 -43.740002 -58.910000 0.000000 1506.000000 -2795.000000 2597.000000 758.000000 -3584.000000 1904.000000 
-4.970000 21.790001 18.020000 -44.490002 -59.220001 0.000000 1566.000000 -2840.000000 2521.000000 864.000000 -3606.000000 1875.000000 
-4.780000 20.830000 18.799999 -45.660000 -59.430000 0.000000 1628.000000 -2944.000000 2174.000000 926.000000 -3988.000000 2202.000000 
-4.480000 19.639999 19.250000 -46.590000 -59.900002 0.000000 1825.000000 -2993.000000 2108.000000 1416.000000 -3768.000000 1983.000000 
-4.390000 18.549999 19.639999 -47.360001 -60.689999 0.000000 1793.000000 -3091.000000 2172.000000 796.000000 -3749.000000 1845.000000 
-4.240000 17.590000 20.000000 -47.910000 -60.970001 0.000000 2252.000000 -2861.000000 2117.000000 919.000000 -3477.000000 1995.000000 
-3.710000 16.870001 20.580000 -48.259998 -61.529999 0.000000 2002.000000 -3092.000000 2186.000000 762.000000 -3555.000000 1868.000000 
-2.870000 16.389999 21.020000 -48.889999 -62.790001 0.000000 1729.000000 -3031.000000 1942.000000 616.000000 -3776.000000 1492.000000 
-3.320000 16.840000 20.910000 -48.930000 -64.230003 0.000000 1645.000000 -3098.000000 2128.000000 147.000000 -4029.000000 911.000000 
-3.620000 17.480000 20.870001 -49.099998 -65.410004 0.000000 1709.000000 -3061.000000 2136.000000 479.000000 -4069.000000 1011.000000 
-4.070000 18.049999 20.879999 -49.540001 -66.349998 0.000000 1536.000000 -3023.000000 1981.000000 423.000000 -4171.000000 1105.000000 
-4.330000 18.520000 20.990000 -50.439999 -66.930000 0.000000 1571.000000 -2963.000000 1635.000000 609.000000 -4562.000000 1626.000000 
-3.770000 17.500000 21.370001 -51.220001 -66.800003 0.000000 2219.000000 -3123.000000 1609.000000 591.000000 -4639.000000 2067.000000 
-2.890000 16.910000 21.750000 -51.509998 -66.639999 0.000000 2033.000000 -3180.000000 1735.000000 855.000000 -5027.000000 2391.000000 
-2.790000 16.600000 21.090000 -51.419998 -66.440002 0.000000 2353.000000 -3414.000000 2021.000000 775.000000 -4894.000000 2443.000000 
-2.170000 16.389999 21.170000 -51.599998 -66.650002 0.000000 1985.000000 -3057.000000 1467.000000 1348.000000 -3741.000000 1719.000000 
-1.570000 16.570000 21.160000 -50.950001 -67.110001 0.000000 2124.000000 -3188.000000 1879.000000 -893.000000 -5084.000000 2426.000000 
-1.160000 17.150000 20.830000 -50.650002 -68.220001 0.000000 1535.000000 -3356.000000 1797.000000 -2649.000000 -6310.000000 1726.000000 
-1.200000 18.709999 20.520000 -50.439999 -69.410004 0.000000 1840.000000 -3099.000000 1586.000000 -4579.000000 -8967.000000 2278.000000 
-2.670000 19.940001 19.940001 -50.580002 -69.769997 0.000000 3480.000000 -27.000000 -3818.000000 3133.000000 -918.000000 -777.000000 
-3.790000 21.309999 19.389999 -49.720001 -68.849998 0.000000 3459.000000 -4103.000000 5427.000000 6843.000000 1984.000000 -1024.000000 
-4.940000 22.750000 18.700001 -48.950001 -68.760002 0.000000 729.000000 -5638.000000 6078.000000 1549.000000 -626.000000 -551.000000 
-4.830000 24.549999 18.090000 -48.750000 -69.610001 0.000000 2431.000000 -3429.000000 2491.000000 -756.000000 -2353.000000 599.000000 
-4.280000 25.750000 17.670000 -48.259998 -70.099998 0.000000 1358.000000 -3238.000000 2094.000000 -1416.000000 -3406.000000 1548.000000 
-3.930000 26.820000 17.420000 -47.759998 -70.379997 0.000000 1715.000000 -3075.000000 1692.000000 -3508.000000 -3365.000000 1308.000000 
-4.470000 27.459999 17.070000 -47.459999 -70.209999 0.000000 1180.000000 -4495.000000 1578.000000 -865.000000 -4525.000000 1126.000000 
-4.960000 28.309999 16.709999 -46.810001 -69.459999 0.000000 1938.000000 -3065.000000 2356.000000 -11.000000 -3657.000000 1132.000000 
-4.150000 29.219999 16.990000 -45.360001 -69.029999 0.000000 1450.000000 -2913.000000 3247.000000 -607.000000 -3314.000000 911.000000 
-3.240000 29.740000 17.240000 -44.430000 -68.790001 0.000000 433.000000 -2893.000000 3065.000000 -253.000000 -3280.000000 1091.000000 
-2.540000 29.370001 17.440001 -44.000000 -68.720001 0.000000 757.000000 -2807.000000 2443.000000 -28.000000 -3550.000000 1314.000000 
-2.620000 28.830000 17.270000 -43.400002 -68.720001 0.000000 1409.000000 -2909.000000 2876.000000 38.000000 -3600.000000 1410.000000 
-2.520000 28.549999 17.120001 -43.400002 -69.639999 0.000000 1602.000000 -3259.000000 2784.000000 -499.000000 4320.000000 -7125.000000 
-2.160000 28.809999 17.090000 -43.580002 -71.080002 0.000000 1264.000000 -3590.000000 2658.000000 -103.000000 -1828.000000 -343.000000 
-2.110000 29.080000 16.840000 -43.480000 -73.260002 0.000000 379.000000 -2762.000000 2138.000000 -858.000000 -2681.000000 -336.000000 
-3.280000 29.170000 16.030001 -42.880001 -75.400002 0.000000 1279.000000 -3000.000000 2839.000000 -1237.000000 -6835.000000 1799.000000 
-5.040000 30.150000 14.870000 -41.740002 -76.550003 0.000000 1795.000000 -2772.000000 3352.000000 -829.000000 -8626.000000 3161.000000 
-6.660000 31.340000 13.890000 -40.759998 -77.050003 0.000000 744.000000 -2795.000000 3081.000000 -540.000000 -6416.000000 1683.000000 
-7.770000 32.750000 13.280000 -40.680000 -77.570000 0.000000 762.000000 -3466.000000 3280.000000 -1998.000000 -5158.000000 411.000000 
-8.700000 33.990002 12.810000 -40.529999 -78.139999 0.000000 633.000000 -3698.000000 3696.000000 -3243.000000 -1573.000000 -3521.000000 
-9.670000 34.439999 12.420000 -40.189999 -78.410004 0.000000 1727.000000 -4009.000000 4022.000000 -863.000000 -6029.000000 399.000000 
-10.510000 35.130001 11.950000 -39.480000 -78.209999 0.000000 140.000000 -4610.000000 5183.000000 -1417.000000 -5873.000000 1038.000000 
-11.690000 36.880001 11.180000 -38.299999 -78.250000 0.000000 -853.000000 -4115.000000 4775.000000 -983.000000 -3957.000000 -168.000000 
-12.460000 39.340000 10.590000 -36.919998 -78.519997 0.000000 -1023.000000 -3864.000000 4164.000000 -1890.000000 -4356.000000 -121.000000 
-13.490000 41.820000 9.810000 -35.320000 -79.150002 0.000000 -1735.000000 -3635.000000 4226.000000 -1701.000000 -3880.000000 -971.000000 
-15.140000 44.259998 8.620000 -33.889999 -79.970001 0.000000 -1144.000000 -3844.000000 4404.000000 -2785.000000 -3729.000000 -854.000000 
-17.280001 46.810001 7.130000 -32.169998 -81.089996 0.000000 -1397.000000 -3645.000000 4673.000000 -2835.000000 -3542.000000 -962.000000 
-19.730000 49.660000 5.370000 -29.889999 -82.480003 0.000000 -2164.000000 -3228.000000 4905.000000 -3251.000000 -3011.000000 -995.000000 
-22.650000 52.700001 3.240000 -27.540001 -84.169998 0.000000 -2556.000000 -2905.000000 4273.000000 -4199.000000 -3585.000000 -900.000000 
-26.270000 55.820000 0.580000 -24.709999 -86.099998 0.000000 -2456.000000 -2387.000000 4210.000000 -4136.000000 -2942.000000 -1474.000000 
-30.570000 58.990002 -2.560000 -21.780001 -88.120003 0.000000 -2547.000000 -1948.000000 3520.000000 -3582.000000 -3116.000000 -1358.000000 
-35.240002 62.070000 -5.880000 -19.440001 -90.209999 0.000000 -2331.000000 -1905.000000 2941.000000 -3538.000000 -3089.000000 -1068.000000 
-40.160000 64.750000 -9.330000 -17.629999 -92.160004 0.000000 -1771.000000 -1512.000000 2583.000000 -2525.000000 -2852.000000 -1045.000000 
-45.480000 66.879997 -13.160000 -15.690000 -94.120003 0.000000 -1322.000000 -1435.000000 2908.000000 -2679.000000 -3011.000000 -729.000000 
-51.369999 68.389999 -17.639999 -14.050000 -96.339996 0.000000 1742.000000 -3397.000000 5309.000000 -2711.000000 -2854.000000 -1031.000000 
-57.639999 69.650002 -22.809999 -12.400000 -97.970001 0.000000 -1080.000000 -1549.000000 3830.000000 -2142.000000 -3087.000000 -430.000000 
-64.540001 70.870003 -28.650000 -11.030000 -99.910004 0.000000 -349.000000 -1955.000000 4279.000000 -2997.000000 -2508.000000 -374.000000 
-71.989998 71.989998 -35.299999 -9.720000 -102.410004 0.000000 -1259.000000 -1376.000000 3535.000000 -2897.000000 -1656.000000 -862.000000 
-80.320000 72.879997 -42.840000 -8.380000 -105.980003 0.000000 -1337.000000 -909.000000 2703.000000 -4277.000000 2165.000000 -4080.000000 
-88.669998 73.459999 -50.369999 -6.710000 -109.339996 0.000000 -2000.000000 -563.000000 3378.000000 -4479.000000 -1669.000000 -711.000000 
-97.129997 73.500000 -57.919998 -5.150000 -113.400002 0.000000 -2325.000000 -541.000000 3472.000000 -3493.000000 -1249.000000 -977.000000 
-105.860001 73.309998 -65.610001 -3.770000 -117.410004 0.000000 -1524.000000 -654.000000 3310.000000 -3000.000000 -1057.000000 -1079.000000 
-114.290001 72.879997 -73.019997 -2.260000 -121.720001 0.000000 -1081.000000 -531.000000 3277.000000 -3126.000000 -1044.000000 -1045.000000 
-121.500000 72.029999 -79.269997 -0.680000 -126.180000 0.000000 -1290.000000 -475.000000 2741.000000 -3021.000000 -1107.000000 -970.000000 
-127.730003 70.900002 -84.510002 1.290000 -129.139999 0.000000 -1221.000000 -54.000000 2523.000000 -2700.000000 -3058.000000 301.000000 
-132.559998 69.660004 -88.389999 3.230000 -132.410004 0.000000 -1549.000000 48.000000 2544.000000 -3620.000000 -2199.000000 -92.000000 
-136.919998 68.690002 -91.820000 5.220000 -134.600006 0.000000 -1392.000000 320.000000 2598.000000 -3812.000000 -2414.000000 -490.000000 
-140.440002 68.239998 -94.629997 7.300000 -137.809998 0.000000 -1325.000000 546.000000 2393.000000 -3032.000000 -298.000000 -979.000000 
-143.220001 68.089996 -96.809998 9.280000 -140.550003 0.000000 -2060.000000 638.000000 2437.000000 -3416.000000 -204.000000 -1019.000000 
-144.869995 68.019997 -97.900002 11.050000 -144.750000 0.000000 -1789.000000 691.000000 2332.000000 -3550.000000 4216.000000 -5352.000000 
-147.380005 67.849998 -99.690002 11.690000 -145.279999 0.000000 1535.000000 -3529.000000 8597.000000 -3565.000000 -920.000000 -993.000000 
-148.660004 67.510002 -100.650002 12.210000 -143.259995 0.000000 -3299.000000 259.000000 3259.000000 -3458.000000 -1858.000000 27.000000 
-149.500000 67.029999 -101.169998 12.620000 -145.699997 0.000000 -2095.000000 362.000000 3357.000000 -2814.000000 564.000000 -973.000000 
-151.070007 66.489998 -102.230003 13.050000 -146.250000 0.000000 -1561.000000 377.000000 3977.000000 -2580.000000 -238.000000 -721.000000 
-152.779999 66.199997 -103.410004 13.440000 -150.759995 0.000000 -1632.000000 378.000000 4395.000000 -3281.000000 2660.000000 -3614.000000 
-154.320007 65.489998 -104.190002 13.710000 -154.880005 0.000000 -2221.000000 440.000000 4118.000000 -4644.000000 -271.000000 -1329.000000 
-155.580002 64.750000 -104.559998 13.870000 -159.639999 0.000000 -2526.000000 275.000000 2635.000000 -3847.000000 515.000000 -1319.000000 
-156.660004 63.869999 -104.660004 14.480000 -161.149994 0.000000 -3602.000000 505.000000 1821.000000 -4238.000000 -1121.000000 -813.000000 
-157.369995 63.009998 -104.419998 15.100000 -161.880005 0.000000 -1847.000000 231.000000 3126.000000 -3636.000000 -1590.000000 -257.000000 
-157.880005 62.259998 -104.010002 15.950000 -163.119995 0.000000 1075.000000 -573.000000 3930.000000 -3811.000000 -1255.000000 -695.000000 
-157.889999 61.669998 -103.260002 17.030001 -163.059998 0.000000 -2090.000000 704.000000 2934.000000 -3461.000000 -1541.000000 -480.000000 
-157.960007 61.259998 -102.790001 17.799999 -161.580002 0.000000 -2493.000000 865.000000 2570.000000 -3008.000000 -1603.000000 -44.000000 
-158.029999 61.029999 -102.459999 18.180000 -158.729996 0.000000 -2768.000000 879.000000 2590.000000 -3050.000000 -1501.000000 -82.000000 
-157.979996 60.959999 -102.190002 18.049999 -157.059998 0.000000 -4174.000000 343.000000 2874.000000 -3517.000000 -779.000000 -864.000000 
-157.830002 60.970001 -101.930000 18.100000 -156.080002 0.000000 -1600.000000 860.000000 4170.000000 -3928.000000 -824.000000 -945.000000 
-157.809998 60.900002 -101.790001 18.049999 -154.990005 0.000000 -2719.000000 443.000000 3719.000000 -3916.000000 -1160.000000 -804.000000 
-158.210007 60.720001 -102.050003 17.950001 -154.410004 0.000000 -3022.000000 358.000000 3077.000000 -4258.000000 -961.000000 -943.000000 
-158.550003 60.910000 -102.309998 17.690001 -154.050003 0.000000 -2537.000000 301.000000 4764.000000 -3745.000000 -775.000000 -1056.000000 
-159.210007 60.959999 -102.830002 18.030001 -153.279999 0.000000 -4001.000000 704.000000 1276.000000 -3659.000000 -772.000000 -974.000000 
-159.750000 61.090000 -103.209999 17.320000 -153.149994 0.000000 -1592.000000 243.000000 4010.000000 -3564.000000 -799.000000 -987.000000 
-159.809998 61.310001 -103.139999 16.900000 -153.419998 0.000000 -1968.000000 -102.000000 6977.000000 -3505.000000 -1077.000000 -925.000000 
-159.880005 61.490002 -103.019997 16.840000 -153.399994 0.000000 -3856.000000 65.000000 4479.000000 -3075.000000 -1002.000000 -725.000000 
-159.740005 61.570000 -102.599998 16.709999 -153.570007 0.000000 -2801.000000 442.000000 3181.000000 -3391.000000 -1312.000000 -721.000000 
-159.380005 61.119999 -101.930000 16.410000 -154.399994 0.000000 -2810.000000 398.000000 3105.000000 -3624.000000 -1694.000000 -611.000000 
-158.809998 60.570000 -101.080002 16.320000 -155.330002 0.000000 -2912.000000 692.000000 2506.000000 -3274.000000 -1950.000000 -147.000000 
-158.520004 59.970001 -100.669998 15.280000 -156.529999 0.000000 -2837.000000 -150.000000 3148.000000 -4091.000000 -1733.000000 -591.000000 
-157.970001 59.560001 -100.230003 14.280000 -158.199997 0.000000 -2527.000000 310.000000 3597.000000 -3904.000000 -1127.000000 -996.000000 
-157.770004 59.400002 -100.279999 13.140000 -159.839996 0.000000 -2643.000000 241.000000 3421.000000 -3564.000000 -812.000000 -1112.000000 
-157.800003 59.340000 -100.639999 11.670000 -161.240005 0.000000 -2749.000000 154.000000 3553.000000 -3379.000000 -830.000000 -1005.000000 
-157.910004 59.310001 -101.000000 10.190000 -163.089996 0.000000 -2430.000000 175.000000 2960.000000 -2696.000000 -449.000000 -968.000000 
-157.910004 59.169998 -101.239998 8.780000 -163.529999 0.000000 -2615.000000 388.000000 2868.000000 -3050.000000 -1009.000000 -810.000000 
-157.910004 58.619999 -101.379997 6.900000 -163.139999 0.000000 -1136.000000 -33.000000 2870.000000 -2645.000000 -1367.000000 -407.000000 
-157.270004 57.820000 -100.980003 4.650000 -163.210007 0.000000 -2051.000000 86.000000 2663.000000 -2591.000000 -873.000000 -889.000000 
-156.039993 57.290001 -100.150002 1.920000 -163.929993 0.000000 -1929.000000 -327.000000 3054.000000 -3754.000000 -807.000000 -1209.000000 
-155.710007 56.599998 -100.250000 -0.790000 -164.960007 0.000000 -2640.000000 -334.000000 2742.000000 -4732.000000 -678.000000 -1294.000000 
-155.369995 56.520000 -100.309998 -3.520000 -165.289993 0.000000 -1801.000000 -974.000000 3447.000000 -3834.000000 -1118.000000 -1055.000000 
-155.479996 56.049999 -100.849998 -5.620000 -165.300003 0.000000 -2224.000000 -1022.000000 3531.000000 -4334.000000 -1578.000000 -740.000000 
-155.399994 55.700001 -101.260002 -6.930000 -165.860001 0.000000 -1999.000000 -1091.000000 3880.000000 -3942.000000 -806.000000 -975.000000 
-155.529999 55.610001 -101.930000 -7.940000 -168.070007 0.000000 -2672.000000 -967.000000 3398.000000 -2956.000000 439.000000 -1459.000000 
-155.429993 55.880001 -102.370003 -8.870000 -170.479996 0.000000 -2673.000000 -627.000000 2636.000000 -2408.000000 692.000000 -1566.000000 
-154.779999 55.950001 -102.209999 -9.680000 -172.440002 0.000000 -2973.000000 -294.000000 2018.000000 -3065.000000 520.000000 -1422.000000 
-153.820007 55.919998 -101.750000 -10.820000 -172.839996 0.000000 -2759.000000 -499.000000 1981.000000 -3260.000000 -193.000000 -1461.000000 
-153.009995 55.470001 -101.379997 -12.320000 -172.419998 0.000000 -2525.000000 -998.000000 2551.000000 -3621.000000 -690.000000 -1525.000000 
-152.380005 54.470001 -101.110001 -13.930000 -172.850006 0.000000 -2292.000000 -1440.000000 3086.000000 -3516.000000 -381.000000 -1698.000000 
-151.979996 53.360001 -101.070000 -15.510000 -173.690002 0.000000 -2899.000000 -1790.000000 3157.000000 -4056.000000 -359.000000 -1812.000000 
-151.729996 52.560001 -101.110001 -16.840000 -174.669998 0.000000 -3034.000000 -1737.000000 2895.000000 -3889.000000 -466.000000 -1950.000000 
-151.320007 52.029999 -101.010002 -17.870001 -174.860001 0.000000 -2967.000000 -1520.000000 2383.000000 -3666.000000 -863.000000 -1767.000000 
-150.419998 51.860001 -100.570000 -18.590000 -174.800003 0.000000 -2941.000000 -1363.000000 2095.000000 -3393.000000 -449.000000 -1922.000000 
-149.220001 52.090000 -100.000000 -19.110001 -174.710007 0.000000 -3254.000000 -1326.000000 1970.000000 -3246.000000 250.000000 -2364.000000 
-147.839996 52.730000 -99.260002 -19.740000 -173.960007 0.000000 -3408.000000 -1578.000000 2262.000000 -3724.000000 -225.000000 -2389.000000 
-146.639999 53.410000 -98.769997 -20.459999 -172.940002 0.000000 -2979.000000 -2072.000000 3056.000000 -3824.000000 -507.000000 -2414.000000 
-145.759995 53.759998 -98.699997 -21.219999 -172.000000 0.000000 -2969.000000 -2329.000000 3387.000000 -4072.000000 -519.000000 -2281.000000 
-145.479996 53.750000 -99.190002 -21.820000 -171.770004 0.000000 -2598.000000 -2505.000000 3543.000000 -4109.000000 -132.000000 -2254.000000 
-145.559998 53.630001 -99.980003 -22.280001 -172.279999 0.000000 -1966.000000 -2414.000000 3419.000000 -3118.000000 203.000000 -2092.000000 
-145.929993 53.430000 -100.930000 -22.420000 -173.289993 0.000000 -2546.000000 -1713.000000 2589.000000 -2872.000000 380.000000 -1944.000000 
-146.100006 53.169998 -101.589996 -22.410000 -174.179993 0.000000 -2516.000000 -1505.000000 2302.000000 -3168.000000 303.000000 -2122.000000 
-145.800003 52.849998 -101.730003 -22.620001 -174.779999 0.000000 -2919.000000 -1617.000000 2174.000000 -3682.000000 58.000000 -2274.000000 
-145.360001 52.549999 -101.730003 -23.030001 -175.229996 0.000000 -3238.000000 -1902.000000 2319.000000 -3827.000000 98.000000 -2493.000000 
-144.899994 52.470001 -101.730003 -23.549999 -175.509995 0.000000 -3406.000000 -2094.000000 2431.000000 -3692.000000 161.000000 -2694.000000 
-144.529999 52.580002 -101.750000 -24.110001 -175.639999 0.000000 -3448.000000 -2167.000000 2332.000000 -3701.000000 228.000000 -2691.000000 
-144.320007 52.689999 -101.910004 -24.730000 -175.570007 0.000000 -3448.000000 -2239.000000 2457.000000 -3296.000000 185.000000 -2421.000000 
-144.220001 52.840000 -102.139999 -25.150000 -175.339996 0.000000 -3248.000000 -1840.000000 2164.000000 -3404.000000 248.000000 -2338.000000 
-144.089996 53.090000 -102.300003 -25.200001 -175.139999 0.000000 -3119.000000 -1638.000000 2167.000000 -3227.000000 536.000000 -2269.000000 
-143.929993 53.230000 -102.430000 -25.240000 -174.820007 0.000000 -3030.000000 -1653.000000 2181.000000 -3273.000000 444.000000 -2190.000000 
-143.699997 53.380001 -102.430000 -25.320000 -174.479996 0.000000 -2985.000000 -1757.000000 2344.000000 -3208.000000 337.000000 -2221.000000 
-143.399994 53.500000 -102.290001 -25.430000 -174.039993 0.000000 -2802.000000 -1850.000000 2500.000000 -2972.000000 116.000000 -2306.000000 
-142.960007 53.450001 -102.000000 -25.629999 -173.600006 0.000000 -2598.000000 -1959.000000 2549.000000 -3163.000000 -63.000000 -2341.000000 
-142.589996 53.299999 -101.750000 -26.000000 -173.289993 0.000000 -2645.000000 -2197.000000 2704.000000 -3546.000000 -96.000000 -2429.000000 
-142.399994 53.259998 -101.669998 -26.530001 -173.190002 0.000000 -2880.000000 -2326.000000 2638.000000 -3584.000000 -6.000000 -2428.000000 
-142.369995 53.349998 -101.690002 -27.129999 -173.190002 0.000000 -3019.000000 -2217.000000 2400.000000 -3420.000000 112.000000 -2465.000000 
-142.300003 53.480000 -101.639999 -27.799999 -173.050003 0.000000 -3043.000000 -2131.000000 2242.000000 -3312.000000 -19.000000 -2365.000000 
-142.080002 53.520000 -101.449997 -28.469999 -172.710007 0.000000 -2933.000000 -2073.000000 2225.000000 -3427.000000 -178.000000 -2337.000000 
-141.779999 53.560001 -101.169998 -29.120001 -172.300003 0.000000 -2933.000000 -2172.000000 2284.000000 -3342.000000 -235.000000 -2309.000000 
-141.419998 53.639999 -100.820000 -29.580000 -171.830002 0.000000 -2860.000000 -2114.000000 2242.000000 -3247.000000 -224.000000 -2274.000000 
-141.070007 53.759998 -100.470001 -29.910000 -171.320007 0.000000 -2796.000000 -2158.000000 2264.000000 -3180.000000 -243.000000 -2300.000000 
-140.610001 53.889999 -100.029999 -30.129999 -170.869995 0.000000 -2679.000000 -2212.000000 2317.000000 -3163.000000 -258.000000 -2324.000000 
-140.259995 54.049999 -99.680000 -30.320000 -170.399994 0.000000 -2594.000000 -2312.000000 2407.000000 -3201.000000 -338.000000 -2361.000000 
-139.960007 54.259998 -99.320000 -30.559999 -170.160004 0.000000 -2641.000000 -2380.000000 2397.000000 -3124.000000 -189.000000 -2406.000000 
-139.690002 54.459999 -99.019997 -30.870001 -170.009995 0.000000 -2728.000000 -2337.000000 2261.000000 -3108.000000 -88.000000 -2502.000000 
-139.470001 54.730000 -98.739998 -31.120001 -169.660004 0.000000 -2808.000000 -2240.000000 2264.000000 -3232.000000 -352.000000 -2427.000000 
-139.169998 54.889999 -98.430000 -31.590000 -169.100006 0.000000 -2747.000000 -2300.000000 2243.000000 -3231.000000 -520.000000 -2300.000000 
-138.820007 54.919998 -98.070000 -32.139999 -168.259995 0.000000 -2443.000000 -2412.000000 2384.000000 -2831.000000 -736.000000 -2161.000000 
-138.460007 55.009998 -97.739998 -32.529999 -167.490005 0.000000 -2252.000000 -2147.000000 2106.000000 -3030.000000 -645.000000 -2281.000000 
-137.960007 55.200001 -97.349998 -32.869999 -166.710007 0.000000 -2400.000000 -2348.000000 2161.000000 -3104.000000 -549.000000 -2348.000000 
-137.539993 55.509998 -97.059998 -33.090000 -165.889999 0.000000 -2539.000000 -2377.000000 2247.000000 -3390.000000 -487.000000 -2432.000000 
-137.119995 55.959999 -96.769997 -33.450001 -164.910004 0.000000 -2679.000000 -2471.000000 2384.000000 -3068.000000 -566.000000 -2431.000000 
-136.630005 56.330002 -96.400002 -33.889999 -163.660004 0.000000 -2422.000000 -2367.000000 2376.000000 -3292.000000 -734.000000 -2196.000000 
-136.460007 56.619999 -96.279999 -34.439999 -162.259995 0.000000 -2591.000000 -2342.000000 2248.000000 -2828.000000 -689.000000 -2172.000000 
-136.350006 56.930000 -96.220001 -35.029999 -160.839996 0.000000 -2068.000000 -2420.000000 2399.000000 -2758.000000 -781.000000 -2163.000000 
-136.179993 57.070000 -96.129997 -35.820000 -158.520004 0.000000 -2115.000000 -2368.000000 2133.000000 -2598.000000 -1372.000000 -1546.000000 
-136.110001 57.240002 -96.209999 -37.160000 -157.130005 0.000000 -2317.000000 -3556.000000 2289.000000 -2943.000000 -915.000000 -2118.000000 
-135.919998 57.400002 -96.160004 -37.480000 -155.630005 0.000000 -2220.000000 -2240.000000 2129.000000 -3443.000000 -963.000000 -2080.000000 
-135.850006 57.349998 -96.320000 -37.869999 -154.490005 0.000000 -2179.000000 -2757.000000 2529.000000 -2807.000000 -818.000000 -2246.000000 
-136.009995 57.529999 -96.639999 -38.160000 -153.660004 0.000000 -2161.000000 -2631.000000 2403.000000 -3388.000000 -774.000000 -2040.000000 
-136.300003 57.669998 -97.059998 -38.549999 -151.839996 0.000000 -2450.000000 -2739.000000 2388.000000 -2327.000000 -1636.000000 -1513.000000 
-135.589996 57.840000 -96.589996 -40.020000 -151.240005 0.000000 -3207.000000 -3567.000000 719.000000 -3582.000000 -1210.000000 -2114.000000 
-135.630005 57.820000 -96.790001 -40.889999 -151.289993 0.000000 -2604.000000 -2846.000000 2035.000000 -3110.000000 -729.000000 -2223.000000 
-135.899994 58.029999 -97.160004 -41.540001 -151.259995 0.000000 -2415.000000 -2795.000000 1985.000000 -3252.000000 -927.000000 -2059.000000 
-135.960007 58.009998 -97.290001 -41.900002 -151.610001 0.000000 -2077.000000 -2579.000000 1881.000000 -3364.000000 -680.000000 -2109.000000 
-136.050003 57.900002 -97.389999 -42.080002 -152.360001 0.000000 -2315.000000 -2588.000000 1801.000000 -2996.000000 -396.000000 -2107.000000 
-136.229996 57.880001 -97.480003 -41.849998 -153.220001 0.000000 -2256.000000 -2629.000000 1961.000000 -2781.000000 -500.000000 -2152.000000 
-136.289993 57.709999 -97.430000 -41.509998 -153.899994 0.000000 -2202.000000 -2789.000000 2155.000000 -3133.000000 -912.000000 -2031.000000 
-136.110001 57.380001 -97.150002 -41.220001 -154.899994 0.000000 -2196.000000 -2698.000000 2030.000000 -2758.000000 -796.000000 -2275.000000 
-135.910004 57.279999 -96.839996 -40.980000 -155.869995 0.000000 -2327.000000 -2708.000000 2119.000000 -3068.000000 -885.000000 -2125.000000 
-135.929993 57.230000 -96.690002 -40.880001 -156.779999 0.000000 -2415.000000 -2848.000000 2206.000000 -3386.000000 -1000.000000 -2160.000000 
-135.850006 57.070000 -96.440002 -40.709999 -157.830002 0.000000 -2531.000000 -2867.000000 2185.000000 -3428.000000 -845.000000 -2248.000000 
-135.809998 57.009998 -96.250000 -40.419998 -159.050003 0.000000 -2560.000000 -2830.000000 2185.000000 -3355.000000 -640.000000 -2364.000000 
-135.720001 56.950001 -96.019997 -40.009998 -160.380005 0.000000 -2497.000000 -2880.000000 2304.000000 -3283.000000 -489.000000 -2371.000000 
-135.729996 56.790001 -95.849998 -39.459999 -161.929993 0.000000 -2435.000000 -2887.000000 2409.000000 -3252.000000 -314.000000 -2375.000000 
-135.910004 56.619999 -95.820000 -38.750000 -163.589996 0.000000 -2454.000000 -2578.000000 2254.000000 -3270.000000 -339.000000 -2244.000000 
-136.149994 56.490002 -95.790001 -37.759998 -165.190002 0.000000 1450.000000 3123.000000 -4541.000000 -2813.000000 -399.000000 -3019.000000 
-136.399994 56.369999 -95.669998 -36.590000 -166.619995 0.000000 -2572.000000 -2074.000000 2000.000000 -3232.000000 -303.000000 -2041.000000 
-136.339996 56.209999 -95.220001 -35.450001 -167.490005 0.000000 -2351.000000 -2161.000000 2107.000000 -3032.000000 -690.000000 -2196.000000 
-135.820007 55.889999 -94.349998 -34.570000 -168.240005 0.000000 -2440.000000 -2287.000000 2167.000000 -2815.000000 -704.000000 -2569.000000 
-135.509995 55.720001 -93.769997 -34.189999 -168.970001 0.000000 -2636.000000 -2500.000000 2398.000000 -2856.000000 -376.000000 -2723.000000 
-135.449997 55.439999 -93.440002 -34.220001 -169.479996 0.000000 -2852.000000 -2522.000000 2391.000000 -3469.000000 -495.000000 -2602.000000 
-135.410004 55.200001 -93.089996 -34.389999 -170.029999 0.000000 -2856.000000 -2419.000000 2325.000000 -3391.000000 -477.000000 -2567.000000 
-135.550003 54.970001 -92.910004 -34.590000 -170.740005 0.000000 -2936.000000 -2472.000000 2327.000000 -3260.000000 -189.000000 -2654.000000 
-135.820007 54.730000 -92.820000 -34.869999 -171.460007 0.000000 -3051.000000 -2445.000000 2254.000000 -3418.000000 -103.000000 -2671.000000 
-136.220001 54.500000 -92.790001 -35.180000 -172.169998 0.000000 -3106.000000 -2384.000000 2206.000000 -3534.000000 -59.000000 -2612.000000 
-136.690002 54.220001 -92.730003 -35.369999 -173.039993 0.000000 -3222.000000 -2198.000000 2037.000000 -3370.000000 266.000000 -2529.000000 
-137.070007 53.910000 -92.500000 -35.290001 -173.899994 0.000000 -3507.000000 -1886.000000 1803.000000 -3279.000000 399.000000 -2478.000000 
-137.190002 53.639999 -91.980003 -34.990002 -174.690002 0.000000 -3265.000000 -1825.000000 1708.000000 -2917.000000 393.000000 -2412.000000 
-136.720001 53.520000 -90.900002 -34.360001 -175.250000 0.000000 -2945.000000 -1749.000000 1779.000000 -2576.000000 282.000000 -2408.000000 
-136.570007 53.270000 -90.099998 -33.549999 -175.589996 0.000000 -2973.000000 -1777.000000 1848.000000 -2672.000000 172.000000 -2534.000000 
-136.149994 52.970001 -89.050003 -33.040001 -175.979996 0.000000 -3058.000000 -2115.000000 2286.000000 -3025.000000 266.000000 -2715.000000 
-135.860001 52.660000 -88.059998 -32.669998 -176.309998 0.000000 -3314.000000 -2205.000000 2263.000000 -3310.000000 114.000000 -2718.000000 
-135.710007 52.410000 -87.150002 -32.230000 -176.660004 0.000000 -3541.000000 -2157.000000 2235.000000 -3666.000000 74.000000 -2689.000000 
-135.589996 52.330002 -86.239998 -31.639999 -177.070007 0.000000 -3796.000000 -1967.000000 1913.000000 -3801.000000 279.000000 -2841.000000 
-135.660004 52.250000 -85.440002 -30.870001 -177.289993 0.000000 -4032.000000 -1619.000000 1552.000000 -4281.000000 484.000000 -3087.000000 
-135.669998 52.220001 -84.500000 -30.080000 -177.550003 0.000000 -4430.000000 -1448.000000 1432.000000 -4224.000000 1103.000000 -2996.000000 
-135.710007 52.270000 -83.440002 -29.420000 -177.279999 0.000000 -4308.000000 -1272.000000 1222.000000 -4065.000000 742.000000 -3143.000000 
-135.729996 52.290001 -82.290001 -28.910000 -176.669998 0.000000 -4077.000000 -1240.000000 983.000000 -4042.000000 502.000000 -2649.000000 
-136.050003 52.220001 -81.360001 -28.350000 -175.139999 0.000000 -3112.000000 -1168.000000 663.000000 -3296.000000 -2.000000 -2457.000000 
-136.179993 52.099998 -80.349998 -27.240000 -172.600006 0.000000 -2940.000000 -1337.000000 1445.000000 -2560.000000 -311.000000 -1904.000000 
-135.979996 52.020000 -79.029999 -25.780001 -169.880005 0.000000 -3250.000000 -1671.000000 2415.000000 -3609.000000 -24.000000 -2009.000000 
-135.720001 52.150002 -77.660004 -24.080000 -167.119995 0.000000 -3492.000000 -1623.000000 2891.000000 -3914.000000 470.000000 -2377.000000 
-135.649994 52.619999 -76.389999 -22.910000 -164.660004 0.000000 -3648.000000 -1615.000000 2705.000000 -2118.000000 882.000000 -2546.000000 
-135.610001 52.990002 -75.040001 -21.480000 -163.190002 0.000000 -3766.000000 -1233.000000 2144.000000 -3523.000000 776.000000 -2567.000000 
-135.539993 53.389999 -73.580002 -19.670000 -162.220001 0.000000 -3878.000000 -1007.000000 1754.000000 -3172.000000 445.000000 -2401.000000 
-135.300003 53.830002 -71.959999 -17.830000 -158.899994 0.000000 -3209.000000 -1039.000000 2067.000000 -6311.000000 -1518.000000 -1255.000000 
-134.789993 54.299999 -70.080002 -16.190001 -156.320007 0.000000 -3080.000000 -1056.000000 2523.000000 -1255.000000 -191.000000 -1784.000000 
-134.100006 54.480000 -68.019997 -15.290000 -153.759995 0.000000 -2046.000000 -1298.000000 2440.000000 -3294.000000 -1086.000000 -1232.000000 
-133.380005 54.490002 -65.959999 -14.330000 -151.419998 0.000000 -1913.000000 -1216.000000 2318.000000 -2673.000000 -1244.000000 -1228.000000 
-132.940002 54.560001 -64.279999 -12.960000 -149.979996 0.000000 -1857.000000 -1186.000000 2812.000000 -3422.000000 -530.000000 -1857.000000 
-132.820007 54.610001 -62.860001 -11.240000 -148.460007 0.000000 -3120.000000 -1092.000000 2561.000000 -3435.000000 -379.000000 -2073.000000 
-132.809998 54.689999 -61.520000 -8.830000 -147.110001 0.000000 -2901.000000 -496.000000 3077.000000 -3499.000000 -357.000000 -1841.000000 
-132.669998 54.880001 -60.049999 -6.310000 -145.399994 0.000000 -2425.000000 -132.000000 3253.000000 -3225.000000 -738.000000 -1447.000000 
-132.160004 55.130001 -58.299999 -4.360000 -141.880005 0.000000 -1929.000000 138.000000 3564.000000 -2332.000000 -2037.000000 182.000000 
-131.330002 55.459999 -56.340000 -4.270000 -139.919998 0.000000 -2614.000000 -786.000000 3907.000000 -3243.000000 -498.000000 -1058.000000 
-130.300003 55.869999 -54.299999 -4.010000 -135.550003 0.000000 -1679.000000 -372.000000 3744.000000 -3091.000000 -1551.000000 -691.000000 
-129.240005 56.119999 -52.270000 -4.090000 -131.839996 0.000000 -1356.000000 -564.000000 3664.000000 -3310.000000 -1581.000000 -829.000000 
-127.889999 56.450001 -50.250000 -4.100000 -128.100006 0.000000 -1004.000000 -443.000000 3926.000000 -2956.000000 -2155.000000 -377.000000 
-126.309998 56.910000 -48.200001 -4.160000 -124.820000 0.000000 -851.000000 -446.000000 3995.000000 -2745.000000 -2219.000000 -149.000000 
-124.250000 57.340000 -45.880001 -3.790000 -121.900002 0.000000 -699.000000 -128.000000 4192.000000 -2856.000000 -2354.000000 119.000000 
-122.239998 57.720001 -43.810001 -3.350000 -119.070000 0.000000 -818.000000 -135.000000 4162.000000 -2718.000000 -1954.000000 -169.000000 
-120.169998 58.139999 -41.790001 -3.010000 -117.220001 0.000000 -1157.000000 -164.000000 3692.000000 -2867.000000 -1703.000000 -638.000000 
-117.589996 58.750000 -39.470001 -2.840000 -116.610001 0.000000 -1339.000000 -212.000000 3346.000000 -3847.000000 -1523.000000 -1128.000000 
-114.959999 59.540001 -37.099998 -2.870000 -116.120003 0.000000 -1436.000000 -298.000000 3066.000000 -3303.000000 -1449.000000 -1226.000000 
-112.160004 60.279999 -34.529999 -3.140000 -114.970001 0.000000 -2010.000000 -503.000000 3567.000000 -1802.000000 -1680.000000 -888.000000 
-109.279999 60.430000 -31.670000 -3.320000 -114.349998 0.000000 -2024.000000 -251.000000 4025.000000 -3093.000000 -1122.000000 -1725.000000 
-106.730003 60.330002 -28.850000 -3.470000 -113.680000 0.000000 -1875.000000 -395.000000 3970.000000 -3668.000000 -1599.000000 -1474.000000 
-104.720001 60.180000 -26.549999 -3.710000 -111.849998 0.000000 -1158.000000 -471.000000 3787.000000 -3879.000000 -2851.000000 -37.000000 
-103.160004 60.150002 -24.910000 -4.260000 -110.379997 0.000000 -531.000000 -742.000000 3714.000000 -3788.000000 -2575.000000 -327.000000 
-101.320000 60.259998 -23.370001 -4.980000 -108.699997 0.000000 -967.000000 -675.000000 3680.000000 -2967.000000 -2621.000000 -263.000000 
-99.080002 60.230000 -21.490000 -5.750000 -107.529999 0.000000 -880.000000 -635.000000 3909.000000 -2973.000000 -2514.000000 -469.000000 
-96.580002 60.189999 -19.400000 -6.680000 -106.989998 0.000000 -1120.000000 -838.000000 4051.000000 -2944.000000 -2282.000000 -815.000000 
-93.779999 60.240002 -17.120001 -7.440000 -106.559998 0.000000 -1281.000000 -773.000000 4082.000000 -2649.000000 -2132.000000 -925.000000 
-90.860001 60.360001 -14.860000 -8.100000 -106.110001 0.000000 -1385.000000 -769.000000 4092.000000 -2685.000000 -2078.000000 -871.000000 
-87.660004 60.360001 -12.330000 -8.690000 -105.330002 0.000000 -1253.000000 -827.000000 4041.000000 -2366.000000 -2255.000000 -682.000000 
-84.650002 59.950001 -9.830000 -9.390000 -104.639999 0.000000 -1025.000000 -982.000000 3881.000000 -1972.000000 -2212.000000 -761.000000 
-82.209999 59.400002 -7.850000 -10.100000 -104.349998 0.000000 -1100.000000 -1121.000000 3639.000000 -2376.000000 -2257.000000 -1083.000000 
-80.529999 58.959999 -6.570000 -10.780000 -104.190002 0.000000 -1415.000000 -1260.000000 3417.000000 -2839.000000 -2147.000000 -1326.000000 
-78.519997 58.590000 -5.120000 -11.450000 -104.010002 0.000000 -1498.000000 -1346.000000 3412.000000 -3160.000000 -2086.000000 -1459.000000 
-76.260002 58.299999 -3.350000 -12.040000 -103.730003 0.000000 -1550.000000 -1246.000000 3577.000000 -3153.000000 -2200.000000 -1295.000000 
-74.059998 57.880001 -1.550000 -12.670000 -103.169998 0.000000 -1212.000000 -1277.000000 3985.000000 -2636.000000 -2630.000000 -956.000000 
-71.879997 57.279999 0.400000 -13.330000 -102.639999 0.000000 -847.000000 -1349.000000 3990.000000 -2507.000000 -2817.000000 -952.000000 
-69.959999 56.669998 2.020000 -13.840000 -102.120003 0.000000 -835.000000 -1267.000000 3844.000000 -2512.000000 -2816.000000 -878.000000 
-67.940002 56.189999 3.700000 -14.400000 -101.510002 0.000000 -930.000000 -1328.000000 3679.000000 -2188.000000 -2821.000000 -724.000000 
-65.959999 55.529999 5.360000 -15.120000 -100.750000 0.000000 -888.000000 -1523.000000 3559.000000 -2347.000000 -3055.000000 -492.000000 
-64.050003 54.580002 7.130000 -15.850000 -99.919998 0.000000 -768.000000 -1639.000000 3701.000000 -1887.000000 -3350.000000 -457.000000 
-62.250000 53.590000 8.760000 -16.680000 -99.209999 0.000000 -142.000000 -1779.000000 3932.000000 -2084.000000 -3454.000000 -501.000000 
-60.470001 52.709999 10.190000 -17.500000 -98.500000 0.000000 -264.000000 -1871.000000 4024.000000 -2168.000000 -3509.000000 -483.000000 
-58.549999 51.970001 11.580000 -18.290001 -97.930000 0.000000 -341.000000 -1954.000000 3983.000000 -2145.000000 -3373.000000 -507.000000 
-56.459999 51.500000 13.060000 -19.070000 -97.709999 0.000000 -518.000000 -1907.000000 3788.000000 -2354.000000 -3082.000000 -825.000000 
-54.730000 51.180000 14.170000 -19.700001 -97.209999 0.000000 -699.000000 -1809.000000 3691.000000 -2014.000000 -3238.000000 -686.000000 
-53.330002 50.470001 15.120000 -20.340000 -96.400002 0.000000 -558.000000 -1819.000000 3696.000000 -2022.000000 -3508.000000 -454.000000 
-52.099998 49.480000 15.980000 -21.000000 -94.930000 0.000000 -441.000000 -1812.000000 3738.000000 -2922.000000 -6045.000000 1700.000000 
-50.700001 48.740002 16.889999 -21.740000 -94.260002 0.000000 -722.000000 -2051.000000 4040.000000 -3626.000000 -3862.000000 -545.000000 
-48.340000 48.110001 18.629999 -22.469999 -93.610001 0.000000 -161.000000 -2252.000000 4267.000000 -1716.000000 -2907.000000 -1251.000000 
-46.580002 46.900002 20.030001 -22.900000 -92.870003 0.000000 -384.000000 -2231.000000 4429.000000 -1601.000000 -3767.000000 -701.000000 
-45.340000 45.610001 21.070000 -23.150000 -92.010002 0.000000 -198.000000 -2218.000000 4298.000000 -2141.000000 -4313.000000 -197.000000 
-44.419998 44.660000 21.700001 -23.410000 -91.629997 0.000000 -76.000000 -2238.000000 4183.000000 -2008.000000 -3727.000000 -473.000000 
-43.330002 44.680000 22.440001 -23.660000 -91.650002 0.000000 -274.000000 -2172.000000 4013.000000 -1807.000000 -3155.000000 -804.000000 
-42.110001 44.779999 23.280001 -23.920000 -91.849998 0.000000 -516.000000 -2006.000000 3684.000000 -2012.000000 -3166.000000 -687.000000 
-41.009998 44.599998 24.040001 -24.230000 -91.599998 0.000000 -480.000000 -1941.000000 3465.000000 -2265.000000 -3962.000000 -11.000000 
-40.240002 43.939999 24.610001 -24.660000 -91.349998 0.000000 227.000000 -2063.000000 3517.000000 -2560.000000 -3875.000000 -113.000000 
-39.529999 43.439999 25.209999 -25.290001 -91.500000 0.000000 -63.000000 -2279.000000 3520.000000 -2902.000000 -2913.000000 -1263.000000 
-38.540001 43.049999 26.040001 -25.650000 -91.550003 0.000000 -265.000000 -2203.000000 3779.000000 -1769.000000 -2689.000000 -1310.000000 
-37.570000 42.389999 26.820000 -25.840000 -91.379997 0.000000 -296.000000 -2225.000000 4015.000000 -1574.000000 -3270.000000 -803.000000 
-36.779999 41.320000 27.440001 -25.799999 -91.089996 0.000000 -276.000000 -2182.000000 4323.000000 -2010.000000 -3733.000000 -381.000000 
-35.790001 40.320000 28.090000 -25.639999 -90.910004 0.000000 -200.000000 -2215.000000 4420.000000 -2098.000000 -3832.000000 -444.000000 
-34.680000 39.950001 28.750000 -25.389999 -91.129997 0.000000 -141.000000 -2194.000000 4437.000000 -2249.000000 -2788.000000 -1313.000000 
-33.849998 39.930000 29.299999 -25.250000 -91.629997 0.000000 -210.000000 -2279.000000 4344.000000 -1409.000000 -2484.000000 -1168.000000 
-33.580002 39.860001 29.490000 -25.270000 -92.309998 0.000000 -396.000000 -2282.000000 4040.000000 -1533.000000 -2966.000000 -920.000000 
-33.730000 39.790001 29.360001 -25.450001 -92.930000 0.000000 -489.000000 -2211.000000 3625.000000 -2555.000000 -3523.000000 -623.000000 
-33.990002 39.860001 29.250000 -25.780001 -93.529999 0.000000 -695.000000 -2170.000000 3521.000000 -1978.000000 -3290.000000 -727.000000 
-34.169998 39.970001 29.180000 -26.000000 -93.910004 0.000000 -519.000000 -1981.000000 3589.000000 -2272.000000 -3510.000000 -523.000000 
-34.209999 40.060001 29.250000 -26.030001 -94.080002 0.000000 -524.000000 -1898.000000 3910.000000 -2184.000000 -3549.000000 -422.000000 
-33.980000 40.150002 29.540001 -26.459999 -94.080002 0.000000 -441.000000 -2204.000000 3646.000000 -2482.000000 -3699.000000 -388.000000 
-33.470001 40.139999 30.010000 -26.770000 -93.660004 0.000000 -47.000000 -2216.000000 3617.000000 -1889.000000 -3711.000000 -159.000000 
-32.900002 39.810001 30.530001 -26.840000 -93.080002 0.000000 304.000000 -2248.000000 3882.000000 -1683.000000 -3823.000000 -95.000000 
-32.150002 39.029999 31.020000 -26.620001 -92.339996 0.000000 210.000000 -2102.000000 4037.000000 -1766.000000 -3976.000000 -3.000000 
-31.230000 38.389999 31.540001 -26.330000 -91.519997 0.000000 305.000000 -2110.000000 4123.000000 -1513.000000 -4044.000000 97.000000 
-30.650000 38.230000 31.790001 -26.080000 -90.910004 0.000000 503.000000 -2075.000000 3993.000000 -2006.000000 -3823.000000 -62.000000 
-30.280001 38.619999 31.930000 -26.059999 -90.629997 0.000000 35.000000 -1976.000000 3453.000000 -2626.000000 -3266.000000 -465.000000 
-29.959999 39.139999 32.110001 -26.490000 -90.720001 0.000000 39.000000 -1955.000000 2754.000000 -1668.000000 -673.000000 -1785.000000 
-29.250000 39.560001 32.619999 -27.200001 -89.730003 0.000000 105.000000 -1775.000000 2315.000000 -1690.000000 -2844.000000 2525.000000 
-28.120001 38.509998 33.430000 -27.129999 -89.480003 0.000000 5814.000000 295.000000 6217.000000 -2523.000000 -4176.000000 -862.000000 
-27.150000 38.830002 34.119999 -27.170000 -88.440002 0.000000 -480.000000 -2278.000000 3959.000000 -1334.000000 -3518.000000 -148.000000 
-25.870001 39.160000 35.040001 -27.170000 -87.720001 0.000000 13.000000 -2421.000000 3789.000000 -2877.000000 -3546.000000 -33.000000 
-24.510000 39.230000 35.930000 -27.670000 -87.230003 0.000000 -81.000000 -2887.000000 2758.000000 -2309.000000 -3757.000000 -48.000000 
-23.360001 38.779999 36.759998 -27.440001 -86.849998 0.000000 706.000000 -2540.000000 4393.000000 67.000000 -2320.000000 -314.000000 
-23.540001 38.400002 36.709999 -26.620001 -86.239998 0.000000 -574.000000 -842.000000 5152.000000 -1487.000000 -3219.000000 -52.000000 
-23.250000 37.840000 36.720001 -25.969999 -85.889999 0.000000 123.000000 -2068.000000 4176.000000 -2840.000000 -4210.000000 441.000000 
-23.030001 38.340000 36.830002 -25.790001 -85.790001 0.000000 602.000000 -2040.000000 3426.000000 -1042.000000 -3374.000000 -63.000000 
-23.110001 39.029999 36.790001 -25.110001 -85.400002 0.000000 487.000000 -1755.000000 3870.000000 -1640.000000 -3173.000000 -7.000000 
-23.309999 39.340000 36.730000 -24.709999 -84.790001 0.000000 483.000000 -1962.000000 3796.000000 -1942.000000 -3446.000000 129.000000 
-23.129999 39.139999 36.880001 -24.440001 -83.360001 0.000000 1038.000000 -2197.000000 4156.000000 -1385.000000 -4033.000000 649.000000 
-23.070000 38.830002 36.869999 -23.840000 -82.489998 0.000000 616.000000 -1805.000000 4111.000000 -1374.000000 -3542.000000 102.000000 
-22.950001 38.570000 36.799999 -23.809999 -81.000000 0.000000 508.000000 -2283.000000 4028.000000 -3683.000000 -5857.000000 1913.000000 
-22.709999 38.720001 36.720001 -23.450001 -79.980003 0.000000 275.000000 -1987.000000 4103.000000 -3382.000000 -4785.000000 895.000000 
-22.260000 39.380001 36.849998 -23.360001 -79.309998 0.000000 -659.000000 -2562.000000 5076.000000 -1824.000000 -3659.000000 60.000000 
-21.780001 40.099998 37.070000 -23.780001 -78.940002 0.000000 -346.000000 -4597.000000 4742.000000 -401.000000 -2358.000000 -519.000000 
-21.410000 40.480000 37.200001 -23.180000 -78.559998 0.000000 -1229.000000 -384.000000 5538.000000 -1184.000000 -2977.000000 -156.000000 
-21.150000 40.860001 37.310001 -22.809999 -77.779999 0.000000 1013.000000 -1760.000000 4113.000000 -2325.000000 -3451.000000 535.000000 
-21.020000 40.900002 37.439999 -23.040001 -76.980003 0.000000 522.000000 -2187.000000 3710.000000 -2128.000000 -3821.000000 531.000000 
-21.120001 40.950001 37.439999 -23.020000 -76.080002 0.000000 -223.000000 -1942.000000 3816.000000 -1805.000000 -3846.000000 663.000000 
-21.139999 41.130001 37.459999 -23.080000 -75.430000 0.000000 -58.000000 -1997.000000 3822.000000 -1897.000000 -3397.000000 419.000000 
-21.020000 41.349998 37.590000 -23.190001 -74.970001 0.000000 245.000000 -2027.000000 3766.000000 -1802.000000 -3194.000000 279.000000 
-20.600000 41.419998 37.869999 -23.139999 -74.430000 0.000000 577.000000 -1593.000000 3155.000000 -1643.000000 -3592.000000 768.000000 
-20.020000 41.310001 38.220001 -23.170000 -74.019997 0.000000 373.000000 -2041.000000 3994.000000 -1834.000000 -3716.000000 866.000000 
-19.320000 41.240002 38.700001 -23.490000 -73.709999 0.000000 294.000000 -2243.000000 3766.000000 -1836.000000 -3675.000000 857.000000 
-18.820000 41.230000 39.130001 -23.670000 -73.250000 0.000000 954.000000 -1982.000000 3395.000000 -1541.000000 -3923.000000 1056.000000 
-18.940001 40.939999 39.049999 -23.889999 -72.650002 0.000000 470.000000 -2258.000000 3783.000000 -1165.000000 -4178.000000 1282.000000 
-19.250000 40.730000 38.900002 -24.090000 -71.910004 0.000000 439.000000 -2369.000000 3848.000000 -1415.000000 -4321.000000 1362.000000 
-19.370001 40.529999 38.830002 -24.110001 -71.320000 0.000000 -29.000000 -2338.000000 3984.000000 -1725.000000 -4247.000000 1172.000000 
-19.040001 40.689999 39.060001 -24.450001 -70.769997 0.000000 233.000000 -2835.000000 2910.000000 -1651.000000 -3979.000000 1019.000000 
-18.129999 40.630001 39.779999 -24.440001 -70.360001 0.000000 907.000000 -2953.000000 5122.000000 -1762.000000 -3843.000000 664.000000 
-17.620001 40.169998 40.250000 -23.879999 -69.980003 0.000000 471.000000 -2790.000000 5563.000000 -1734.000000 -3884.000000 665.000000 
-17.299999 39.810001 40.490002 -23.490000 -69.709999 0.000000 75.000000 -3009.000000 4853.000000 -1685.000000 -4125.000000 884.000000 
-16.910000 39.689999 40.820000 -23.059999 -69.580002 0.000000 12.000000 -3090.000000 4544.000000 -1656.000000 -4203.000000 918.000000 
-16.450001 39.990002 41.240002 -22.629999 -69.610001 0.000000 82.000000 -3199.000000 4436.000000 -1587.000000 -4100.000000 764.000000 
-16.340000 40.599998 41.520000 -22.200001 -69.690002 0.000000 252.000000 -3309.000000 4421.000000 -1414.000000 -4445.000000 932.000000 
-16.879999 41.150002 41.410000 -21.690001 -69.820000 0.000000 530.000000 -3438.000000 4771.000000 -1640.000000 -4860.000000 1067.000000 
-18.170000 42.049999 40.779999 -21.110001 -69.760002 0.000000 597.000000 -3604.000000 5247.000000 -1456.000000 -5362.000000 1489.000000 
-19.719999 43.209999 39.910000 -20.379999 -69.379997 0.000000 93.000000 -3524.000000 5443.000000 -1892.000000 -5571.000000 1835.000000 
-21.160000 44.529999 39.020000 -19.320000 -68.959999 0.000000 -887.000000 -3403.000000 5443.000000 -2805.000000 -5422.000000 1460.000000 
-22.270000 45.840000 38.340000 -18.010000 -68.279999 0.000000 -995.000000 -3184.000000 4756.000000 -3459.000000 -4872.000000 855.000000 
-22.639999 47.240002 38.290001 -16.549999 -67.080002 0.000000 -681.000000 -3197.000000 3963.000000 -2181.000000 -4216.000000 456.000000 
-22.490000 48.660000 38.810001 -15.010000 -65.910004 0.000000 -50.000000 -2912.000000 3206.000000 -2095.000000 -4215.000000 428.000000 
-22.120001 49.860001 39.639999 -13.660000 -64.779999 0.000000 68.000000 -2859.000000 2911.000000 -2137.000000 -4393.000000 833.000000 
-22.120001 50.869999 40.419998 -12.710000 -63.680000 0.000000 12.000000 -2697.000000 2895.000000 -2099.000000 -4581.000000 1023.000000 
-22.290001 51.810001 41.169998 -12.190000 -62.490002 0.000000 -727.000000 -2868.000000 3495.000000 -1751.000000 -4649.000000 1092.000000 
-22.570000 52.570000 41.919998 -11.710000 -61.160000 0.000000 -799.000000 -2852.000000 4125.000000 -1556.000000 -4615.000000 1308.000000 
-22.709999 53.060001 42.759998 -11.050000 -59.630001 0.000000 -976.000000 -2923.000000 4629.000000 -1485.000000 -4579.000000 1603.000000 
-22.690001 53.410000 43.709999 -9.950000 -57.639999 0.000000 -1584.000000 -2603.000000 4935.000000 -1723.000000 -4538.000000 2302.000000 
-22.540001 53.799999 44.810001 -8.370000 -55.160000 0.000000 -1219.000000 -2105.000000 4978.000000 -1661.000000 -4285.000000 2495.000000 
-21.930000 54.130001 46.209999 -6.470000 -52.470001 0.000000 -386.000000 -1741.000000 3849.000000 -1412.000000 -3707.000000 2124.000000 
-20.750000 54.299999 47.930000 -4.520000 -49.889999 0.000000 180.000000 -1389.000000 2568.000000 -1318.000000 -3071.000000 1610.000000 
-18.690001 54.230000 50.209999 -2.750000 -47.570000 0.000000 649.000000 -1128.000000 1914.000000 -1514.000000 -2614.000000 1108.000000 
-15.610000 53.880001 53.270000 -1.260000 -45.450001 0.000000 1084.000000 -873.000000 1751.000000 -746.000000 -2350.000000 1133.000000 
-12.780000 53.360001 56.090000 -0.290000 -43.349998 0.000000 792.000000 -672.000000 2030.000000 72.000000 -2166.000000 1300.000000 
-11.120000 52.830002 57.919998 0.310000 -41.389999 0.000000 826.000000 -532.000000 2453.000000 20.000000 -1539.000000 1338.000000 
-10.050000 52.320000 59.259998 0.830000 -39.540001 0.000000 531.000000 -157.000000 2661.000000 -244.000000 -1262.000000 1610.000000 
-8.950000 51.930000 60.480000 1.100000 -37.730000 0.000000 375.000000 -173.000000 2983.000000 -763.000000 -1463.000000 2174.000000 
-7.260000 51.490002 61.970001 1.450000 -35.880001 0.000000 -691.000000 -56.000000 3994.000000 -1595.000000 -1304.000000 2672.000000 
-4.750000 50.840000 63.930000 2.380000 -33.970001 0.000000 -472.000000 528.000000 4218.000000 -1690.000000 -950.000000 2700.000000 
-1.720000 49.930000 66.169998 3.660000 -31.870001 0.000000 246.000000 748.000000 3391.000000 -951.000000 -465.000000 2204.000000 
1.380000 48.779999 68.279999 4.880000 -29.930000 0.000000 545.000000 827.000000 2871.000000 -437.000000 -312.000000 2133.000000 
4.220000 47.520000 70.019997 5.990000 -28.330000 0.000000 419.000000 1003.000000 3139.000000 -542.000000 -554.000000 2291.000000 
6.520000 46.430000 71.209999 6.990000 -27.230000 0.000000 688.000000 1215.000000 3186.000000 -1296.000000 -757.000000 2407.000000 
8.150000 45.700001 71.860001 7.580000 -26.830000 0.000000 736.000000 1160.000000 3305.000000 -2007.000000 -910.000000 2364.000000 
9.160000 45.340000 72.120003 7.780000 -26.520000 0.000000 197.000000 1051.000000 3477.000000 -2248.000000 -768.000000 2610.000000 
9.740000 45.250000 72.099998 7.790000 -25.969999 0.000000 -582.000000 1401.000000 2761.000000 -2051.000000 -460.000000 2925.000000 
10.310000 45.369999 72.070000 7.690000 -25.280001 0.000000 -841.000000 1618.000000 2528.000000 -1883.000000 -187.000000 2946.000000 
11.060000 45.380001 72.129997 7.560000 -24.629999 0.000000 -496.000000 1396.000000 3069.000000 -2011.000000 -85.000000 2777.000000 
11.910000 45.220001 72.129997 7.700000 -24.080000 0.000000 -332.000000 1480.000000 3600.000000 -2254.000000 -46.000000 2550.000000 
12.840000 44.860001 72.099998 8.150000 -23.700001 0.000000 -240.000000 1512.000000 3744.000000 -2371.000000 -220.000000 2526.000000 
13.720000 44.330002 71.980003 8.810000 -23.520000 0.000000 -332.000000 1614.000000 3369.000000 -2373.000000 -382.000000 2723.000000 
14.380000 43.740002 71.760002 9.470000 -23.330000 0.000000 -606.000000 1802.000000 2984.000000 -2272.000000 -406.000000 3209.000000 
14.960000 43.270000 71.529999 10.110000 -23.129999 0.000000 -351.000000 2143.000000 2670.000000 -2288.000000 -283.000000 3490.000000 
15.560000 42.889999 71.330002 10.540000 -22.959999 0.000000 205.000000 2197.000000 2833.000000 -2507.000000 -165.000000 3693.000000 
16.180000 42.540001 71.160004 10.720000 -22.820000 0.000000 81.000000 2264.000000 3352.000000 -2743.000000 -105.000000 3691.000000 
16.750000 42.220001 70.980003 10.840000 -22.709999 0.000000 -166.000000 2319.000000 3729.000000 -2968.000000 -67.000000 3481.000000 
17.139999 41.939999 70.760002 10.910000 -22.590000 0.000000 -107.000000 2145.000000 3963.000000 -2775.000000 -74.000000 3224.000000 
17.270000 41.740002 70.459999 10.800000 -22.740000 0.000000 -202.000000 1678.000000 5097.000000 -2750.000000 -363.000000 3107.000000 
17.080000 41.560001 70.040001 10.830000 -23.290001 0.000000 577.000000 1468.000000 5631.000000 -2930.000000 -987.000000 3628.000000 
16.690001 41.430000 69.529999 11.110000 -24.139999 0.000000 -392.000000 1609.000000 4872.000000 -2902.000000 -1643.000000 4362.000000 
16.320000 41.400002 69.099998 11.440000 -24.950001 0.000000 -931.000000 1851.000000 4471.000000 -2916.000000 -1760.000000 4616.000000 
16.190001 41.360001 68.860001 11.780000 -25.559999 0.000000 -581.000000 1951.000000 4182.000000 -2691.000000 -1608.000000 4470.000000 
16.389999 41.240002 68.839996 12.090000 -25.680000 0.000000 10.000000 1895.000000 4116.000000 -2164.000000 -1364.000000 4241.000000 
16.930000 41.040001 69.050003 12.320000 -25.820000 0.000000 383.000000 1799.000000 4314.000000 -2243.000000 -1292.000000 4192.000000 
17.629999 40.779999 69.370003 12.480000 -26.090000 0.000000 414.000000 1684.000000 4529.000000 -2520.000000 -1279.000000 4112.000000 
18.320000 40.459999 69.720001 12.630000 -26.219999 0.000000 423.000000 1556.000000 4302.000000 -2538.000000 -1265.000000 4007.000000 
18.900000 40.090000 70.040001 12.690000 -26.170000 0.000000 893.000000 1316.000000 4313.000000 -2298.000000 -1176.000000 3687.000000 
19.379999 39.669998 70.290001 12.660000 -26.400000 0.000000 856.000000 1285.000000 4249.000000 -1881.000000 -1298.000000 3812.000000 
19.750000 39.099998 70.500000 12.350000 -26.200001 0.000000 1965.000000 760.000000 4633.000000 -1463.000000 -1344.000000 4048.000000 
20.090000 38.520000 70.669998 12.290000 -26.410000 0.000000 958.000000 1168.000000 4605.000000 -1378.000000 -1651.000000 4256.000000 
20.549999 37.970001 70.919998 12.320000 -27.049999 0.000000 501.000000 1241.000000 4557.000000 -1789.000000 -1818.000000 4516.000000 
21.070000 37.549999 71.250000 12.260000 -27.790001 0.000000 608.000000 1169.000000 5086.000000 -1909.000000 -1946.000000 4586.000000 
21.520000 37.340000 71.620003 12.180000 -28.389999 0.000000 875.000000 1085.000000 5175.000000 -1872.000000 -2024.000000 4730.000000 
21.889999 37.209999 72.040001 12.150000 -27.940001 0.000000 950.000000 1086.000000 4763.000000 -1644.000000 -1817.000000 4467.000000 
22.280001 37.119999 72.519997 12.100000 -27.490000 0.000000 913.000000 1004.000000 4376.000000 -1252.000000 -1550.000000 4041.000000 
22.610001 36.970001 73.000000 11.980000 -27.700001 0.000000 966.000000 865.000000 4186.000000 -1091.000000 -1714.000000 4110.000000 
22.790001 36.689999 73.419998 11.730000 -27.629999 0.000000 1038.000000 594.000000 4664.000000 -1033.000000 -1932.000000 4241.000000 
22.690001 36.320000 73.660004 11.420000 -28.090000 0.000000 1287.000000 249.000000 5421.000000 -1119.000000 -1980.000000 4252.000000 
22.650000 36.099998 73.830002 11.400000 -28.549999 0.000000 1452.000000 402.000000 5888.000000 -964.000000 -2222.000000 4446.000000 
22.700001 35.790001 74.070000 11.600000 -29.020000 0.000000 1484.000000 587.000000 5556.000000 -985.000000 -2415.000000 4864.000000 
22.719999 35.470001 74.250000 11.790000 -29.660000 0.000000 1314.000000 666.000000 5704.000000 -1205.000000 -2856.000000 5501.000000 
22.510000 35.250000 74.269997 11.890000 -30.290001 0.000000 1468.000000 514.000000 6046.000000 -1280.000000 -2923.000000 5543.000000 
22.200001 34.919998 74.250000 11.980000 -30.809999 0.000000 1628.000000 472.000000 5496.000000 -972.000000 -2621.000000 5153.000000 
22.240000 34.299999 74.419998 12.190000 -30.120001 0.000000 1685.000000 604.000000 4425.000000 -505.000000 -2168.000000 4482.000000 
22.840000 33.660000 74.769997 12.470000 -29.450001 0.000000 1629.000000 685.000000 3499.000000 46.000000 -1632.000000 3694.000000 
23.620001 33.290001 75.160004 12.720000 -28.650000 0.000000 1398.000000 724.000000 2896.000000 232.000000 -1250.000000 3107.000000 
24.260000 33.180000 75.470001 12.760000 -27.760000 0.000000 1319.000000 602.000000 2629.000000 13.000000 -1003.000000 2796.000000 
24.639999 33.169998 75.620003 12.510000 -26.780001 0.000000 1336.000000 453.000000 2493.000000 -280.000000 -943.000000 2566.000000 
24.740000 33.060001 75.550003 11.790000 -26.870001 0.000000 1033.000000 52.000000 3142.000000 -813.000000 -1085.000000 2492.000000 
24.690001 32.860001 75.389999 10.850000 -27.250000 0.000000 379.000000 -478.000000 4879.000000 -1255.000000 -1337.000000 2620.000000 
24.530001 32.599998 75.199997 10.140000 -28.040001 0.000000 308.000000 -370.000000 6156.000000 -1467.000000 -2076.000000 3309.000000 
24.000000 32.410000 74.879997 9.780000 -29.059999 0.000000 531.000000 -92.000000 5668.000000 -1909.000000 -3200.000000 4972.000000 
23.049999 32.250000 74.459999 9.610000 -30.080000 0.000000 701.000000 83.000000 4857.000000 -1384.000000 -3425.000000 5714.000000 
22.100000 31.980000 74.099998 9.560000 -30.580000 0.000000 1089.000000 167.000000 4535.000000 -513.000000 -2915.000000 5217.000000 
21.500000 31.540001 73.860001 9.580000 -30.420000 0.000000 1515.000000 254.000000 4360.000000 -93.000000 -2156.000000 4298.000000 
21.840000 31.010000 74.040001 9.560000 -29.730000 0.000000 1954.000000 81.000000 4202.000000 -140.000000 -1549.000000 3370.000000 
22.740000 30.709999 74.410004 9.630000 -28.799999 0.000000 1511.000000 259.000000 3731.000000 -348.000000 -1321.000000 3077.000000 
23.500000 30.500000 74.680000 9.680000 -28.570000 0.000000 1069.000000 333.000000 3370.000000 -520.000000 -1346.000000 3074.000000 
23.820000 30.320000 74.809998 9.580000 -28.780001 0.000000 966.000000 262.000000 3562.000000 -759.000000 -1466.000000 3206.000000 
23.650000 30.190001 74.730003 9.340000 -29.219999 0.000000 1103.000000 138.000000 4395.000000 -1044.000000 -1807.000000 3609.000000 
23.330000 30.010000 74.589996 9.030000 -29.840000 0.000000 830.000000 -193.000000 5055.000000 -1305.000000 -2327.000000 4357.000000 
23.150000 29.780001 74.500000 8.890000 -30.570000 0.000000 593.000000 -233.000000 5984.000000 -1052.000000 -2432.000000 4595.000000 
23.129999 29.500000 74.519997 9.080000 -31.020000 0.000000 1165.000000 98.000000 5500.000000 -476.000000 -2171.000000 4382.000000 
23.010000 29.040001 74.559998 9.410000 -30.440001 0.000000 1516.000000 236.000000 4417.000000 -427.000000 -1778.000000 3887.000000 
23.129999 28.780001 74.650002 9.730000 -29.799999 0.000000 2792.000000 63.000000 3872.000000 -249.000000 -1416.000000 3382.000000 
23.299999 28.620001 74.730003 10.050000 -29.969999 0.000000 1561.000000 263.000000 3180.000000 -352.000000 -1490.000000 3326.000000 
23.480000 28.670000 74.809998 10.370000 -30.530001 0.000000 987.000000 492.000000 3148.000000 -697.000000 -1674.000000 3495.000000 
23.480000 28.709999 74.800003 10.500000 -30.990000 0.000000 917.000000 473.000000 3557.000000 -864.000000 -1811.000000 3430.000000 
23.290001 28.740000 74.709999 10.450000 -31.490000 0.000000 976.000000 422.000000 3758.000000 -921.000000 -1767.000000 3379.000000 
23.049999 28.750000 74.610001 10.240000 -31.940001 0.000000 939.000000 346.000000 4016.000000 -873.000000 -1788.000000 3365.000000 
22.830000 28.639999 74.519997 9.930000 -32.410000 0.000000 1022.000000 245.000000 4112.000000 -750.000000 -1782.000000 3320.000000 
22.690001 28.360001 74.449997 9.610000 -33.009998 0.000000 1007.000000 234.000000 4104.000000 -726.000000 -2348.000000 4245.000000 
22.549999 28.020000 74.400002 9.250000 -33.340000 0.000000 1052.000000 142.000000 4312.000000 -702.000000 -2752.000000 4779.000000 
22.180000 27.639999 74.269997 8.780000 -33.810001 0.000000 1094.000000 63.000000 4446.000000 -665.000000 -2687.000000 4524.000000 
21.719999 27.360001 74.099998 8.340000 -33.660000 0.000000 1297.000000 32.000000 4509.000000 -623.000000 -2389.000000 4030.000000 
21.360001 27.209999 74.029999 7.940000 -33.450001 0.000000 1290.000000 58.000000 4313.000000 -460.000000 -2322.000000 3935.000000 
21.219999 27.080000 74.050003 7.530000 -33.029999 0.000000 1168.000000 -17.000000 4151.000000 -535.000000 -2164.000000 3724.000000 
21.250000 27.020000 74.099998 7.140000 -33.250000 0.000000 1038.000000 32.000000 3969.000000 -617.000000 -2027.000000 3510.000000 
21.340000 26.950001 74.250000 6.750000 -33.200001 0.000000 975.000000 71.000000 3825.000000 -619.000000 -1965.000000 3433.000000 
21.350000 26.930000 74.349998 6.330000 -33.099998 0.000000 975.000000 102.000000 3655.000000 -681.000000 -2011.000000 3478.000000 
21.260000 26.959999 74.400002 5.820000 -32.849998 0.000000 1005.000000 128.000000 3504.000000 -690.000000 -2013.000000 3488.000000 
21.049999 26.980000 74.400002 5.070000 -33.060001 0.000000 1014.000000 -49.000000 3584.000000 -637.000000 -2034.000000 3501.000000 
20.799999 26.969999 74.440002 4.190000 -33.689999 0.000000 1084.000000 -179.000000 4112.000000 -679.000000 -2032.000000 3359.000000 
20.549999 26.900000 74.510002 3.170000 -34.290001 0.000000 1086.000000 -833.000000 5425.000000 -773.000000 -2482.000000 4171.000000 
20.230000 26.670000 74.470001 2.560000 -34.529999 0.000000 1111.000000 -904.000000 7077.000000 -783.000000 -3065.000000 4975.000000 
