-2.379801 1.626188 -61.862107
-2.433471 1.630737 -61.906715
-2.57584 1.619618 -61.890744
-2.841958 1.697944 -61.859938
-2.983704 1.743703 -61.796422
-2.988203 1.907631 -61.942598
-3.094554 2.126247 -62.092175
-2.960974 2.130202 -62.171006
-2.548095 1.983808 -62.32747
-1.826077 2.165458 -62.811052
-1.331517 2.809269 -63.409053
-0.962163 3.156428 -63.961563
-0.772396 3.689577 -64.306246
-0.611866 4.01439 -64.61392
0.458948 3.962955 -64.821779
2.341198 3.650274 -65.477751
3.802861 2.798977 -65.703758
4.347913 1.681418 -64.996019
3.503106 1.750877 -63.816201
2.525245 1.918839 -62.744034
1.700672 1.326888 -61.334658
1.491387 1.344914 -60.845473
1.459567 1.335431 -60.988071
1.190098 0.089902 -60.146142
1.015475 -1.355467 -59.089418
1.137937 -2.205294 -58.492761
2.054099 -2.691394 -58.413427
3.060575 -3.468609 -58.209259
3.558961 -4.63155 -57.559507
3.523275 -6.031538 -56.476874
3.219461 -7.602834 -55.29138
2.980254 -9.406002 -54.014117
3.051739 -11.230419 -52.793279
3.784229 -12.809134 -51.831676
5.165175 -13.900582 -51.191647
6.764223 -14.50306 -51.010836
8.21937 -14.584339 -51.364091
9.226347 -14.273701 -52.368243
9.927526 -13.765055 -53.846413
10.313216 -12.954782 -55.802407
10.440784 -12.089275 -57.838702
10.699705 -11.389616 -59.573417
11.224687 -10.849977 -60.92392
11.993193 -10.408362 -61.980736
12.83199 -10.02869 -62.838124
13.494547 -9.678262 -63.639682
13.739323 -9.292831 -64.534788
13.466332 -8.828131 -65.612386
12.793718 -8.268295 -66.83613
11.876402 -7.602686 -68.168962
10.740308 -6.821334 -69.49831
9.391936 -5.884826 -70.818323
7.995114 -4.815708 -72.114851
6.608614 -3.659175 -73.322273
5.29038 -2.494727 -74.349867
4.032862 -1.340503 -75.263084
2.929846 -0.227124 -76.033214
1.985582 0.819545 -76.652046
1.074194 1.749735 -77.127393
0.089515 2.523135 -77.344724
-1.10902 2.939083 -77.383942
-2.213476 3.376494 -77.395191
-3.380039 3.022642 -77.205548
-4.413014 2.492581 -76.935432
-5.093444 1.661972 -76.537963
-5.358654 0.982093 -76.285505
-6.194253 0.871655 -76.09228
-6.787075 1.31951 -76.11922
-6.976468 1.679156 -75.948983
-5.390366 1.387146 -75.788791
-4.093233 0.605156 -75.45773
-3.281054 -0.512785 -74.791673
-2.069084 -1.317581 -74.043781
-0.950246 -2.333168 -73.173328
-0.147819 -3.523953 -72.147655
0.760955 -4.706723 -71.039321
1.321904 -5.940478 -69.928332
1.223854 -7.088539 -68.984154
0.564215 -8.007938 -68.248887
-0.364791 -8.747153 -67.605175
-1.367232 -9.20628 -66.987209
-1.997342 -9.647194 -66.091206
-2.536454 -9.899355 -65.282627
-2.594011 -9.361424 -64.635587
-1.927433 -8.505691 -64.24885
-0.96377 -7.645608 -64.087607
0.118009 -6.899253 -63.893071
1.180121 -6.390406 -63.646945
2.121594 -6.061938 -63.298957
3.09084 -5.992336 -62.69156
3.960144 -5.586128 -62.345843
4.985142 -5.249875 -61.784931
6.022587 -4.833424 -61.338144
6.365089 -4.362093 -61.019255
7.52611 -4.613012 -60.013466
8.29 -5.597953 -58.428084
9.123295 -6.004463 -57.391584
10.050706 -6.200836 -56.611394
11.344584 -6.384004 -55.677361
12.620691 -6.474371 -54.729305
14.229371 -7.158566 -53.142619
15.039125 -8.195276 -51.486639
15.356722 -8.430905 -51.132159
15.404104 -9.512805 -49.655826
14.441708 -10.439456 -48.644641
13.443144 -11.320423 -47.394793
12.281436 -12.016181 -46.367137
11.903038 -12.610743 -44.896775
9.810803 -12.074605 -45.189862
7.587172 -12.187425 -45.124296
6.231465 -12.013128 -45.11276
4.044346 -10.542556 -46.834205
3.237462 -8.621861 -48.688843
2.827046 -7.551095 -49.777716
2.755927 -5.943831 -51.710936
3.173202 -3.981637 -54.493507
3.752525 -1.886553 -58.214481
4.38346 0.152231 -62.770616
5.226009 1.90421 -67.825669
6.278271 3.529329 -73.853001
7.634591 5.113292 -81.564165
9.277138 6.381604 -90.836042
11.216172 7.193937 -101.794
13.406144 7.544715 -115.043724
15.805521 7.295363 -131.074428
18.237469 6.405153 -150.324821
20.648322 4.642409 -173.320289
23.046289 1.796877 158.609301
24.837994 -2.581104 127.032572
25.537363 -8.845856 92.557551
24.680663 -15.915417 58.276536
22.187559 -21.980549 26.059555
18.570876 -25.91063 0.009904
14.980267 -28.031014 -18.469851
12.183214 -29.251419 -30.876701
9.872723 -30.029621 -39.693838
7.736032 -30.576807 -45.954693
5.091074 -31.001866 -51.920125
1.497575 -31.224559 -59.185131
-2.546429 -31.213209 -66.809895
-6.562367 -31.056685 -74.448108
-9.965061 -30.865077 -81.174983
-12.668435 -30.70909 -86.885871
-14.724102 -30.53807 -91.501035
-16.439442 -30.239267 -95.751934
-18.117184 -29.894138 -99.612728
-18.487686 -29.954604 -100.609795
-19.190254 -29.925561 -101.682273
-19.496701 -30.062188 -102.05791
-18.936654 -30.504536 -100.150514
-18.379484 -30.948528 -98.952775
-16.945366 -31.284041 -96.407725
-15.664192 -31.528498 -94.481025
-14.119932 -31.730951 -92.00078
-13.113554 -31.867626 -90.418882
-12.045414 -32.153236 -88.155415
-11.014878 -32.436198 -85.875897
-10.141729 -32.745596 -83.690291
-8.771749 -33.147085 -80.624791
-7.743795 -33.298827 -78.736304
-5.696264 -33.20846 -75.98379
-4.817423 -32.883506 -75.544414
-4.722991 -32.597611 -76.255062
-5.077622 -32.389586 -77.481493
-5.146689 -32.519197 -77.465133
-4.692794 -32.539737 -76.677218
-3.909995 -32.771885 -75.291349
-3.558518 -32.689367 -75.213614
-3.303136 -32.539133 -75.689729
-3.291344 -32.380118 -76.620954
-3.025973 -32.27377 -76.804385
-2.773814 -32.313927 -76.709145
-2.084123 -32.44169 -75.688382
-1.280626 -32.625737 -74.360431
-0.394837 -32.596237 -73.245001
-0.040282 -32.5054 -73.319139
0.07656 -32.33262 -73.75085
-0.056971 -32.242813 -74.547632
-0.596676 -32.155918 -76.07839
-1.234556 -32.105714 -77.860059
-2.275754 -32.013007 -80.546029
-3.465384 -31.906538 -83.568352
-4.544608 -31.861816 -86.221939
-5.360898 -31.923587 -88.134383
-6.084412 -32.048645 -89.741735
-5.663262 -32.287903 -89.347095
-4.095046 -32.609342 -87.039709
-1.267472 -32.873033 -82.848118
2.069661 -32.998088 -77.869857
5.268325 -32.970051 -72.957853
7.69956 -32.837846 -69.208156
9.178701 -32.676444 -66.881028
10.101117 -32.504696 -65.365426
10.475534 -32.391648 -64.736417
10.565527 -32.352409 -64.73941
10.858525 -32.336241 -64.400445
11.355306 -32.335636 -63.883426
12.074491 -32.378774 -63.042879
13.371055 -32.39449 -61.313325
14.82032 -32.369533 -59.392603
16.525811 -32.258519 -57.002566
18.696669 -31.961182 -53.851807
21.176461 -31.465453 -49.798185
23.511114 -30.893041 -45.799748
25.468029 -30.320611 -42.102061
27.03836 -29.732095 -38.810241
28.306348 -29.096313 -35.615516
29.450013 -28.401189 -32.012154
30.77253 -27.533847 -27.369673
31.978399 -26.610594 -22.260353
33.263299 -25.421584 -16.036585
34.313671 -24.052247 -9.302268
34.928799 -22.714952 -2.564246
35.095734 -21.521436 3.706212
34.99312 -20.427929 9.377273
34.757968 -19.24158 15.128027
34.698813 -18.015031 21.3545
34.767405 -16.68613 28.085074
34.890321 -14.869465 37.185153
35.348022 -12.889867 46.867333
35.589322 -10.866109 57.428648
35.078313 -8.093326 74.104867
34.366116 -5.382099 91.758187
33.247929 -3.178617 109.828185
31.869714 -1.348025 128.560233
30.515006 0.222997 146.68265
29.198103 1.538821 163.110358
27.937705 2.499256 177.359053
26.775806 3.065856 -169.825564
25.75563 3.224843 -158.281356
24.889428 3.092934 -147.738688
23.845223 2.86738 -137.426703
22.574185 2.827008 -127.68967
21.057044 2.970732 -118.589776
19.402574 3.163836 -110.137529
17.838878 3.575245 -103.267774
16.581111 3.999398 -97.895181
15.49128 4.198187 -92.86293
14.508199 4.139695 -88.057359
13.42909 3.870299 -83.316918
12.160637 3.535575 -78.950293
10.815376 3.273728 -75.205516
9.327096 2.858493 -71.513562
7.739101 1.960331 -67.326331
6.226645 1.048195 -63.506296
5.12999 0.384425 -60.947205
4.504384 -0.243791 -59.068631
4.189456 -0.84903 -57.689223
4.056781 -1.395666 -56.728748
3.796916 -2.000173 -55.628087
3.730659 -2.710207 -54.56542
3.234121 -3.198338 -53.378243
2.863791 -3.658666 -52.455316
2.017875 -3.945883 -51.647
0.691653 -4.232007 -50.745667
-0.633757 -5.239092 -49.167964
-2.174205 -6.507781 -47.139728
-3.598418 -6.330399 -46.781712
-3.898797 -6.136403 -47.067925
-3.52789 -6.494239 -47.053493
-3.589456 -6.912291 -47.062439
-4.343881 -7.376432 -46.94672
-4.342453 -8.426518 -46.646317
-4.203217 -9.984105 -45.90095
-4.508645 -11.70814 -44.766745
-5.111334 -13.220117 -43.80877
-5.93175 -14.201783 -43.273673
-6.705828 -14.856321 -43.049518
-7.017179 -15.380854 -43.040774
-7.136144 -16.250811 -42.854625
-7.401239 -17.346531 -42.550041
-7.805639 -18.28086 -42.428233
-8.339294 -19.152101 -42.412929
-8.985917 -20.2652 -42.211773
-9.933106 -21.479998 -41.890778
-11.143647 -22.449372 -41.477487
-12.266376 -23.282856 -40.886453
-13.324156 -23.991003 -40.15527
-14.062461 -24.39285 -39.252816
-14.267979 -24.329321 -38.258577
-14.112109 -23.474418 -37.529957
-14.095588 -21.653704 -37.40488
-13.814461 -20.619864 -37.13607
-13.495441 -20.973814 -36.75702
-12.92765 -22.305758 -36.106507
-12.012021 -23.140148 -35.696039
-11.00159 -23.304402 -35.499622
-9.905999 -23.13105 -35.476372
-8.706876 -23.12437 -35.444212
-7.717665 -23.203444 -35.394387
-6.940618 -23.285349 -35.344112
-6.224916 -23.355505 -35.185478
-5.618802 -23.229343 -35.015988
-5.243269 -22.902138 -34.999878
-5.145142 -22.498692 -35.055998
-5.225621 -21.938197 -35.205384
-5.28785 -21.653789 -34.988334
-5.37136 -20.843046 -35.084645
-5.225422 -19.46296 -35.711619
-4.989878 -18.021144 -36.414931
-4.499939 -16.641455 -37.127855
-3.839717 -15.38263 -37.866628
-3.152236 -14.279468 -38.543748
-2.498258 -13.370282 -39.109149
-1.961573 -12.569776 -39.63365
-1.529559 -11.788879 -40.183585
-1.14702 -11.03057 -40.793579
-0.674783 -10.409729 -41.372078
-0.128412 -9.930404 -41.93985
0.586062 -9.577942 -42.664133
1.425871 -9.348119 -43.486428
2.268201 -9.101248 -44.450256
3.137662 -8.748587 -45.593174
4.029106 -8.175702 -47.002625
4.821354 -7.381875 -48.639707
5.499466 -6.518642 -50.265416
6.135073 -5.718102 -51.756846
7.003883 -5.17467 -53.081726
7.877212 -4.844451 -54.097731
8.930339 -4.915997 -54.825794
10.074725 -5.263827 -55.41159
11.192766 -5.525734 -56.115192
12.101082 -5.520708 -57.002327
12.450084 -5.233454 -57.734877
11.798244 -4.545254 -57.974027
10.555558 -3.673443 -57.819443
9.293031 -2.998508 -57.409625
8.420231 -3.034942 -56.702258
7.513385 -3.250253 -55.82085
7.280972 -3.950077 -55.06517
7.344617 -4.747636 -54.605135
7.476216 -5.483396 -54.491846
7.533102 -6.100367 -54.555868
7.323403 -6.483839 -54.641823
6.860152 -6.601461 -54.707858
6.227773 -6.534286 -54.828934
5.58074 -6.370766 -54.985649
4.99228 -6.258899 -55.165893
4.503093 -6.258263 -55.419353
4.293171 -6.386038 -55.863357
4.410821 -6.660105 -56.437985
4.895904 -7.128753 -57.01118
5.87849 -7.714822 -57.584846
7.423112 -8.345046 -58.197304
9.3317 -8.931539 -58.822737
11.259703 -9.381019 -59.386256
12.958534 -9.53456 -60.020535
14.111944 -9.329809 -60.814318
14.468854 -8.935343 -61.422901
13.873312 -8.702788 -61.422381
12.4509 -8.725211 -60.802616
10.675946 -9.015503 -59.883772
9.11371 -9.500671 -58.926764
8.167362 -10.118974 -58.104928
7.871892 -10.78276 -57.437749
8.070719 -11.404946 -56.945478
8.592184 -11.983943 -56.567638
9.265354 -12.436196 -56.35369
9.901126 -12.668891 -56.307242
10.40548 -12.78026 -56.369334
10.67872 -12.878648 -56.399699
10.694004 -12.882918 -56.496018
10.48581 -12.888013 -56.474055
10.193844 -12.912585 -56.332463
10.069319 -13.071642 -56.085707
10.405472 -13.369791 -55.865569
11.166844 -13.448575 -55.949889
11.768011 -13.056086 -56.324867
11.439268 -12.102034 -56.908833
10.310479 -10.888785 -57.540319
8.037504 -9.737755 -57.326473
5.875001 -10.672332 -56.04783
4.891108 -11.944259 -54.68184
4.137095 -12.577528 -54.047256
3.777267 -12.229346 -54.042276
4.522188 -10.798427 -55.077998
5.400079 -9.688918 -55.959792
6.006394 -9.243819 -56.337971
5.879585 -9.73896 -55.701415
5.414344 -10.201173 -55.003434
4.869338 -9.935413 -54.867354
4.688343 -9.312794 -55.059486
4.672835 -8.899174 -55.172864
4.583254 -8.912706 -54.907263
4.548559 -8.932122 -54.621638
4.478094 -8.852844 -54.396286
3.58526 -0.350467 -67.530983
3.011014 -1.330767 -65.839993
2.491874 -2.590415 -63.975785
2.056183 -3.933865 -62.15381
1.875023 -4.992259 -60.59817
2.049608 -5.443078 -59.752005
2.288733 -5.522325 -59.247435
2.150434 -5.763375 -58.566279
1.609295 -6.345549 -57.571714
1.034974 -7.053239 -56.604308
0.583023 -7.741233 -55.768001
0.258042 -8.330499 -55.06229
0.118417 -8.774787 -54.447344
0.386538 -9.12372 -53.968154
0.770961 -9.337906 -53.542229
1.046401 -9.558525 -53.150279
1.106399 -9.931519 -52.689612
0.986108 -10.478552 -52.185246
0.892523 -10.989418 -51.795661
0.954532 -11.308328 -51.636292
1.129614 -11.380831 -51.680908
1.348491 -11.260127 -51.859248
1.578142 -10.996548 -52.086071
1.742603 -10.629306 -52.325802
1.878102 -10.200972 -52.569796
2.037983 -9.782369 -52.775725
2.236337 -9.467145 -52.924883
2.568098 -9.209084 -53.06348
2.962387 -8.940242 -53.205961
3.36935 -8.72264 -53.343517
3.734287 -8.622969 -53.397285
4.038211 -8.621246 -53.390507
4.282836 -8.618971 -53.324667
4.484322 -8.507231 -53.281033
4.669984 -8.384841 -53.226226
4.885696 -8.272996 -53.165111
5.669918 0.864499 -42.138181
5.993268 0.586566 -41.439225
6.258614 0.247142 -40.663938
6.441017 -0.156686 -39.740865
6.547686 -0.603892 -38.706302
6.603858 -1.055042 -37.566446
6.619548 -1.517405 -36.304684
6.68852 -1.939322 -35.156043
6.854723 -2.24296 -34.320582
7.037947 -2.538365 -33.606495
7.205416 -2.93189 -32.797148
7.335985 -3.390691 -31.91486
7.376242 -3.923776 -30.85479
7.202234 -4.583393 -29.412687
7.095001 -5.226593 -27.887923
7.015639 -5.747846 -26.552324
6.938371 -6.02282 -25.755897
6.806436 -6.336649 -25.109535
6.673539 -6.907139 -24.142069
6.516537 -7.53372 -23.071433
6.218125 -8.06791 -22.158471
5.918155 -8.625252 -21.243256
5.635762 -9.123657 -20.543052
5.298094 -9.58214 -20.091477
4.809559 -10.078836 -19.763748
4.268458 -10.760155 -19.412928
3.776523 -11.558892 -19.040007
3.482701 -12.3898 -18.441362
3.032887 -12.714609 -18.425181
2.475173 -12.912911 -18.487324
1.78129 -12.786507 -18.918357
0.937107 -12.243003 -19.756092
0.210699 -11.201793 -21.103667
-0.243017 -9.944788 -22.545617
-0.658436 -8.770585 -23.845451
-1.172716 -7.904946 -24.736251
-1.815786 -7.720055 -24.900123
-2.450281 -7.855969 -24.715684
-2.960675 -7.853997 -24.658627
-3.212873 -7.500448 -24.9005
-3.229139 -6.908521 -25.353293
-3.168666 -6.273949 -25.88794
-3.140995 -5.824995 -26.213699
-3.216322 -5.542204 -26.393137
-3.350311 -5.290898 -26.537363
-3.494135 -4.972304 -26.744667
-3.603785 -4.652366 -26.982734
-3.705771 -4.459419 -27.110274
-3.766007 -4.340638 -27.170834
-3.80296 -4.20817 -27.238152
-3.874572 -4.01975 -27.330812
-3.959138 -3.80973 -27.464771
-4.047577 -3.654795 -27.602592
-4.20011 -3.583868 -27.613743
-4.393105 -3.520571 -27.576406
8.216679 -5.306245 -32.242623
8.194717 -5.861566 -31.090303
8.072502 -6.36785 -30.101195
7.769194 -6.865233 -29.221581
7.367542 -7.546588 -28.106281
6.994036 -8.47638 -26.506763
6.835719 -9.191074 -24.843004
6.671453 -9.348763 -24.051398
5.659258 -9.505184 -23.796694
4.899745 -10.279374 -23.041122
4.502114 -11.108784 -22.206059
4.331401 -11.70669 -21.628636
4.3413 -12.158428 -21.300093
4.288983 -12.381355 -21.321948
4.092699 -12.196705 -21.793101
3.905251 -11.774034 -22.549849
3.566271 -11.123614 -23.811873
3.334767 -9.891311 -25.83062
2.976671 -8.829083 -27.424656
2.535535 -8.181929 -28.54067
1.79761 -8.19661 -28.832248
1.004471 -8.878602 -28.351638
0.339602 -9.684761 -27.740502
-0.265975 -10.230499 -27.351698
-0.881446 -10.185612 -27.345985
-1.342742 -9.557034 -27.718236
-1.493314 -8.845542 -28.093214
-1.496608 -8.360638 -28.354408
-1.530147 -8.058765 -28.482892
-1.570723 -7.80885 -28.534566
-1.634266 -7.535823 -28.579962
-1.76607 -7.283478 -28.60609
-1.879175 -7.044299 -28.646855
-1.944562 -6.798967 -28.704537
-1.959073 -6.566186 -28.828353
-1.968788 -6.354071 -28.945424
-2.044777 -6.116651 -29.075131
-2.20488 -5.812377 -29.277558
-2.442478 -5.413972 -29.574681
-2.807033 -4.878247 -29.931462
-3.165987 -4.365495 -30.318387
-3.433348 -4.057371 -30.49148
-3.575294 -3.939484 -30.516068
-3.613933 -3.895787 -30.450548
-3.610485 -3.781248 -30.454281
-3.527094 -3.571812 -30.627766
-3.445853 -3.345905 -30.813315
-3.371338 -3.110803 -30.957706
-3.30594 -2.937558 -31.091911
-3.286405 -2.778435 -31.205546
-3.317144 -2.651186 -31.269403
-3.447929 -2.512263 -31.359476
-3.61903 -2.471806 -31.344722
-3.644148 -2.467319 -31.328354
-3.626664 -2.429705 -31.302631
-3.561202 -2.369751 -31.404589
-3.541187 -2.258012 -31.505972
-3.521018 -2.147073 -31.578803
-3.534321 -1.978964 -31.746941
-3.554998 -1.835448 -31.840099
-3.555297 -1.725867 -31.918437
-3.567085 -1.621937 -31.992078
-3.552056 -1.563333 -32.035485
-3.492163 -1.530156 -32.083573
-3.447352 -1.51192 -32.103972
3.162121 1.918118 -55.429833
2.36239 1.624784 -54.855231
1.602555 1.109962 -54.237814
1.194582 0.569524 -53.654036
1.070354 0.295598 -53.29115
1.162844 0.411059 -53.197958
1.368086 0.825627 -53.378371
1.562804 1.173271 -53.584909
1.650974 1.385664 -53.699306
1.705138 1.512889 -53.773128
1.799488 1.652225 -53.910483
1.930032 1.845254 -54.108291
2.04263 1.997269 -54.224288
2.128492 2.112366 -54.356785
2.086389 2.168003 -54.352792
1.902333 2.180706 -54.236268
1.625611 2.257812 -54.125086
1.319646 2.390538 -54.008413
