-9.10635 -17.926851 -39.40484
-8.455628 -17.654983 -38.853458
-7.622596 -17.354219 -38.268263
-6.697335 -17.226355 -37.538208
-6.085074 -17.292542 -36.525595
-5.497049 -16.7799 -36.262797
-4.765021 -16.136897 -36.549691
-3.853218 -15.727176 -37.047367
-3.245417 -15.69344 -37.274178
-3.061316 -15.792562 -37.427507
-2.904408 -15.988385 -37.609963
-2.482272 -16.080945 -38.023542
-1.994086 -16.203535 -38.555815
-1.828593 -16.676617 -38.710142
-1.810374 -17.438221 -38.563114
-1.81323 -18.220183 -38.431614
-1.782987 -18.940907 -38.345441
-1.69894 -19.585991 -38.190829
-1.003917 -20.211542 -37.802999
0.212749 -20.728886 -37.287152
1.635215 -21.163514 -36.644222
3.068476 -21.524307 -35.97024
4.507968 -21.772436 -35.293043
5.982569 -21.792171 -34.917804
7.486583 -21.583151 -34.944612
8.95051 -21.10396 -35.444815
10.367195 -20.297768 -36.510388
11.638223 -19.246561 -37.964261
12.676008 -18.088007 -39.627599
13.492697 -16.936615 -41.179642
14.140746 -15.885737 -42.515244
14.818424 -14.946061 -43.540796
15.399128 -13.978425 -44.618413
15.876536 -12.947684 -45.802794
16.153329 -11.789 -47.222314
16.233273 -10.528467 -48.805515
16.0219 -9.196187 -50.549727
15.584156 -7.832203 -52.239479
15.030393 -6.506561 -53.748191
14.455673 -5.215822 -55.071223
14.019309 -3.905624 -56.259928
13.616186 -2.642405 -57.41656
13.081878 -1.488227 -58.508713
12.392562 -0.511523 -59.47643
11.268088 0.300279 -60.198724
10.051221 0.853658 -60.517236
8.911969 1.154104 -60.537787
8.019643 1.277602 -60.330143
8.026278 2.116992 -60.557296
7.211657 2.20682 -60.202795
6.247258 1.524555 -59.396122
5.808773 0.373969 -58.369087
5.656381 -0.656771 -57.454985
5.399673 -1.304825 -56.807503
5.214047 -1.985379 -56.13269
4.721778 -2.378627 -55.47343
5.289328 -3.039564 -54.517775
6.360105 -3.292626 -53.676118
7.086341 -3.838 -52.585634
7.782456 -4.20204 -51.520575
7.354049 -4.444207 -50.712785
6.664645 -4.004322 -50.439949
5.994649 -3.948984 -50.218716
5.776612 -4.17627 -49.90363
5.647838 -4.232814 -49.658751
6.431348 -3.466916 -49.599553
6.433565 -3.631841 -48.876456
6.575252 -3.884013 -48.026688
7.505132 -3.289025 -47.397357
8.292151 -2.543974 -46.847011
8.882997 -1.955199 -46.433178
8.941603 -1.220941 -46.53082
9.4886 -0.490118 -46.513544
9.968457 0.61714 -46.854152
9.987624 1.887201 -47.503277
10.073182 2.831358 -47.821172
10.780058 3.567778 -48.035183
11.695202 4.072356 -48.174291
12.619427 4.821167 -48.834986
13.556296 5.926522 -50.632284
14.136668 7.173981 -53.431875
15.182851 7.632128 -55.482756
15.744468 7.730361 -57.089477
16.295644 8.625335 -61.898477
16.721941 9.349724 -67.106194
17.130106 9.957555 -73.442774
17.616738 10.356984 -81.199353
18.279043 10.422331 -90.293522
19.112752 10.056718 -100.624565
20.127317 9.344884 -113.182169
21.245389 8.368887 -128.818006
22.300326 7.167956 -146.784424
23.194763 5.790447 -166.10101
24.054654 4.398552 172.625877
24.481281 3.048061 155.994845
25.245709 1.33222 132.141624
25.936719 -0.739866 106.083348
26.470388 -3.081151 79.072105
26.914246 -5.605348 50.943623
26.697353 -7.853776 28.114868
26.127296 -9.992887 7.867097
25.221136 -12.058117 -8.99446
24.096701 -13.96027 -22.625514
22.853436 -15.680377 -34.127931
21.716108 -17.055111 -42.358633
20.672111 -18.215879 -49.139123
19.906622 -19.23047 -53.632175
19.183544 -20.125705 -57.589185
18.869489 -20.721056 -58.047544
18.758104 -21.361005 -58.627997
18.509418 -22.08797 -59.818236
17.767653 -22.94037 -61.086989
16.647893 -23.460207 -61.585747
15.804916 -23.363792 -59.478153
15.740788 -22.520917 -53.488587
16.601573 -21.111746 -44.665548
18.515774 -19.314935 -31.801517
20.772333 -17.237238 -16.233217
22.246458 -15.237706 -3.829034
22.87286 -13.637679 4.540482
23.164647 -11.869766 15.920002
23.483089 -10.059899 29.365704
23.580412 -7.994729 45.991431
23.737913 -5.659998 64.297101
23.888984 -3.223759 81.418823
23.731578 -0.841591 96.475931
23.576111 0.923456 105.876092
23.268167 1.990497 111.775064
22.747962 3.631246 121.3569
22.447869 5.23492 128.679562
21.67843 6.495869 137.619893
20.686354 7.587764 147.69237
19.861747 9.174305 156.781313
19.323991 10.149202 161.628486
18.456235 10.993947 167.455369
17.692901 11.965185 171.633334
16.758888 12.605446 176.144265
15.806637 12.919672 -178.714508
15.02771 13.339824 -174.223846
14.416918 13.704591 -170.907703
13.750808 14.057986 -167.617338
13.119782 14.400999 -164.849496
12.644967 14.768099 -163.337063
12.291986 15.175439 -162.787668
11.961933 15.451298 -162.662648
11.630505 15.647566 -162.642009
11.419705 15.837656 -163.08901
11.260049 15.99875 -163.296412
11.097665 16.178665 -163.136876
10.984326 16.340402 -162.922748
10.888956 16.361223 -162.604882
10.90047 16.386566 -162.924706
10.925273 16.258192 -163.216556
10.939498 16.08826 -163.433309
10.997771 15.95629 -163.788784
10.967729 15.955803 -164.325085
10.862663 16.2191 -165.077679
10.727659 16.516731 -166.104028
10.515246 16.545772 -166.520442
10.246969 16.491205 -166.495077
10.100387 16.480872 -166.956199
9.803381 16.376854 -166.389686
9.344806 16.349912 -164.985989
8.86528 16.713626 -164.119075
8.364834 17.110449 -163.507778
7.751927 17.46622 -162.57559
7.660015 17.381085 -162.93656
7.626743 17.14687 -163.147887
7.521441 16.809766 -162.610041
7.444634 16.741801 -162.574576
7.290167 16.888356 -162.908916
7.209181 17.010167 -163.755094
7.207653 17.203848 -165.272637
7.344829 17.451561 -167.505621
7.558873 17.605375 -170.077732
7.674644 17.504132 -171.610789
7.930296 17.551296 -173.790607
8.127192 17.499985 -175.05645
8.325221 17.630192 -176.35
8.404947 17.918696 -177.603528
8.478683 18.12132 -178.835502
8.699359 18.151233 179.682902
9.09999 17.851595 178.389381
9.576529 17.413497 177.328641
10.142167 17.104144 176.307752
10.853685 16.845446 175.30972
11.640424 16.447336 174.81128
12.568098 15.893364 174.321641
13.501389 15.166825 174.089834
14.522468 14.40832 173.089877
15.487618 13.532809 171.653709
16.496056 12.674911 169.000641
17.632233 12.101267 164.391232
18.655923 11.652198 159.226434
19.577274 11.34108 153.467597
20.361029 11.094748 147.387181
20.932159 10.795398 141.773174
21.378196 10.498245 136.774974
21.667073 10.333536 133.336509
21.775609 10.265147 131.80096
21.568291 10.150944 132.581206
21.238989 9.945913 134.589301
20.808874 9.731411 138.318381
20.259674 9.368606 143.224205
19.693239 8.815928 148.711629
19.214698 8.061428 154.307871
18.95574 7.121901 158.981912
18.965202 6.092952 162.061631
19.088269 5.246869 163.943199
19.127706 4.727876 165.712456
19.005198 4.659825 167.864491
18.654662 5.09457 171.332612
18.131155 5.605119 175.60401
17.701159 6.042389 179.497026
17.397597 6.51321 -176.757848
17.02442 6.997356 -171.677003
16.590201 7.24301 -165.359445
16.147848 7.208394 -158.193468
15.687689 7.032805 -150.455464
15.233614 6.814068 -142.520601
14.894127 6.520242 -135.488526
14.512417 6.263883 -128.834705
14.028281 5.974219 -122.259972
13.536688 5.670943 -116.370268
13.033712 5.329195 -111.01255
12.49701 4.8697 -106.00275
11.974879 4.288776 -101.301371
11.447703 3.615802 -96.67908
10.91453 2.942902 -92.239548
10.343881 2.3051 -87.962257
9.794935 1.878063 -84.631683
9.211385 1.62635 -82.083412
8.537642 1.401403 -79.803554
7.811192 1.256588 -77.97526
7.157594 1.094262 -76.561607
6.601775 0.875859 -75.342563
6.327782 0.560456 -74.570049
5.863384 0.306209 -73.598837
5.142665 0.03925 -72.279603
4.310896 -0.294614 -70.80008
3.511165 -0.52197 -69.658424
2.805142 -0.564336 -69.076786
2.30236 -0.612385 -68.791261
1.637159 -0.541397 -68.489409
0.84555 -0.626296 -67.874351
1.289986 -0.983724 -67.923598
1.671881 -1.437708 -67.727207
1.596927 -1.987658 -66.942765
1.95889 -2.303053 -66.842946
2.294017 -2.56019 -66.795088
2.577227 -2.893874 -66.564331
2.802663 -3.334248 -66.073004
2.955976 -3.757355 -65.521688
3.202353 -3.830651 -65.682941
3.460622 -3.695243 -66.247951
3.379172 -3.622646 -66.491912
3.208009 -3.963213 -65.911022
3.070603 -4.611961 -64.862319
2.894436 -5.283052 -63.79795
2.322809 -5.947673 -62.535329
1.201696 -6.232862 -61.515483
0.119952 -6.405428 -60.870831
0.298845 -7.371718 -59.806098
0.454825 -8.296499 -58.753245
0.523621 -8.895632 -58.142928
0.927152 -9.349641 -57.96254
1.306006 -9.800809 -57.789063
1.364117 -10.07067 -57.729291
1.384112 -10.405157 -57.555451
1.627245 -11.013902 -57.190884
1.608673 -11.680276 -56.671906
0.496437 -12.086982 -56.122624
-0.565329 -12.755253 -55.225815
-1.459711 -13.464551 -54.211425
-1.96437 -13.878313 -53.591738
-2.096586 -13.925115 -53.348888
-1.819085 -13.810105 -53.483426
-1.415871 -13.59885 -53.841723
-1.131901 -13.505436 -54.065883
-1.041722 -13.435979 -54.182951
-1.518805 -13.38962 -54.021635
-1.793011 -13.264583 -53.932709
-1.800802 -13.025774 -54.016303
-1.636369 -12.766912 -54.154953
-1.320471 -12.618478 -54.22138
-1.170478 -12.525341 -54.195653
-0.944058 -12.422581 -54.177182
-0.709281 -12.197918 -54.37617
-0.388438 -11.815053 -54.815317
-0.01043 -11.235656 -55.598021
0.414678 -10.499395 -56.746211
1.029372 -9.772652 -58.114557
1.993227 -9.217497 -59.554375
3.241384 -8.655271 -61.249384
4.575218 -8.045621 -63.1681
5.748584 -7.39512 -65.087018
6.641318 -6.664271 -66.986663
7.343883 -5.940466 -68.842262
7.980874 -5.315808 -70.669041
8.611495 -4.993105 -72.180191
9.186476 -4.987496 -73.171307
9.74025 -5.168414 -73.786093
10.229707 -5.344698 -74.260079
10.72841 -5.313203 -74.993577
11.244312 -4.997375 -76.213517
11.775395 -4.467052 -77.797194
12.303292 -4.057239 -79.194936
12.700873 -4.048133 -79.765449
13.007837 -4.352567 -79.594249
13.323837 -4.900986 -78.819268
13.657337 -5.541971 -77.695459
13.86612 -6.21542 -76.174434
13.821827 -6.798416 -74.433138
13.625652 -7.314021 -72.604969
13.276293 -7.778984 -70.766795
12.818113 -8.216924 -68.978063
12.421337 -8.66348 -67.369332
12.129938 -9.203996 -65.835841
11.953563 -9.797806 -64.30142
11.939625 -10.347107 -62.899844
12.051851 -10.722459 -61.820029
12.319636 -10.857576 -61.240648
12.592068 -10.722305 -61.153838
12.732724 -10.577534 -61.138736
12.743175 -10.582486 -60.923003
12.872327 -10.700475 -60.542623
13.197089 -10.87969 -60.058816
13.58768 -11.168491 -59.403873
13.870097 -11.586797 -58.483572
13.993658 -12.073875 -57.373521
13.94149 -12.592261 -56.171944
13.958246 -13.052093 -55.042334
13.885991 -13.497737 -53.948335
13.705155 -13.990822 -52.827232
13.560386 -14.582477 -51.661721
13.407272 -15.261237 -50.399898
13.169407 -15.924494 -49.157488
12.974459 -16.466699 -48.195226
12.699257 -16.972749 -47.465196
11.910539 -17.694739 -46.45705
10.845267 -18.583553 -45.440742
9.965573 -19.497847 -44.347736
9.166212 -20.247194 -43.372946
8.414924 -20.628587 -42.810451
7.815552 -20.873439 -42.457851
7.312007 -20.994109 -42.221823
6.911622 -20.789898 -42.38763
6.533399 -20.401758 -42.73622
6.103225 -20.05739 -43.021846
5.737021 -19.721781 -43.229032
5.386217 -19.301485 -43.472844
5.190983 -18.905874 -43.664496
4.984297 -18.546754 -43.788825
4.728042 -18.207637 -43.877843
4.366545 -17.932733 -43.90972
3.892197 -17.748358 -43.814368
3.437767 -17.64815 -43.600479
3.089225 -17.59333 -43.319391
2.815083 -17.54732 -42.98654
2.669435 -17.550062 -42.60493
2.519215 -17.614981 -42.152901
2.365947 -17.86691 -41.600889
2.241447 -18.149831 -41.042263
2.071901 -18.380103 -40.571651
1.926833 -18.58494 -40.133646
1.82805 -18.642295 -39.819738
1.816861 -18.596684 -39.543339
1.821095 -18.456397 -39.378881
-2.195893 -24.27791 -33.317676
-2.224725 -24.392249 -33.054282
-2.238156 -24.509906 -32.797542
-2.244215 -24.565269 -32.587654
-2.252855 -24.611528 -32.391475
-2.269142 -24.657856 -32.203612
-2.323637 -24.689307 -32.069558
-2.406198 -24.699075 -31.964552
-2.479446 -24.711408 -31.84974
-2.56612 -24.69298 -31.757074
-2.665508 -24.632275 -31.680441
-2.696544 -24.530993 -31.5741
-2.710388 -24.483989 -31.440415
-2.797724 -24.464594 -31.32362
-2.869549 -24.448671 -31.203449
-2.915745 -24.391731 -31.137323
-2.939436 -24.347879 -31.053285
-2.97763 -24.350892 -30.965904
-2.999202 -24.394215 -30.880675
-3.061097 -24.385504 -30.795789
-3.098005 -24.34166 -30.745396
-3.143959 -24.295882 -30.664688
-3.221516 -24.271824 -30.601608
-3.2794 -24.270344 -30.508317
-3.335932 -24.240281 -30.435847
-3.434515 -24.184607 -30.426816
-3.541813 -24.184709 -30.359536
-3.62833 -24.205361 -30.297642
-3.688498 -24.211127 -30.231774
-3.75269 -24.196813 -30.140403
-3.827548 -24.177417 -30.091203
-3.817879 -24.190842 -30.033283
-3.733737 -24.185602 -29.926841
-3.691523 -24.153086 -29.85165
-3.724195 -24.129836 -29.783612
-3.732521 -24.110855 -29.730507
-3.77672 -24.097843 -29.65273
-3.817036 -24.066466 -29.644376
-3.890848 -24.020708 -29.642349
-3.921793 -23.992251 -29.624134
-3.952285 -24.018274 -29.591678
-4.027177 -24.064051 -29.626099
-4.072887 -24.088119 -29.589017
-4.135934 -24.135392 -29.574588
-4.20265 -24.16514 -29.51682
-4.258763 -24.145151 -29.504848
-4.283793 -24.161647 -29.477745
-4.28899 -24.132932 -29.436729
-4.293404 -24.132971 -29.439016
-4.310474 -24.170307 -29.426604
-4.316574 -24.29711 -29.361299
-4.312481 -24.412964 -29.287868
-4.302891 -24.511592 -29.188975
-4.309602 -24.557158 -29.170262
-4.334076 -24.553075 -29.146611
-4.336307 -24.533688 -29.149798
-4.328997 -24.534737 -29.132878
-4.327337 -24.566054 -29.134918
-4.358214 -24.556176 -29.128902
-4.373649 -24.567249 -29.139301
-4.422 -24.591056 -29.147327
-4.474635 -24.631028 -29.16594
-4.548796 -24.636848 -29.210133
-4.67712 -24.61836 -29.214042
-4.854817 -24.583362 -29.216937
-5.057408 -24.544029 -29.191717
-5.194774 -24.499983 -29.130058
-5.233916 -24.471093 -29.019195
-5.310437 -24.389297 -29.009005
-5.321226 -24.369758 -28.917611
-5.40723 -24.20582 -28.960366
-5.191683 -23.979069 -28.895189
-4.859372 -23.615046 -28.94027
-4.412742 -22.930577 -29.106027
-3.840056 -21.881773 -29.614906
-3.168922 -20.727077 -30.14394
-2.452853 -19.698305 -30.633051
-1.800953 -19.060568 -30.729478
-0.74009 -18.765502 -30.448688
0.174621 -18.368373 -30.417846
1.086911 -17.93209 -30.408068
1.8979 -17.643702 -30.393347
29.853396 3.879198 -17.416645
30.232743 4.244552 -17.979426
30.360375 4.6385 -18.584688
30.255333 4.826245 -18.897837
29.352799 5.050029 -19.355202
28.241651 4.625516 -19.094409
27.779503 3.59784 -18.190671
27.521829 3.026629 -17.769377
26.499164 2.471289 -17.570209
25.216225 1.435132 -16.772273
24.292937 0.287632 -16.029621
23.177707 -0.321986 -15.986787
22.192708 -0.937794 -15.912634
21.240367 -1.838892 -15.489253
20.198622 -2.759492 -15.050505
19.473884 -3.568211 -14.684209
19.374458 -3.976765 -14.604155
19.001902 -3.918316 -14.960336
18.659208 -3.50902 -15.660279
18.333002 -3.105075 -16.337025
17.903543 -2.701192 -17.097727
17.480526 -2.41907 -17.637122
16.90314 -2.160174 -18.151793
16.357374 -1.998331 -18.540713
16.141214 -1.912571 -18.879853
15.970203 -1.872122 -19.074913
15.643115 -1.739813 -19.368128
15.402647 -1.677395 -19.603167
15.137073 -1.688808 -19.747321
14.857568 -1.623581 -20.033607
14.688853 -1.560328 -20.203118
14.644737 -1.573162 -20.265066
14.690814 -1.579148 -20.355673
14.673669 -1.511916 -20.498994
14.595389 -1.422056 -20.724685
14.489994 -1.388546 -20.868225
14.397301 -1.407124 -20.958943
14.192586 -1.385884 -21.021142
14.067878 -1.349394 -21.175868
14.065351 -1.375165 -21.25023
14.093146 -1.420823 -21.365796
14.098998 -1.388419 -21.532955
14.134788 -1.35781 -21.669591
14.099542 -1.283514 -21.858209
14.052141 -1.110681 -22.130315
14.026481 -0.950706 -22.39478
14.093718 -0.932231 -22.498809
14.191679 -0.938927 -22.54123
14.238963 -0.879989 -22.652825
14.307569 -0.912963 -22.654496
14.356128 -0.967116 -22.65793
14.44435 -0.952014 -22.749487
14.492539 -0.919069 -22.849663
14.381048 -0.962536 -22.929302
14.100156 -1.102101 -22.938601
13.768665 -1.273561 -22.887418
13.586382 -1.372894 -22.925451
13.584042 -1.368374 -23.033392
17.954928 -0.480723 -17.172414
17.374351 -0.340176 -17.564252
16.792014 -0.276539 -17.903316
16.16899 -0.310288 -18.045169
15.601887 -0.409539 -18.163806
15.331149 -0.454197 -18.283319
15.181473 -0.503719 -18.394492
15.235942 -0.472006 -18.572057
15.326365 -0.38027 -18.844706
