0.472036 -1.083547 -62.336971
0.478399 -1.063631 -62.384759
0.470666 -1.0157 -62.436767
0.489827 -0.955923 -62.51002
0.48203 -0.880557 -62.499524
0.42638 -0.809209 -62.50422
0.405116 -0.774099 -62.578518
0.226307 -0.626832 -62.549112
0.348158 -0.607369 -62.639937
0.338729 -0.423081 -62.689833
0.059422 -0.758988 -62.322575
-0.063462 -1.057314 -62.111561
0.257056 -1.151403 -62.275639
0.476759 -1.314542 -62.371469
0.61346 -1.41865 -62.391411
0.665796 -1.382044 -62.52876
0.60427 -1.399107 -62.568023
0.421582 -1.50402 -62.529141
0.211843 -1.60761 -62.405069
-0.066576 -1.708122 -62.276854
-0.060707 -2.076668 -62.1288
0.027075 -2.15744 -62.203154
-0.044903 -2.127383 -62.308141
-0.245258 -2.151249 -62.30589
-0.411861 -2.197413 -62.347158
-0.456976 -2.263341 -62.432763
-0.319175 -2.360156 -62.645288
-0.066266 -2.498715 -62.894024
0.172232 -2.637859 -63.168925
0.369082 -2.734586 -63.404567
0.496959 -2.623383 -63.739672
0.714606 -2.322757 -64.128353
1.035298 -1.664411 -64.751942
1.319998 -0.739489 -65.393028
1.411373 0.49683 -66.129335
1.434465 1.639502 -66.437138
2.14877 2.449669 -66.760418
2.865664 2.851284 -67.098318
3.707618 3.479911 -67.635715
4.068123 4.454553 -67.902429
3.951724 4.855283 -67.662155
3.610014 4.662306 -67.074735
3.436837 4.64717 -66.646782
3.693285 4.918241 -66.575069
3.92307 5.00896 -66.619748
3.690541 4.382656 -66.095607
3.175349 3.636991 -65.266764
2.52237 3.071701 -64.45062
1.824923 2.580151 -63.666702
1.120938 2.035658 -62.962596
0.461549 1.363148 -62.290966
-0.160168 0.600644 -61.688865
-0.658501 -0.209886 -61.196875
-1.124086 -1.078524 -60.841017
-1.542086 -2.008807 -60.484647
-2.177304 -3.061074 -60.132101
-2.473491 -4.366371 -59.638756
-1.978267 -5.754134 -59.031452
-0.725583 -6.969558 -58.477636
0.83036 -8.16533 -57.896912
2.424289 -9.2365 -57.347428
3.884628 -10.208301 -56.95004
5.081439 -11.01112 -56.800474
6.138485 -11.709332 -56.871332
7.190736 -12.331145 -57.017825
8.29283 -12.734502 -57.275161
9.319046 -12.787053 -57.752465
10.216543 -12.577639 -58.479391
10.928936 -12.204099 -59.485795
11.372619 -11.703413 -60.740163
11.464767 -11.035361 -62.290769
11.141554 -10.214869 -64.055325
10.457458 -9.258593 -65.901603
9.593903 -8.204925 -67.648709
8.77303 -7.121282 -69.215432
8.163203 -6.037948 -70.529799
7.786606 -4.960093 -71.732542
7.672523 -3.966172 -72.802985
7.682729 -3.064332 -73.789159
7.63182 -2.248925 -74.635222
7.367418 -1.473836 -75.350608
6.879832 -0.721391 -75.964935
6.114775 -0.081022 -76.421635
5.142053 0.456029 -76.800522
4.043701 0.866962 -77.053854
2.831114 1.139506 -77.204413
1.564236 1.140423 -77.09401
0.392953 0.779494 -76.835235
-0.611932 0.381046 -76.519712
-1.465476 0.004679 -76.089229
-1.157465 0.154923 -75.557456
-0.418015 0.187846 -75.452968
0.126848 0.04073 -74.87717
-0.323285 0.458877 -74.834068
-0.372802 -0.094 -74.286766
1.005672 -0.829716 -73.641091
2.248415 -1.557703 -72.858154
2.779174 -2.68893 -71.759434
3.037781 -3.882871 -70.605242
3.309994 -5.109033 -69.393962
4.306725 -6.056294 -68.19143
4.859716 -7.184134 -66.816687
4.834927 -8.348075 -65.470951
3.945466 -9.302012 -64.439594
2.894332 -9.920524 -63.652452
1.958788 -10.441499 -62.895249
1.124589 -10.609337 -62.270405
0.659813 -10.065533 -61.770673
1.360903 -8.922985 -61.624001
2.472888 -7.842023 -61.59233
3.628214 -6.797358 -61.687126
4.930392 -6.135527 -61.551773
5.792387 -5.508461 -61.56724
6.468376 -5.082274 -61.468374
6.79564 -4.599418 -61.4773
6.745077 -3.974542 -61.695605
6.914027 -3.477989 -61.637726
6.319486 -3.362961 -61.522413
7.476375 -3.04119 -61.168016
8.971789 -2.853794 -60.708358
10.60767 -2.550789 -60.256377
12.077649 -2.690179 -59.25163
12.124007 -3.509323 -58.30161
12.663709 -4.383798 -56.851541
13.51149 -4.931521 -55.603164
14.381202 -5.216307 -54.718407
14.429011 -5.184034 -54.366112
13.812008 -5.232464 -54.160882
12.55614 -6.112023 -53.129388
11.374625 -7.390213 -51.400569
10.21162 -8.233469 -50.133889
9.986516 -9.096194 -48.523702
10.357958 -8.960279 -47.796575
9.092196 -8.117094 -48.808233
8.645575 -7.821166 -48.777925
7.978301 -7.506675 -48.956402
6.908484 -7.022752 -49.524197
5.944365 -5.600289 -51.849662
5.193371 -4.031091 -54.791061
4.900029 -2.710269 -57.586725
5.234283 -1.268351 -61.129716
6.074361 0.338138 -65.945915
7.264053 1.779938 -71.733211
8.71929 2.975478 -78.726514
10.413036 3.884741 -87.345681
12.37445 4.432624 -98.229655
14.559125 4.447801 -111.888646
16.909495 3.658862 -128.428202
19.274716 2.190351 -149.001951
21.518263 -0.009538 -173.880019
23.386697 -2.87008 157.445071
24.886798 -6.463529 124.837791
25.825304 -10.983682 90.498873
26.070075 -15.652833 57.132088
25.681791 -19.207047 28.15409
24.971853 -21.578702 8.638082
23.827862 -23.334559 -5.3463
22.445129 -24.738311 -15.871257
20.710731 -25.944361 -25.090155
18.509249 -26.982645 -34.925947
15.572943 -27.846871 -46.440677
12.137531 -28.591068 -59.341718
8.376851 -29.193632 -71.202649
4.099067 -29.536326 -84.197458
0.388569 -29.748106 -93.764222
-2.944278 -29.936642 -101.895085
-5.745271 -30.115133 -108.671186
-7.625154 -30.330947 -112.086721
-8.876788 -30.566858 -113.671621
-9.570453 -30.712583 -114.284574
-9.977869 -30.864462 -114.073157
-10.052296 -31.005034 -112.888757
-9.83641 -31.173798 -110.600557
-9.64419 -31.359176 -108.464394
-9.5094 -31.479697 -106.828917
-9.421577 -31.559454 -105.688894
-9.445893 -31.578338 -105.24021
-9.590951 -31.542393 -105.344602
-9.789689 -31.536894 -105.621539
-9.995985 -31.575597 -105.90576
-10.252325 -31.631459 -106.182497
-10.449859 -31.713987 -106.581899
-10.512603 -31.80747 -106.688871
-10.65602 -31.881485 -107.182089
-10.355857 -32.009814 -106.959475
-10.340978 -32.067512 -107.584579
-10.14654 -32.111463 -107.97517
-9.812541 -32.130598 -107.830162
-9.715906 -32.130203 -108.179815
-9.620536 -32.106919 -108.432402
-9.735698 -32.064553 -108.944468
-9.757886 -32.114222 -108.95593
-9.746497 -32.190636 -109.004412
-9.563953 -32.308603 -108.825438
-9.337439 -32.395901 -108.865669
-9.132387 -32.426715 -109.3183
-8.942284 -32.404729 -109.864404
-8.88359 -32.349202 -110.74838
-8.856136 -32.324121 -111.377165
-8.840118 -32.327264 -111.699324
-9.012937 -32.316049 -112.355822
-9.166395 -32.320677 -113.099961
-9.28823 -32.335577 -113.979922
-9.28319 -32.359876 -114.751083
-9.214577 -32.407144 -115.421817
-9.151938 -32.431307 -116.119079
-9.133661 -32.431232 -116.754133
-9.085106 -32.444589 -117.147553
-8.886386 -32.510877 -117.018555
-8.658646 -32.574636 -116.825952
-8.513149 -32.595057 -116.947865
-8.32968 -32.602148 -117.212867
-8.227051 -32.58957 -117.748833
-8.268161 -32.563513 -118.458264
-8.487656 -32.528702 -119.38746
-8.905422 -32.481654 -120.613579
-9.218811 -32.48712 -121.295494
-9.470622 -32.534061 -121.731954
-9.627038 -32.629371 -122.072618
-9.650219 -32.7612 -122.373323
-9.553869 -32.907117 -122.710672
-9.332224 -33.052706 -122.997634
-9.01573 -33.222027 -123.080539
-8.662518 -33.378144 -123.003533
-8.387967 -33.530598 -122.945858
-8.210514 -33.671249 -123.195771
-8.235103 -33.768697 -124.173753
-8.351669 -33.826978 -125.540715
-8.322606 -33.92154 -126.526617
-8.220637 -34.02855 -127.150903
-7.825239 -34.172948 -126.990057
-7.303114 -34.334876 -126.365062
-6.758643 -34.446112 -125.493938
-6.225882 -34.498592 -124.406772
-5.67767 -34.515752 -123.13167
-5.085422 -34.516394 -121.680738
-4.448508 -34.558178 -120.099713
-3.70095 -34.613268 -118.330984
-2.925139 -34.671805 -116.601372
-2.000714 -34.694836 -114.619676
-0.986359 -34.694781 -112.436865
0.037812 -34.658455 -110.083623
1.034377 -34.583746 -107.612913
1.931791 -34.486665 -105.222205
2.941729 -34.383778 -102.643001
4.46542 -34.272091 -99.024143
6.493696 -34.134997 -94.535198
8.979988 -33.933877 -89.450123
11.711505 -33.52891 -83.71485
14.354067 -33.028298 -77.807321
16.896428 -32.411476 -71.609344
19.464034 -31.606016 -64.770707
22.126253 -30.656319 -57.197321
24.697761 -29.598687 -48.862013
27.434453 -28.395071 -39.072437
29.819506 -27.056753 -28.192674
31.580013 -25.850523 -17.957867
32.846144 -24.855572 -7.010307
33.677243 -24.188286 4.519594
33.957098 -23.916894 18.182591
33.87449 -24.133374 35.323307
33.052928 -23.76356 60.84043
31.553007 -19.930392 101.207021
29.416327 -16.561027 150.839458
27.252783 -16.699704 -165.526982
25.679735 -16.780412 -137.454847
24.964564 -16.539002 -122.187537
24.889003 -15.836545 -114.759814
24.580488 -15.0633 -105.987457
24.106105 -14.395585 -97.391321
23.809045 -13.682267 -92.055694
23.267755 -12.941532 -87.038243
22.564712 -12.187823 -82.849104
21.826504 -11.371159 -79.846145
20.941553 -10.490918 -77.379541
19.695832 -9.502564 -75.165964
18.010564 -8.475005 -72.788025
16.152045 -7.529663 -70.325114
14.320271 -6.809063 -67.696397
12.765985 -6.322317 -65.464315
11.605529 -5.942528 -64.04508
10.813876 -6.027162 -62.353506
10.374726 -6.022548 -61.302046
10.154445 -5.59521 -61.459308
10.06887 -5.095236 -62.060391
9.79387 -4.75602 -62.175323
9.444151 -4.413756 -62.148132
9.225348 -4.021843 -62.437487
9.223879 -3.620653 -63.133741
9.094713 -3.257455 -63.77768
9.034429 -2.909805 -64.555581
9.241624 -2.664746 -65.498542
9.327931 -2.794472 -65.667847
9.120466 -3.115218 -65.224346
8.847621 -3.557814 -64.439137
8.156741 -3.947831 -63.426649
7.764497 -4.452882 -62.575778
7.499495 -4.911312 -61.883448
7.547289 -5.45562 -61.231694
7.233142 -6.061069 -60.232833
7.210633 -6.626412 -59.523837
7.314549 -7.120123 -59.038255
7.358895 -7.665139 -58.377724
7.273867 -8.241562 -57.584567
7.177935 -8.748061 -56.874484
7.017312 -9.137472 -56.340581
6.925279 -9.495609 -55.90466
6.901795 -9.779439 -55.654411
6.682038 -9.836429 -55.533532
6.136324 -9.690845 -55.258084
4.657454 -9.524577 -54.463776
3.100598 -9.183663 -53.995995
2.867699 -9.779564 -53.305599
3.155489 -10.965569 -52.400368
3.321133 -12.338067 -51.448812
3.78965 -13.967337 -50.425022
4.501927 -15.650718 -49.469195
5.032905 -17.074089 -48.868794
5.148722 -18.314977 -48.378802
4.836057 -19.570408 -47.796621
4.029077 -21.013597 -46.975966
2.551789 -22.468879 -46.033343
1.003286 -23.803187 -45.172987
-0.615736 -25.047909 -44.607112
-2.627406 -26.227656 -44.367771
-4.330262 -27.345236 -44.057691
-5.377272 -28.185878 -43.781482
-6.450424 -28.63223 -43.890501
-7.851594 -29.522055 -43.924426
-9.422308 -30.500201 -44.082172
-10.53139 -31.361777 -44.167059
-10.604491 -31.869452 -44.066703
-11.062304 -32.541142 -44.058487
-12.009534 -33.4154 -44.244905
-13.036426 -34.018185 -44.585591
-13.894186 -34.267086 -44.793893
-14.528912 -34.236499 -44.790028
-14.924645 -33.912493 -44.625898
-15.117525 -33.140443 -44.466816
-14.551098 -32.052069 -44.230843
-13.447447 -30.668403 -44.069886
-12.006313 -29.391776 -43.954558
-10.539846 -28.271043 -43.890296
-9.266336 -27.355661 -43.931035
-8.152743 -26.234388 -44.131496
-7.550364 -24.900349 -44.513569
-7.532529 -23.444661 -45.082697
-7.837646 -22.187542 -45.59107
-8.151136 -21.249215 -45.89133
-7.85293 -20.504216 -46.125908
-7.047367 -19.933887 -46.365142
-5.832681 -19.485097 -46.746454
-4.375137 -19.166789 -47.226323
-2.91721 -18.709876 -48.034433
-1.655244 -18.11241 -49.154417
-0.67954 -17.276235 -50.572416
0.037259 -16.251503 -52.195887
0.578859 -15.208578 -53.768219
1.254933 -14.240416 -55.339271
2.048891 -13.365583 -56.841225
2.939015 -12.560612 -58.267322
3.867556 -11.734196 -59.668861
4.672354 -10.820494 -61.071051
5.324646 -9.846498 -62.419847
5.900912 -8.877416 -63.660391
6.450664 -7.935499 -64.777259
7.039107 -7.006064 -65.812002
7.543299 -6.113051 -66.721911
7.768376 -5.447578 -67.203856
7.647455 -5.118259 -67.078259
7.198496 -5.342476 -66.251653
6.616682 -5.97571 -65.08169
6.069736 -6.75781 -63.89875
5.487726 -7.526927 -62.834683
4.890799 -8.206898 -61.908282
4.331502 -8.766247 -61.158082
3.71687 -9.22938 -60.578835
3.13885 -9.56976 -60.189477
2.628227 -9.767294 -59.986397
2.265127 -9.75928 -59.981175
2.148785 -9.533865 -60.192738
2.417432 -9.197564 -60.541937
3.079054 -8.915973 -60.937635
4.103528 -8.729583 -61.252058
5.345795 -8.634338 -61.457357
6.538569 -8.561372 -61.630276
7.537184 -8.540272 -61.785866
8.217396 -8.57071 -61.908332
8.553367 -8.651931 -61.965273
8.642557 -8.727421 -61.937876
8.540726 -8.791669 -61.792125
8.278387 -8.830976 -61.478362
7.919335 -8.898518 -60.998778
7.598706 -8.957787 -60.43473
7.476708 -9.028968 -59.797236
7.555203 -9.062708 -59.179864
7.744372 -9.032678 -58.66667
7.943234 -8.976715 -58.309513
8.08775 -9.016261 -58.003539
8.21935 -9.267137 -57.61784
8.419898 -9.702111 -57.220411
8.787621 -10.160669 -56.811032
9.317826 -10.601779 -56.442199
9.940137 -10.975 -56.05351
10.566884 -11.337256 -55.674857
11.036003 -11.633746 -55.209089
11.294225 -11.853258 -54.710212
11.393193 -11.960948 -54.325742
11.370681 -11.91038 -54.117521
11.349061 -11.779325 -53.979048
11.410237 -11.774777 -53.74613
11.174011 -11.202748 -54.079273
11.027084 -10.845267 -54.158691
11.048092 -10.664313 -54.195658
10.748187 -10.438465 -54.238737
10.226905 -10.336103 -54.26526
9.449928 -10.520354 -53.825995
8.556942 -10.943455 -53.241821
7.649124 -11.272107 -52.535672
6.818647 -11.367789 -51.973209
6.29944 -11.413897 -51.442082
5.983222 -11.553753 -50.919873
5.80636 -11.707994 -50.441104
5.664181 -11.797094 -50.040018
5.538737 -11.793687 -49.794296
5.469841 -11.732712 -49.654568
5.553857 -11.604951 -49.617121
5.752721 -11.395225 -49.741661
5.993995 -11.197038 -49.85604
6.244926 -11.024531 -49.971587
6.4018 -10.89397 -50.034313
7.037947 -2.538365 -33.606495
7.205416 -2.93189 -32.797148
7.335985 -3.390691 -31.91486
7.376242 -3.923776 -30.85479
7.202234 -4.583393 -29.412687
7.095001 -5.226593 -27.887923
7.015639 -5.747846 -26.552324
6.938371 -6.02282 -25.755897
6.806436 -6.336649 -25.109535
6.673539 -6.907139 -24.142069
6.516537 -7.53372 -23.071433
6.218125 -8.06791 -22.158471
5.918155 -8.625252 -21.243256
5.635762 -9.123657 -20.543052
5.298094 -9.58214 -20.091477
4.809559 -10.078836 -19.763748
4.268458 -10.760155 -19.412928
3.776523 -11.558892 -19.040007
3.482701 -12.3898 -18.441362
3.032887 -12.714609 -18.425181
2.475173 -12.912911 -18.487324
1.78129 -12.786507 -18.918357
0.937107 -12.243003 -19.756092
0.210699 -11.201793 -21.103667
-0.243017 -9.944788 -22.545617
-0.658436 -8.770585 -23.845451
-1.172716 -7.904946 -24.736251
-1.815786 -7.720055 -24.900123
-2.450281 -7.855969 -24.715684
-2.960675 -7.853997 -24.658627
-3.212873 -7.500448 -24.9005
-3.229139 -6.908521 -25.353293
-3.168666 -6.273949 -25.88794
-3.140995 -5.824995 -26.213699
-3.216322 -5.542204 -26.393137
-3.350311 -5.290898 -26.537363
-3.494135 -4.972304 -26.744667
-3.603785 -4.652366 -26.982734
-3.705771 -4.459419 -27.110274
-3.766007 -4.340638 -27.170834
-3.80296 -4.20817 -27.238152
-3.874572 -4.01975 -27.330812
-3.959138 -3.80973 -27.464771
-4.047577 -3.654795 -27.602592
-4.20011 -3.583868 -27.613743
-4.393105 -3.520571 -27.576406
8.216679 -5.306245 -32.242623
8.194717 -5.861566 -31.090303
8.072502 -6.36785 -30.101195
7.769194 -6.865233 -29.221581
7.367542 -7.546588 -28.106281
6.994036 -8.47638 -26.506763
6.835719 -9.191074 -24.843004
6.671453 -9.348763 -24.051398
5.659258 -9.505184 -23.796694
4.899745 -10.279374 -23.041122
4.502114 -11.108784 -22.206059
4.331401 -11.70669 -21.628636
4.3413 -12.158428 -21.300093
4.288983 -12.381355 -21.321948
4.092699 -12.196705 -21.793101
3.905251 -11.774034 -22.549849
3.566271 -11.123614 -23.811873
3.334767 -9.891311 -25.83062
2.976671 -8.829083 -27.424656
2.535535 -8.181929 -28.54067
1.79761 -8.19661 -28.832248
1.004471 -8.878602 -28.351638
0.339602 -9.684761 -27.740502
-0.265975 -10.230499 -27.351698
-0.881446 -10.185612 -27.345985
-1.342742 -9.557034 -27.718236
-1.493314 -8.845542 -28.093214
-1.496608 -8.360638 -28.354408
-1.530147 -8.058765 -28.482892
-1.570723 -7.80885 -28.534566
-1.634266 -7.535823 -28.579962
-1.76607 -7.283478 -28.60609
-1.879175 -7.044299 -28.646855
-1.944562 -6.798967 -28.704537
-1.959073 -6.566186 -28.828353
-1.968788 -6.354071 -28.945424
-2.044777 -6.116651 -29.075131
-2.20488 -5.812377 -29.277558
-2.442478 -5.413972 -29.574681
-2.807033 -4.878247 -29.931462
-3.165987 -4.365495 -30.318387
-3.433348 -4.057371 -30.49148
-3.575294 -3.939484 -30.516068
-3.613933 -3.895787 -30.450548
-3.610485 -3.781248 -30.454281
-3.527094 -3.571812 -30.627766
-3.445853 -3.345905 -30.813315
-3.371338 -3.110803 -30.957706
-3.30594 -2.937558 -31.091911
-3.286405 -2.778435 -31.205546
-3.317144 -2.651186 -31.269403
-3.447929 -2.512263 -31.359476
-3.61903 -2.471806 -31.344722
-3.644148 -2.467319 -31.328354
-3.626664 -2.429705 -31.302631
-3.561202 -2.369751 -31.404589
-3.541187 -2.258012 -31.505972
-3.521018 -2.147073 -31.578803
-3.534321 -1.978964 -31.746941
-3.554998 -1.835448 -31.840099
-3.555297 -1.725867 -31.918437
-3.567085 -1.621937 -31.992078
-3.552056 -1.563333 -32.035485
-3.492163 -1.530156 -32.083573
-3.447352 -1.51192 -32.103972
3.162121 1.918118 -55.429833
2.36239 1.624784 -54.855231
1.602555 1.109962 -54.237814
1.194582 0.569524 -53.654036
1.070354 0.295598 -53.29115
1.162844 0.411059 -53.197958
1.368086 0.825627 -53.378371
1.562804 1.173271 -53.584909
1.650974 1.385664 -53.699306
1.705138 1.512889 -53.773128
1.799488 1.652225 -53.910483
1.930032 1.845254 -54.108291
2.04263 1.997269 -54.224288
2.128492 2.112366 -54.356785
2.086389 2.168003 -54.352792
1.902333 2.180706 -54.236268
1.625611 2.257812 -54.125086
1.319646 2.390538 -54.008413
