-6.660095 -13.550322 -42.751919
-6.831922 -13.622072 -42.552105
-6.864505 -14.116068 -41.974788
-6.573968 -14.627232 -41.294587
-5.91221 -14.924589 -40.638731
-5.013521 -14.977831 -40.213537
-4.184754 -15.161137 -39.646908
-4.063747 -15.343562 -38.654503
-3.737389 -14.688627 -38.644275
-2.895406 -13.907719 -39.306863
-1.739358 -13.174118 -40.427216
-0.820137 -12.48188 -41.91601
-0.323282 -12.175412 -43.173476
-0.274454 -12.29816 -43.862516
-0.466426 -12.660477 -44.167939
-0.618731 -13.215488 -44.325924
-0.885691 -13.886388 -44.447828
-1.238979 -14.75054 -44.324719
-1.336133 -15.748841 -44.156456
-0.991168 -16.719082 -44.025587
-0.031115 -17.45508 -44.073461
1.398308 -17.753565 -44.342574
3.042924 -17.730852 -44.778149
4.667248 -17.441502 -45.320605
6.131929 -16.974301 -45.940099
7.442898 -16.479665 -46.463076
8.59967 -15.973901 -46.966494
9.644808 -15.548302 -47.432336
10.636898 -15.147228 -47.938651
11.630887 -14.719648 -48.436778
12.562562 -14.205575 -49.02017
13.428004 -13.508076 -49.736551
14.27021 -12.721317 -50.505097
15.023439 -11.830433 -51.290405
15.615324 -10.664981 -52.365557
15.944096 -9.321263 -53.729441
16.087637 -7.937677 -55.133368
16.181187 -6.620819 -56.402338
16.172761 -5.390341 -57.502106
16.063069 -4.207699 -58.509391
15.837098 -3.110221 -59.435436
15.459359 -2.04256 -60.362735
14.840213 -0.936549 -61.334686
14.355577 0.127147 -62.312969
13.502024 0.986235 -63.060517
12.361935 1.574963 -63.372709
11.652874 2.248788 -63.610921
10.927258 2.549307 -63.503325
9.986019 1.659798 -62.552164
9.589127 0.78672 -61.507241
9.176547 0.79997 -61.094334
8.825349 0.427512 -60.382561
8.671511 -0.090105 -59.606667
8.568252 -0.349464 -58.947208
8.21609 -0.419338 -58.50384
8.253582 -0.660232 -57.91506
8.375558 -0.724267 -57.438433
7.689407 -0.283633 -57.393009
6.859108 0.366226 -57.693511
6.621252 1.507073 -58.175374
6.21459 2.525669 -58.671306
7.196181 3.659971 -59.081972
8.050734 4.314352 -59.099357
8.398269 4.641808 -59.094485
8.429975 5.100416 -59.503869
8.229397 5.880356 -60.292285
8.911854 6.542318 -60.969387
9.77789 7.393471 -61.505652
11.199641 7.854903 -61.848649
11.841912 7.290175 -60.884434
13.107895 7.982832 -61.505218
14.770387 8.969739 -62.884735
16.490606 9.984422 -64.886309
18.027821 11.12659 -67.843197
19.267673 12.086784 -71.439296
20.166803 12.744212 -75.27079
20.695978 13.118976 -79.274731
21.065776 13.217313 -83.567857
21.402659 13.113009 -88.102791
21.827088 12.906719 -92.790986
22.4587 12.624745 -97.80195
23.322571 12.251837 -103.368405
24.399106 11.785517 -110.028167
25.523082 11.155804 -117.925899
26.585725 10.458365 -128.026455
27.491585 9.747986 -140.121282
28.325222 8.913607 -153.482319
29.173814 8.120908 -169.775911
30.543403 7.185182 167.001082
32.094138 6.104182 139.050213
33.095935 5.062438 116.789757
33.015843 3.51837 101.514411
32.232292 1.731959 90.592886
31.820354 -0.069522 77.402204
31.190675 -1.459408 69.900925
30.516266 -2.754408 64.670125
29.979563 -3.749644 60.824224
29.668579 -4.446372 58.743074
29.254709 -5.213516 56.388643
29.111294 -5.757022 54.788961
29.318928 -5.811859 56.536154
29.703422 -5.880436 56.836602
29.633571 -6.173767 55.897098
30.076341 -6.641553 51.617705
30.658419 -6.935345 48.315249
30.774473 -7.432997 43.641311
30.288054 -7.635889 42.405513
29.864258 -7.587353 43.27329
29.251987 -7.022765 47.772868
28.595332 -6.071329 54.530935
28.211057 -4.950047 61.100373
27.941061 -3.522965 69.021952
27.62976 -1.95447 77.013981
27.143639 -0.349579 84.958877
26.508983 1.252699 92.837461
25.910341 2.706087 99.536807
25.37286 3.878914 104.303901
24.90716 5.398661 109.878811
24.759105 6.761117 112.650988
24.481476 8.187393 115.256444
24.426221 9.28521 115.113915
24.009437 10.388201 116.233497
23.545161 11.137366 116.478712
23.193657 11.949413 116.4192
22.723671 12.906781 117.533476
21.973523 14.10567 120.665765
21.462865 14.819122 121.973587
20.20867 15.9978 127.437145
19.983903 16.49545 126.566357
19.460779 17.043031 127.315186
18.845299 17.387257 128.323203
18.298849 17.743995 129.170939
17.588137 18.160874 131.173228
16.86955 18.545952 133.603956
16.079161 18.882986 136.803397
15.399927 19.208494 139.913072
14.806223 19.696255 142.877556
14.422363 19.921633 144.559284
14.045725 19.86442 145.726207
13.926809 19.724926 145.610793
13.767025 19.497666 145.885339
13.772867 19.562171 145.689018
13.750946 19.824033 145.440555
13.600054 20.035427 145.605685
13.48251 20.181127 145.407301
13.315598 20.190069 145.317419
13.134953 20.113174 145.249564
13.04359 20.063337 145.026262
12.981632 19.994661 144.729397
12.937449 19.982842 144.378518
12.885889 20.076118 144.13065
12.977675 20.169271 143.34247
13.187025 20.295292 142.129593
13.466707 20.389935 140.649327
13.898363 20.521496 138.505264
14.486203 20.610581 135.500203
15.10048 20.674256 132.301375
15.624141 20.666982 129.013707
16.065862 20.594019 126.01563
16.357444 20.579951 123.642221
16.603025 20.587131 121.685855
16.818145 20.587937 119.946966
17.062413 20.529045 118.247213
17.40205 20.398405 116.272884
17.823809 20.255384 114.078993
18.34677 20.083536 111.647435
18.926812 19.930091 109.231751
19.553764 19.776016 106.708628
20.135579 19.612014 104.136324
20.697176 19.433666 101.667077
21.187243 19.15403 99.276083
21.565498 18.827967 97.249879
21.894222 18.519263 95.711565
22.166127 18.130161 94.588432
22.411012 17.623725 93.671114
22.679346 17.022023 92.960994
22.849841 16.371824 92.629498
22.962224 15.757304 92.788557
23.037814 15.303508 93.706229
22.916212 14.786458 95.159216
22.608811 14.23241 96.910075
22.289663 13.950633 99.026275
22.031767 13.695383 101.157243
21.712906 13.571299 103.518411
21.496252 13.314935 105.012391
21.304729 12.878889 105.685476
20.991735 12.599164 106.95494
20.757227 12.934581 109.789345
20.26527 13.536426 114.901013
19.810505 13.73921 117.973094
19.019738 14.255547 122.656087
17.829213 15.479942 130.6988
16.579289 16.651489 138.691173
15.298053 17.60052 146.065706
14.238263 18.218642 152.081597
13.594699 18.523715 155.995438
12.838271 18.962405 160.380679
12.243141 19.362493 163.821712
11.603511 19.687203 167.09664
10.611891 19.897246 171.679346
9.608616 19.902362 176.59125
8.66747 19.964598 -178.105241
7.969854 19.950419 -173.212206
7.305747 19.875669 -168.209097
6.806085 19.757248 -163.768481
6.590067 19.592647 -160.624589
6.356366 19.49652 -157.792796
6.04336 19.241058 -154.714564
5.779354 18.911919 -151.98001
5.933938 18.371154 -150.541918
5.845609 17.869104 -147.923709
5.520037 17.519814 -144.559017
5.154465 17.219669 -140.79221
4.517451 16.894361 -136.212216
3.967045 16.473754 -131.876343
3.392502 16.145024 -127.770953
2.654857 16.06476 -124.232548
1.997082 16.121954 -121.821529
1.321784 15.833391 -118.999156
0.670691 15.034413 -115.142261
0.317228 14.216226 -111.792304
0.163312 13.767959 -109.638818
0.134271 13.587998 -108.20501
-0.31797 13.45885 -106.275389
-0.898202 13.333405 -104.37032
-1.20984 13.266839 -103.267496
-1.447524 13.078655 -102.258899
-1.931269 12.577207 -100.361377
-2.607082 12.273937 -98.511296
-3.113013 12.087077 -97.068503
-3.367222 10.913597 -94.191834
-3.815328 10.183043 -91.832917
-4.006562 10.581845 -91.81556
-4.41802 10.622312 -91.170869
-4.729155 10.322794 -90.229032
-4.312939 9.782433 -89.70802
-3.619827 9.102117 -89.178351
-3.039639 8.569123 -88.700514
-2.783472 8.51773 -88.678822
-2.628256 8.706097 -89.002381
-2.435068 8.596981 -88.879229
-2.151361 8.097648 -88.27102
-1.860031 7.76835 -87.843903
-1.65683 7.672721 -87.695806
-1.426734 7.704595 -87.880964
-1.147619 7.670383 -88.062851
-0.851855 7.484269 -88.045513
-0.63757 7.006672 -87.430938
-0.798132 6.199319 -85.821501
-1.118416 5.628557 -84.406693
-1.964245 5.540555 -83.097461
-1.701449 5.14964 -82.650697
-1.56783 4.090229 -81.251542
-1.850675 2.907854 -79.281226
-1.876173 2.092746 -78.134036
-1.964272 1.731177 -77.560807
-2.118885 1.496286 -77.17446
-2.225086 1.042023 -76.558407
-2.447962 0.271009 -75.458288
-2.504971 -0.476045 -74.421514
-2.605647 -1.033376 -73.600511
-2.765411 -1.42523 -73.016159
-2.825094 -1.609246 -72.709058
-2.732314 -1.530333 -72.831624
-2.50694 -1.211392 -73.326122
-2.161275 -0.828201 -73.990782
-1.75335 -0.505935 -74.634919
-1.281224 -0.298549 -75.267648
-0.765703 -0.141262 -75.93563
-0.106103 -0.022188 -76.68758
0.60546 0.171552 -77.618241
1.320157 0.447077 -78.638355
1.99976 0.828973 -79.778247
2.685201 1.245697 -80.959027
3.360939 1.667423 -82.197529
4.009602 2.067638 -83.418783
4.653754 2.43915 -84.637977
5.354992 2.980845 -86.107537
6.114638 3.755473 -87.969911
6.937298 4.554937 -89.920773
7.742008 5.365299 -91.856999
8.495442 6.135648 -93.737171
9.204657 6.739347 -95.4108
9.872343 7.024831 -96.761766
10.432419 7.033336 -97.70626
10.922468 6.861134 -98.300561
11.364445 6.562397 -98.636297
11.784362 6.213545 -98.743092
12.162516 5.881962 -98.702632
12.481512 5.600181 -98.507829
12.720029 5.257318 -98.03407
12.737448 4.724336 -96.91899
12.643299 4.113582 -95.528342
12.501333 3.485898 -94.029989
12.323339 2.822399 -92.420404
12.263012 2.20453 -90.895868
12.289342 1.626722 -89.379387
12.352596 1.072102 -87.76456
12.376023 0.503762 -85.984445
12.328987 -0.13066 -84.101943
12.193332 -0.858039 -82.077628
12.091267 -1.630401 -80.092232
12.063726 -2.521275 -78.02747
12.090434 -3.517179 -75.846766
12.097336 -4.48255 -73.731467
12.070047 -5.467424 -71.606957
11.945804 -6.550708 -69.267192
11.885812 -7.640469 -66.951658
11.853928 -8.768336 -64.649756
11.856452 -9.943425 -62.353234
11.856759 -11.169839 -60.01632
11.907174 -12.41085 -57.679379
11.890562 -13.541835 -55.578113
11.796645 -14.668554 -53.638642
11.504733 -15.845869 -51.832775
11.023386 -17.137067 -50.120714
10.524324 -18.404456 -48.526566
10.156805 -19.533165 -47.060466
9.89631 -20.456058 -45.856015
9.528336 -21.282114 -44.882709
9.188052 -22.063012 -44.04847
8.766105 -22.823013 -43.444018
8.012691 -23.525198 -43.119517
7.559381 -24.417573 -42.615049
7.372231 -25.182125 -42.107575
7.17966 -25.747965 -41.650906
6.589374 -25.972351 -41.587264
5.920435 -26.046962 -41.627992
5.30078 -26.170682 -41.505104
4.735272 -26.173283 -41.386093
4.21561 -25.904794 -41.393724
3.820541 -25.456862 -41.539695
3.552269 -25.07031 -41.579952
3.266132 -24.840617 -41.472423
2.979806 -24.723621 -41.275247
2.56155 -24.713612 -41.06302
2.135746 -24.796676 -40.82677
1.688514 -24.99261 -40.553709
1.41292 -25.20277 -40.194646
1.247708 -25.336349 -39.810593
0.6948 -25.263597 -39.69382
0.52571 -25.239894 -39.374652
0.265428 -25.116694 -39.13153
0.133434 -25.089062 -38.811021
-0.188446 -25.069867 -38.526623
-0.424515 -25.036725 -38.248209
-0.51211 -24.989062 -37.971169
-0.517226 -24.968378 -37.633847
-0.480871 -24.949582 -37.245813
-0.391317 -24.923107 -36.873416
-0.387113 -24.855687 -36.59232
-0.450395 -24.861659 -36.28795
-0.529242 -24.876959 -36.014882
-0.928066 -24.839637 -35.920587
-1.138987 -24.784412 -35.775825
-1.325345 -24.69684 -35.658865
-1.457753 -24.622811 -35.519519
-1.574623 -24.576096 -35.30719
-1.656327 -24.535748 -35.093955
-1.655288 -24.492816 -34.860214
-1.601545 -24.428444 -34.630273
-1.551998 -24.391555 -34.430589
-1.593157 -24.403864 -34.205555
-1.703487 -24.412383 -34.051936
-1.8329 -24.386866 -33.904946
-1.950914 -24.308745 -33.798669
-2.071745 -24.22536 -33.715993
-2.137397 -24.202151 -33.521324
-2.195893 -24.27791 -33.317676
-2.224725 -24.392249 -33.054282
-2.238156 -24.509906 -32.797542
-2.244215 -24.565269 -32.587654
-2.252855 -24.611528 -32.391475
-2.269142 -24.657856 -32.203612
-2.323637 -24.689307 -32.069558
-2.406198 -24.699075 -31.964552
-2.479446 -24.711408 -31.84974
-2.56612 -24.69298 -31.757074
-2.665508 -24.632275 -31.680441
-2.696544 -24.530993 -31.5741
-2.710388 -24.483989 -31.440415
-2.797724 -24.464594 -31.32362
-2.869549 -24.448671 -31.203449
-2.915745 -24.391731 -31.137323
-2.939436 -24.347879 -31.053285
-2.97763 -24.350892 -30.965904
-2.999202 -24.394215 -30.880675
-3.061097 -24.385504 -30.795789
-3.098005 -24.34166 -30.745396
-3.143959 -24.295882 -30.664688
-3.221516 -24.271824 -30.601608
-3.2794 -24.270344 -30.508317
-3.335932 -24.240281 -30.435847
-3.434515 -24.184607 -30.426816
-3.541813 -24.184709 -30.359536
-3.62833 -24.205361 -30.297642
-3.688498 -24.211127 -30.231774
-3.75269 -24.196813 -30.140403
-3.827548 -24.177417 -30.091203
-3.817879 -24.190842 -30.033283
-3.733737 -24.185602 -29.926841
-3.691523 -24.153086 -29.85165
-3.724195 -24.129836 -29.783612
-3.732521 -24.110855 -29.730507
-3.77672 -24.097843 -29.65273
-3.817036 -24.066466 -29.644376
-3.890848 -24.020708 -29.642349
-3.921793 -23.992251 -29.624134
-3.952285 -24.018274 -29.591678
-4.027177 -24.064051 -29.626099
-4.072887 -24.088119 -29.589017
-4.135934 -24.135392 -29.574588
-4.20265 -24.16514 -29.51682
-4.258763 -24.145151 -29.504848
-4.283793 -24.161647 -29.477745
-4.28899 -24.132932 -29.436729
-4.293404 -24.132971 -29.439016
-4.310474 -24.170307 -29.426604
-4.316574 -24.29711 -29.361299
-4.312481 -24.412964 -29.287868
-4.302891 -24.511592 -29.188975
-4.309602 -24.557158 -29.170262
-4.334076 -24.553075 -29.146611
-4.336307 -24.533688 -29.149798
-4.328997 -24.534737 -29.132878
-4.327337 -24.566054 -29.134918
-4.358214 -24.556176 -29.128902
-4.373649 -24.567249 -29.139301
-4.422 -24.591056 -29.147327
-4.474635 -24.631028 -29.16594
-4.548796 -24.636848 -29.210133
-4.67712 -24.61836 -29.214042
-4.854817 -24.583362 -29.216937
-5.057408 -24.544029 -29.191717
-5.194774 -24.499983 -29.130058
-5.233916 -24.471093 -29.019195
-5.310437 -24.389297 -29.009005
-5.321226 -24.369758 -28.917611
-5.40723 -24.20582 -28.960366
-5.191683 -23.979069 -28.895189
-4.859372 -23.615046 -28.94027
-4.412742 -22.930577 -29.106027
-3.840056 -21.881773 -29.614906
-3.168922 -20.727077 -30.14394
-2.452853 -19.698305 -30.633051
-1.800953 -19.060568 -30.729478
-0.74009 -18.765502 -30.448688
0.174621 -18.368373 -30.417846
1.086911 -17.93209 -30.408068
1.8979 -17.643702 -30.393347
29.853396 3.879198 -17.416645
30.232743 4.244552 -17.979426
30.360375 4.6385 -18.584688
30.255333 4.826245 -18.897837
29.352799 5.050029 -19.355202
28.241651 4.625516 -19.094409
27.779503 3.59784 -18.190671
27.521829 3.026629 -17.769377
26.499164 2.471289 -17.570209
25.216225 1.435132 -16.772273
24.292937 0.287632 -16.029621
23.177707 -0.321986 -15.986787
22.192708 -0.937794 -15.912634
21.240367 -1.838892 -15.489253
20.198622 -2.759492 -15.050505
19.473884 -3.568211 -14.684209
19.374458 -3.976765 -14.604155
19.001902 -3.918316 -14.960336
18.659208 -3.50902 -15.660279
18.333002 -3.105075 -16.337025
17.903543 -2.701192 -17.097727
17.480526 -2.41907 -17.637122
16.90314 -2.160174 -18.151793
16.357374 -1.998331 -18.540713
16.141214 -1.912571 -18.879853
15.970203 -1.872122 -19.074913
15.643115 -1.739813 -19.368128
15.402647 -1.677395 -19.603167
15.137073 -1.688808 -19.747321
14.857568 -1.623581 -20.033607
14.688853 -1.560328 -20.203118
14.644737 -1.573162 -20.265066
14.690814 -1.579148 -20.355673
14.673669 -1.511916 -20.498994
14.595389 -1.422056 -20.724685
14.489994 -1.388546 -20.868225
14.397301 -1.407124 -20.958943
14.192586 -1.385884 -21.021142
14.067878 -1.349394 -21.175868
14.065351 -1.375165 -21.25023
14.093146 -1.420823 -21.365796
14.098998 -1.388419 -21.532955
14.134788 -1.35781 -21.669591
14.099542 -1.283514 -21.858209
14.052141 -1.110681 -22.130315
14.026481 -0.950706 -22.39478
14.093718 -0.932231 -22.498809
14.191679 -0.938927 -22.54123
14.238963 -0.879989 -22.652825
14.307569 -0.912963 -22.654496
14.356128 -0.967116 -22.65793
14.44435 -0.952014 -22.749487
14.492539 -0.919069 -22.849663
14.381048 -0.962536 -22.929302
14.100156 -1.102101 -22.938601
13.768665 -1.273561 -22.887418
13.586382 -1.372894 -22.925451
13.584042 -1.368374 -23.033392
17.954928 -0.480723 -17.172414
17.374351 -0.340176 -17.564252
16.792014 -0.276539 -17.903316
16.16899 -0.310288 -18.045169
15.601887 -0.409539 -18.163806
15.331149 -0.454197 -18.283319
15.181473 -0.503719 -18.394492
15.235942 -0.472006 -18.572057
15.326365 -0.38027 -18.844706
