-7.240000 35.139999 -77.489998 -2253.000000 -400.000000 3340.000000
-7.220000 35.150002 -77.489998 -2251.000000 -365.000000 3345.000000
-7.230000 35.150002 -77.500000 -2241.000000 -393.000000 3330.000000
-7.240000 35.130001 -77.529999 -2257.000000 -387.000000 3373.000000
-7.260000 35.160000 -77.559998 -2274.000000 -420.000000 3334.000000
-7.270000 35.169998 -77.589996 -2280.000000 -419.000000 3384.000000
-7.260000 35.189999 -77.610001 -2288.000000 -408.000000 3387.000000
-7.280000 35.169998 -77.669998 -2303.000000 -450.000000 3488.000000
-7.270000 35.150002 -77.720001 -2222.000000 -430.000000 3428.000000
-7.230000 35.099998 -77.739998 -2199.000000 -403.000000 3503.000000
-7.210000 35.029999 -77.790001 -2181.000000 -434.000000 3529.000000
-7.180000 34.939999 -77.830002 -2198.000000 -449.000000 3645.000000
-7.180000 34.790001 -77.900002 -2162.000000 -491.000000 3749.000000
-7.190000 34.610001 -77.949997 -1985.000000 -517.000000 3743.000000
-7.240000 34.450001 -77.970001 -1993.000000 -589.000000 3767.000000
-7.340000 34.400002 -78.050003 -2131.000000 -713.000000 3830.000000
-7.520000 34.500000 -78.160004 -2201.000000 -796.000000 3733.000000
-7.680000 34.689999 -78.300003 -2266.000000 -846.000000 3786.000000
-7.820000 34.900002 -78.440002 -2185.000000 -922.000000 3930.000000
-7.890000 35.200001 -78.580002 -2145.000000 -1046.000000 4118.000000
-7.910000 35.610001 -78.760002 -2207.000000 -1044.000000 3994.000000
-7.850000 36.060001 -79.000000 -2116.000000 -1090.000000 4045.000000
-7.620000 36.529999 -79.209999 -1923.000000 -935.000000 3806.000000
-7.180000 36.990002 -79.320000 -1985.000000 -639.000000 3767.000000
-6.810000 37.480000 -79.599998 -1512.000000 -1582.000000 3844.000000
-6.270000 37.330002 -80.379997 -1557.000000 54.000000 3520.000000
-5.590000 36.980000 -80.690002 -544.000000 -504.000000 4105.000000
-5.010000 36.689999 -81.220001 -1083.000000 -300.000000 3700.000000
-4.610000 36.450001 -82.029999 -1450.000000 -571.000000 3662.000000
-4.210000 36.180000 -82.889999 -1491.000000 -486.000000 3588.000000
-3.750000 35.830002 -83.760002 -1485.000000 -284.000000 3485.000000
-3.310000 35.470001 -84.730003 -1525.000000 -197.000000 3384.000000
-2.930000 35.090000 -85.800003 -1667.000000 -159.000000 3257.000000
-2.630000 34.720001 -86.970001 -1781.000000 -173.000000 3193.000000
-2.380000 34.360001 -88.190002 -1791.000000 -163.000000 3137.000000
-2.120000 33.980000 -89.440002 -1745.000000 -107.000000 2992.000000
-1.830000 33.630001 -90.709999 -1827.000000 2.000000 2890.000000
-1.570000 33.320000 -92.010002 -1999.000000 115.000000 2839.000000
-1.380000 33.000000 -93.389999 -2274.000000 182.000000 2750.000000
-1.260000 32.650002 -94.809998 -2510.000000 201.000000 2747.000000
-1.180000 32.240002 -96.250000 -2846.000000 273.000000 2727.000000
-1.180000 31.740000 -97.680000 -3102.000000 165.000000 2754.000000
-1.240000 31.150000 -99.120003 -3134.000000 98.000000 2868.000000
-1.350000 30.510000 -100.529999 -2909.000000 25.000000 2885.000000
-1.430000 29.879999 -101.870003 -2583.000000 144.000000 2911.000000
-1.500000 29.350000 -103.139999 -2432.000000 230.000000 2867.000000
-1.600000 28.969999 -104.379997 -2572.000000 197.000000 2785.000000
-1.780000 28.709999 -105.610001 -2867.000000 47.000000 2672.000000
-2.000000 28.490000 -106.800003 -3001.000000 -84.000000 2476.000000
-2.230000 28.250000 -107.900002 -2921.000000 -100.000000 2449.000000
-2.450000 27.990000 -108.879997 -2767.000000 -96.000000 2605.000000
-2.700000 27.719999 -109.750000 -2793.000000 -191.000000 2729.000000
-2.970000 27.459999 -110.540001 -2898.000000 -296.000000 2908.000000
-3.250000 27.200001 -111.239998 -2895.000000 -386.000000 2991.000000
-3.520000 26.950001 -111.820000 -2891.000000 -396.000000 3131.000000
-3.780000 26.740000 -112.349998 -2743.000000 -384.000000 3217.000000
-4.030000 26.629999 -112.820000 -2619.000000 -382.000000 3254.000000
-4.360000 26.660000 -113.250000 -2707.000000 -885.000000 3004.000000
-4.600000 26.850000 -113.510002 -2862.000000 -432.000000 3439.000000
-4.700000 27.280001 -113.709999 -2681.000000 -110.000000 2965.000000
-4.900000 27.740000 -113.949997 -2949.000000 -516.000000 3199.000000
-5.080000 28.129999 -114.160004 -2992.000000 -640.000000 3229.000000
-5.210000 28.370001 -114.269997 -3097.000000 -645.000000 3336.000000
-5.260000 28.389999 -114.279999 -3048.000000 -617.000000 3765.000000
-5.200000 28.219999 -114.220001 -2535.000000 -422.000000 3836.000000
-5.060000 27.860001 -114.080002 -1797.000000 -275.000000 3996.000000
-4.860000 27.490000 -113.949997 -1211.000000 -171.000000 3839.000000
-4.630000 27.520000 -113.849998 -1311.000000 -43.000000 3278.000000
-4.480000 27.920000 -113.879997 -1832.000000 -40.000000 3034.000000
-4.390000 28.340000 -113.940002 -1959.000000 -220.000000 2965.000000
-4.380000 28.570000 -113.970001 -1793.000000 -390.000000 3097.000000
-4.370000 28.670000 -113.940002 -1874.000000 -418.000000 3275.000000
-4.320000 28.740000 -113.860001 -2100.000000 -362.000000 3340.000000
-4.210000 28.850000 -113.709999 -2429.000000 -252.000000 3449.000000
-4.090000 29.000000 -113.540001 -2695.000000 -183.000000 3536.000000
-4.040000 29.090000 -113.339996 -2221.000000 -219.000000 3524.000000
-3.980000 28.860001 -113.089996 -1240.000000 -99.000000 3676.000000
-3.930000 28.730000 -112.860001 -982.000000 -16.000000 3771.000000
-4.000000 28.830000 -112.660004 -1293.000000 -276.000000 3866.000000
-4.020000 29.120001 -112.430000 -1581.000000 -264.000000 3887.000000
-3.990000 29.459999 -112.199997 -1349.000000 -228.000000 4028.000000
-3.920000 29.950001 -111.980003 -1214.000000 -171.000000 4087.000000
-3.830000 30.629999 -111.800003 -1454.000000 -205.000000 4061.000000
-3.690000 31.700001 -111.580002 -2166.000000 -174.000000 3866.000000
-3.520000 32.869999 -111.349998 -2702.000000 -63.000000 3481.000000
-3.380000 34.020000 -111.080002 -2842.000000 63.000000 3029.000000
-3.280000 35.130001 -110.870003 -2736.000000 60.000000 2645.000000
-3.210000 36.180000 -110.660004 -2501.000000 16.000000 2655.000000
-3.180000 37.209999 -110.449997 -2294.000000 -39.000000 2898.000000
-3.270000 38.279999 -110.339996 -2511.000000 -224.000000 3141.000000
-3.330000 39.360001 -110.230003 -2623.000000 -194.000000 3139.000000
-3.420000 40.389999 -110.139999 -2415.000000 -160.000000 3016.000000
-3.630000 41.470001 -110.160004 -2126.000000 -144.000000 2594.000000
-3.910000 42.599998 -110.230003 -2687.000000 -150.000000 2631.000000
-4.240000 43.759998 -110.349998 -3024.000000 -286.000000 2684.000000
-4.590000 44.830002 -110.489998 -3332.000000 -358.000000 2899.000000
-4.790000 45.639999 -110.559998 -3742.000000 -246.000000 3051.000000
-4.890000 46.009998 -110.489998 -3678.000000 -303.000000 3371.000000
-4.790000 46.000000 -110.220001 -3252.000000 -145.000000 3342.000000
-4.430000 45.660000 -109.779999 -2699.000000 213.000000 3430.000000
-4.060000 45.430000 -109.320000 -2746.000000 364.000000 3611.000000
-3.910000 45.459999 -108.989998 -2643.000000 114.000000 3665.000000
-3.880000 45.919998 -108.760002 -2436.000000 46.000000 3608.000000
-3.830000 46.970001 -108.410004 -2961.000000 -22.000000 3460.000000
-3.810000 48.660000 -108.139999 -3640.000000 8.000000 2806.000000
-3.720000 50.680000 -107.769997 -3780.000000 256.000000 2616.000000
-3.470000 53.020000 -107.260002 -3438.000000 450.000000 2366.000000
-3.100000 55.770000 -106.620003 -3454.000000 625.000000 2071.000000
-2.760000 58.959999 -105.989998 -3625.000000 496.000000 1621.000000
-2.440000 62.500000 -105.349998 -4017.000000 475.000000 1068.000000
-1.910000 66.220001 -104.489998 -4307.000000 579.000000 787.000000
-0.950000 70.089996 -103.169998 -4184.000000 700.000000 520.000000
0.610000 74.050003 -101.269997 -4198.000000 689.000000 344.000000
3.590000 78.029999 -98.019997 -4351.000000 532.000000 145.000000
10.980000 81.639999 -90.790001 -4297.000000 846.000000 -328.000000
38.680000 84.290001 -65.599998 -4565.000000 814.000000 -917.000000
125.580002 84.360001 25.969999 -4935.000000 882.000000 -1389.000000
150.860001 81.889999 53.959999 -5226.000000 913.000000 -1848.000000
157.149994 78.849998 61.200001 -5019.000000 1092.000000 -1899.000000
159.600006 75.839996 64.540001 -4757.000000 895.000000 -1845.000000
160.830002 72.940002 66.660004 -4939.000000 845.000000 -1668.000000
161.300003 70.410004 68.019997 -5204.000000 757.000000 -1598.000000
161.039993 68.430000 68.669998 -5143.000000 756.000000 -1693.000000
160.419998 66.849998 68.980003 -4934.000000 719.000000 -1671.000000
159.580002 65.430000 69.070000 -4756.000000 936.000000 -1571.000000
158.610001 64.349998 69.000000 -4809.000000 965.000000 -1462.000000
157.539993 63.709999 68.760002 -4594.000000 835.000000 -1305.000000
156.539993 63.200001 68.559998 -4659.000000 627.000000 -1339.000000
155.500000 62.880001 68.250000 -4849.000000 492.000000 -1446.000000
154.259995 62.720001 67.750000 -4568.000000 504.000000 -1444.000000
153.070007 62.509998 67.269997 -4209.000000 558.000000 -1368.000000
152.110001 62.160000 66.980003 -4181.000000 541.000000 -1323.000000
151.149994 61.759998 66.699997 -4348.000000 542.000000 -1526.000000
150.080002 61.470001 66.260002 -4483.000000 543.000000 -1450.000000
149.110001 61.169998 65.860001 -4462.000000 473.000000 -1454.000000
148.080002 60.900002 65.349998 -4337.000000 464.000000 -1523.000000
146.729996 60.820000 64.449997 -4103.000000 601.000000 -1539.000000
145.169998 60.869999 63.330002 -3775.000000 664.000000 -1304.000000
143.660004 60.939999 62.180000 -3640.000000 709.000000 -1140.000000
142.110001 61.070000 60.910000 -3414.000000 706.000000 -1166.000000
140.470001 61.330002 59.490002 -3218.000000 507.000000 -974.000000
138.919998 61.580002 58.090000 -3276.000000 567.000000 -838.000000
137.380005 61.880001 56.650002 -3364.000000 468.000000 -724.000000
135.679993 62.250000 54.959999 -3360.000000 414.000000 -993.000000
134.100006 62.549999 53.340000 -3182.000000 466.000000 -1049.000000
132.770004 62.759998 51.959999 -2884.000000 459.000000 -828.000000
131.610001 62.950001 50.770000 -2678.000000 436.000000 -655.000000
130.509995 63.139999 49.650002 -2694.000000 447.000000 -581.000000
129.559998 63.290001 48.669998 -2792.000000 420.000000 -613.000000
128.789993 63.340000 47.900002 -2856.000000 521.000000 -806.000000
128.100006 63.360001 47.209999 -2786.000000 551.000000 -852.000000
127.540001 63.349998 46.660000 -2846.000000 525.000000 -981.000000
127.040001 63.349998 46.180000 -3076.000000 590.000000 -1065.000000
126.529999 63.400002 45.689999 -2951.000000 625.000000 -974.000000
125.980003 63.490002 45.150002 -2761.000000 591.000000 -899.000000
125.290001 63.630001 44.439999 -2722.000000 627.000000 -885.000000
124.489998 63.810001 43.630001 -2659.000000 761.000000 -748.000000
123.629997 64.010002 42.750000 -2588.000000 788.000000 -638.000000
122.970001 64.160004 42.099998 -2754.000000 836.000000 -721.000000
122.440002 64.309998 41.590000 -2952.000000 917.000000 -674.000000
122.040001 64.400002 41.230000 -3031.000000 1012.000000 -702.000000
121.620003 64.470001 40.830002 -2983.000000 1109.000000 -649.000000
121.330002 64.489998 40.549999 -3003.000000 1184.000000 -773.000000
120.989998 64.529999 40.189999 -2993.000000 1237.000000 -732.000000
120.669998 64.570000 39.889999 -2980.000000 1241.000000 -733.000000
120.400002 64.620003 39.630001 -3000.000000 1240.000000 -692.000000
120.250000 64.650002 39.490002 -3093.000000 1288.000000 -759.000000
120.300003 64.660004 39.560001 -3257.000000 1340.000000 -882.000000
120.370003 64.690002 39.619999 -3341.000000 1386.000000 -893.000000
120.440002 64.720001 39.720001 -3351.000000 1387.000000 -787.000000
120.500000 64.750000 39.810001 -3369.000000 1393.000000 -756.000000
120.540001 64.779999 39.919998 -3482.000000 1467.000000 -785.000000
120.570000 64.830002 40.020000 -3644.000000 1491.000000 -810.000000
120.570000 64.860001 40.090000 -3569.000000 1575.000000 -858.000000
120.599998 64.849998 40.200001 -3433.000000 1631.000000 -936.000000
120.650002 64.860001 40.340000 -3419.000000 1612.000000 -941.000000
120.779999 64.870003 40.580002 -3440.000000 1611.000000 -991.000000
120.989998 64.879997 40.889999 -3456.000000 1573.000000 -966.000000
121.290001 64.860001 41.270000 -3474.000000 1540.000000 -953.000000
121.589996 64.870003 41.639999 -3607.000000 1494.000000 -969.000000
121.790001 64.940002 41.889999 -3801.000000 1445.000000 -976.000000
121.849998 65.029999 41.990002 -3893.000000 1446.000000 -1013.000000
121.730003 65.110001 41.910000 -3853.000000 1490.000000 -1026.000000
121.449997 65.199997 41.650002 -3761.000000 1513.000000 -1002.000000
121.019997 65.290001 41.250000 -3741.000000 1562.000000 -885.000000
120.480003 65.379997 40.779999 -3797.000000 1594.000000 -785.000000
120.000000 65.440002 40.360001 -3755.000000 1632.000000 -892.000000
119.519997 65.459999 39.970001 -3570.000000 1705.000000 -997.000000
119.089996 65.449997 39.669998 -3404.000000 1750.000000 -1036.000000
118.750000 65.410004 39.500000 -3373.000000 1786.000000 -1035.000000
118.510002 65.360001 39.450001 -3393.000000 1744.000000 -1061.000000
118.250000 65.320000 39.380001 -3462.000000 1759.000000 -982.000000
118.010002 65.279999 39.340000 -3427.000000 1808.000000 -1120.000000
117.620003 65.279999 39.150002 -3305.000000 1776.000000 -1049.000000
117.209999 65.269997 38.959999 -3247.000000 1772.000000 -1065.000000
116.820000 65.290001 38.799999 -3250.000000 1717.000000 -1079.000000
116.379997 65.349998 38.580002 -3143.000000 1609.000000 -1183.000000
115.910004 65.410004 38.349998 -2986.000000 1629.000000 -1303.000000
115.449997 65.489998 38.160000 -2879.000000 1647.000000 -1358.000000
114.940002 65.589996 37.939999 -2783.000000 1654.000000 -1479.000000
114.349998 65.730003 37.669998 -2657.000000 1663.000000 -1633.000000
113.739998 65.889999 37.419998 -2508.000000 1676.000000 -1635.000000
113.190002 66.089996 37.330002 -2282.000000 1565.000000 -1518.000000
112.639999 66.320000 37.279999 -2094.000000 1563.000000 -1599.000000
112.059998 66.599998 37.259998 -2070.000000 1598.000000 -1674.000000
111.510002 66.910004 37.320000 -2097.000000 1590.000000 -1543.000000
111.089996 67.260002 37.560001 -2066.000000 1505.000000 -1546.000000
110.680000 67.690002 37.860001 -2187.000000 1404.000000 -1471.000000
110.239998 68.180000 38.180000 -2362.000000 1329.000000 -1277.000000
109.790001 68.730003 38.529999 -2492.000000 1263.000000 -983.000000
109.089996 69.349998 38.680000 -2566.000000 1230.000000 -718.000000
108.099998 70.000000 38.580002 -2591.000000 1255.000000 -562.000000
107.120003 70.660004 38.520000 -2540.000000 1370.000000 -492.000000
106.029999 71.309998 38.349998 -2506.000000 1423.000000 -347.000000
104.949997 71.980003 38.180000 -2525.000000 1439.000000 -239.000000
103.790001 72.669998 37.919998 -2617.000000 1510.000000 -150.000000
102.300003 73.430000 37.279999 -2773.000000 1497.000000 -44.000000
100.080002 74.279999 35.849998 -2907.000000 1338.000000 100.000000
97.129997 75.250000 33.669998 -3158.000000 1091.000000 338.000000
94.010002 76.309998 31.290001 -3540.000000 855.000000 514.000000
90.800003 77.449997 28.790001 -3896.000000 595.000000 527.000000
87.199997 78.610001 25.860001 -4080.000000 344.000000 555.000000
82.959999 79.769997 22.270000 -4108.000000 161.000000 588.000000
77.970001 80.889999 17.830000 -4091.000000 2.000000 532.000000
71.220001 81.949997 11.530000 -4122.000000 -221.000000 569.000000
60.770000 82.809998 1.370000 -4285.000000 -507.000000 739.000000
44.669998 83.349998 -14.530000 -4695.000000 -684.000000 902.000000
23.660000 83.459999 -34.970001 -5167.000000 -856.000000 935.000000
3.940000 83.029999 -53.500000 -5185.000000 -1132.000000 1207.000000
-9.120000 82.180000 -65.220001 -5188.000000 -1544.000000 1322.000000
-17.330000 81.010002 -72.339996 -4879.000000 -1511.000000 1558.000000
-22.540001 79.690002 -76.629997 -4910.000000 -1447.000000 1619.000000
-25.910000 78.279999 -79.199997 -5058.000000 -1414.000000 1693.000000
-28.040001 76.800003 -80.589996 -4998.000000 -1469.000000 1778.000000
-29.360001 75.300003 -81.230003 -4790.000000 -1491.000000 1939.000000
-30.209999 73.830002 -81.440002 -4627.000000 -1454.000000 2090.000000
-30.879999 72.430000 -81.510002 -4630.000000 -1409.000000 2043.000000
-31.389999 71.080002 -81.459999 -4645.000000 -1413.000000 1946.000000
-31.680000 69.739998 -81.199997 -4542.000000 -1358.000000 1851.000000
-31.680000 68.349998 -80.660004 -4455.000000 -1355.000000 1873.000000
-31.370001 66.870003 -79.839996 -4292.000000 -1366.000000 1957.000000
-30.889999 65.320000 -78.849998 -4140.000000 -1420.000000 2059.000000
-30.330000 63.759998 -77.820000 -3987.000000 -1478.000000 2129.000000
-29.719999 62.200001 -76.769997 -3845.000000 -1526.000000 2382.000000
-29.030001 60.650002 -75.709999 -3645.000000 -1397.000000 2489.000000
-28.340000 59.160000 -74.669998 -3501.000000 -1317.000000 2444.000000
-27.700001 57.689999 -73.720001 -3232.000000 -1244.000000 2422.000000
-27.100000 56.230000 -72.870003 -3127.000000 -1224.000000 2589.000000
-26.590000 54.980000 -72.120003 -2813.000000 -1144.000000 2560.000000
-26.240000 53.930000 -71.629997 -3008.000000 -1083.000000 2597.000000
-26.049999 53.060001 -71.349998 -3153.000000 -1092.000000 2522.000000
-25.950001 52.349998 -71.180000 -3275.000000 -1074.000000 2449.000000
-25.950001 51.750000 -71.099998 -3347.000000 -1110.000000 2255.000000
-26.000000 51.090000 -71.070000 -3491.000000 -1203.000000 2296.000000
-26.030001 50.340000 -71.000000 -3550.000000 -1323.000000 2236.000000
-26.000000 49.459999 -70.860001 -3410.000000 -1532.000000 2382.000000
-25.730000 48.459999 -70.519997 -3561.000000 -1506.000000 2747.000000
-25.270000 47.480000 -70.019997 -3563.000000 -1308.000000 2852.000000
-24.740000 46.520000 -69.449997 -3286.000000 -1076.000000 2735.000000
-24.270000 45.450001 -68.970001 -2717.000000 -1051.000000 2726.000000
-23.900000 44.400002 -68.610001 -2262.000000 -978.000000 2577.000000
-23.610001 43.520000 -68.379997 -2261.000000 -923.000000 2663.000000
-23.389999 42.840000 -68.250000 -2413.000000 -903.000000 2742.000000
-23.309999 42.200001 -68.279999 -2323.000000 -946.000000 2745.000000
-23.350000 41.520000 -68.400002 -1953.000000 -990.000000 2547.000000
-23.480000 40.830002 -68.589996 -2035.000000 -1151.000000 2682.000000
-23.620001 40.230000 -68.769997 -1958.000000 -1269.000000 2749.000000
-23.799999 40.040001 -69.059998 -2493.000000 -1119.000000 2570.000000
-24.080000 39.959999 -69.440002 -2887.000000 -1303.000000 2559.000000
-24.400000 39.889999 -69.889999 -2818.000000 -1582.000000 2916.000000
-24.620001 39.919998 -70.269997 -3021.000000 -1502.000000 3067.000000
-24.780001 40.020000 -70.570000 -3158.000000 -1486.000000 3004.000000
-24.930000 40.060001 -70.830002 -3151.000000 -1697.000000 3029.000000
-25.070000 40.150002 -71.050003 -3009.000000 -1773.000000 2948.000000
-25.180000 40.360001 -71.250000 -2978.000000 -1593.000000 2860.000000
-25.389999 40.570000 -71.570000 -2606.000000 -1724.000000 2898.000000
-25.700001 40.840000 -72.010002 -2204.000000 -1842.000000 2832.000000
-26.080000 41.250000 -72.540001 -2235.000000 -1922.000000 2813.000000
-26.490000 41.860001 -73.089996 -2731.000000 -2051.000000 2837.000000
-26.879999 42.580002 -73.639999 -3187.000000 -2347.000000 2858.000000
-27.219999 43.360001 -74.150002 -3623.000000 -2671.000000 2800.000000
-27.469999 44.180000 -74.570000 -3785.000000 -2845.000000 2701.000000
-27.600000 44.900002 -74.870003 -3752.000000 -2912.000000 2591.000000
-27.610001 45.480000 -74.980003 -3455.000000 -2956.000000 2603.000000
-27.500000 45.959999 -74.930000 -3287.000000 -2987.000000 2587.000000
-27.260000 46.369999 -74.720001 -3284.000000 -3079.000000 2560.000000
-26.870001 46.700001 -74.339996 -3155.000000 -3122.000000 2516.000000
-26.330000 46.939999 -73.800003 -3062.000000 -3033.000000 2357.000000
-25.620001 47.029999 -73.089996 -2955.000000 -2610.000000 2290.000000
-24.750000 46.990002 -72.190002 -2765.000000 -2580.000000 2206.000000
-23.639999 46.750000 -71.029999 -2791.000000 -2410.000000 2260.000000
-22.469999 46.299999 -69.879997 -2995.000000 -2112.000000 2264.000000
-21.270000 45.619999 -68.720001 -3114.000000 -2010.000000 2245.000000
-20.070000 44.700001 -67.559998 -2956.000000 -1868.000000 2270.000000
-18.930000 43.590000 -66.500000 -2549.000000 -1662.000000 2166.000000
-17.930000 42.380001 -65.620003 -2317.000000 -1466.000000 2320.000000
-17.049999 41.310001 -64.919998 -2069.000000 -1249.000000 2001.000000
-16.280001 40.470001 -64.379997 -2174.000000 -1083.000000 1805.000000
-15.570000 39.779999 -63.919998 -2128.000000 -730.000000 1902.000000
-14.850000 39.240002 -63.520000 -2187.000000 -340.000000 1883.000000
-14.070000 38.650002 -63.110001 -2090.000000 152.000000 2065.000000
-13.380000 37.930000 -62.770000 -2153.000000 350.000000 2333.000000
-12.750000 37.110001 -62.549999 -1984.000000 674.000000 2569.000000
-12.240000 36.270000 -62.490002 -1992.000000 926.000000 2735.000000
-11.820000 35.459999 -62.549999 -2016.000000 987.000000 2814.000000
-11.500000 34.720001 -62.740002 -2027.000000 1192.000000 2812.000000
-11.260000 34.150002 -63.080002 -2218.000000 1383.000000 2814.000000
-11.120000 33.720001 -63.560001 -2550.000000 1358.000000 2950.000000
-11.100000 33.369999 -64.180000 -2655.000000 949.000000 2894.000000
-11.170000 33.130001 -64.900002 -2502.000000 794.000000 2795.000000
-11.220000 32.910000 -65.650002 -2264.000000 825.000000 2800.000000
-11.240000 32.750000 -66.360001 -2103.000000 846.000000 2761.000000
-11.240000 32.660000 -67.080002 -2229.000000 916.000000 2795.000000
-11.250000 32.630001 -67.769997 -2649.000000 1018.000000 2898.000000
-11.250000 32.560001 -68.400002 -2961.000000 1132.000000 3069.000000
-11.260000 32.439999 -69.019997 -2993.000000 1166.000000 3228.000000
-11.270000 32.250000 -69.610001 -2857.000000 1093.000000 3325.000000
-11.280000 32.060001 -70.180000 -2397.000000 979.000000 3358.000000
-11.330000 31.990000 -70.790001 -2251.000000 858.000000 3266.000000
-11.410000 32.080002 -71.410004 -2384.000000 751.000000 3113.000000
-11.480000 32.279999 -72.000000 -2431.000000 690.000000 2992.000000
-11.570000 32.540001 -72.570000 -2489.000000 576.000000 2931.000000
-11.630000 32.799999 -73.080002 -2321.000000 565.000000 2971.000000
-11.690000 33.060001 -73.540001 -2271.000000 513.000000 2935.000000
-11.770000 33.290001 -74.010002 -2342.000000 414.000000 2970.000000
-11.860000 33.480000 -74.430000 -2356.000000 281.000000 3198.000000
-11.940000 33.549999 -74.820000 -2467.000000 130.000000 3546.000000
-11.950000 33.580002 -75.110001 -3058.000000 165.000000 3806.000000
-11.790000 33.500000 -75.230003 -3608.000000 117.000000 4193.000000
-11.490000 33.299999 -75.199997 -3991.000000 -30.000000 4457.000000
-11.100000 33.020000 -75.089996 -4006.000000 -156.000000 4151.000000
-10.700000 32.759998 -74.919998 -3692.000000 -28.000000 3662.000000
-10.290000 32.490002 -74.699997 -2873.000000 121.000000 3523.000000
-9.890000 32.169998 -74.489998 -2063.000000 29.000000 3522.000000
-9.650000 31.830000 -74.389999 -1598.000000 -227.000000 3686.000000
-9.510000 31.620001 -74.379997 -1593.000000 -418.000000 3713.000000
-9.430000 31.549999 -74.430000 -1718.000000 -505.000000 3588.000000
-9.440000 31.590000 -74.570000 -1867.000000 -624.000000 3431.000000
-9.450000 31.639999 -74.690002 -1896.000000 -615.000000 3352.000000
-9.510000 31.650000 -74.830002 -2031.000000 -735.000000 3449.000000
-9.600000 31.670000 -74.970001 -2188.000000 -849.000000 3493.000000
-9.650000 31.709999 -75.099998 -2287.000000 -851.000000 3461.000000
-9.690000 31.780001 -75.209999 -2332.000000 -823.000000 3405.000000
-9.730000 31.860001 -75.290001 -2288.000000 -811.000000 3387.000000
-9.760000 31.959999 -75.370003 -2211.000000 -755.000000 3396.000000
-9.790000 32.060001 -75.480003 -2173.000000 -707.000000 3357.000000
-9.800000 32.189999 -75.570000 -2181.000000 -627.000000 3315.000000
-9.790000 32.349998 -75.620003 -2225.000000 -560.000000 3289.000000
-9.760000 32.509998 -75.629997 -2271.000000 -515.000000 3278.000000
-9.740000 32.650002 -75.620003 -2329.000000 -492.000000 3228.000000
-9.720000 32.750000 -75.620003 -2367.000000 -468.000000 3216.000000
-9.710000 32.820000 -75.620003 -2409.000000 -463.000000 3209.000000
-9.700000 32.900002 -75.570000 -2397.000000 -454.000000 3233.000000
-9.690000 32.930000 -75.540001 -2386.000000 -448.000000 3254.000000
-9.690000 32.930000 -75.489998 -2317.000000 -472.000000 3271.000000
-9.690000 32.900002 -75.440002 -2282.000000 -452.000000 3289.000000
-9.680000 32.880001 -75.370003 -2230.000000 -432.000000 3266.000000
-9.680000 32.840000 -75.320000 -2247.000000 -465.000000 3285.000000
-9.700000 32.770000 -75.279999 -2197.000000 -482.000000 3284.000000
-9.710000 32.709999 -75.209999 -2173.000000 -495.000000 3324.000000
-9.730000 32.610001 -75.190002 -2154.000000 -522.000000 3309.000000
-9.740000 32.540001 -75.139999 -2137.000000 -541.000000 3361.000000
-9.760000 32.470001 -75.129997 -2111.000000 -545.000000 3377.000000
-9.780000 32.450001 -75.120003 -2149.000000 -584.000000 3411.000000
-9.800000 32.459999 -75.139999 -2157.000000 -560.000000 3334.000000
-9.810000 32.480000 -75.169998 -2197.000000 -552.000000 3311.000000
-9.840000 32.529999 -75.180000 -2205.000000 -585.000000 3292.000000
-9.880000 32.570000 -75.220001 -2235.000000 -609.000000 3263.000000
-9.910000 32.599998 -75.239998 -2234.000000 -597.000000 3271.000000
-9.940000 32.599998 -75.260002 -2201.000000 -601.000000 3309.000000
-9.950000 32.570000 -75.269997 -2174.000000 -558.000000 3325.000000
-9.950000 32.560001 -75.269997 -2159.000000 -546.000000 3308.000000
-9.950000 32.520000 -75.290001 -2160.000000 -554.000000 3365.000000
-9.920000 32.459999 -75.279999 -2113.000000 -525.000000 3442.000000
-9.910000 32.410000 -75.309998 -2116.000000 -540.000000 3425.000000
-9.870000 32.400002 -75.320000 -2125.000000 -501.000000 3403.000000
-9.840000 32.419998 -75.330002 -2162.000000 -502.000000 3406.000000
-9.810000 32.439999 -75.349998 -2165.000000 -491.000000 3433.000000
-9.800000 32.490002 -75.389999 -2178.000000 -511.000000 3401.000000
-9.770000 32.549999 -75.400002 -2169.000000 -505.000000 3377.000000
-9.770000 32.599998 -75.449997 -2170.000000 -529.000000 3352.000000
-9.770000 32.669998 -75.480003 -2206.000000 -521.000000 3322.000000
-9.770000 32.770000 -75.510002 -2233.000000 -544.000000 3315.000000
-9.780000 32.860001 -75.529999 -2235.000000 -541.000000 3293.000000
-9.790000 32.919998 -75.580002 -2227.000000 -542.000000 3278.000000
-9.800000 33.000000 -75.620003 -2248.000000 -547.000000 3273.000000
-9.810000 33.040001 -75.669998 -2218.000000 -535.000000 3304.000000
-9.790000 33.110001 -75.650002 -2201.000000 -517.000000 3316.000000
-9.770000 33.130001 -75.669998 -2198.000000 -509.000000 3340.000000
-9.770000 33.130001 -75.709999 -2197.000000 -521.000000 3340.000000
-9.760000 33.130001 -75.750000 -2196.000000 -498.000000 3343.000000
-9.750000 33.119999 -75.790001 -2183.000000 -508.000000 3383.000000
-9.740000 33.160000 -75.800003 -2200.000000 -513.000000 3346.000000
-9.740000 33.209999 -75.820000 -2194.000000 -520.000000 3326.000000
-9.750000 33.279999 -75.849998 -2207.000000 -533.000000 3291.000000
-9.760000 33.349998 -75.879997 -2223.000000 -523.000000 3304.000000
-9.770000 33.419998 -75.919998 -2238.000000 -524.000000 3289.000000
-9.770000 33.500000 -75.940002 -2233.000000 -519.000000 3275.000000
-9.760000 33.570000 -75.940002 -2234.000000 -518.000000 3306.000000
