-13.210000 38.310001 -89.809998 -2438.000000 -692.000000 3150.000000
-13.220000 38.330002 -89.790001 -2451.000000 -705.000000 3131.000000
-13.240000 38.349998 -89.769997 -2447.000000 -713.000000 3137.000000
-13.260000 38.349998 -89.760002 -2438.000000 -731.000000 3192.000000
-13.270000 38.349998 -89.750000 -2424.000000 -738.000000 3196.000000
-13.260000 38.389999 -89.750000 -2433.000000 -712.000000 3137.000000
-13.230000 38.419998 -89.739998 -2458.000000 -722.000000 3202.000000
-13.190000 38.470001 -89.769997 -2489.000000 -711.000000 3108.000000
-13.140000 38.560001 -89.779999 -2531.000000 -697.000000 3111.000000
-13.090000 38.610001 -89.779999 -2434.000000 -678.000000 3089.000000
-13.050000 38.599998 -89.769997 -2370.000000 -667.000000 3168.000000
-13.000000 38.509998 -89.709999 -2255.000000 -705.000000 3366.000000
-12.980000 38.389999 -89.709999 -2021.000000 -762.000000 3423.000000
-12.870000 38.349998 -89.669998 -2104.000000 -677.000000 3446.000000
-12.880000 38.400002 -89.720001 -2368.000000 -900.000000 3694.000000
-12.960000 38.590000 -89.879997 -2396.000000 -978.000000 3419.000000
-13.060000 38.830002 -90.059998 -2445.000000 -1063.000000 3580.000000
-13.120000 39.099998 -90.230003 -2270.000000 -1109.000000 3724.000000
-13.170000 39.529999 -90.449997 -2175.000000 -1213.000000 3892.000000
-13.180000 40.139999 -90.709999 -2469.000000 -1183.000000 4066.000000
-13.150000 40.900002 -90.989998 -2557.000000 -1229.000000 4157.000000
-13.020000 41.759998 -91.279999 -2634.000000 -1176.000000 4041.000000
-12.670000 42.590000 -91.480003 -2722.000000 -909.000000 4023.000000
-12.180000 43.369999 -91.610001 -2733.000000 -796.000000 3904.000000
-11.500000 44.049999 -91.650002 -2610.000000 -642.000000 3802.000000
-11.160000 44.730000 -92.019997 -2866.000000 -2778.000000 3937.000000
-10.880000 45.160000 -92.720001 -4007.000000 -292.000000 4298.000000
-9.920000 45.020000 -92.849998 -1405.000000 280.000000 3832.000000
-9.130000 44.730000 -93.040001 -1685.000000 -595.000000 3802.000000
-8.360000 44.450001 -93.370003 -2215.000000 -403.000000 3648.000000
-7.630000 44.110001 -93.820000 -1988.000000 -337.000000 3606.000000
-6.900000 43.700001 -94.309998 -1673.000000 -211.000000 3484.000000
-6.210000 43.230000 -94.900002 -1852.000000 -154.000000 3398.000000
-5.610000 42.709999 -95.570000 -2242.000000 -185.000000 3282.000000
-5.070000 42.169998 -96.339996 -2458.000000 -198.000000 3198.000000
-4.620000 41.560001 -97.230003 -2420.000000 -183.000000 3096.000000
-4.210000 40.910000 -98.169998 -2248.000000 -127.000000 2883.000000
-3.840000 40.290001 -99.150002 -2198.000000 -38.000000 2713.000000
-3.490000 39.700001 -100.180000 -2110.000000 62.000000 2511.000000
-3.160000 39.150002 -101.220001 -2036.000000 158.000000 2391.000000
-2.910000 38.630001 -102.309998 -1995.000000 134.000000 2376.000000
-2.770000 38.180000 -103.470001 -2147.000000 148.000000 2226.000000
-2.730000 37.759998 -104.739998 -2532.000000 147.000000 2195.000000
-2.790000 37.340000 -106.029999 -2993.000000 18.000000 2355.000000
-2.950000 36.889999 -107.330002 -3141.000000 -267.000000 2568.000000
-3.150000 36.410000 -108.599998 -3078.000000 -400.000000 2607.000000
-3.380000 35.980000 -109.800003 -2794.000000 -429.000000 2441.000000
-3.640000 35.639999 -110.930000 -2698.000000 -372.000000 2244.000000
-3.940000 35.369999 -112.010002 -2880.000000 -423.000000 2135.000000
-4.270000 35.139999 -112.980003 -3216.000000 -496.000000 1967.000000
-4.620000 34.919998 -113.839996 -3325.000000 -558.000000 1935.000000
-4.970000 34.669998 -114.589996 -3317.000000 -591.000000 2021.000000
-5.310000 34.400002 -115.220001 -3378.000000 -563.000000 2210.000000
-5.650000 34.110001 -115.750000 -3436.000000 -605.000000 2341.000000
-6.000000 33.820000 -116.220001 -3376.000000 -644.000000 2439.000000
-6.350000 33.520000 -116.650002 -3206.000000 -618.000000 2524.000000
-6.710000 33.209999 -117.050003 -2921.000000 -638.000000 2539.000000
-7.090000 32.919998 -117.430000 -2652.000000 -705.000000 2687.000000
-7.440000 32.689999 -117.750000 -2502.000000 -637.000000 2699.000000
-7.790000 32.529999 -118.029999 -2475.000000 -663.000000 2803.000000
-8.110000 32.410000 -118.290001 -2568.000000 -658.000000 2962.000000
-8.410000 32.340000 -118.519997 -2644.000000 -715.000000 3020.000000
-8.710000 32.279999 -118.730003 -2514.000000 -746.000000 3071.000000
-9.030000 32.250000 -118.959999 -2385.000000 -892.000000 2857.000000
-9.410000 32.299999 -119.139999 -2412.000000 -1176.000000 3130.000000
-9.560000 32.610001 -119.199997 -2531.000000 -577.000000 3102.000000
-9.660000 33.049999 -119.290001 -2999.000000 -677.000000 3048.000000
-9.770000 33.389999 -119.400002 -2904.000000 -941.000000 3253.000000
-9.780000 33.570000 -119.400002 -2550.000000 -732.000000 3471.000000
-9.700000 33.630001 -119.320000 -2168.000000 -553.000000 3361.000000
-9.580000 33.740002 -119.220001 -2256.000000 -469.000000 3277.000000
-9.460000 33.950001 -119.139999 -2579.000000 -366.000000 3027.000000
-9.370000 34.150002 -119.099998 -2483.000000 -454.000000 3025.000000
-9.310000 34.230000 -119.040001 -2282.000000 -511.000000 3223.000000
-9.170000 34.240002 -118.900002 -2280.000000 -380.000000 3210.000000
-9.030000 34.250000 -118.730003 -2467.000000 -384.000000 3251.000000
-8.930000 34.220001 -118.529999 -2636.000000 -448.000000 3370.000000
-8.780000 34.080002 -118.269997 -2179.000000 -284.000000 3358.000000
-8.640000 33.770000 -117.980003 -1847.000000 -286.000000 3531.000000
-8.580000 33.419998 -117.779999 -1790.000000 -420.000000 3812.000000
-8.570000 33.150002 -117.610001 -1849.000000 -548.000000 4033.000000
-8.560000 33.000000 -117.449997 -1780.000000 -531.000000 3727.000000
-8.510000 32.919998 -117.279999 -1560.000000 -414.000000 3713.000000
-8.490000 33.020000 -117.129997 -1410.000000 -400.000000 3677.000000
-8.520000 33.389999 -117.040001 -1629.000000 -472.000000 3633.000000
-8.560000 34.139999 -116.949997 -2103.000000 -469.000000 3523.000000
-8.610000 35.070000 -116.889999 -2632.000000 -502.000000 3454.000000
-8.680000 36.029999 -116.839996 -2949.000000 -519.000000 3249.000000
-8.730000 36.840000 -116.760002 -3098.000000 -449.000000 3076.000000
-8.790000 37.410000 -116.639999 -2958.000000 -434.000000 3028.000000
-8.790000 37.810001 -116.449997 -2661.000000 -334.000000 2948.000000
-8.790000 38.160000 -116.260002 -2379.000000 -280.000000 2699.000000
-8.820000 38.500000 -116.099998 -2267.000000 -315.000000 2682.000000
-8.950000 38.869999 -115.980003 -2158.000000 -443.000000 2913.000000
-9.130000 39.419998 -115.980003 -2370.000000 -456.000000 2854.000000
-9.360000 39.990002 -116.050003 -3021.000000 -553.000000 2828.000000
-9.620000 40.360001 -116.099998 -3134.000000 -698.000000 2840.000000
-9.810000 40.369999 -116.050003 -2869.000000 -701.000000 3227.000000
-9.840000 40.099998 -115.879997 -2746.000000 -577.000000 3361.000000
-9.810000 39.590000 -115.660004 -2710.000000 -588.000000 3521.000000
-9.770000 38.799999 -115.459999 -2057.000000 -669.000000 3757.000000
-9.610000 38.080002 -115.169998 -1698.000000 -354.000000 3617.000000
-9.470000 37.509998 -114.930000 -1800.000000 -293.000000 3645.000000
-9.400000 37.220001 -114.739998 -2211.000000 -383.000000 3497.000000
-9.360000 37.230000 -114.589996 -2536.000000 -319.000000 3432.000000
-9.290000 37.419998 -114.410004 -2870.000000 -178.000000 3518.000000
-9.230000 37.689999 -114.260002 -3224.000000 -152.000000 3432.000000
-9.220000 37.970001 -114.120003 -3344.000000 -318.000000 3263.000000
-9.180000 38.250000 -113.940002 -3335.000000 -397.000000 3376.000000
-9.030000 38.590000 -113.680000 -3109.000000 -329.000000 3321.000000
-8.830000 39.130001 -113.339996 -3029.000000 -237.000000 3300.000000
-8.600000 39.970001 -113.000000 -3049.000000 -150.000000 3268.000000
-8.330000 41.119999 -112.599998 -2930.000000 -185.000000 3592.000000
-8.030000 42.759998 -112.169998 -3276.000000 -75.000000 3553.000000
-7.690000 44.910000 -111.730003 -3595.000000 -8.000000 3362.000000
-7.290000 47.580002 -111.230003 -3910.000000 214.000000 2979.000000
-6.840000 50.720001 -110.690002 -3933.000000 333.000000 2493.000000
-6.360000 54.270000 -110.059998 -3927.000000 559.000000 2032.000000
-5.780000 58.119999 -109.269997 -3905.000000 606.000000 1588.000000
-5.020000 62.230000 -108.250000 -4124.000000 718.000000 1223.000000
-3.990000 66.480003 -106.879997 -4327.000000 754.000000 935.000000
-2.260000 70.760002 -104.760002 -4430.000000 920.000000 756.000000
0.590000 74.959999 -101.580002 -4412.000000 972.000000 161.000000
5.450000 78.870003 -96.570000 -4547.000000 900.000000 -113.000000
16.610001 82.230003 -85.839996 -4513.000000 538.000000 -19.000000
56.869999 84.320000 -47.950001 -4501.000000 467.000000 -311.000000
122.349998 83.820000 22.410000 -4787.000000 1130.000000 -1100.000000
143.410004 81.699997 45.730000 -5018.000000 641.000000 -813.000000
149.679993 79.430000 53.020000 -4762.000000 -150.000000 -888.000000
152.039993 77.010002 56.250000 -4831.000000 233.000000 -1046.000000
153.240005 74.820000 58.310001 -4914.000000 427.000000 -1001.000000
153.740005 73.160004 59.660000 -4585.000000 101.000000 -872.000000
153.550003 71.900002 60.299999 -4173.000000 99.000000 -678.000000
152.759995 71.129997 60.279999 -4019.000000 219.000000 -615.000000
151.880005 70.540001 60.130001 -3909.000000 226.000000 -682.000000
150.990005 70.129997 59.910000 -3854.000000 192.000000 -696.000000
150.240005 69.790001 59.790001 -3671.000000 61.000000 -711.000000
149.479996 69.550003 59.630001 -3483.000000 19.000000 -672.000000
148.770004 69.339996 59.470001 -3336.000000 77.000000 -670.000000
148.100006 69.160004 59.340000 -3398.000000 118.000000 -580.000000
147.449997 69.029999 59.169998 -3424.000000 153.000000 -540.000000
146.889999 68.910004 59.070000 -3418.000000 157.000000 -553.000000
146.440002 68.830002 59.040001 -3412.000000 114.000000 -634.000000
146.000000 68.779999 58.990002 -3403.000000 157.000000 -612.000000
145.600006 68.769997 58.970001 -3457.000000 177.000000 -571.000000
145.190002 68.790001 58.889999 -3378.000000 195.000000 -538.000000
144.830002 68.839996 58.830002 -3326.000000 192.000000 -582.000000
144.529999 68.889999 58.810001 -3260.000000 191.000000 -665.000000
144.270004 68.900002 58.820000 -3286.000000 291.000000 -776.000000
144.020004 68.910004 58.810001 -3330.000000 312.000000 -860.000000
143.800003 68.930000 58.770000 -3376.000000 375.000000 -906.000000
143.460007 69.019997 58.639999 -3358.000000 440.000000 -772.000000
143.029999 69.180000 58.380001 -3359.000000 463.000000 -705.000000
142.520004 69.370003 57.990002 -3363.000000 500.000000 -721.000000
142.029999 69.540001 57.630001 -3290.000000 520.000000 -753.000000
141.570007 69.669998 57.290001 -3389.000000 610.000000 -762.000000
141.240005 69.779999 57.080002 -3452.000000 603.000000 -743.000000
141.020004 69.879997 56.980000 -3419.000000 591.000000 -693.000000
140.949997 69.910004 56.990002 -3433.000000 619.000000 -840.000000
140.910004 69.919998 57.040001 -3472.000000 671.000000 -869.000000
140.899994 69.919998 57.119999 -3448.000000 688.000000 -920.000000
140.880005 69.919998 57.180000 -3505.000000 722.000000 -942.000000
140.860001 69.970001 57.209999 -3619.000000 704.000000 -933.000000
140.770004 70.070000 57.180000 -3656.000000 700.000000 -879.000000
140.630005 70.169998 57.080002 -3606.000000 755.000000 -881.000000
140.419998 70.290001 56.919998 -3619.000000 786.000000 -853.000000
140.289993 70.419998 56.820000 -3673.000000 749.000000 -859.000000
140.119995 70.550003 56.669998 -3616.000000 768.000000 -869.000000
139.880005 70.669998 56.459999 -3600.000000 828.000000 -816.000000
139.699997 70.800003 56.320000 -3595.000000 792.000000 -781.000000
139.559998 70.910004 56.200001 -3581.000000 804.000000 -796.000000
139.509995 70.980003 56.169998 -3631.000000 833.000000 -840.000000
139.509995 71.029999 56.230000 -3667.000000 820.000000 -809.000000
139.559998 71.059998 56.320000 -3701.000000 855.000000 -841.000000
139.660004 71.080002 56.459999 -3664.000000 822.000000 -852.000000
139.770004 71.070000 56.610001 -3697.000000 875.000000 -852.000000
139.850006 71.050003 56.730000 -3709.000000 922.000000 -862.000000
139.899994 71.019997 56.820000 -3701.000000 950.000000 -836.000000
139.960007 71.019997 56.919998 -3774.000000 906.000000 -802.000000
140.080002 70.989998 57.049999 -3756.000000 912.000000 -921.000000
140.139999 70.959999 57.130001 -3782.000000 952.000000 -890.000000
140.309998 70.930000 57.299999 -3784.000000 911.000000 -989.000000
140.410004 70.900002 57.400002 -3687.000000 927.000000 -960.000000
140.440002 70.879997 57.439999 -3679.000000 926.000000 -894.000000
140.500000 70.870003 57.500000 -3728.000000 905.000000 -944.000000
140.559998 70.839996 57.570000 -3714.000000 962.000000 -1033.000000
140.639999 70.800003 57.680000 -3591.000000 948.000000 -1010.000000
140.729996 70.760002 57.779999 -3686.000000 947.000000 -968.000000
140.839996 70.699997 57.919998 -3641.000000 981.000000 -954.000000
141.009995 70.629997 58.119999 -3660.000000 1029.000000 -1051.000000
141.190002 70.559998 58.310001 -3700.000000 1010.000000 -1037.000000
141.360001 70.500000 58.480000 -3856.000000 1081.000000 -1080.000000
141.550003 70.440002 58.669998 -3659.000000 1044.000000 -1145.000000
141.720001 70.370003 58.830002 -3608.000000 1075.000000 -1153.000000
141.910004 70.269997 59.009998 -3650.000000 1112.000000 -1146.000000
142.190002 70.160004 59.279999 -3700.000000 1053.000000 -1161.000000
142.520004 70.050003 59.570000 -3697.000000 1020.000000 -1212.000000
142.770004 69.970001 59.790001 -3863.000000 1005.000000 -1204.000000
142.949997 69.940002 59.919998 -3902.000000 953.000000 -1291.000000
142.919998 69.970001 59.860001 -3810.000000 938.000000 -1417.000000
142.630005 70.080002 59.540001 -3791.000000 978.000000 -1440.000000
142.130005 70.260002 59.029999 -3678.000000 930.000000 -1378.000000
141.509995 70.480003 58.410000 -3528.000000 876.000000 -1365.000000
140.759995 70.690002 57.709999 -3530.000000 932.000000 -1347.000000
139.919998 70.889999 56.950001 -3688.000000 1024.000000 -1238.000000
139.020004 71.059998 56.180000 -3928.000000 1073.000000 -1081.000000
138.100006 71.209999 55.430000 -3997.000000 1171.000000 -1125.000000
137.119995 71.370003 54.650002 -3737.000000 1216.000000 -1215.000000
136.110001 71.540001 53.910000 -3441.000000 1271.000000 -1309.000000
135.149994 71.739998 53.240002 -3206.000000 1337.000000 -1448.000000
134.210007 71.959999 52.639999 -3020.000000 1335.000000 -1496.000000
133.389999 72.209999 52.209999 -2878.000000 1301.000000 -1600.000000
132.630005 72.500000 51.889999 -2738.000000 1212.000000 -1635.000000
131.910004 72.809998 51.689999 -2675.000000 1218.000000 -1555.000000
131.320007 73.129997 51.669998 -2631.000000 1190.000000 -1586.000000
130.839996 73.459999 51.820000 -2776.000000 1141.000000 -1618.000000
130.490005 73.800003 52.139999 -2910.000000 1112.000000 -1597.000000
130.339996 74.139999 52.700001 -2967.000000 1077.000000 -1527.000000
130.190002 74.510002 53.299999 -3048.000000 1031.000000 -1397.000000
129.940002 74.919998 53.799999 -3033.000000 1050.000000 -1296.000000
129.460007 75.389999 54.090000 -2996.000000 1091.000000 -1338.000000
128.550003 75.930000 53.950001 -2918.000000 1151.000000 -1346.000000
127.580002 76.500000 53.759998 -2926.000000 1210.000000 -1252.000000
126.339996 77.120003 53.279999 -2981.000000 1245.000000 -1149.000000
124.459999 77.830002 52.160000 -2896.000000 1233.000000 -1083.000000
122.199997 78.559998 50.650002 -2698.000000 1201.000000 -1002.000000
119.459999 79.290001 48.639999 -2558.000000 1215.000000 -840.000000
116.160004 80.010002 46.040001 -2549.000000 1138.000000 -648.000000
111.650002 80.720001 42.180000 -2665.000000 915.000000 -185.000000
105.900002 81.440002 37.000000 -2907.000000 690.000000 152.000000
98.349998 82.160004 29.840000 -3252.000000 507.000000 166.000000
87.599998 82.870003 19.320000 -3335.000000 124.000000 272.000000
75.610001 83.449997 7.400000 -3462.000000 16.000000 222.000000
60.580002 83.879997 -7.700000 -3556.000000 -199.000000 511.000000
40.509998 84.059998 -27.639999 -4018.000000 -296.000000 572.000000
18.840000 83.940002 -48.369999 -4168.000000 -474.000000 494.000000
0.620000 83.500000 -65.080002 -4280.000000 -747.000000 602.000000
-11.420000 82.680000 -75.769997 -4400.000000 -906.000000 892.000000
-18.600000 81.610001 -81.900002 -4416.000000 -1163.000000 1237.000000
-23.129999 80.389999 -85.589996 -4471.000000 -1279.000000 1375.000000
-26.080000 79.070000 -87.830002 -4590.000000 -1442.000000 1485.000000
-27.969999 77.699997 -89.080002 -4515.000000 -1491.000000 1634.000000
-29.320000 76.309998 -89.849998 -4543.000000 -1413.000000 1518.000000
-30.340000 74.910004 -90.290001 -4526.000000 -1398.000000 1581.000000
-31.180000 73.519997 -90.559998 -4477.000000 -1362.000000 1744.000000
-31.910000 72.190002 -90.750000 -4399.000000 -1405.000000 1949.000000
-32.630001 70.940002 -90.919998 -4264.000000 -1410.000000 1958.000000
-33.279999 69.769997 -91.040001 -4233.000000 -1395.000000 1968.000000
-33.830002 68.669998 -91.050003 -4270.000000 -1346.000000 1955.000000
-34.330002 67.639999 -91.010002 -4315.000000 -1353.000000 1875.000000
-34.639999 66.610001 -90.779999 -4318.000000 -1324.000000 1892.000000
-34.720001 65.550003 -90.309998 -4305.000000 -1344.000000 1965.000000
-34.660000 64.480003 -89.699997 -4254.000000 -1399.000000 1960.000000
-34.450001 63.389999 -88.949997 -4138.000000 -1378.000000 1977.000000
-34.060001 62.279999 -88.059998 -3938.000000 -1292.000000 2058.000000
-33.529999 61.169998 -87.050003 -3752.000000 -1151.000000 2102.000000
-32.959999 60.049999 -86.019997 -3631.000000 -1126.000000 2159.000000
-32.400002 58.939999 -85.050003 -3482.000000 -1125.000000 2172.000000
-31.920000 57.840000 -84.180000 -3352.000000 -1183.000000 2174.000000
-31.490000 56.779999 -83.370003 -3258.000000 -1203.000000 2223.000000
-31.110001 55.799999 -82.669998 -3213.000000 -1156.000000 2238.000000
-30.820000 54.919998 -82.059998 -3147.000000 -1149.000000 2176.000000
-30.629999 54.070000 -81.589996 -3099.000000 -1192.000000 2171.000000
-30.459999 53.220001 -81.160004 -3082.000000 -1259.000000 2347.000000
-30.309999 52.500000 -80.760002 -3110.000000 -1193.000000 2176.000000
-30.240000 51.860001 -80.440002 -3186.000000 -1226.000000 2060.000000
-30.250000 51.250000 -80.209999 -3234.000000 -1316.000000 2051.000000
-30.299999 50.660000 -80.029999 -3308.000000 -1348.000000 2123.000000
-30.360001 50.060001 -79.870003 -3233.000000 -1389.000000 1884.000000
-30.480000 49.360001 -79.730003 -3011.000000 -1727.000000 2171.000000
-30.340000 48.590000 -79.430000 -3512.000000 -1752.000000 2757.000000
-30.000000 47.860001 -78.980003 -3460.000000 -1612.000000 2841.000000
-29.719999 47.290001 -78.570000 -3323.000000 -1394.000000 2428.000000
-29.430000 46.669998 -78.180000 -3219.000000 -1266.000000 2446.000000
-29.200001 45.980000 -77.849998 -2822.000000 -1351.000000 2372.000000
-28.990000 45.330002 -77.559998 -2567.000000 -1323.000000 2385.000000
-28.760000 44.810001 -77.309998 -2529.000000 -1182.000000 2487.000000
-28.610001 44.470001 -77.160004 -2597.000000 -1141.000000 2539.000000
-28.559999 44.200001 -77.150002 -2540.000000 -1244.000000 2679.000000
-28.670000 44.110001 -77.290001 -2450.000000 -1235.000000 2267.000000
-28.850000 44.209999 -77.510002 -2793.000000 -1145.000000 2101.000000
-29.070000 44.369999 -77.779999 -2901.000000 -1074.000000 2187.000000
-29.260000 44.439999 -78.010002 -2769.000000 -1091.000000 2240.000000
-29.280001 44.130001 -78.099998 -2736.000000 -1398.000000 2958.000000
-29.240000 43.759998 -78.180000 -2563.000000 -1417.000000 3128.000000
-29.309999 43.770000 -78.370003 -2879.000000 -1158.000000 2589.000000
-29.430000 43.930000 -78.580002 -3479.000000 -1130.000000 2457.000000
-29.549999 44.029999 -78.760002 -3468.000000 -1311.000000 2527.000000
-29.600000 43.990002 -78.900002 -3042.000000 -1339.000000 2607.000000
-29.580000 43.830002 -79.010002 -2648.000000 -1298.000000 2778.000000
-29.629999 43.759998 -79.220001 -2700.000000 -1363.000000 2818.000000
-29.770000 43.910000 -79.470001 -2939.000000 -1372.000000 2664.000000
-29.940001 44.160000 -79.739998 -3159.000000 -1386.000000 2530.000000
-30.110001 44.389999 -79.989998 -3081.000000 -1449.000000 2567.000000
-30.280001 44.590000 -80.230003 -2906.000000 -1471.000000 2425.000000
-30.459999 44.810001 -80.470001 -2926.000000 -1517.000000 2295.000000
-30.600000 45.049999 -80.639999 -3192.000000 -1517.000000 2246.000000
-30.730000 45.250000 -80.790001 -3218.000000 -1543.000000 2256.000000
-30.830000 45.310001 -80.910004 -2970.000000 -1574.000000 2372.000000
-30.860001 45.230000 -80.949997 -2669.000000 -1554.000000 2463.000000
-30.910000 45.189999 -80.989998 -2718.000000 -1536.000000 2349.000000
-31.059999 45.240002 -81.089996 -2951.000000 -1622.000000 2263.000000
-31.260000 45.380001 -81.260002 -2954.000000 -1648.000000 2066.000000
-31.400000 45.490002 -81.360001 -3029.000000 -1699.000000 2268.000000
-31.480000 45.570000 -81.410004 -3075.000000 -1788.000000 2420.000000
-31.549999 45.669998 -81.470001 -3074.000000 -1922.000000 2318.000000
-31.600000 45.779999 -81.489998 -3161.000000 -2054.000000 2291.000000
-31.660000 45.910000 -81.500000 -3117.000000 -2093.000000 2071.000000
-31.730000 46.009998 -81.500000 -2917.000000 -2051.000000 2123.000000
-31.790001 46.090000 -81.489998 -2667.000000 -2026.000000 2189.000000
-31.860001 46.189999 -81.529999 -2608.000000 -2130.000000 2224.000000
-31.940001 46.410000 -81.589996 -2831.000000 -2329.000000 2075.000000
-31.980000 46.580002 -81.599998 -2811.000000 -2403.000000 2101.000000
-31.910000 46.689999 -81.510002 -2885.000000 -2325.000000 2085.000000
-31.740000 46.720001 -81.349998 -3014.000000 -2306.000000 2088.000000
-31.510000 46.680000 -81.110001 -3059.000000 -2324.000000 2118.000000
-31.190001 46.560001 -80.779999 -3115.000000 -2194.000000 2218.000000
-30.760000 46.349998 -80.339996 -3051.000000 -2161.000000 2402.000000
-30.260000 46.060001 -79.809998 -2907.000000 -2240.000000 2577.000000
-29.730000 45.709999 -79.290001 -2852.000000 -2151.000000 2565.000000
-29.200001 45.330002 -78.779999 -2702.000000 -2083.000000 2505.000000
-28.660000 44.959999 -78.300003 -2586.000000 -1950.000000 2282.000000
-28.110001 44.660000 -77.830002 -2658.000000 -1676.000000 2092.000000
-27.450001 44.330002 -77.320000 -2974.000000 -1352.000000 2151.000000
-26.719999 43.880001 -76.730003 -3160.000000 -1267.000000 2289.000000
-25.910000 43.230000 -76.099998 -2941.000000 -1207.000000 2602.000000
-25.049999 42.360001 -75.489998 -2704.000000 -1165.000000 2796.000000
-24.110001 41.290001 -74.879997 -2341.000000 -1004.000000 3071.000000
-23.250000 40.279999 -74.449997 -2250.000000 -932.000000 2942.000000
-22.480000 39.389999 -74.199997 -2212.000000 -839.000000 2894.000000
-21.770000 38.689999 -74.059998 -2158.000000 -682.000000 2740.000000
-21.120001 38.169998 -74.010002 -2259.000000 -488.000000 2645.000000
-20.610001 37.779999 -74.089996 -2526.000000 -390.000000 2509.000000
-20.170000 37.349998 -74.199997 -2891.000000 -262.000000 2611.000000
-19.700001 36.799999 -74.290001 -2888.000000 -107.000000 2828.000000
-19.260000 36.150002 -74.419998 -2729.000000 -66.000000 2896.000000
-18.830000 35.400002 -74.580002 -2591.000000 -3.000000 3118.000000
-18.480000 34.650002 -74.860001 -2561.000000 -177.000000 3077.000000
-18.160000 33.919998 -75.199997 -2295.000000 -233.000000 3079.000000
-17.870001 33.330002 -75.599998 -2156.000000 -81.000000 2991.000000
-17.620001 32.939999 -76.040001 -2239.000000 147.000000 2882.000000
-17.430000 32.680000 -76.529999 -2397.000000 300.000000 2818.000000
-17.340000 32.509998 -77.099998 -2614.000000 266.000000 2750.000000
-17.260000 32.290001 -77.669998 -2889.000000 360.000000 2923.000000
-17.139999 31.959999 -78.190002 -2911.000000 549.000000 3131.000000
-17.030001 31.549999 -78.669998 -2792.000000 533.000000 3230.000000
-16.930000 31.110001 -79.150002 -2589.000000 466.000000 3295.000000
-16.850000 30.700001 -79.650002 -2370.000000 391.000000 3301.000000
-16.790001 30.420000 -80.180000 -2292.000000 383.000000 3174.000000
-16.760000 30.270000 -80.730003 -2386.000000 323.000000 3035.000000
-16.730000 30.209999 -81.269997 -2361.000000 279.000000 2917.000000
-16.690001 30.230000 -81.790001 -2243.000000 211.000000 2866.000000
-16.660000 30.299999 -82.309998 -2302.000000 199.000000 2801.000000
-16.639999 30.410000 -82.820000 -2235.000000 108.000000 2801.000000
-16.639999 30.510000 -83.320000 -2346.000000 16.000000 2992.000000
-16.629999 30.629999 -83.769997 -2747.000000 -101.000000 3246.000000
-16.580000 30.750000 -84.150002 -3183.000000 -235.000000 3402.000000
-16.450001 30.830000 -84.410004 -3685.000000 -286.000000 3664.000000
-16.200001 30.879999 -84.500000 -4123.000000 -233.000000 3571.000000
-15.890000 30.879999 -84.440002 -4119.000000 -323.000000 3371.000000
-15.600000 30.850000 -84.320000 -3585.000000 -421.000000 3233.000000
-15.330000 30.799999 -84.139999 -2711.000000 -460.000000 3253.000000
-15.040000 30.700001 -83.959999 -2075.000000 -519.000000 3442.000000
-14.790000 30.580000 -83.820000 -1765.000000 -586.000000 3531.000000
-14.620000 30.520000 -83.750000 -1743.000000 -720.000000 3586.000000
-14.550000 30.540001 -83.769997 -1866.000000 -854.000000 3585.000000
-14.540000 30.620001 -83.790001 -1946.000000 -972.000000 3541.000000
-14.570000 30.670000 -83.860001 -1999.000000 -1052.000000 3473.000000
-14.610000 30.660000 -83.930000 -1980.000000 -1082.000000 3461.000000
-14.660000 30.600000 -84.019997 -1997.000000 -1138.000000 3461.000000
-14.710000 30.559999 -84.080002 -2079.000000 -1177.000000 3472.000000
-14.770000 30.480000 -84.150002 -1996.000000 -1192.000000 3437.000000
-14.810000 30.400000 -84.230003 -1916.000000 -1152.000000 3406.000000
-14.830000 30.340000 -84.320000 -1938.000000 -1102.000000 3394.000000
-14.850000 30.340000 -84.400002 -1984.000000 -1050.000000 3419.000000
-14.840000 30.400000 -84.470001 -2058.000000 -972.000000 3370.000000
-14.810000 30.480000 -84.529999 -2121.000000 -917.000000 3381.000000
-14.780000 30.590000 -84.559998 -2163.000000 -840.000000 3323.000000
-14.740000 30.690001 -84.580002 -2184.000000 -801.000000 3274.000000
-14.700000 30.799999 -84.570000 -2195.000000 -763.000000 3255.000000
-14.650000 30.889999 -84.559998 -2219.000000 -743.000000 3246.000000
-14.600000 30.990000 -84.540001 -2228.000000 -723.000000 3223.000000
-14.550000 31.059999 -84.519997 -2254.000000 -713.000000 3206.000000
-14.490000 31.129999 -84.480003 -2246.000000 -700.000000 3253.000000
-14.430000 31.180000 -84.449997 -2225.000000 -709.000000 3285.000000
-14.370000 31.240000 -84.430000 -2267.000000 -706.000000 3279.000000
-14.320000 31.299999 -84.400002 -2321.000000 -716.000000 3303.000000
-14.280000 31.350000 -84.389999 -2301.000000 -744.000000 3336.000000
-14.250000 31.410000 -84.360001 -2240.000000 -736.000000 3309.000000
-14.230000 31.469999 -84.349998 -2210.000000 -757.000000 3246.000000
-14.220000 31.549999 -84.349998 -2183.000000 -766.000000 3222.000000
-14.220000 31.600000 -84.370003 -2145.000000 -818.000000 3254.000000
-14.220000 31.650000 -84.410004 -2129.000000 -818.000000 3263.000000
-14.230000 31.700001 -84.430000 -2072.000000 -851.000000 3258.000000
-14.240000 31.740000 -84.480003 -2105.000000 -863.000000 3270.000000
-14.260000 31.809999 -84.510002 -2146.000000 -892.000000 3306.000000
-14.270000 31.840000 -84.570000 -2176.000000 -887.000000 3332.000000
-14.280000 31.889999 -84.610001 -2196.000000 -870.000000 3353.000000
-14.280000 31.920000 -84.669998 -2180.000000 -866.000000 3328.000000
-14.290000 31.940001 -84.720001 -2142.000000 -854.000000 3307.000000
-14.280000 31.990000 -84.750000 -2133.000000 -840.000000 3328.000000
-14.270000 32.020000 -84.790001 -2132.000000 -802.000000 3318.000000
-14.270000 32.060001 -84.820000 -2110.000000 -827.000000 3341.000000
-14.260000 32.070000 -84.860001 -2087.000000 -794.000000 3319.000000
-14.240000 32.099998 -84.879997 -2116.000000 -795.000000 3315.000000
-14.230000 32.110001 -84.940002 -2157.000000 -779.000000 3316.000000
-14.220000 32.139999 -84.980003 -2174.000000 -812.000000 3325.000000
-14.210000 32.160000 -85.029999 -2160.000000 -789.000000 3328.000000
-14.210000 32.189999 -85.080002 -2172.000000 -802.000000 3318.000000
-14.220000 32.230000 -85.120003 -2173.000000 -800.000000 3283.000000
-14.230000 32.290001 -85.160004 -2155.000000 -809.000000 3255.000000
-14.240000 32.340000 -85.209999 -2180.000000 -809.000000 3275.000000
-14.250000 32.389999 -85.250000 -2182.000000 -826.000000 3264.000000
-14.260000 32.450001 -85.269997 -2151.000000 -801.000000 3255.000000
-14.280000 32.500000 -85.320000 -2169.000000 -827.000000 3255.000000
-14.290000 32.509998 -85.379997 -2181.000000 -808.000000 3283.000000
