18.780001 34.840000 123.290001 -2260.000000 1136.000000 3147.000000
18.780001 34.849998 123.290001 -2272.000000 1112.000000 3168.000000
18.780001 34.869999 123.290001 -2295.000000 1103.000000 3143.000000
18.770000 34.889999 123.300003 -2300.000000 1094.000000 3127.000000
18.770000 34.900002 123.300003 -2298.000000 1087.000000 3126.000000
18.760000 34.900002 123.309998 -2295.000000 1080.000000 3115.000000
18.750000 34.900002 123.309998 -2272.000000 1075.000000 3157.000000
18.750000 34.880001 123.320000 -2250.000000 1086.000000 3176.000000
18.740000 34.849998 123.320000 -2227.000000 1110.000000 3187.000000
18.750000 34.840000 123.320000 -2217.000000 1115.000000 3156.000000
18.750000 34.820000 123.330002 -2203.000000 1129.000000 3165.000000
18.760000 34.820000 123.339996 -2213.000000 1133.000000 3201.000000
18.760000 34.820000 123.349998 -2248.000000 1131.000000 3153.000000
18.760000 34.840000 123.339996 -2284.000000 1106.000000 3159.000000
18.760000 34.860001 123.339996 -2298.000000 1102.000000 3131.000000
18.760000 34.869999 123.339996 -2307.000000 1085.000000 3125.000000
18.750000 34.869999 123.339996 -2298.000000 1074.000000 3136.000000
18.740000 34.869999 123.339996 -2278.000000 1094.000000 3140.000000
18.740000 34.860001 123.349998 -2262.000000 1109.000000 3149.000000
18.740000 34.840000 123.339996 -2267.000000 1118.000000 3167.000000
18.740000 34.820000 123.339996 -2259.000000 1126.000000 3165.000000
18.730000 34.799999 123.339996 -2223.000000 1124.000000 3145.000000
18.719999 34.779999 123.339996 -2239.000000 1107.000000 3172.000000
18.700001 34.750000 123.339996 -2224.000000 1084.000000 3210.000000
18.680000 34.730000 123.349998 -2256.000000 1107.000000 3219.000000
18.670000 34.709999 123.339996 -2240.000000 1094.000000 3200.000000
18.670000 34.709999 123.349998 -2278.000000 1125.000000 3196.000000
18.670000 34.700001 123.370003 -2283.000000 1140.000000 3131.000000
18.670000 34.689999 123.360001 -2263.000000 1187.000000 3195.000000
18.650000 34.639999 123.360001 -2224.000000 1206.000000 3271.000000
18.600000 34.560001 123.349998 -2136.000000 1213.000000 3366.000000
18.510000 34.450001 123.330002 -2059.000000 1136.000000 3463.000000
18.370001 34.340000 123.330002 -2018.000000 1059.000000 3647.000000
18.230000 34.220001 123.330002 -2015.000000 993.000000 3866.000000
18.170000 34.130001 123.379997 -2032.000000 1081.000000 3792.000000
18.209999 34.070000 123.529999 -1885.000000 1193.000000 3734.000000
18.379999 34.130001 123.739998 -1925.000000 1330.000000 3648.000000
18.620001 34.360001 123.949997 -1915.000000 1462.000000 3501.000000
18.850000 34.750000 124.120003 -1922.000000 1442.000000 3231.000000
18.959999 35.270000 124.220001 -1966.000000 1289.000000 3241.000000
18.900000 35.820000 124.220001 -2038.000000 1002.000000 3573.000000
18.799999 36.430000 124.190002 -2179.000000 818.000000 3736.000000
18.799999 37.099998 124.260002 -2179.000000 832.000000 3691.000000
18.950001 37.830002 124.510002 -2162.000000 925.000000 3844.000000
19.260000 38.680000 124.980003 -1976.000000 987.000000 3863.000000
19.830000 39.740002 125.750000 -1759.000000 1151.000000 3473.000000
20.590000 41.049999 126.580002 -2136.000000 1294.000000 3140.000000
21.430000 42.570000 127.370003 -2718.000000 1102.000000 2940.000000
21.629999 43.740002 127.250000 -5189.000000 -1004.000000 4666.000000
21.950001 44.570000 126.089996 -5510.000000 1120.000000 3385.000000
23.180000 44.970001 125.610001 -4096.000000 2491.000000 2218.000000
24.340000 44.279999 126.029999 -2371.000000 1968.000000 3191.000000
25.129999 43.110001 126.440002 -1387.000000 1626.000000 3790.000000
25.760000 42.150002 126.180000 -1365.000000 2072.000000 3332.000000
26.209999 41.500000 125.349998 -1762.000000 2274.000000 3099.000000
26.540001 40.950001 124.519997 -1757.000000 1998.000000 3121.000000
26.780001 40.430000 123.879997 -1568.000000 1615.000000 3312.000000
27.100000 40.000000 123.290001 -1577.000000 1635.000000 3262.000000
27.530001 39.759998 122.620003 -1766.000000 1906.000000 3034.000000
27.959999 39.650002 121.889999 -1835.000000 2060.000000 2916.000000
28.340000 39.590000 121.139999 -1755.000000 2067.000000 2832.000000
28.639999 39.560001 120.309998 -1715.000000 2081.000000 2844.000000
28.860001 39.580002 119.360001 -1775.000000 2102.000000 2834.000000
28.969999 39.650002 118.260002 -1885.000000 2085.000000 2858.000000
28.959999 39.820000 117.050003 -2056.000000 1896.000000 2854.000000
28.799999 40.139999 115.750000 -2187.000000 1591.000000 2730.000000
28.510000 40.619999 114.389999 -2300.000000 1285.000000 2558.000000
28.209999 41.220001 112.989998 -2455.000000 1188.000000 2369.000000
27.980000 41.840000 111.620003 -2468.000000 1299.000000 2008.000000
27.740000 42.389999 110.230003 -2519.000000 1438.000000 1878.000000
27.450001 42.840000 108.809998 -2655.000000 1513.000000 1925.000000
27.030001 43.209999 107.349998 -2834.000000 1469.000000 1989.000000
26.440001 43.529999 105.760002 -2991.000000 1282.000000 2064.000000
25.639999 43.799999 104.029999 -3263.000000 941.000000 2100.000000
24.680000 44.020000 102.169998 -3576.000000 606.000000 2044.000000
23.610001 44.169998 100.260002 -3746.000000 304.000000 1996.000000
22.500000 44.209999 98.360001 -3722.000000 155.000000 1902.000000
21.430000 44.150002 96.510002 -3507.000000 273.000000 1933.000000
20.450001 44.009998 94.760002 -3195.000000 510.000000 1751.000000
19.530001 43.810001 93.089996 -2960.000000 759.000000 1706.000000
18.600000 43.610001 91.440002 -2807.000000 861.000000 1861.000000
17.540001 43.450001 89.769997 -2895.000000 679.000000 2106.000000
16.299999 43.360001 88.059998 -3270.000000 251.000000 2443.000000
14.980000 43.310001 86.349998 -3667.000000 -244.000000 2579.000000
13.670000 43.290001 84.690002 -3927.000000 -571.000000 2537.000000
12.480000 43.220001 83.120003 -3947.000000 -534.000000 2425.000000
11.470000 43.049999 81.709999 -3707.000000 -304.000000 2208.000000
10.630000 42.759998 80.459999 -3319.000000 40.000000 2149.000000
9.930000 42.410000 79.379997 -2996.000000 313.000000 2178.000000
9.210000 42.060001 78.370003 -2760.000000 287.000000 2221.000000
8.410000 41.730000 77.339996 -2748.000000 125.000000 2412.000000
7.570000 41.450001 76.349998 -2839.000000 -78.000000 2545.000000
6.790000 41.200001 75.410004 -2892.000000 -105.000000 2589.000000
6.110000 40.950001 74.550003 -2965.000000 -15.000000 2745.000000
5.520000 40.650002 73.720001 -3033.000000 99.000000 2881.000000
4.930000 40.290001 72.870003 -2925.000000 79.000000 2863.000000
4.300000 39.869999 71.980003 -2722.000000 9.000000 2904.000000
3.680000 39.419998 71.139999 -2529.000000 -1.000000 2910.000000
3.090000 38.950001 70.349998 -2330.000000 16.000000 2969.000000
2.540000 38.480000 69.629997 -2157.000000 49.000000 3156.000000
2.020000 38.060001 68.959999 -1963.000000 52.000000 3180.000000
1.490000 37.740002 68.290001 -1843.000000 -10.000000 3254.000000
0.930000 37.560001 67.550003 -1973.000000 -117.000000 3195.000000
0.340000 37.490002 66.739998 -2275.000000 -213.000000 3091.000000
-0.250000 37.490002 65.910004 -2597.000000 -320.000000 2969.000000
-0.810000 37.439999 65.139999 -2736.000000 -351.000000 2990.000000
-1.310000 37.290001 64.449997 -2655.000000 -333.000000 2925.000000
-1.740000 36.970001 63.849998 -2328.000000 -259.000000 2983.000000
-2.140000 36.520000 63.320000 -2052.000000 -278.000000 3123.000000
-2.500000 35.980000 62.889999 -1852.000000 -323.000000 3251.000000
-2.820000 35.490002 62.529999 -1797.000000 -291.000000 3282.000000
-3.060000 35.119999 62.220001 -1874.000000 -201.000000 3368.000000
-3.260000 34.820000 61.919998 -1945.000000 -162.000000 3464.000000
-3.480000 34.580002 61.570000 -1877.000000 -156.000000 3430.000000
-3.720000 34.349998 61.189999 -1787.000000 -187.000000 3511.000000
-3.960000 34.189999 60.799999 -1781.000000 -201.000000 3515.000000
-4.220000 34.099998 60.340000 -1869.000000 -216.000000 3416.000000
-4.500000 34.060001 59.820000 -2131.000000 -295.000000 3643.000000
-4.840000 34.070000 59.299999 -2107.000000 -474.000000 3897.000000
-5.160000 34.330002 58.849998 -1988.000000 -439.000000 3680.000000
-5.440000 34.799999 58.410000 -2043.000000 -324.000000 3688.000000
-5.690000 35.419998 57.900002 -2731.000000 -344.000000 3808.000000
-5.880000 35.939999 57.470001 -3342.000000 -481.000000 3333.000000
-6.060000 36.130001 57.139999 -3095.000000 -582.000000 3000.000000
-6.110000 35.990002 56.880001 -2578.000000 -368.000000 3071.000000
-5.980000 35.639999 56.810001 -2061.000000 -112.000000 3465.000000
-5.890000 35.360001 56.759998 -1750.000000 -42.000000 3852.000000
-5.950000 35.259998 56.560001 -1808.000000 -170.000000 3728.000000
-6.150000 35.360001 56.189999 -2170.000000 -408.000000 3703.000000
-6.420000 35.639999 55.720001 -2416.000000 -606.000000 3509.000000
-6.650000 36.000000 55.259998 -2505.000000 -573.000000 3078.000000
-6.790000 36.279999 54.880001 -2475.000000 -428.000000 2850.000000
-6.840000 36.419998 54.599998 -2450.000000 -353.000000 2958.000000
-6.870000 36.400002 54.380001 -2298.000000 -415.000000 3136.000000
-6.980000 36.299999 54.150002 -2123.000000 -550.000000 3227.000000
-7.110000 36.290001 53.919998 -2025.000000 -786.000000 3347.000000
-7.200000 36.430000 53.759998 -2025.000000 -830.000000 3475.000000
-7.260000 36.759998 53.599998 -2037.000000 -840.000000 3460.000000
-7.250000 37.270000 53.380001 -2187.000000 -784.000000 3376.000000
-7.190000 37.980000 53.169998 -2398.000000 -780.000000 3255.000000
-7.100000 38.900002 53.009998 -2602.000000 -846.000000 3244.000000
-6.980000 40.000000 52.900002 -2800.000000 -877.000000 3159.000000
-6.810000 41.270000 52.830002 -2865.000000 -837.000000 3050.000000
-6.550000 42.669998 52.860001 -2804.000000 -720.000000 2971.000000
-6.190000 44.160000 53.009998 -2559.000000 -617.000000 2940.000000
-5.740000 45.830002 53.290001 -2301.000000 -468.000000 2849.000000
-5.260000 47.820000 53.680000 -2076.000000 -377.000000 2696.000000
-4.780000 50.259998 54.110001 -1974.000000 -297.000000 2439.000000
-4.240000 53.240002 54.560001 -2077.000000 -120.000000 2110.000000
-3.600000 56.840000 55.119999 -2429.000000 138.000000 1462.000000
-2.920000 60.810001 55.799999 -2979.000000 342.000000 1108.000000
-2.130000 64.980003 56.680000 -3454.000000 432.000000 583.000000
-1.120000 69.110001 57.930000 -3873.000000 476.000000 25.000000
0.260000 73.099998 59.630001 -4033.000000 467.000000 -389.000000
2.290000 76.820000 62.110001 -4178.000000 407.000000 -617.000000
6.110000 80.120003 66.529999 -4225.000000 359.000000 -834.000000
15.160000 82.849998 76.370003 -4251.000000 371.000000 -1018.000000
44.910000 84.550003 106.040001 -4342.000000 513.000000 -1184.000000
113.870003 84.669998 170.960007 -4349.000000 638.000000 -1000.000000
142.440002 83.480003 -159.100006 -4075.000000 733.000000 -1197.000000
151.460007 81.730003 -148.880005 -3749.000000 788.000000 -1204.000000
155.440002 79.790001 -143.990005 -3403.000000 783.000000 -1194.000000
157.630005 77.779999 -141.009995 -3283.000000 730.000000 -1207.000000
159.139999 75.760002 -138.789993 -3519.000000 665.000000 -1312.000000
160.350006 73.739998 -136.940002 -4069.000000 642.000000 -1358.000000
161.339996 71.760002 -135.399994 -4584.000000 555.000000 -1293.000000
162.059998 69.860001 -134.190002 -4711.000000 654.000000 -1586.000000
162.580002 68.160004 -133.229996 -4380.000000 785.000000 -1889.000000
162.860001 66.730003 -132.490005 -3767.000000 884.000000 -1994.000000
162.929993 65.480003 -131.949997 -3254.000000 874.000000 -1870.000000
162.940002 64.250000 -131.410004 -2973.000000 860.000000 -2097.000000
163.089996 63.029999 -130.639999 -3221.000000 766.000000 -2098.000000
163.380005 61.840000 -129.729996 -3617.000000 687.000000 -2178.000000
163.699997 60.650002 -128.770004 -3846.000000 538.000000 -2224.000000
163.949997 59.549999 -127.910004 -3936.000000 461.000000 -2179.000000
164.119995 58.549999 -127.180000 -3873.000000 462.000000 -2297.000000
164.199997 57.680000 -126.580002 -3780.000000 530.000000 -2215.000000
164.210007 56.950001 -126.129997 -3597.000000 713.000000 -2346.000000
164.119995 56.340000 -125.779999 -3451.000000 838.000000 -2434.000000
164.009995 55.779999 -125.430000 -3346.000000 822.000000 -2350.000000
164.000000 55.189999 -124.970001 -3256.000000 793.000000 -2546.000000
164.039993 54.650002 -124.449997 -3400.000000 743.000000 -2359.000000
164.119995 54.119999 -123.900002 -3370.000000 672.000000 -2368.000000
164.190002 53.590000 -123.349998 -3201.000000 616.000000 -2299.000000
164.229996 53.080002 -122.839996 -3145.000000 566.000000 -2131.000000
164.240005 52.570000 -122.379997 -3124.000000 484.000000 -2303.000000
164.250000 52.090000 -121.889999 -3266.000000 586.000000 -2373.000000
164.220001 51.630001 -121.449997 -3438.000000 811.000000 -2527.000000
164.199997 51.180000 -121.010002 -3405.000000 926.000000 -2698.000000
164.199997 50.759998 -120.480003 -3412.000000 930.000000 -2404.000000
164.250000 50.270000 -119.879997 -3173.000000 888.000000 -2441.000000
164.300003 49.750000 -119.239998 -2932.000000 747.000000 -2652.000000
164.339996 49.230000 -118.580002 -2935.000000 629.000000 -2935.000000
164.399994 48.770000 -117.910004 -3089.000000 556.000000 -3119.000000
164.449997 48.389999 -117.239998 -3330.000000 500.000000 -3155.000000
164.490005 48.090000 -116.620003 -3534.000000 518.000000 -3181.000000
164.440002 48.000000 -116.150002 -3753.000000 660.000000 -2857.000000
164.289993 48.070000 -115.830002 -3651.000000 883.000000 -2888.000000
163.960007 48.230000 -115.680000 -3274.000000 1043.000000 -2584.000000
163.509995 48.450001 -115.660004 -2894.000000 1118.000000 -2427.000000
163.130005 48.740002 -115.550003 -2805.000000 894.000000 -1871.000000
163.039993 48.970001 -115.150002 -2793.000000 646.000000 -2382.000000
162.979996 49.299999 -114.720001 -3069.000000 597.000000 -2299.000000
162.899994 49.419998 -114.320000 -2852.000000 614.000000 -2444.000000
162.800003 49.439999 -113.910004 -3006.000000 669.000000 -2387.000000
162.740005 49.490002 -113.470001 -3214.000000 776.000000 -2214.000000
162.740005 49.480000 -112.980003 -3255.000000 730.000000 -2321.000000
162.699997 49.459999 -112.550003 -3390.000000 728.000000 -2574.000000
162.669998 49.549999 -112.150002 -3563.000000 818.000000 -2584.000000
162.649994 49.889999 -111.769997 -3636.000000 796.000000 -2197.000000
162.610001 50.389999 -111.449997 -3572.000000 742.000000 -2109.000000
162.490005 51.009998 -111.190002 -3554.000000 697.000000 -1983.000000
162.330002 51.630001 -111.019997 -3483.000000 719.000000 -2116.000000
162.160004 52.279999 -110.879997 -3435.000000 682.000000 -1997.000000
162.039993 52.959999 -110.720001 -3327.000000 588.000000 -1705.000000
161.929993 53.630001 -110.570000 -3239.000000 589.000000 -1752.000000
161.770004 54.250000 -110.550003 -3316.000000 658.000000 -1776.000000
161.589996 54.770000 -110.599998 -3379.000000 868.000000 -2238.000000
161.320007 55.349998 -110.709999 -3494.000000 1010.000000 -2232.000000
160.990005 56.080002 -110.889999 -3728.000000 875.000000 -1850.000000
160.619995 56.950001 -111.110001 -4001.000000 896.000000 -1429.000000
160.339996 57.840000 -111.320000 -3975.000000 785.000000 -1449.000000
160.139999 58.810001 -111.430000 -3846.000000 554.000000 -1362.000000
159.990005 59.770000 -111.540001 -3576.000000 479.000000 -1360.000000
159.779999 60.660000 -111.730003 -3284.000000 584.000000 -1492.000000
159.479996 61.490002 -111.959999 -3381.000000 733.000000 -1596.000000
159.130005 62.320000 -112.209999 -3725.000000 725.000000 -1454.000000
159.029999 63.009998 -112.220001 -4027.000000 624.000000 -1597.000000
159.250000 63.709999 -111.949997 -4421.000000 535.000000 -1606.000000
159.600006 64.500000 -111.629997 -4416.000000 530.000000 -1524.000000
159.880005 65.400002 -111.410004 -4025.000000 441.000000 -1373.000000
159.899994 66.570000 -111.550003 -3879.000000 357.000000 -693.000000
159.830002 67.620003 -111.809998 -3518.000000 378.000000 -856.000000
159.910004 68.410004 -111.830002 -3588.000000 464.000000 -1250.000000
160.039993 69.169998 -111.809998 -3900.000000 386.000000 -1077.000000
160.160004 69.820000 -111.769997 -4088.000000 327.000000 -1248.000000
160.339996 70.419998 -111.669998 -4291.000000 381.000000 -1345.000000
160.649994 71.199997 -111.570000 -4271.000000 189.000000 -793.000000
161.059998 71.760002 -111.290001 -3867.000000 94.000000 -1274.000000
161.369995 72.339996 -111.099998 -4023.000000 160.000000 -1100.000000
161.610001 72.860001 -111.010002 -4090.000000 218.000000 -1178.000000
161.729996 73.370003 -111.019997 -4018.000000 223.000000 -1084.000000
161.740005 73.930000 -111.150002 -3894.000000 230.000000 -1004.000000
161.539993 74.519997 -111.500000 -3726.000000 209.000000 -826.000000
161.119995 75.070000 -112.080002 -3778.000000 297.000000 -775.000000
160.729996 75.529999 -112.570000 -3888.000000 326.000000 -847.000000
160.529999 75.930000 -112.879997 -3981.000000 303.000000 -852.000000
160.619995 76.269997 -112.889999 -3885.000000 218.000000 -803.000000
160.949997 76.510002 -112.660004 -3691.000000 165.000000 -877.000000
161.360001 76.660004 -112.360001 -3620.000000 175.000000 -874.000000
161.740005 76.720001 -112.050003 -3672.000000 268.000000 -975.000000
162.059998 76.739998 -111.820000 -3792.000000 332.000000 -973.000000
162.350006 76.760002 -111.589996 -3895.000000 294.000000 -954.000000
162.589996 76.800003 -111.430000 -3955.000000 275.000000 -994.000000
162.649994 76.910004 -111.480003 -4021.000000 285.000000 -869.000000
162.600006 77.050003 -111.650002 -4006.000000 302.000000 -858.000000
162.539993 77.190002 -111.800003 -3867.000000 313.000000 -935.000000
162.589996 77.279999 -111.820000 -3701.000000 277.000000 -972.000000
162.789993 77.300003 -111.680000 -3637.000000 261.000000 -991.000000
163.089996 77.230003 -111.440002 -3795.000000 308.000000 -993.000000
163.500000 77.110001 -111.070000 -3886.000000 262.000000 -1017.000000
163.850006 76.970001 -110.739998 -3950.000000 255.000000 -1056.000000
164.009995 76.839996 -110.610001 -3943.000000 319.000000 -1107.000000
164.029999 76.730003 -110.620003 -3917.000000 373.000000 -1156.000000
164.089996 76.629997 -110.610001 -3954.000000 329.000000 -1177.000000
164.160004 76.550003 -110.589996 -4027.000000 316.000000 -998.000000
164.210007 76.480003 -110.599998 -4058.000000 362.000000 -1060.000000
164.289993 76.410004 -110.610001 -3993.000000 357.000000 -1098.000000
164.330002 76.339996 -110.620003 -3767.000000 329.000000 -996.000000
164.350006 76.250000 -110.650002 -3500.000000 287.000000 -833.000000
164.360001 76.059998 -110.699997 -3458.000000 307.000000 -805.000000
164.479996 75.750000 -110.599998 -3760.000000 377.000000 -1004.000000
164.899994 75.300003 -110.190002 -3954.000000 356.000000 -1186.000000
165.610001 74.809998 -109.459999 -4041.000000 287.000000 -1379.000000
166.300003 74.379997 -108.769997 -3977.000000 275.000000 -1458.000000
166.770004 74.050003 -108.290001 -3833.000000 296.000000 -1509.000000
167.149994 73.800003 -107.940002 -3679.000000 212.000000 -1422.000000
167.389999 73.660004 -107.720001 -3827.000000 210.000000 -1086.000000
167.429993 73.589996 -107.730003 -4092.000000 241.000000 -1065.000000
167.279999 73.540001 -107.919998 -4123.000000 287.000000 -1108.000000
167.149994 73.519997 -108.110001 -3921.000000 326.000000 -1131.000000
167.050003 73.480003 -108.250000 -3520.000000 317.000000 -1112.000000
167.009995 73.330002 -108.320000 -3397.000000 377.000000 -1128.000000
167.169998 73.040001 -108.169998 -3579.000000 376.000000 -1295.000000
167.509995 72.669998 -107.790001 -3930.000000 286.000000 -1479.000000
167.929993 72.309998 -107.349998 -4143.000000 191.000000 -1545.000000
168.289993 72.059998 -106.980003 -4161.000000 171.000000 -1645.000000
168.460007 71.959999 -106.839996 -4022.000000 184.000000 -1564.000000
168.399994 72.000000 -106.959999 -3947.000000 274.000000 -1358.000000
168.130005 72.169998 -107.320000 -3907.000000 368.000000 -1154.000000
167.729996 72.389999 -107.820000 -3924.000000 375.000000 -1105.000000
167.419998 72.540001 -108.220001 -3758.000000 338.000000 -1041.000000
167.330002 72.580002 -108.389999 -3561.000000 342.000000 -1082.000000
167.339996 72.459999 -108.419998 -3510.000000 373.000000 -1211.000000
167.440002 72.230003 -108.349998 -3690.000000 389.000000 -1369.000000
167.600006 71.940002 -108.180000 -3909.000000 313.000000 -1602.000000
167.720001 71.699997 -108.040001 -4080.000000 273.000000 -1680.000000
167.720001 71.559998 -108.040001 -4191.000000 267.000000 -1572.000000
167.610001 71.510002 -108.199997 -4097.000000 335.000000 -1561.000000
167.389999 71.510002 -108.470001 -3954.000000 407.000000 -1392.000000
167.100006 71.519997 -108.779999 -3913.000000 523.000000 -1435.000000
166.820007 71.529999 -109.080002 -3929.000000 520.000000 -1423.000000
166.649994 71.489998 -109.260002 -3933.000000 458.000000 -1521.000000
166.690002 71.400002 -109.199997 -3882.000000 357.000000 -1564.000000
166.830002 71.279999 -109.010002 -3884.000000 297.000000 -1644.000000
166.839996 71.180000 -108.949997 -3986.000000 362.000000 -1694.000000
166.729996 71.110001 -109.010002 -3931.000000 514.000000 -1757.000000
166.570007 71.089996 -109.110001 -3860.000000 497.000000 -1694.000000
166.350006 71.050003 -109.230003 -3991.000000 526.000000 -1839.000000
166.119995 70.989998 -109.320000 -4036.000000 559.000000 -1798.000000
165.839996 70.930000 -109.449997 -3990.000000 674.000000 -1764.000000
165.529999 70.879997 -109.610001 -3792.000000 802.000000 -1774.000000
165.350006 70.830002 -109.629997 -3785.000000 903.000000 -1882.000000
165.339996 70.800003 -109.459999 -3841.000000 928.000000 -1992.000000
165.490005 70.800003 -109.089996 -3766.000000 733.000000 -2090.000000
165.649994 70.790001 -108.680000 -3717.000000 705.000000 -2090.000000
165.740005 70.790001 -108.309998 -3684.000000 786.000000 -2078.000000
165.729996 70.809998 -108.000000 -3680.000000 811.000000 -1979.000000
165.690002 70.809998 -107.680000 -3644.000000 795.000000 -2087.000000
165.649994 70.779999 -107.300003 -3745.000000 826.000000 -2226.000000
165.619995 70.760002 -106.889999 -3894.000000 846.000000 -2324.000000
165.529999 70.790001 -106.500000 -3967.000000 883.000000 -2358.000000
165.389999 70.879997 -106.139999 -3859.000000 898.000000 -2334.000000
165.179993 71.070000 -105.830002 -3792.000000 924.000000 -2217.000000
164.850006 71.330002 -105.629997 -3703.000000 912.000000 -2033.000000
164.380005 71.639999 -105.529999 -3673.000000 898.000000 -1839.000000
163.889999 71.980003 -105.440002 -3681.000000 861.000000 -1756.000000
163.360001 72.339996 -105.379997 -3680.000000 881.000000 -1621.000000
162.889999 72.730003 -105.260002 -3593.000000 870.000000 -1809.000000
162.399994 73.160004 -105.180000 -3540.000000 842.000000 -1750.000000
161.809998 73.620003 -105.199997 -3500.000000 906.000000 -1676.000000
161.009995 74.129997 -105.419998 -3438.000000 897.000000 -1592.000000
159.949997 74.680000 -105.889999 -3536.000000 848.000000 -1296.000000
158.889999 75.279999 -106.349998 -3637.000000 760.000000 -1107.000000
157.990005 75.910004 -106.650002 -3722.000000 606.000000 -1111.000000
157.220001 76.559998 -106.830002 -3785.000000 560.000000 -1059.000000
156.550003 77.230003 -106.949997 -3750.000000 527.000000 -1064.000000
155.809998 77.940002 -107.180000 -3705.000000 532.000000 -999.000000
155.009995 78.699997 -107.500000 -3686.000000 431.000000 -913.000000
154.179993 79.500000 -107.870003 -3619.000000 289.000000 -788.000000
153.130005 80.339996 -108.470001 -3601.000000 156.000000 -616.000000
151.750000 81.169998 -109.480003 -3637.000000 98.000000 -545.000000
150.169998 82.019997 -110.769997 -3637.000000 42.000000 -504.000000
148.580002 82.820000 -112.209999 -3582.000000 -74.000000 -534.000000
147.250000 83.519997 -113.570000 -3445.000000 -193.000000 -489.000000
147.220001 84.089996 -113.889999 -3256.000000 -352.000000 -302.000000
149.210007 84.540001 -112.510002 -3142.000000 -417.000000 -201.000000
153.850006 84.870003 -109.139999 -3216.000000 -421.000000 -74.000000
162.800003 85.089996 -102.220001 -3399.000000 -398.000000 -180.000000
-176.919998 85.230003 -84.370003 -3789.000000 -417.000000 -106.000000
-123.070000 85.250000 -1.260000 -4155.000000 -521.000000 -49.000000
-72.559998 85.129997 49.990002 -4224.000000 -653.000000 57.000000
-55.580002 84.809998 60.500000 -4073.000000 -784.000000 215.000000
-47.930000 84.250000 65.489998 -3740.000000 -808.000000 340.000000
-43.639999 83.510002 68.660004 -3373.000000 -827.000000 407.000000
-40.889999 82.639999 70.919998 -3126.000000 -885.000000 559.000000
-39.560001 81.760002 72.110001 -3105.000000 -929.000000 562.000000
-39.049999 80.910004 72.650002 -3316.000000 -950.000000 786.000000
-38.770000 80.110001 72.980003 -3691.000000 -904.000000 1043.000000
-38.290001 79.320000 73.570000 -4097.000000 -855.000000 1086.000000
-37.759998 78.489998 74.220001 -4188.000000 -947.000000 1052.000000
-37.310001 77.589996 74.830002 -4031.000000 -1070.000000 1039.000000
-36.750000 76.610001 75.540001 -3775.000000 -1082.000000 1028.000000
-36.060001 75.599998 76.360001 -3549.000000 -1082.000000 1067.000000
-35.520000 74.639999 77.059998 -3396.000000 -1081.000000 1068.000000
-35.160000 73.720001 77.599998 -3387.000000 -1026.000000 1102.000000
-34.750000 72.769997 78.150002 -3473.000000 -1049.000000 1337.000000
-34.270000 71.800003 78.760002 -3490.000000 -1130.000000 1554.000000
-33.810001 70.910004 79.370003 -3498.000000 -1182.000000 1643.000000
-33.410000 70.129997 79.930000 -3579.000000 -1206.000000 1763.000000
-33.169998 69.470001 80.279999 -3593.000000 -1108.000000 1660.000000
-33.180000 68.970001 80.370003 -3570.000000 -1021.000000 1444.000000
-33.320000 68.540001 80.320000 -3539.000000 -994.000000 1465.000000
-33.450001 68.160004 80.269997 -3682.000000 -933.000000 1487.000000
-33.470001 67.739998 80.330002 -3797.000000 -951.000000 1525.000000
-33.450001 67.250000 80.440002 -3758.000000 -970.000000 1552.000000
-33.360001 66.680000 80.650002 -3651.000000 -1067.000000 1678.000000
-33.150002 66.089996 81.000000 -3577.000000 -1124.000000 1893.000000
-32.880001 65.540001 81.389999 -3634.000000 -1075.000000 1893.000000
-32.619999 65.019997 81.790001 -3656.000000 -1066.000000 1800.000000
-32.389999 64.540001 82.169998 -3558.000000 -1064.000000 1811.000000
-32.220001 64.209999 82.470001 -3596.000000 -977.000000 1733.000000
-32.160000 64.000000 82.639999 -3622.000000 -930.000000 1814.000000
-32.259998 63.860001 82.629997 -3727.000000 -953.000000 1731.000000
-32.419998 63.740002 82.570000 -3714.000000 -1080.000000 1612.000000
-32.500000 63.590000 82.589996 -3794.000000 -1121.000000 1601.000000
-32.419998 63.389999 82.760002 -3950.000000 -1061.000000 1379.000000
-32.180000 63.110001 83.080002 -3983.000000 -952.000000 1333.000000
-31.740000 62.709999 83.580002 -3864.000000 -791.000000 1406.000000
-31.170000 62.220001 84.199997 -3608.000000 -711.000000 1459.000000
-30.650000 61.680000 84.779999 -3333.000000 -769.000000 1565.000000
-30.290001 61.139999 85.199997 -3230.000000 -982.000000 1997.000000
-30.129999 60.740002 85.370003 -3068.000000 -1130.000000 2287.000000
-30.200001 60.740002 85.230003 -3229.000000 -938.000000 1713.000000
-30.350000 60.869999 85.010002 -3573.000000 -814.000000 1394.000000
-30.400000 60.980000 84.930000 -4077.000000 -817.000000 1372.000000
-30.190001 60.840000 85.169998 -4605.000000 -982.000000 1488.000000
-29.610001 60.439999 85.779999 -4648.000000 -1067.000000 1773.000000
-28.809999 59.860001 86.610001 -4066.000000 -913.000000 1750.000000
-27.980000 59.180000 87.470001 -3385.000000 -782.000000 1699.000000
-27.280001 58.520000 88.180000 -2859.000000 -767.000000 1689.000000
-26.790001 58.049999 88.690002 -2601.000000 -747.000000 1528.000000
-26.459999 57.750000 89.010002 -2836.000000 -737.000000 1641.000000
-26.219999 57.520000 89.209999 -3429.000000 -707.000000 1506.000000
-26.000000 57.230000 89.419998 -3829.000000 -705.000000 1422.000000
-25.650000 56.750000 89.779999 -4115.000000 -858.000000 1765.000000
-25.129999 56.029999 90.349998 -3908.000000 -1279.000000 2666.000000
-24.690001 55.660000 90.830002 -2866.000000 -930.000000 1677.000000
-24.330000 55.419998 91.320000 -2847.000000 -593.000000 1570.000000
-23.809999 55.119999 91.910004 -2981.000000 -479.000000 2005.000000
-23.559999 54.910000 92.260002 -3207.000000 -730.000000 2198.000000
-23.620001 54.799999 92.309998 -3185.000000 -1076.000000 2218.000000
-23.770000 54.790001 92.239998 -3089.000000 -1130.000000 2106.000000
-23.870001 54.770000 92.220001 -3151.000000 -1163.000000 2293.000000
-23.950001 54.720001 92.250000 -3158.000000 -1337.000000 2404.000000
-24.110001 54.730000 92.220001 -3223.000000 -1649.000000 2535.000000
-24.270000 54.820000 92.160004 -3336.000000 -1834.000000 2721.000000
-24.330000 55.000000 92.129997 -3351.000000 -1839.000000 2817.000000
-24.280001 55.290001 92.180000 -3339.000000 -1844.000000 2806.000000
-24.129999 55.669998 92.309998 -3416.000000 -1805.000000 2726.000000
-23.879999 56.099998 92.550003 -3472.000000 -1776.000000 2767.000000
-23.520000 56.560001 92.900002 -3444.000000 -1777.000000 2639.000000
-23.059999 57.000000 93.389999 -3337.000000 -1754.000000 2706.000000
-22.480000 57.380001 94.019997 -3223.000000 -1757.000000 2743.000000
-21.790001 57.709999 94.809998 -3173.000000 -1751.000000 2678.000000
-21.000000 57.959999 95.730003 -3130.000000 -1799.000000 2574.000000
-20.120001 58.099998 96.760002 -3145.000000 -1859.000000 2615.000000
-19.160000 58.189999 97.889999 -3005.000000 -1917.000000 2497.000000
-18.150000 58.310001 99.000000 -2902.000000 -1901.000000 2451.000000
-17.070000 58.529999 100.129997 -2926.000000 -1753.000000 2331.000000
-15.870000 58.779999 101.290001 -3108.000000 -1615.000000 2337.000000
-14.540000 58.939999 102.489998 -3314.000000 -1551.000000 2199.000000
-13.160000 58.849998 103.680000 -3472.000000 -1571.000000 2037.000000
-11.770000 58.430000 104.830002 -3360.000000 -1580.000000 2034.000000
-10.310000 57.750000 106.000000 -3042.000000 -1498.000000 2108.000000
-8.700000 56.889999 107.309998 -2717.000000 -1284.000000 2316.000000
-6.980000 55.959999 108.680000 -2422.000000 -971.000000 2414.000000
-5.240000 55.090000 109.980003 -2361.000000 -643.000000 2358.000000
-3.620000 54.290001 111.070000 -2376.000000 -382.000000 2245.000000
-2.250000 53.599998 111.849998 -2596.000000 -276.000000 2061.000000
-1.200000 52.970001 112.320000 -2790.000000 -482.000000 1757.000000
-0.420000 52.330002 112.519997 -2969.000000 -720.000000 1564.000000
0.280000 51.660000 112.589996 -3066.000000 -698.000000 1464.000000
1.080000 50.959999 112.680000 -2918.000000 -508.000000 1369.000000
2.060000 50.209999 112.900002 -2729.000000 -166.000000 1585.000000
3.200000 49.480000 113.199997 -2662.000000 212.000000 1776.000000
4.400000 48.820000 113.489998 -2847.000000 549.000000 1907.000000
5.490000 48.310001 113.620003 -3090.000000 726.000000 1767.000000
6.340000 47.910000 113.510002 -3307.000000 786.000000 1466.000000
6.970000 47.560001 113.160004 -3515.000000 731.000000 1263.000000
7.490000 47.150002 112.709999 -3543.000000 746.000000 1276.000000
8.040000 46.630001 112.260002 -3404.000000 916.000000 1387.000000
8.640000 45.990002 111.860001 -3198.000000 1145.000000 1600.000000
9.270000 45.340000 111.519997 -2996.000000 1475.000000 1877.000000
9.920000 44.830002 111.199997 -2966.000000 1752.000000 1873.000000
10.480000 44.560001 110.849998 -3067.000000 1839.000000 1720.000000
10.850000 44.520000 110.370003 -3450.000000 1758.000000 1352.000000
11.040000 44.590000 109.720001 -3926.000000 1601.000000 993.000000
11.120000 44.590000 108.980003 -4258.000000 1561.000000 908.000000
11.230000 44.349998 108.300003 -4315.000000 1722.000000 1070.000000
11.420000 43.799999 107.760002 -4129.000000 2014.000000 1628.000000
11.720000 43.060001 107.370003 -3783.000000 2342.000000 1986.000000
11.990000 42.279999 107.050003 -3427.000000 2478.000000 2217.000000
12.150000 41.619999 106.709999 -3237.000000 2407.000000 2198.000000
12.180000 41.110001 106.330002 -3328.000000 2114.000000 2228.000000
12.140000 40.730000 105.900002 -3547.000000 1835.000000 2318.000000
12.110000 40.410000 105.510002 -3678.000000 1686.000000 2278.000000
12.200000 40.070000 105.220001 -3611.000000 1779.000000 2289.000000
12.390000 39.639999 105.029999 -3472.000000 1959.000000 2422.000000
12.660000 39.110001 104.910004 -3246.000000 2153.000000 2460.000000
12.920000 38.570000 104.830002 -2898.000000 2220.000000 2415.000000
13.120000 38.060001 104.750000 -2594.000000 2081.000000 2568.000000
13.270000 37.660000 104.639999 -2546.000000 1873.000000 2514.000000
13.380000 37.389999 104.519997 -2727.000000 1668.000000 2537.000000
13.480000 37.240002 104.419998 -2947.000000 1576.000000 2683.000000
13.650000 37.160000 104.400002 -3076.000000 1535.000000 2724.000000
13.860000 37.080002 104.430000 -3110.000000 1612.000000 2658.000000
14.080000 36.939999 104.470001 -2972.000000 1727.000000 2667.000000
14.320000 36.750000 104.540001 -2663.000000 1939.000000 2565.000000
14.610000 36.509998 104.730003 -2433.000000 2272.000000 2589.000000
15.000000 36.250000 105.120003 -2228.000000 2664.000000 2319.000000
15.320000 35.900002 105.680000 -2609.000000 2556.000000 3031.000000
15.270000 35.520000 106.070000 -3647.000000 1743.000000 4512.000000
15.020000 35.270000 105.930000 -4451.000000 1154.000000 3917.000000
14.890000 35.099998 105.529999 -3683.000000 1478.000000 2749.000000
14.910000 34.680000 105.449997 -2581.000000 1443.000000 2822.000000
15.100000 34.150002 105.690002 -1768.000000 1269.000000 2759.000000
15.440000 33.619999 105.910004 -1880.000000 1623.000000 3175.000000
15.790000 33.160000 106.029999 -1960.000000 1799.000000 2870.000000
15.910000 32.650002 106.110001 -1961.000000 1592.000000 3234.000000
15.830000 32.130001 106.089996 -1934.000000 1225.000000 3212.000000
15.640000 31.670000 105.900002 -2170.000000 1076.000000 3164.000000
15.400000 31.219999 105.580002 -2389.000000 957.000000 3095.000000
15.140000 30.650000 105.349998 -2350.000000 648.000000 3145.000000
14.940000 29.980000 105.169998 -2353.000000 632.000000 3432.000000
14.820000 29.260000 105.070000 -2108.000000 699.000000 3660.000000
14.780000 28.559999 105.120003 -1658.000000 807.000000 3622.000000
14.770000 27.930000 105.260002 -1276.000000 841.000000 3617.000000
14.830000 27.410000 105.449997 -1080.000000 999.000000 3593.000000
14.920000 26.990000 105.699997 -1146.000000 1088.000000 3577.000000
14.990000 26.650000 105.989998 -1151.000000 998.000000 3840.000000
15.130000 26.520000 106.230003 -1435.000000 1114.000000 3769.000000
15.330000 26.610001 106.360001 -1778.000000 1270.000000 3610.000000
15.520000 26.799999 106.449997 -1954.000000 1272.000000 3495.000000
15.660000 26.990000 106.570000 -1938.000000 1155.000000 3429.000000
15.790000 27.190001 106.709999 -1944.000000 1110.000000 3345.000000
15.950000 27.400000 106.830002 -2041.000000 1152.000000 3291.000000
16.129999 27.610001 106.940002 -2083.000000 1176.000000 3233.000000
16.299999 27.820000 107.070000 -2062.000000 1181.000000 3249.000000
16.450001 28.020000 107.199997 -2093.000000 1140.000000 3320.000000
16.610001 28.200001 107.300003 -2137.000000 1192.000000 3341.000000
16.750000 28.370001 107.389999 -2120.000000 1166.000000 3375.000000
16.889999 28.520000 107.489998 -2057.000000 1185.000000 3307.000000
17.020000 28.670000 107.599998 -2017.000000 1180.000000 3313.000000
17.139999 28.820000 107.699997 -1975.000000 1182.000000 3308.000000
17.240000 28.969999 107.800003 -1947.000000 1157.000000 3310.000000
17.350000 29.129999 107.900002 -1946.000000 1169.000000 3357.000000
17.450001 29.299999 108.019997 -1923.000000 1127.000000 3405.000000
17.580000 29.490000 108.139999 -1938.000000 1138.000000 3333.000000
17.719999 29.690001 108.250000 -2060.000000 1182.000000 3282.000000
17.860001 29.889999 108.370003 -2158.000000 1234.000000 3280.000000
17.980000 30.090000 108.480003 -2218.000000 1200.000000 3180.000000
18.070000 30.250000 108.589996 -2252.000000 1193.000000 3173.000000
18.120001 30.400000 108.669998 -2220.000000 1158.000000 3172.000000
18.180000 30.520000 108.750000 -2207.000000 1154.000000 3178.000000
18.240000 30.620001 108.860001 -2141.000000 1195.000000 3219.000000
18.320000 30.709999 108.980003 -2143.000000 1228.000000 3211.000000
18.389999 30.780001 109.089996 -2161.000000 1268.000000 3231.000000
18.440001 30.830000 109.190002 -2125.000000 1226.000000 3221.000000
18.469999 30.870001 109.279999 -2097.000000 1202.000000 3236.000000
18.500000 30.910000 109.370003 -2067.000000 1188.000000 3217.000000
18.530001 30.969999 109.449997 -2096.000000 1191.000000 3192.000000
18.549999 31.020000 109.550003 -2149.000000 1171.000000 3205.000000
18.580000 31.100000 109.639999 -2212.000000 1191.000000 3164.000000
18.600000 31.160000 109.730003 -2188.000000 1195.000000 3169.000000
18.620001 31.219999 109.820000 -2171.000000 1189.000000 3246.000000
18.639999 31.299999 109.910004 -2141.000000 1182.000000 3139.000000
18.660000 31.379999 110.010002 -2163.000000 1177.000000 3182.000000
18.690001 31.469999 110.099998 -2199.000000 1183.000000 3145.000000
18.719999 31.570000 110.199997 -2249.000000 1201.000000 3190.000000
18.770000 31.660000 110.290001 -2269.000000 1248.000000 3129.000000
18.809999 31.719999 110.370003 -2286.000000 1245.000000 3120.000000
