14.200000 29.250000 83.019997 -2949.000000 -901.000000 2220.000000
12.620000 29.129999 80.879997 -2858.000000 -949.000000 2164.000000
11.090000 28.980000 78.900002 -2749.000000 -958.000000 2166.000000
9.580000 28.809999 77.089996 -2676.000000 -1068.000000 2098.000000
8.060000 28.639999 75.440002 -2774.000000 -1291.000000 2115.000000
6.590000 28.440001 74.010002 -3046.000000 -1437.000000 2199.000000
5.240000 28.180000 72.790001 -3289.000000 -1334.000000 2225.000000
4.010000 27.780001 71.720001 -3397.000000 -1195.000000 2429.000000
2.830000 27.219999 70.760002 -3184.000000 -1115.000000 2664.000000
1.680000 26.540001 69.879997 -2829.000000 -1105.000000 2986.000000
0.560000 25.799999 69.089996 -2576.000000 -1278.000000 3274.000000
-0.530000 25.100000 68.449997 -2390.000000 -1496.000000 3384.000000
-1.550000 24.490000 67.959999 -2313.000000 -1624.000000 3459.000000
-2.430000 23.980000 67.610001 -2675.000000 -1485.000000 4632.000000
-3.180000 23.430000 67.459999 -1585.000000 -2337.000000 6001.000000
-3.840000 23.400000 67.430000 -2631.000000 -2337.000000 4786.000000
-3.960000 23.860001 67.470001 -2603.000000 -1956.000000 4778.000000
-3.830000 24.049999 67.400002 -3573.000000 -1676.000000 4908.000000
-3.330000 23.930000 67.599998 -2597.000000 -302.000000 3530.000000
-2.630000 23.639999 68.089996 -2029.000000 545.000000 3533.000000
-2.030000 23.180000 68.389999 -1149.000000 663.000000 3723.000000
-1.720000 22.709999 68.410004 -721.000000 235.000000 3702.000000
-1.550000 22.309999 68.370003 -429.000000 -38.000000 4049.000000
-1.350000 22.139999 68.339996 -500.000000 20.000000 3918.000000
-1.130000 22.250000 68.320000 -748.000000 245.000000 3823.000000
-0.890000 22.650000 68.309998 -1085.000000 420.000000 3541.000000
-0.730000 23.320000 68.239998 -1631.000000 369.000000 3282.000000
-0.710000 24.150000 68.209999 -2015.000000 148.000000 3121.000000
-0.790000 25.020000 68.199997 -2373.000000 -53.000000 3331.000000
-0.990000 25.780001 68.080002 -2251.000000 -502.000000 3945.000000
-1.130000 26.370001 67.919998 -2117.000000 -562.000000 3881.000000
-1.200000 26.820000 67.779999 -1764.000000 -310.000000 3496.000000
-1.080000 27.280001 67.800003 -2182.000000 67.000000 3500.000000
-0.810000 27.700001 67.949997 -1870.000000 396.000000 3106.000000
-0.650000 28.160000 68.070000 -1858.000000 407.000000 2798.000000
-0.570000 28.690001 68.230003 -2155.000000 210.000000 2501.000000
-0.630000 29.070000 68.349998 -2554.000000 -267.000000 2929.000000
-0.780000 29.080000 68.470001 -2118.000000 -619.000000 3608.000000
-0.810000 29.070000 68.720001 -1546.000000 -698.000000 4419.000000
-0.680000 29.490000 69.050003 -1604.000000 -386.000000 4473.000000
-0.350000 30.520000 69.459999 -2180.000000 -254.000000 4573.000000
0.080000 32.139999 69.970001 -2520.000000 -277.000000 4269.000000
0.580000 34.250000 70.570000 -2716.000000 -287.000000 3873.000000
1.330000 36.759998 71.309998 -2875.000000 87.000000 3171.000000
2.250000 39.549999 72.290001 -2963.000000 355.000000 2609.000000
3.280000 42.490002 73.440002 -3044.000000 441.000000 2416.000000
4.440000 45.520000 74.870003 -3556.000000 562.000000 1971.000000
5.940000 48.540001 76.760002 -3627.000000 726.000000 1787.000000
7.720000 51.580002 79.050003 -3555.000000 882.000000 1479.000000
9.820000 54.660000 81.750000 -3444.000000 1024.000000 1382.000000
12.390000 57.820000 84.970001 -3712.000000 1264.000000 1077.000000
15.530000 60.990002 88.839996 -3811.000000 1258.000000 1159.000000
19.379999 64.190002 93.510002 -3699.000000 1137.000000 918.000000
24.100000 67.330002 99.059998 -3726.000000 1013.000000 804.000000
29.850000 70.269997 105.559998 -3939.000000 937.000000 789.000000
36.689999 72.839996 113.070000 -4216.000000 933.000000 583.000000
44.619999 74.870003 121.570000 -4284.000000 922.000000 424.000000
53.770000 76.300003 131.199997 -4004.000000 999.000000 7.000000
63.459999 77.190002 141.300003 -3918.000000 1019.000000 -244.000000
72.550003 77.690002 150.750000 -3794.000000 912.000000 -338.000000
80.300003 77.959999 158.850006 -3620.000000 682.000000 -185.000000
86.610001 78.070000 165.509995 -3421.000000 524.000000 -51.000000
92.010002 78.059998 171.279999 -3332.000000 483.000000 33.000000
96.480003 78.019997 176.119995 -3605.000000 412.000000 259.000000
100.419998 77.989998 -179.600006 -3880.000000 341.000000 350.000000
103.860001 77.989998 -175.830002 -4209.000000 339.000000 309.000000
106.680000 77.989998 -172.699997 -4284.000000 378.000000 74.000000
108.669998 78.059998 -170.389999 -4003.000000 286.000000 -49.000000
109.949997 78.209999 -168.789993 -3501.000000 196.000000 -113.000000
110.779999 78.400002 -167.660004 -3142.000000 64.000000 -67.000000
111.370003 78.540001 -166.770004 -3069.000000 54.000000 27.000000
112.110001 78.650002 -165.779999 -3326.000000 104.000000 220.000000
113.370003 78.690002 -164.289993 -3641.000000 150.000000 417.000000
115.440002 78.690002 -162.009995 -3824.000000 126.000000 468.000000
118.279999 78.639999 -158.949997 -3712.000000 84.000000 332.000000
121.510002 78.519997 -155.449997 -3560.000000 78.000000 290.000000
125.019997 78.279999 -151.690002 -3584.000000 154.000000 85.000000
128.429993 77.959999 -148.029999 -3925.000000 269.000000 13.000000
131.619995 77.610001 -144.639999 -4304.000000 368.000000 -139.000000
134.389999 77.250000 -141.649994 -4482.000000 434.000000 -342.000000
136.360001 76.970001 -139.460007 -4506.000000 413.000000 -361.000000
137.630005 76.760002 -137.940002 -4262.000000 419.000000 -487.000000
138.179993 76.720001 -137.149994 -4115.000000 333.000000 -87.000000
138.139999 76.720001 -136.990005 -4127.000000 332.000000 138.000000
138.050003 76.669998 -136.940002 -4206.000000 459.000000 7.000000
138.089996 76.639999 -136.789993 -4284.000000 528.000000 -78.000000
137.949997 76.650002 -136.839996 -4189.000000 528.000000 105.000000
137.699997 76.680000 -137.050003 -4064.000000 584.000000 261.000000
137.460007 76.690002 -137.279999 -3961.000000 657.000000 67.000000
137.210007 76.629997 -137.509995 -3967.000000 653.000000 -60.000000
137.149994 76.510002 -137.550003 -4111.000000 693.000000 -249.000000
137.320007 76.389999 -137.410004 -4238.000000 773.000000 -368.000000
137.309998 76.349998 -137.479996 -4222.000000 794.000000 -322.000000
136.839996 76.419998 -138.050003 -4112.000000 837.000000 52.000000
136.309998 76.540001 -138.740005 -4157.000000 909.000000 201.000000
135.759995 76.690002 -139.460007 -4264.000000 951.000000 253.000000
135.119995 76.930000 -140.320007 -4370.000000 854.000000 231.000000
134.190002 77.190002 -141.449997 -4258.000000 842.000000 46.000000
133.199997 77.480003 -142.630005 -4177.000000 795.000000 -105.000000
132.339996 77.769997 -143.630005 -3934.000000 709.000000 -227.000000
131.830002 78.040001 -144.229996 -3692.000000 619.000000 -292.000000
131.800003 78.230003 -144.350006 -3656.000000 530.000000 -265.000000
132.270004 78.330002 -143.990005 -4054.000000 538.000000 -315.000000
133.020004 78.360001 -143.330002 -4444.000000 497.000000 -565.000000
133.529999 78.410004 -142.929993 -4717.000000 465.000000 -615.000000
133.600006 78.570000 -143.009995 -4816.000000 478.000000 -592.000000
132.800003 78.870003 -143.979996 -4646.000000 511.000000 -444.000000
130.740005 79.279999 -146.279999 -4358.000000 559.000000 -2.000000
128.110001 79.660004 -149.100006 -4059.000000 717.000000 -16.000000
126.010002 79.940002 -151.320007 -3599.000000 726.000000 -246.000000
124.889999 80.160004 -152.509995 -3445.000000 611.000000 -368.000000
124.559998 80.300003 -152.889999 -3673.000000 516.000000 -400.000000
124.830002 80.370003 -152.649994 -4088.000000 463.000000 -546.000000
125.199997 80.410004 -152.289993 -4287.000000 471.000000 -718.000000
125.360001 80.470001 -152.160004 -4318.000000 436.000000 -793.000000
124.970001 80.559998 -152.600006 -4349.000000 477.000000 -737.000000
123.989998 80.660004 -153.649994 -4376.000000 550.000000 -661.000000
122.410004 80.769997 -155.320007 -4296.000000 625.000000 -577.000000
120.419998 80.870003 -157.360001 -4150.000000 668.000000 -491.000000
118.489998 80.910004 -159.309998 -4004.000000 707.000000 -458.000000
117.230003 80.900002 -160.570007 -3953.000000 775.000000 -591.000000
116.769997 80.830002 -160.979996 -3976.000000 858.000000 -862.000000
116.839996 80.720001 -160.820007 -4151.000000 860.000000 -1100.000000
117.000000 80.599998 -160.539993 -4509.000000 777.000000 -1189.000000
117.050003 80.489998 -160.330002 -4711.000000 752.000000 -1326.000000
116.589996 80.370003 -160.610001 -4761.000000 816.000000 -1456.000000
115.510002 80.269997 -161.449997 -4645.000000 850.000000 -1574.000000
113.940002 80.160004 -162.729996 -4472.000000 915.000000 -1749.000000
112.150002 80.019997 -164.139999 -4252.000000 965.000000 -1934.000000
110.580002 79.849998 -165.259995 -4118.000000 1056.000000 -2195.000000
109.379997 79.620003 -165.919998 -3970.000000 1191.000000 -2421.000000
108.760002 79.349998 -165.910004 -3953.000000 1273.000000 -2742.000000
108.430000 79.059998 -165.520004 -4400.000000 1383.000000 -2793.000000
108.050003 78.790001 -165.130005 -4821.000000 1501.000000 -2760.000000
106.949997 78.610001 -165.369995 -5038.000000 1497.000000 -2569.000000
104.540001 78.519997 -166.789993 -4695.000000 1328.000000 -2270.000000
100.959999 78.459999 -169.289993 -4035.000000 1110.000000 -1882.000000
96.760002 78.360001 -172.309998 -3535.000000 1196.000000 -1825.000000
91.980003 78.190002 -175.850006 -3468.000000 1338.000000 -1475.000000
86.889999 77.989998 -179.669998 -3103.000000 1257.000000 -1367.000000
81.669998 77.750000 176.520004 -2780.000000 1005.000000 -1023.000000
76.940002 77.410004 173.240005 -2672.000000 1141.000000 -421.000000
72.290001 77.050003 170.110001 -2764.000000 1182.000000 -260.000000
67.309998 76.550003 166.710007 -2686.000000 929.000000 168.000000
62.070000 75.959999 163.020004 -2697.000000 707.000000 469.000000
56.720001 75.360001 159.169998 -2620.000000 614.000000 675.000000
51.900002 74.769997 155.820007 -2545.000000 754.000000 555.000000
47.290001 74.110001 152.580002 -2703.000000 847.000000 487.000000
42.310001 73.279999 148.929993 -2973.000000 742.000000 709.000000
36.830002 72.220001 144.809998 -3148.000000 565.000000 905.000000
30.889999 70.860001 140.250000 -3117.000000 257.000000 1103.000000
24.879999 69.120003 135.649994 -2844.000000 -61.000000 1305.000000
19.389999 67.029999 131.580002 -2412.000000 -261.000000 1558.000000
14.730000 64.739998 128.309998 -2066.000000 -366.000000 1931.000000
10.770000 62.490002 125.750000 -1858.000000 -497.000000 2474.000000
7.310000 60.410000 123.720001 -1712.000000 -723.000000 2854.000000
4.170000 58.610001 122.059998 -1623.000000 -1008.000000 3023.000000
1.250000 57.099998 120.599998 -1607.000000 -1333.000000 3033.000000
-1.450000 55.799999 119.260002 -1896.000000 -1566.000000 3169.000000
-3.850000 54.630001 118.029999 -2504.000000 -1623.000000 3305.000000
-5.930000 53.580002 116.910004 -3140.000000 -1528.000000 3169.000000
-7.770000 52.540001 115.910004 -3538.000000 -1401.000000 2952.000000
-9.430000 51.369999 115.000000 -3642.000000 -1461.000000 2886.000000
-10.980000 49.930000 114.110001 -3379.000000 -1532.000000 2804.000000
-12.410000 48.169998 113.279999 -2805.000000 -1572.000000 2962.000000
-13.630000 46.090000 112.580002 -2231.000000 -1510.000000 3134.000000
-14.600000 43.799999 112.089996 -1848.000000 -1402.000000 3428.000000
-15.460000 41.490002 111.730003 -1595.000000 -1430.000000 3536.000000
-16.370001 39.360001 111.400002 -1618.000000 -1675.000000 3773.000000
-17.290001 37.549999 111.070000 -1494.000000 -1873.000000 3714.000000
-18.209999 36.070000 110.709999 -1440.000000 -2028.000000 3540.000000
-19.120001 34.880001 110.320000 -1496.000000 -1967.000000 3055.000000
-19.900000 33.910000 110.059998 -2081.000000 -1964.000000 2949.000000
-20.520000 33.009998 110.000000 -3079.000000 -1931.000000 3188.000000
-21.010000 31.930000 110.040001 -3183.000000 -1691.000000 2862.000000
-21.410000 30.510000 110.129997 -2663.000000 -1636.000000 2959.000000
-21.700001 28.700001 110.330002 -1633.000000 -1752.000000 3231.000000
-21.900000 26.700001 110.629997 -916.000000 -1814.000000 4096.000000
-22.049999 24.700001 111.019997 -853.000000 -2009.000000 4820.000000
-22.150000 22.930000 111.470001 -1053.000000 -2240.000000 5400.000000
-22.219999 21.639999 111.860001 -1236.000000 -2492.000000 5723.000000
-22.320000 20.750000 112.160004 -821.000000 -2471.000000 4889.000000
-22.410000 20.219999 112.349998 -1031.000000 -2255.000000 4850.000000
-22.410000 19.840000 112.519997 -1159.000000 -1775.000000 4002.000000
-22.350000 19.430000 112.669998 -1272.000000 -1323.000000 3605.000000
-22.350000 18.850000 112.779999 -1053.000000 -1126.000000 3258.000000
-22.459999 18.080000 112.839996 -860.000000 -1087.000000 3170.000000
-22.660000 17.190001 112.839996 -771.000000 -1131.000000 3145.000000
-22.930000 16.280001 112.769997 -684.000000 -1223.000000 3391.000000
-23.260000 15.570000 112.610001 -1195.000000 -1285.000000 3285.000000
-23.790001 14.960000 112.370003 -1735.000000 -1355.000000 1799.000000
-24.129999 14.020000 112.169998 -851.000000 -1744.000000 4681.000000
-24.360001 13.340000 111.959999 320.000000 -1583.000000 3336.000000
-24.750000 13.250000 111.720001 239.000000 -2080.000000 3838.000000
-24.980000 13.660000 111.470001 -1465.000000 -1866.000000 3525.000000
-25.129999 14.160000 111.269997 -2870.000000 -1918.000000 3424.000000
-25.209999 14.520000 111.199997 -2732.000000 -1952.000000 3368.000000
-25.209999 14.630000 111.309998 -1592.000000 -1916.000000 3461.000000
-25.200001 14.500000 111.540001 -347.000000 -2075.000000 3671.000000
-25.110001 14.420000 111.730003 367.000000 -2189.000000 4481.000000
-24.980000 14.770000 111.830002 714.000000 -2585.000000 5129.000000
-24.889999 15.830000 111.779999 173.000000 -3050.000000 5345.000000
-24.760000 17.590000 111.589996 -878.000000 -3281.000000 5214.000000
-24.469999 19.809999 111.410004 -1887.000000 -3314.000000 5136.000000
-23.969999 22.180000 111.389999 -2505.000000 -3290.000000 5049.000000
-23.320000 24.440001 111.570000 -2856.000000 -3382.000000 4728.000000
-22.540001 26.450001 111.959999 -3036.000000 -3656.000000 4526.000000
-21.600000 28.150000 112.559998 -3050.000000 -3949.000000 4229.000000
-20.490000 29.610001 113.379997 -2953.000000 -4225.000000 3876.000000
-19.209999 30.870001 114.419998 -2755.000000 -4457.000000 3478.000000
-17.730000 31.900000 115.660004 -2434.000000 -4565.000000 3335.000000
-16.010000 32.799999 117.050003 -2055.000000 -4508.000000 3100.000000
-14.090000 33.680000 118.580002 -1914.000000 -4370.000000 3018.000000
-11.920000 34.590000 120.230003 -2066.000000 -3988.000000 2960.000000
-9.500000 35.580002 121.989998 -2309.000000 -3393.000000 2521.000000
-6.860000 36.549999 123.830002 -2390.000000 -2875.000000 2107.000000
-4.160000 37.430000 125.620003 -2252.000000 -2528.000000 2065.000000
-1.430000 38.160000 127.269997 -2048.000000 -2239.000000 2012.000000
1.320000 38.700001 128.729996 -1861.000000 -2002.000000 1909.000000
4.190000 39.009998 130.130005 -1705.000000 -1639.000000 1678.000000
7.230000 39.020000 131.509995 -1519.000000 -1175.000000 1281.000000
10.350000 38.740002 132.800003 -1214.000000 -578.000000 924.000000
13.590000 38.189999 133.949997 -736.000000 141.000000 593.000000
16.790001 37.410000 134.869995 -259.000000 716.000000 266.000000
19.559999 36.650002 135.270004 -201.000000 1110.000000 122.000000
21.920000 36.160000 135.179993 -614.000000 1469.000000 -1.000000
24.020000 36.000000 134.820007 -1189.000000 1833.000000 -243.000000
25.940001 36.060001 134.380005 -1737.000000 2147.000000 -279.000000
27.670000 36.160000 133.919998 -2069.000000 2447.000000 -254.000000
29.110001 36.259998 133.339996 -2071.000000 2680.000000 8.000000
30.139999 36.389999 132.449997 -1946.000000 2828.000000 87.000000
30.629999 36.500000 131.100006 -2018.000000 2788.000000 64.000000
30.690001 36.560001 129.360001 -2280.000000 2957.000000 -17.000000
30.620001 36.529999 127.470001 -2677.000000 3491.000000 -222.000000
30.510000 36.310001 125.489998 -3043.000000 4319.000000 -310.000000
30.100000 35.820000 123.279999 -3245.000000 4983.000000 40.000000
29.080000 35.040001 120.779999 -3142.000000 4794.000000 1329.000000
27.410000 34.009998 118.169998 -2308.000000 3895.000000 1926.000000
25.430000 32.830002 115.760002 -1570.000000 2830.000000 2650.000000
23.600000 31.670000 113.690002 -1354.000000 2474.000000 2930.000000
22.260000 30.799999 112.160004 -1580.000000 3055.000000 2456.000000
21.280001 30.270000 111.120003 -2187.000000 3854.000000 1987.000000
20.459999 30.059999 110.379997 -2794.000000 4322.000000 1559.000000
19.540001 30.129999 109.709999 -3389.000000 4190.000000 1402.000000
18.330000 30.290001 108.930000 -3816.000000 3466.000000 1716.000000
16.790001 30.410000 108.080002 -3721.000000 2438.000000 2137.000000
15.040000 30.459999 107.260002 -3357.000000 1550.000000 2705.000000
13.390000 30.389999 106.519997 -2893.000000 1072.000000 2932.000000
12.070000 30.230000 105.910004 -2655.000000 1178.000000 2924.000000
11.070000 30.049999 105.500000 -2390.000000 1616.000000 2716.000000
10.180000 29.920000 105.199997 -2016.000000 1927.000000 1813.000000
9.290000 29.870001 104.970001 -1849.000000 1828.000000 3039.000000
8.540000 29.889999 104.709999 -2811.000000 1569.000000 3492.000000
7.970000 29.650000 104.610001 -3966.000000 971.000000 5292.000000
7.630000 28.950001 104.650002 -6032.000000 -119.000000 9740.000000
7.610000 27.549999 104.629997 -7119.000000 -268.000000 12263.000000
8.270000 26.450001 104.889999 -3131.000000 1951.000000 6288.000000
8.730000 25.580000 104.980003 15.000000 3282.000000 4465.000000
9.030000 24.830000 104.839996 1707.000000 3582.000000 3499.000000
9.170000 24.410000 104.699997 2812.000000 2646.000000 3290.000000
8.940000 24.459999 104.400002 1802.000000 1060.000000 3501.000000
8.550000 25.070000 103.919998 31.000000 22.000000 3511.000000
8.250000 26.260000 103.489998 -1835.000000 -463.000000 3703.000000
8.260000 27.590000 103.290001 -3344.000000 -379.000000 3630.000000
8.530000 28.820000 103.419998 -3862.000000 -18.000000 3342.000000
8.850000 29.770000 103.680000 -3661.000000 303.000000 3303.000000
9.100000 30.350000 103.860001 -2889.000000 558.000000 3100.000000
9.250000 30.660000 103.910004 -2255.000000 647.000000 3074.000000
9.290000 30.820000 103.910004 -1960.000000 480.000000 3073.000000
9.210000 30.940001 103.889999 -1964.000000 136.000000 3095.000000
9.130000 31.049999 103.959999 -2115.000000 -51.000000 3098.000000
9.140000 31.110001 104.169998 -2215.000000 9.000000 3129.000000
