7.270000 19.809999 92.879997 -1087.000000 704.000000 3669.000000
7.790000 18.580000 91.430000 -896.000000 742.000000 3705.000000
8.290000 17.360001 89.910004 -1076.000000 676.000000 3673.000000
8.890000 16.090000 88.349998 -986.000000 1029.000000 3574.000000
9.440000 14.770000 86.809998 -539.000000 1276.000000 3446.000000
9.850000 13.560000 85.250000 -491.000000 920.000000 3529.000000
10.120000 12.650000 83.610001 -885.000000 582.000000 3496.000000
10.330000 11.950000 82.000000 -991.000000 469.000000 3385.000000
10.470000 11.260000 80.389999 -787.000000 409.000000 3466.000000
10.540000 10.570000 78.820000 -634.000000 319.000000 3532.000000
10.600000 9.970000 77.330002 -709.000000 359.000000 3651.000000
10.680000 9.510000 75.930000 -1100.000000 369.000000 3752.000000
10.760000 9.110000 74.650002 -1340.000000 461.000000 3897.000000
10.820000 8.700000 73.419998 -1534.000000 454.000000 4153.000000
10.830000 8.270000 72.269997 -1885.000000 242.000000 4363.000000
10.830000 7.790000 71.169998 -1677.000000 239.000000 4420.000000
10.780000 7.280000 70.129997 -1324.000000 227.000000 4517.000000
10.700000 6.840000 69.150002 -1131.000000 178.000000 4448.000000
10.600000 6.540000 68.269997 -928.000000 205.000000 4210.000000
10.460000 6.380000 67.500000 -821.000000 113.000000 4034.000000
10.280000 6.350000 66.839996 -765.000000 38.000000 3842.000000
10.090000 6.410000 66.220001 -582.000000 188.000000 3709.000000
9.820000 6.580000 65.720001 -531.000000 152.000000 3530.000000
9.540000 6.940000 65.309998 -764.000000 79.000000 3456.000000
9.270000 7.470000 65.010002 -1156.000000 49.000000 3462.000000
9.020000 8.040000 64.760002 -1371.000000 95.000000 3412.000000
8.780000 8.560000 64.540001 -1596.000000 111.000000 3479.000000
8.590000 8.940000 64.330002 -1554.000000 238.000000 3527.000000
8.400000 9.150000 64.110001 -1488.000000 251.000000 3749.000000
8.180000 9.180000 63.849998 -1176.000000 194.000000 3818.000000
7.930000 9.060000 63.560001 -850.000000 160.000000 3872.000000
7.680000 8.840000 63.279999 -514.000000 229.000000 3866.000000
7.440000 8.710000 63.029999 -457.000000 211.000000 3747.000000
7.180000 8.770000 62.750000 -668.000000 203.000000 3710.000000
6.930000 8.830000 62.450001 -663.000000 194.000000 3791.000000
6.670000 8.880000 62.130001 -694.000000 116.000000 3903.000000
6.440000 8.910000 61.799999 -774.000000 160.000000 4003.000000
6.180000 8.900000 61.500000 -835.000000 68.000000 4041.000000
5.920000 8.790000 61.220001 -699.000000 -28.000000 3961.000000
5.770000 8.580000 60.900002 -568.000000 154.000000 4004.000000
5.550000 8.300000 60.660000 -296.000000 -249.000000 4188.000000
5.370000 8.020000 60.490002 -139.000000 -61.000000 4512.000000
5.490000 8.120000 60.299999 -958.000000 637.000000 4770.000000
5.390000 8.020000 60.110001 -56.000000 -61.000000 4883.000000
5.410000 8.130000 59.840000 -426.000000 377.000000 4491.000000
5.460000 8.550000 59.590000 -994.000000 369.000000 3940.000000
5.420000 8.860000 59.369999 -912.000000 166.000000 3747.000000
5.400000 8.670000 59.189999 142.000000 127.000000 4086.000000
5.570000 8.540000 59.009998 127.000000 672.000000 3895.000000
5.790000 8.700000 58.900002 -477.000000 951.000000 3669.000000
5.750000 9.130000 58.750000 -1020.000000 314.000000 3753.000000
5.660000 9.440000 58.509998 -918.000000 210.000000 3910.000000
5.700000 9.500000 58.290001 -531.000000 419.000000 4006.000000
5.690000 9.500000 58.080002 -418.000000 361.000000 4046.000000
5.730000 9.590000 57.880001 -628.000000 475.000000 4120.000000
5.670000 9.700000 57.669998 -660.000000 299.000000 4224.000000
5.670000 9.830000 57.470001 -682.000000 381.000000 4206.000000
5.690000 9.970000 57.310001 -683.000000 435.000000 4154.000000
5.750000 10.220000 57.169998 -797.000000 519.000000 3996.000000
5.650000 10.480000 57.009998 -812.000000 237.000000 4090.000000
5.750000 10.720000 56.950001 -864.000000 605.000000 4031.000000
5.770000 10.980000 56.840000 -948.000000 428.000000 3950.000000
5.740000 11.160000 56.700001 -904.000000 336.000000 4035.000000
5.790000 11.260000 56.570000 -840.000000 421.000000 3969.000000
5.810000 11.160000 56.439999 -575.000000 376.000000 4022.000000
5.900000 11.070000 56.330002 -545.000000 486.000000 3883.000000
5.910000 11.010000 56.220001 -564.000000 361.000000 3927.000000
6.050000 11.170000 56.230000 -870.000000 770.000000 3634.000000
5.900000 11.250000 56.080002 -729.000000 183.000000 4088.000000
5.900000 11.520000 56.099998 -936.000000 424.000000 3142.000000
5.730000 11.580000 56.070000 -672.000000 171.000000 3989.000000
5.770000 11.730000 55.950001 -751.000000 410.000000 4074.000000
5.780000 12.160000 55.919998 -1352.000000 492.000000 3782.000000
5.590000 12.480000 55.950001 -1356.000000 -9.000000 3792.000000
5.510000 12.680000 55.950001 -1297.000000 182.000000 3899.000000
5.470000 12.690000 55.849998 -1176.000000 180.000000 4225.000000
5.560000 12.600000 55.790001 -1200.000000 405.000000 4195.000000
5.630000 12.440000 55.799999 -1176.000000 370.000000 4216.000000
5.690000 11.930000 55.750000 -662.000000 340.000000 4308.000000
5.940000 11.480000 55.790001 -367.000000 827.000000 4125.000000
6.040000 11.160000 55.740002 -554.000000 485.000000 4280.000000
5.910000 11.010000 55.700001 -518.000000 115.000000 3951.000000
5.960000 11.250000 55.750000 -1068.000000 516.000000 4019.000000
5.780000 11.430000 55.720001 -912.000000 52.000000 4159.000000
5.600000 11.720000 55.779999 -1117.000000 -54.000000 4087.000000
5.440000 11.970000 55.849998 -1070.000000 2.000000 4082.000000
5.250000 12.100000 55.959999 -776.000000 -309.000000 4083.000000
5.150000 12.350000 56.060001 -903.000000 -8.000000 3962.000000
5.100000 12.750000 56.259998 -1014.000000 18.000000 3853.000000
5.100000 13.250000 56.509998 -986.000000 128.000000 3790.000000
5.120000 13.960000 56.889999 -1175.000000 168.000000 3897.000000
5.150000 14.850000 57.279999 -1317.000000 136.000000 4036.000000
5.210000 15.930000 57.770000 -1701.000000 159.000000 4026.000000
5.280000 17.100000 58.279999 -2030.000000 105.000000 4027.000000
5.440000 18.280001 58.840000 -2125.000000 266.000000 3966.000000
5.660000 19.440001 59.470001 -2597.000000 502.000000 3919.000000
5.920000 20.520000 60.160000 -2277.000000 590.000000 3880.000000
6.170000 21.580000 60.869999 -2035.000000 561.000000 3718.000000
6.450000 22.650000 61.599998 -1852.000000 643.000000 3529.000000
6.760000 23.740000 62.419998 -1739.000000 805.000000 3306.000000
7.100000 24.879999 63.290001 -1640.000000 878.000000 3276.000000
7.410000 26.129999 64.220001 -1713.000000 860.000000 3319.000000
7.670000 27.540001 65.150002 -2031.000000 851.000000 3215.000000
7.910000 29.020000 66.139999 -2438.000000 885.000000 3142.000000
8.160000 30.440001 67.180000 -2516.000000 963.000000 3117.000000
8.420000 31.790001 68.239998 -2485.000000 944.000000 2932.000000
8.650000 33.090000 69.300003 -2654.000000 898.000000 2969.000000
8.900000 34.310001 70.379997 -2568.000000 984.000000 3005.000000
9.180000 35.490002 71.480003 -2434.000000 1097.000000 2774.000000
9.400000 36.590000 72.540001 -2359.000000 906.000000 2980.000000
9.640000 37.619999 73.639999 -1923.000000 952.000000 2762.000000
9.850000 38.590000 74.709999 -1724.000000 867.000000 2847.000000
10.040000 39.650002 75.800003 -1883.000000 879.000000 2812.000000
10.210000 40.810001 76.900002 -2155.000000 892.000000 2773.000000
10.320000 41.959999 77.940002 -2363.000000 746.000000 2769.000000
10.400000 43.090000 79.000000 -2626.000000 701.000000 2767.000000
10.410000 44.080002 79.970001 -2693.000000 575.000000 2822.000000
10.420000 45.000000 80.879997 -2656.000000 607.000000 2851.000000
10.390000 45.930000 81.730003 -2791.000000 529.000000 2790.000000
10.330000 46.869999 82.599998 -2839.000000 461.000000 2684.000000
10.160000 47.709999 83.370003 -2810.000000 328.000000 2786.000000
9.980000 48.490002 84.080002 -2887.000000 315.000000 2753.000000
9.770000 49.200001 84.730003 -3142.000000 292.000000 2835.000000
9.520000 49.790001 85.309998 -2979.000000 240.000000 2841.000000
9.180000 50.299999 85.779999 -2917.000000 134.000000 2893.000000
8.800000 50.779999 86.199997 -2911.000000 74.000000 2935.000000
8.410000 51.230000 86.589996 -2607.000000 -2.000000 2961.000000
7.980000 51.740002 86.970001 -2466.000000 -186.000000 3138.000000
7.600000 52.320000 87.400002 -2517.000000 -76.000000 3276.000000
7.330000 53.009998 87.889999 -2647.000000 134.000000 3428.000000
7.080000 53.779999 88.360001 -2888.000000 177.000000 3376.000000
6.780000 54.630001 88.750000 -3094.000000 6.000000 3226.000000
6.530000 55.529999 89.160004 -3131.000000 37.000000 2984.000000
6.260000 56.540001 89.540001 -3265.000000 32.000000 2693.000000
5.980000 57.639999 89.919998 -3465.000000 -46.000000 2449.000000
5.600000 58.700001 90.199997 -3415.000000 -240.000000 2327.000000
5.160000 59.660000 90.410004 -3344.000000 -316.000000 2358.000000
4.780000 60.529999 90.629997 -3463.000000 -210.000000 2394.000000
4.490000 61.360001 90.849998 -3666.000000 -30.000000 2399.000000
4.220000 62.090000 91.089996 -3583.000000 18.000000 2322.000000
3.870000 62.709999 91.199997 -3430.000000 -141.000000 2339.000000
3.550000 63.299999 91.330002 -3259.000000 -114.000000 2226.000000
3.250000 63.880001 91.489998 -3385.000000 -31.000000 2427.000000
3.130000 64.599998 91.769997 -3447.000000 216.000000 2288.000000
2.760000 65.410004 91.820000 -3735.000000 -56.000000 2213.000000
2.270000 66.250000 91.769997 -3811.000000 -219.000000 2031.000000
1.900000 67.080002 91.760002 -3693.000000 -110.000000 1869.000000
1.560000 67.849998 91.769997 -3732.000000 -90.000000 1830.000000
1.230000 68.589996 91.730003 -3719.000000 -93.000000 1644.000000
0.750000 69.239998 91.519997 -3836.000000 -229.000000 1631.000000
0.220000 69.760002 91.180000 -3658.000000 -190.000000 1623.000000
-0.410000 70.199997 90.699997 -3640.000000 -254.000000 1745.000000
-0.990000 70.639999 90.260002 -3745.000000 -257.000000 1814.000000
-1.570000 71.080002 89.820000 -3812.000000 -307.000000 1779.000000
-2.130000 71.510002 89.370003 -3717.000000 -343.000000 1743.000000
-2.670000 71.989998 88.930000 -3910.000000 -392.000000 1516.000000
-3.130000 72.500000 88.559998 -4154.000000 -400.000000 1222.000000
-3.510000 72.949997 88.250000 -4210.000000 -378.000000 1025.000000
-3.840000 73.269997 87.940002 -4035.000000 -308.000000 980.000000
-4.140000 73.480003 87.629997 -3694.000000 -253.000000 966.000000
-4.430000 73.610001 87.300003 -3678.000000 -265.000000 997.000000
-4.730000 73.669998 86.940002 -3755.000000 -377.000000 1184.000000
-4.960000 73.660004 86.629997 -4107.000000 -335.000000 1349.000000
-5.080000 73.629997 86.410004 -4185.000000 -236.000000 1198.000000
-5.190000 73.459999 86.139999 -3731.000000 -270.000000 1240.000000
-5.090000 73.300003 86.019997 -3711.000000 -69.000000 1163.000000
-5.000000 73.150002 85.910004 -3648.000000 -16.000000 1134.000000
-5.050000 73.089996 85.680000 -3493.000000 -63.000000 1039.000000
-5.270000 73.099998 85.320000 -3700.000000 -146.000000 997.000000
-5.510000 73.160004 84.949997 -3911.000000 -177.000000 1015.000000
-5.690000 73.180000 84.650002 -3975.000000 -180.000000 1029.000000
-5.790000 73.129997 84.410004 -3969.000000 -131.000000 1089.000000
-5.930000 72.989998 84.080002 -3823.000000 -192.000000 1089.000000
-6.080000 72.790001 83.720001 -3882.000000 -211.000000 1126.000000
-6.150000 72.570000 83.419998 -3672.000000 -211.000000 1040.000000
-6.140000 72.360001 83.220001 -3805.000000 -88.000000 1097.000000
-6.070000 72.180000 83.059998 -3820.000000 -31.000000 1178.000000
-5.960000 72.010002 82.970001 -3742.000000 -23.000000 1226.000000
-5.810000 71.889999 82.900002 -3721.000000 44.000000 1260.000000
-5.710000 71.809998 82.809998 -3705.000000 1.000000 1282.000000
-5.630000 71.809998 82.730003 -3697.000000 -6.000000 1197.000000
-5.570000 71.889999 82.660004 -3854.000000 57.000000 1091.000000
-5.520000 72.000000 82.629997 -3929.000000 88.000000 1035.000000
-5.530000 72.099998 82.519997 -3906.000000 7.000000 1028.000000
-5.490000 72.160004 82.449997 -3796.000000 53.000000 1132.000000
-5.420000 72.230003 82.430000 -3710.000000 146.000000 1080.000000
-5.490000 72.320000 82.290001 -3690.000000 -46.000000 1095.000000
-5.550000 72.470001 82.180000 -3875.000000 -50.000000 1136.000000
-5.650000 72.650002 82.029999 -4114.000000 -62.000000 1121.000000
-5.700000 72.800003 81.919998 -3995.000000 -50.000000 1110.000000
-5.650000 72.910004 81.879997 -3974.000000 97.000000 920.000000
-5.650000 72.980003 81.830002 -3799.000000 -16.000000 847.000000
-5.620000 73.019997 81.790001 -3777.000000 -24.000000 915.000000
-5.560000 73.070000 81.809998 -3843.000000 -4.000000 1059.000000
-5.500000 73.139999 81.830002 -3897.000000 -54.000000 1076.000000
-5.460000 73.230003 81.830002 -4011.000000 -94.000000 1063.000000
-5.340000 73.300003 81.889999 -4010.000000 -39.000000 1045.000000
-5.210000 73.309998 81.930000 -3953.000000 -48.000000 1107.000000
-5.110000 73.269997 81.889999 -3929.000000 -68.000000 1134.000000
-4.950000 73.209999 81.930000 -4003.000000 -9.000000 1106.000000
-4.750000 73.110001 82.000000 -3759.000000 4.000000 1038.000000
-4.540000 73.010002 82.089996 -3738.000000 8.000000 1075.000000
-4.410000 72.910004 82.099998 -3849.000000 -45.000000 1213.000000
-4.310000 72.820000 82.070000 -3848.000000 -68.000000 1244.000000
-4.180000 72.760002 82.089996 -3916.000000 -31.000000 1174.000000
-4.100000 72.699997 82.050003 -3882.000000 -99.000000 1165.000000
-4.030000 72.650002 82.000000 -3974.000000 -120.000000 1128.000000
-3.970000 72.550003 81.910004 -4023.000000 -160.000000 1186.000000
-3.940000 72.379997 81.790001 -4008.000000 -192.000000 1225.000000
-3.830000 72.099998 81.720001 -3955.000000 -141.000000 1370.000000
-3.550000 71.809998 81.800003 -3720.000000 31.000000 1234.000000
-3.280000 71.559998 81.910004 -3632.000000 22.000000 1274.000000
-2.870000 71.410004 82.180000 -3473.000000 176.000000 1215.000000
-2.610000 71.400002 82.370003 -3837.000000 114.000000 1273.000000
-2.440000 71.489998 82.510002 -4105.000000 76.000000 1213.000000
-2.410000 71.529999 82.519997 -3973.000000 -132.000000 1183.000000
-2.320000 71.519997 82.580002 -3878.000000 -53.000000 1109.000000
-2.180000 71.470001 82.660004 -3950.000000 25.000000 1126.000000
-2.040000 71.370003 82.739998 -3923.000000 12.000000 1181.000000
-1.880000 71.209999 82.820000 -3822.000000 11.000000 1249.000000
-1.690000 71.019997 82.900002 -3806.000000 44.000000 1288.000000
-1.510000 70.809998 82.959999 -3783.000000 47.000000 1281.000000
-1.320000 70.570000 83.040001 -3782.000000 73.000000 1352.000000
-1.140000 70.290001 83.099998 -3811.000000 59.000000 1436.000000
-0.960000 70.010002 83.139999 -3788.000000 71.000000 1438.000000
-0.770000 69.720001 83.199997 -3798.000000 87.000000 1471.000000
-0.580000 69.449997 83.309998 -3791.000000 132.000000 1462.000000
-0.390000 69.220001 83.410004 -3900.000000 176.000000 1407.000000
-0.220000 68.989998 83.510002 -3989.000000 164.000000 1411.000000
-0.050000 68.739998 83.629997 -4032.000000 195.000000 1403.000000
0.150000 68.440002 83.760002 -4055.000000 265.000000 1455.000000
0.380000 68.099998 83.940002 -4122.000000 340.000000 1387.000000
0.600000 67.680000 84.089996 -4273.000000 326.000000 1550.000000
0.920000 67.120003 84.360001 -4253.000000 528.000000 1589.000000
1.220000 66.430000 84.589996 -3756.000000 515.000000 1577.000000
1.630000 65.769997 84.989998 -3716.000000 708.000000 1508.000000
1.980000 65.150002 85.400002 -4051.000000 743.000000 1530.000000
2.390000 64.519997 85.919998 -3844.000000 843.000000 1527.000000
2.740000 63.889999 86.419998 -3786.000000 866.000000 1426.000000
3.180000 63.330002 87.080002 -3437.000000 841.000000 1478.000000
3.580000 62.939999 87.800003 -3715.000000 1013.000000 1218.000000
3.760000 62.610001 88.370003 -4176.000000 734.000000 1264.000000
3.940000 62.250000 88.989998 -4020.000000 589.000000 1406.000000
4.120000 61.849998 89.639999 -3936.000000 594.000000 1378.000000
4.340000 61.430000 90.370003 -4081.000000 751.000000 1298.000000
4.600000 60.939999 91.160004 -4146.000000 772.000000 1519.000000
4.770000 60.360001 91.879997 -4216.000000 572.000000 1726.000000
5.030000 59.619999 92.680000 -3815.000000 714.000000 1829.000000
5.320000 58.759998 93.489998 -3776.000000 956.000000 1831.000000
5.630000 57.810001 94.290001 -3642.000000 1141.000000 1787.000000
5.920000 56.830002 95.110001 -3303.000000 1244.000000 1687.000000
6.190000 55.939999 96.000000 -2981.000000 1332.000000 1693.000000
6.380000 55.250000 96.870003 -3051.000000 1213.000000 1870.000000
6.450000 54.830002 97.730003 -3304.000000 1179.000000 1781.000000
6.380000 54.590000 98.570000 -3576.000000 1109.000000 1648.000000
6.170000 54.410000 99.320000 -3788.000000 799.000000 1571.000000
5.920000 54.169998 100.059998 -3524.000000 733.000000 1691.000000
5.620000 53.860001 100.720001 -3701.000000 632.000000 1806.000000
5.280000 53.400002 101.330002 -3498.000000 508.000000 1955.000000
4.980000 52.790001 101.949997 -3107.000000 557.000000 2035.000000
4.720000 52.150002 102.599998 -2764.000000 678.000000 1979.000000
4.450000 51.610001 103.290001 -2552.000000 699.000000 1905.000000
4.080000 51.240002 103.959999 -2645.000000 544.000000 1779.000000
3.550000 51.029999 104.519997 -3210.000000 232.000000 1795.000000
2.900000 50.770000 104.980003 -3593.000000 -95.000000 2001.000000
2.190000 50.389999 105.330002 -3630.000000 -334.000000 2079.000000
1.470000 49.820000 105.599998 -3453.000000 -562.000000 2302.000000
0.750000 49.099998 105.839996 -3181.000000 -728.000000 2416.000000
0.090000 48.299999 106.099998 -2959.000000 -629.000000 2411.000000
-0.570000 47.470001 106.349998 -2666.000000 -697.000000 2542.000000
-1.210000 46.650002 106.580002 -2401.000000 -693.000000 2547.000000
-1.860000 45.930000 106.820000 -2177.000000 -762.000000 2559.000000
-2.570000 45.320000 107.010002 -2157.000000 -943.000000 2621.000000
-3.270000 44.790001 107.169998 -2280.000000 -1076.000000 2779.000000
-3.960000 44.230000 107.290001 -2252.000000 -1165.000000 2931.000000
-4.600000 43.639999 107.449997 -2203.000000 -1187.000000 2999.000000
-5.200000 43.020000 107.570000 -2228.000000 -1152.000000 3063.000000
-5.770000 42.419998 107.709999 -2282.000000 -1186.000000 3070.000000
-6.340000 41.820000 107.809998 -2505.000000 -1295.000000 3194.000000
-6.890000 41.189999 107.900002 -2512.000000 -1465.000000 3279.000000
-7.430000 40.580002 107.940002 -2332.000000 -1521.000000 3205.000000
-7.970000 40.060001 107.919998 -2246.000000 -1592.000000 3189.000000
-8.510000 39.650002 107.860001 -2272.000000 -1673.000000 3123.000000
-9.050000 39.279999 107.779999 -2288.000000 -1784.000000 3161.000000
-9.540000 38.930000 107.720001 -2199.000000 -1708.000000 3121.000000
-9.960000 38.549999 107.669998 -2301.000000 -1713.000000 3254.000000
-10.300000 38.130001 107.639999 -2212.000000 -1678.000000 3277.000000
-10.580000 37.660000 107.620003 -2147.000000 -1676.000000 3307.000000
-10.820000 37.189999 107.620003 -1992.000000 -1590.000000 3275.000000
-11.040000 36.779999 107.610001 -2041.000000 -1548.000000 3306.000000
-11.260000 36.459999 107.610001 -1963.000000 -1460.000000 3250.000000
-11.480000 36.240002 107.610001 -2066.000000 -1437.000000 3306.000000
-11.700000 36.070000 107.629997 -2049.000000 -1449.000000 3267.000000
-11.900000 35.919998 107.650002 -2075.000000 -1400.000000 3249.000000
-12.060000 35.790001 107.699997 -2200.000000 -1303.000000 3121.000000
-12.200000 35.610001 107.760002 -2318.000000 -1261.000000 3116.000000
-12.290000 35.299999 107.839996 -2283.000000 -1223.000000 3177.000000
-12.320000 34.849998 107.949997 -1949.000000 -1123.000000 3249.000000
-12.330000 34.320000 108.059998 -1727.000000 -980.000000 3379.000000
-12.330000 33.790001 108.150002 -1669.000000 -834.000000 3208.000000
-12.360000 33.279999 108.230003 -1532.000000 -890.000000 3397.000000
-12.380000 32.820000 108.290001 -1638.000000 -774.000000 3409.000000
-12.420000 32.400002 108.330002 -1722.000000 -839.000000 3510.000000
-12.460000 32.040001 108.379997 -1812.000000 -789.000000 3554.000000
-12.520000 31.760000 108.379997 -2101.000000 -771.000000 3568.000000
-12.600000 31.530001 108.360001 -2315.000000 -858.000000 3749.000000
-12.670000 31.240000 108.320000 -2024.000000 -1057.000000 4017.000000
-12.710000 30.910000 108.239998 -1610.000000 -1069.000000 4036.000000
-12.710000 30.719999 108.120003 -1834.000000 -838.000000 3654.000000
-12.720000 30.600000 108.000000 -2183.000000 -864.000000 3465.000000
-12.700000 30.389999 107.889999 -2283.000000 -817.000000 3427.000000
-12.640000 30.049999 107.809998 -2120.000000 -808.000000 3423.000000
-12.570000 29.639999 107.769997 -1735.000000 -816.000000 3510.000000
-12.510000 29.290001 107.750000 -1613.000000 -737.000000 3493.000000
-12.500000 29.040001 107.650002 -1672.000000 -724.000000 3459.000000
-12.500000 28.889999 107.540001 -1599.000000 -640.000000 3379.000000
-12.550000 28.790001 107.410004 -1655.000000 -703.000000 3434.000000
-12.640000 28.760000 107.279999 -1618.000000 -772.000000 3668.000000
-12.760000 28.930000 107.110001 -2262.000000 -818.000000 3634.000000
-12.910000 29.190001 106.959999 -2656.000000 -865.000000 3379.000000
-13.060000 29.400000 106.839996 -2737.000000 -1043.000000 3290.000000
-13.170000 29.510000 106.760002 -2809.000000 -1078.000000 3214.000000
-13.220000 29.500000 106.760002 -2757.000000 -977.000000 3146.000000
-13.220000 29.350000 106.809998 -2435.000000 -947.000000 3254.000000
-13.180000 29.059999 106.889999 -1827.000000 -881.000000 3309.000000
-13.150000 28.730000 106.970001 -1565.000000 -928.000000 3380.000000
-13.170000 28.440001 107.029999 -1641.000000 -1101.000000 3364.000000
-13.210000 28.150000 107.089996 -1650.000000 -1324.000000 3513.000000
-13.250000 27.830000 107.129997 -1567.000000 -1595.000000 3730.000000
-13.300000 27.510000 107.180000 -1396.000000 -1997.000000 4123.000000
-13.330000 27.290001 107.220001 -1338.000000 -2360.000000 4384.000000
-13.320000 27.230000 107.239998 -1530.000000 -2551.000000 4461.000000
-13.260000 27.309999 107.260002 -1593.000000 -2562.000000 4341.000000
-13.140000 27.510000 107.290001 -1682.000000 -2497.000000 4162.000000
-12.960000 27.770000 107.339996 -1801.000000 -2405.000000 4066.000000
-12.710000 28.010000 107.410004 -1844.000000 -2395.000000 4033.000000
-12.400000 28.209999 107.529999 -1826.000000 -2382.000000 3996.000000
-12.010000 28.340000 107.699997 -1832.000000 -2399.000000 3988.000000
-11.550000 28.379999 107.910004 -1769.000000 -2421.000000 4011.000000
-11.020000 28.340000 108.129997 -1661.000000 -2493.000000 4057.000000
-10.440000 28.209999 108.370003 -1521.000000 -2508.000000 4023.000000
-9.800000 28.040001 108.610001 -1406.000000 -2507.000000 3918.000000
-9.120000 27.840000 108.849998 -1268.000000 -2412.000000 3896.000000
-8.400000 27.690001 109.070000 -1069.000000 -2178.000000 3772.000000
-7.670000 27.629999 109.279999 -895.000000 -1889.000000 3609.000000
-6.940000 27.700001 109.449997 -1018.000000 -1673.000000 3421.000000
-6.180000 27.959999 109.529999 -1584.000000 -1263.000000 3069.000000
-5.420000 28.170000 109.540001 -1665.000000 -1113.000000 2897.000000
-4.670000 28.260000 109.500000 -1700.000000 -1064.000000 2721.000000
-3.910000 28.190001 109.389999 -1611.000000 -951.000000 2467.000000
-3.180000 27.940001 109.199997 -1587.000000 -854.000000 2297.000000
-2.480000 27.530001 108.959999 -1795.000000 -835.000000 2298.000000
-1.800000 27.020000 108.680000 -1985.000000 -633.000000 2484.000000
-1.100000 26.459999 108.339996 -2014.000000 -177.000000 2783.000000
-0.400000 25.860001 107.910004 -2329.000000 145.000000 2912.000000
0.270000 25.190001 107.360001 -2571.000000 404.000000 2885.000000
0.890000 24.389999 106.699997 -2453.000000 543.000000 2796.000000
1.450000 23.400000 105.949997 -1907.000000 611.000000 2958.000000
1.970000 22.240000 105.099998 -1384.000000 656.000000 2823.000000
2.410000 21.030001 104.160004 -981.000000 666.000000 2953.000000
2.800000 19.879999 103.139999 -1126.000000 789.000000 3102.000000
3.150000 18.770000 102.040001 -1527.000000 1096.000000 3364.000000
3.480000 17.690001 100.879997 -1800.000000 1432.000000 3710.000000
3.780000 16.629999 99.680000 -1966.000000 1671.000000 3702.000000
4.020000 15.580000 98.470001 -1790.000000 1774.000000 3615.000000
4.200000 14.530000 97.239998 -1590.000000 1722.000000 3628.000000
4.310000 13.500000 95.959999 -1406.000000 1669.000000 3607.000000
4.370000 12.550000 94.669998 -1233.000000 1622.000000 3550.000000
4.370000 11.710000 93.430000 -1162.000000 1602.000000 3615.000000
4.300000 11.060000 92.239998 -1374.000000 1607.000000 3678.000000
4.200000 10.560000 91.129997 -1695.000000 1706.000000 3818.000000
4.080000 10.190000 90.050003 -1956.000000 1937.000000 3976.000000
3.950000 9.920000 89.040001 -2119.000000 1913.000000 3993.000000
3.790000 9.690000 88.120003 -2089.000000 1801.000000 3889.000000
3.610000 9.520000 87.260002 -1948.000000 1669.000000 3794.000000
3.420000 9.400000 86.459999 -1925.000000 1505.000000 3842.000000
3.240000 9.320000 85.730003 -1842.000000 1492.000000 3827.000000
3.080000 9.280000 85.059998 -1706.000000 1434.000000 3775.000000
2.930000 9.290000 84.449997 -1636.000000 1318.000000 3651.000000
2.820000 9.320000 83.919998 -1471.000000 1346.000000 3535.000000
2.730000 9.350000 83.440002 -1280.000000 1359.000000 3590.000000
2.640000 9.420000 83.019997 -1252.000000 1276.000000 3745.000000
2.530000 9.570000 82.650002 -1364.000000 1156.000000 3811.000000
2.420000 9.760000 82.349998 -1423.000000 1089.000000 3898.000000
2.320000 9.970000 82.099998 -1306.000000 1051.000000 3894.000000
2.210000 10.190000 81.900002 -1237.000000 932.000000 3995.000000
2.120000 10.410000 81.739998 -1014.000000 948.000000 4047.000000
2.040000 10.640000 81.629997 -837.000000 885.000000 4042.000000
2.000000 10.900000 81.529999 -783.000000 893.000000 3985.000000
1.970000 11.170000 81.459999 -850.000000 940.000000 3957.000000
1.950000 11.470000 81.419998 -1046.000000 914.000000 3978.000000
1.900000 11.740000 81.419998 -1259.000000 672.000000 4147.000000
1.830000 11.970000 81.410004 -1757.000000 416.000000 4332.000000
1.810000 12.000000 81.440002 -1654.000000 372.000000 4449.000000
1.810000 11.790000 81.470001 -1255.000000 336.000000 4437.000000
1.850000 11.380000 81.510002 -828.000000 363.000000 4336.000000
1.920000 10.860000 81.570000 -406.000000 410.000000 4244.000000
1.990000 10.340000 81.629997 -233.000000 399.000000 4096.000000
2.060000 9.860000 81.699997 -160.000000 338.000000 4006.000000
2.100000 9.420000 81.779999 -64.000000 291.000000 3853.000000
2.100000 9.070000 81.849998 -219.000000 216.000000 3758.000000
2.060000 8.840000 81.949997 -603.000000 177.000000 3429.000000
2.000000 8.610000 82.070000 -780.000000 243.000000 3228.000000
1.920000 8.250000 82.190002 -561.000000 322.000000 3098.000000
1.800000 7.720000 82.290001 -100.000000 303.000000 3344.000000
1.600000 7.140000 82.370003 654.000000 214.000000 4178.000000
1.430000 6.820000 82.459999 171.000000 475.000000 4257.000000
1.260000 6.640000 82.599998 -14.000000 464.000000 4605.000000
1.070000 6.470000 82.730003 264.000000 449.000000 5439.000000
0.890000 6.440000 82.860001 145.000000 93.000000 6226.000000
0.760000 6.570000 82.989998 -177.000000 -61.000000 6410.000000
0.760000 6.810000 83.120003 -401.000000 301.000000 5489.000000
0.860000 7.080000 83.260002 -521.000000 579.000000 4376.000000
0.930000 7.360000 83.379997 -645.000000 308.000000 3765.000000
0.900000 7.640000 83.459999 -696.000000 -80.000000 3513.000000
0.840000 7.850000 83.559998 -573.000000 -154.000000 3536.000000
0.780000 8.030000 83.680000 -595.000000 -105.000000 3767.000000
0.720000 8.170000 83.800003 -646.000000 -23.000000 4029.000000
0.690000 8.230000 83.930000 -542.000000 45.000000 4214.000000
0.680000 8.220000 84.070000 -368.000000 131.000000 4330.000000
0.680000 8.210000 84.220001 -319.000000 144.000000 4293.000000
0.690000 8.230000 84.349998 -352.000000 164.000000 4127.000000
0.690000 8.290000 84.459999 -427.000000 91.000000 4012.000000
0.690000 8.380000 84.589996 -551.000000 57.000000 4043.000000
0.680000 8.450000 84.720001 -586.000000 58.000000 4089.000000
0.690000 8.500000 84.849998 -572.000000 102.000000 4086.000000
0.700000 8.520000 84.989998 -508.000000 122.000000 4133.000000
0.710000 8.540000 85.129997 -489.000000 90.000000 4135.000000
0.720000 8.560000 85.269997 -468.000000 70.000000 4109.000000
0.720000 8.590000 85.419998 -489.000000 60.000000 4033.000000
0.710000 8.610000 85.550003 -502.000000 49.000000 4081.000000
0.710000 8.620000 85.690002 -509.000000 54.000000 4090.000000
0.710000 8.630000 85.830002 -538.000000 54.000000 4149.000000
0.720000 8.610000 85.970001 -511.000000 92.000000 4128.000000
0.720000 8.590000 86.120003 -477.000000 91.000000 4107.000000
