13.740000 45.369999 74.839996 -2.910000 -45.240002 0.000000 3328.000000 678.000000 2036.000000 -2131.000000 -4061.000000 4227.000000 
15.450000 45.299999 74.660004 -1.850000 -43.650002 0.000000 3564.000000 266.000000 3107.000000 -1579.000000 -3992.000000 4371.000000 
17.540001 45.410000 74.540001 -0.790000 -41.779999 0.000000 3436.000000 101.000000 3424.000000 -1266.000000 -4020.000000 4164.000000 
19.629999 45.320000 74.180000 0.510000 -39.779999 0.000000 3324.000000 213.000000 3282.000000 -1298.000000 -3920.000000 3895.000000 
21.930000 44.880001 73.839996 1.870000 -37.669998 0.000000 3437.000000 190.000000 3277.000000 -1718.000000 -4262.000000 4353.000000 
24.790001 44.389999 73.830002 3.170000 -35.330002 0.000000 3460.000000 17.000000 3546.000000 -1590.000000 -4714.000000 4398.000000 
27.809999 43.639999 73.690002 4.420000 -32.720001 0.000000 3340.000000 -120.000000 3777.000000 -1642.000000 -4475.000000 3714.000000 
31.100000 42.939999 73.739998 5.680000 -29.799999 0.000000 2868.000000 -151.000000 3760.000000 -1374.000000 -3555.000000 2512.000000 
34.610001 42.490002 73.970001 7.140000 -26.760000 0.000000 2655.000000 23.000000 3265.000000 -1131.000000 -2794.000000 1865.000000 
38.119999 42.220001 74.279999 8.710000 -23.850000 0.000000 2296.000000 202.000000 2873.000000 -1139.000000 -1722.000000 835.000000 
41.549999 42.189999 74.669998 10.320000 -21.030001 0.000000 1713.000000 380.000000 2585.000000 -1104.000000 -724.000000 352.000000 
44.630001 42.560001 75.019997 12.050000 -18.160000 0.000000 1241.000000 560.000000 2346.000000 -1224.000000 -191.000000 524.000000 
47.450001 43.000000 75.250000 13.200000 -15.970000 0.000000 674.000000 445.000000 2280.000000 -1193.000000 -512.000000 1738.000000 
50.080002 43.509998 75.309998 14.080000 -14.040000 0.000000 414.000000 523.000000 2332.000000 -1142.000000 -1514.000000 2269.000000 
52.540001 44.009998 75.269997 14.560000 -12.140000 0.000000 148.000000 501.000000 2612.000000 -1343.000000 -1229.000000 1329.000000 
54.779999 44.500000 75.239998 14.890000 -9.890000 0.000000 419.000000 506.000000 2515.000000 -1055.000000 -410.000000 275.000000 
56.869999 45.160000 75.209999 15.310000 -7.250000 0.000000 406.000000 571.000000 2422.000000 -1772.000000 612.000000 -658.000000 
58.630001 46.000000 75.050003 15.530000 -4.780000 0.000000 -179.000000 385.000000 2559.000000 -2345.000000 1656.000000 -1505.000000 
60.080002 46.930000 74.800003 15.570000 -2.650000 0.000000 -696.000000 243.000000 2692.000000 -2754.000000 2275.000000 -1955.000000 
60.939999 47.939999 74.300003 15.500000 -1.270000 0.000000 -995.000000 238.000000 2546.000000 -3084.000000 1786.000000 -1691.000000 
61.310001 49.020000 73.500000 15.330000 -0.660000 0.000000 -1312.000000 271.000000 2475.000000 -3652.000000 1297.000000 -955.000000 
61.200001 50.080002 72.430000 15.030000 -0.770000 0.000000 -1248.000000 285.000000 2446.000000 -3664.000000 567.000000 -425.000000 
60.689999 51.099998 71.120003 14.530000 -1.390000 0.000000 -1000.000000 259.000000 2421.000000 -3789.000000 194.000000 -269.000000 
59.860001 52.080002 69.610001 13.790000 -2.270000 0.000000 -1453.000000 -34.000000 2524.000000 -3897.000000 225.000000 -556.000000 
58.639999 52.990002 67.949997 12.690000 -3.470000 0.000000 -2082.000000 -883.000000 3110.000000 -4012.000000 -119.000000 -727.000000 
56.820000 53.820000 65.980003 11.600000 -4.850000 0.000000 -3249.000000 -1397.000000 3671.000000 -4687.000000 -327.000000 -872.000000 
54.160000 54.470001 63.540001 10.730000 -6.470000 0.000000 -2726.000000 -1245.000000 3244.000000 -4921.000000 -982.000000 -234.000000 
50.590000 54.900002 60.500000 10.130000 -8.200000 0.000000 -1834.000000 -929.000000 2842.000000 -4335.000000 -2170.000000 1272.000000 
46.299999 55.020000 57.000000 9.450000 -9.340000 0.000000 -1112.000000 -1226.000000 3369.000000 -3215.000000 -2855.000000 2686.000000 
42.060001 54.860001 53.650002 8.850000 -9.780000 0.000000 2033.000000 -827.000000 5107.000000 -2406.000000 -3474.000000 3887.000000 
38.490002 54.580002 50.860001 7.950000 -9.750000 0.000000 3026.000000 -1086.000000 7246.000000 -1572.000000 -3166.000000 4538.000000 
35.830002 54.470001 48.869999 6.960000 -9.800000 0.000000 3348.000000 -1204.000000 8494.000000 -1890.000000 -2134.000000 3678.000000 
33.900002 54.799999 47.660000 6.060000 -10.610000 0.000000 2840.000000 -1147.000000 8622.000000 -2422.000000 -1175.000000 2366.000000 
32.529999 56.090000 47.139999 5.320000 -12.320000 0.000000 1837.000000 -935.000000 7385.000000 -2942.000000 -1067.000000 1681.000000 
32.049999 58.009998 47.439999 4.580000 -14.610000 0.000000 48.000000 -645.000000 5194.000000 -3347.000000 -1165.000000 1512.000000 
31.700001 60.000000 47.950001 4.410000 -17.250000 0.000000 -1381.000000 -432.000000 3530.000000 -3917.000000 -1333.000000 1170.000000 
31.040001 61.790001 48.220001 4.400000 -20.049999 0.000000 -1656.000000 -239.000000 3106.000000 -4856.000000 -1386.000000 534.000000 
29.820000 63.250000 48.029999 4.400000 -22.850000 0.000000 -1365.000000 -131.000000 3156.000000 -5419.000000 -1632.000000 461.000000 
28.049999 64.320000 47.380001 4.110000 -25.570000 0.000000 -1042.000000 -213.000000 3936.000000 -5377.000000 -2095.000000 1346.000000 
25.660000 65.110001 46.220001 4.070000 -27.629999 0.000000 65.000000 -50.000000 4526.000000 -4169.000000 -2725.000000 3202.000000 
22.570000 65.610001 44.459999 3.820000 -28.750000 0.000000 103.000000 -482.000000 5355.000000 -2836.000000 -2274.000000 4064.000000 
19.700001 66.139999 42.810001 3.950000 -29.980000 0.000000 1690.000000 245.000000 5869.000000 -3185.000000 -2075.000000 3047.000000 
17.260000 66.860001 41.419998 4.180000 -31.330000 0.000000 1402.000000 418.000000 5624.000000 -3322.000000 -1708.000000 2282.000000 
15.610000 67.769997 40.610001 4.550000 -32.950001 0.000000 353.000000 477.000000 4343.000000 -3749.000000 -1895.000000 2186.000000 
14.220000 68.519997 39.930000 5.300000 -34.599998 0.000000 -351.000000 505.000000 3451.000000 -3761.000000 -2158.000000 2399.000000 
12.940000 68.949997 39.169998 6.120000 -36.369999 0.000000 -435.000000 621.000000 2946.000000 -4294.000000 -2103.000000 1982.000000 
12.180000 68.919998 38.820000 6.320000 -37.919998 0.000000 -765.000000 369.000000 3312.000000 -4757.000000 -1966.000000 1650.000000 
11.940000 68.459999 38.900002 6.080000 -39.029999 0.000000 -478.000000 229.000000 3723.000000 -4570.000000 -1933.000000 1768.000000 
12.120000 67.550003 39.369999 5.820000 -39.630001 0.000000 96.000000 154.000000 4199.000000 -4150.000000 -1774.000000 1953.000000 
12.370000 66.320000 40.029999 5.590000 -39.680000 0.000000 752.000000 181.000000 4818.000000 -3486.000000 -1821.000000 2655.000000 
12.340000 64.860001 40.630001 5.100000 -39.509998 0.000000 1205.000000 -280.000000 5257.000000 -1861.000000 -1979.000000 3314.000000 
12.130000 63.619999 40.930000 4.830000 -39.419998 0.000000 2406.000000 458.000000 5672.000000 -1647.000000 -1767.000000 4293.000000 
11.740000 62.770000 40.880001 4.590000 -39.790001 0.000000 3529.000000 590.000000 5812.000000 -3168.000000 -1510.000000 3428.000000 
12.520000 62.320000 41.790001 4.430000 -40.189999 0.000000 3054.000000 631.000000 5414.000000 -2635.000000 -335.000000 1848.000000 
12.600000 62.560001 42.180000 4.140000 -41.709999 0.000000 3218.000000 128.000000 4415.000000 -2411.000000 -1718.000000 2217.000000 
12.050000 63.180000 41.930000 4.130000 -43.369999 0.000000 1097.000000 455.000000 3030.000000 -2481.000000 -1461.000000 2169.000000 
11.400000 63.680000 41.439999 4.230000 -45.500000 0.000000 732.000000 437.000000 2371.000000 -2635.000000 -2201.000000 2430.000000 
10.450000 63.860001 40.520000 3.900000 -47.840000 0.000000 1138.000000 436.000000 2576.000000 -3692.000000 -2348.000000 1829.000000 
9.630000 63.770000 39.669998 2.780000 -49.790001 0.000000 1181.000000 110.000000 3329.000000 -4282.000000 -2354.000000 1689.000000 
8.930000 63.490002 38.860001 0.760000 -51.500000 0.000000 1191.000000 -397.000000 4115.000000 -3426.000000 -3101.000000 2376.000000 
8.940000 62.389999 38.759998 -1.620000 -53.340000 0.000000 1473.000000 -772.000000 5682.000000 -3839.000000 -2713.000000 1786.000000 
9.830000 61.470001 39.480000 -3.940000 -55.330002 0.000000 2319.000000 -1047.000000 6575.000000 -5210.000000 -2894.000000 1652.000000 
11.320000 61.650002 40.980000 -5.080000 -56.549999 0.000000 -529.000000 -1245.000000 7559.000000 -2914.000000 -4221.000000 3366.000000 
12.090000 61.950001 42.049999 -6.250000 -57.160000 0.000000 1001.000000 -688.000000 3172.000000 -2612.000000 -2671.000000 1854.000000 
12.010000 62.340000 42.439999 -6.260000 -56.889999 0.000000 1040.000000 -383.000000 4331.000000 -1808.000000 -1789.000000 1526.000000 
12.270000 62.740002 43.250000 -7.170000 -57.840000 0.000000 2241.000000 -1214.000000 5688.000000 -3408.000000 -2461.000000 1230.000000 
12.490000 63.040001 43.689999 -7.490000 -58.779999 0.000000 703.000000 -782.000000 5141.000000 -3655.000000 -2387.000000 1175.000000 
12.170000 63.259998 43.759998 -7.600000 -59.700001 0.000000 692.000000 -759.000000 5111.000000 -3825.000000 -2772.000000 1208.000000 
12.810000 63.380001 44.610001 -7.520000 -60.480000 0.000000 639.000000 -710.000000 5099.000000 -4095.000000 -2906.000000 1173.000000 
13.480000 63.560001 45.619999 -7.480000 -61.189999 0.000000 385.000000 -827.000000 5193.000000 -4323.000000 -2943.000000 1049.000000 
13.940000 63.810001 46.529999 -7.400000 -61.790001 0.000000 278.000000 -868.000000 5384.000000 -4701.000000 -2742.000000 898.000000 
14.810000 64.110001 47.939999 -7.100000 -62.299999 0.000000 289.000000 -784.000000 5391.000000 -4651.000000 -2830.000000 880.000000 
15.820000 64.459999 49.549999 -6.600000 -62.669998 0.000000 186.000000 -712.000000 5376.000000 -4515.000000 -2969.000000 914.000000 
16.770000 64.820000 51.200001 -5.870000 -62.959999 0.000000 171.000000 -568.000000 5414.000000 -4572.000000 -2851.000000 825.000000 
17.840000 65.129997 53.040001 -4.990000 -63.169998 0.000000 113.000000 -435.000000 5398.000000 -4425.000000 -2663.000000 689.000000 
18.940001 65.379997 54.880001 -4.100000 -63.360001 0.000000 -47.000000 -319.000000 5284.000000 -4386.000000 -2495.000000 552.000000 
20.049999 65.540001 56.759998 -3.250000 -63.490002 0.000000 -90.000000 -246.000000 5217.000000 -4439.000000 -2296.000000 434.000000 
21.219999 65.610001 58.750000 -2.410000 -63.549999 0.000000 -31.000000 -160.000000 5189.000000 -4473.000000 -2008.000000 311.000000 
22.400000 65.669998 60.810001 -1.700000 -63.599998 0.000000 -78.000000 -116.000000 5194.000000 -4600.000000 -1926.000000 233.000000 
23.530001 65.739998 62.930000 -1.180000 -63.669998 0.000000 -154.000000 -115.000000 5191.000000 -4689.000000 -1977.000000 200.000000 
24.629999 65.800003 65.150002 -0.790000 -63.740002 0.000000 -187.000000 -155.000000 5188.000000 -4672.000000 -2103.000000 234.000000 
25.629999 65.830002 67.349998 -0.500000 -63.759998 0.000000 -126.000000 -198.000000 5181.000000 -4535.000000 -2238.000000 265.000000 
26.690001 65.809998 69.709999 -0.360000 -63.700001 0.000000 -17.000000 -239.000000 5179.000000 -4475.000000 -2371.000000 407.000000 
27.870001 65.720001 72.260002 -0.280000 -63.509998 0.000000 129.000000 -223.000000 5139.000000 -4353.000000 -2345.000000 508.000000 
29.260000 65.599998 75.059998 -0.120000 -63.270000 0.000000 217.000000 -200.000000 5010.000000 -4072.000000 -2421.000000 562.000000 
30.680000 65.489998 77.940002 0.120000 -62.939999 0.000000 288.000000 -216.000000 4724.000000 -3776.000000 -2268.000000 575.000000 
32.150002 65.400002 80.949997 0.650000 -62.540001 0.000000 333.000000 -102.000000 4524.000000 -3514.000000 -2056.000000 478.000000 
33.619999 65.339996 84.010002 1.400000 -62.160000 0.000000 230.000000 -4.000000 4205.000000 -3389.000000 -2037.000000 509.000000 
34.919998 65.250000 87.000000 2.240000 -61.810001 0.000000 153.000000 58.000000 3872.000000 -3411.000000 -1973.000000 468.000000 
35.970001 65.089996 89.720001 3.130000 -61.430000 0.000000 103.000000 106.000000 3712.000000 -3548.000000 -1944.000000 439.000000 
36.709999 64.809998 92.169998 3.880000 -61.000000 0.000000 160.000000 125.000000 3561.000000 -3681.000000 -2014.000000 427.000000 
37.180000 64.440002 94.339996 4.460000 -60.340000 0.000000 279.000000 115.000000 3493.000000 -3587.000000 -2002.000000 469.000000 
37.290001 64.000000 96.199997 4.820000 -59.520000 0.000000 433.000000 76.000000 3487.000000 -3374.000000 -2152.000000 520.000000 
37.270000 63.480000 97.910004 5.010000 -58.509998 0.000000 697.000000 27.000000 3650.000000 -3225.000000 -2218.000000 681.000000 
37.320000 62.849998 99.690002 4.980000 -57.250000 0.000000 832.000000 -63.000000 3822.000000 -3050.000000 -2118.000000 774.000000 
37.389999 62.150002 101.510002 4.790000 -55.779999 0.000000 954.000000 -169.000000 3962.000000 -2879.000000 -1968.000000 882.000000 
37.470001 61.380001 103.360001 4.580000 -54.299999 0.000000 1055.000000 -183.000000 3993.000000 -2526.000000 -1959.000000 980.000000 
37.490002 60.660000 105.180000 4.390000 -52.910000 0.000000 1066.000000 -184.000000 3764.000000 -2230.000000 -2111.000000 1176.000000 
37.180000 59.880001 106.790001 4.280000 -51.650002 0.000000 1093.000000 -260.000000 3439.000000 -2067.000000 -2003.000000 1190.000000 
36.720001 59.049999 108.250000 4.260000 -50.580002 0.000000 1008.000000 -355.000000 3133.000000 -2237.000000 -1978.000000 1208.000000 
36.180000 58.049999 109.669998 4.470000 -49.490002 0.000000 1105.000000 -369.000000 3106.000000 -2275.000000 -1923.000000 1263.000000 
35.439999 56.770000 110.910004 4.950000 -48.340000 0.000000 1444.000000 -288.000000 2957.000000 -2143.000000 -1853.000000 1294.000000 
34.700001 55.290001 112.239998 5.440000 -46.820000 0.000000 1757.000000 -282.000000 2866.000000 -1251.000000 -1792.000000 1815.000000 
33.880001 53.860001 113.519997 5.960000 -45.549999 0.000000 2163.000000 -143.000000 2914.000000 -683.000000 -1727.000000 1980.000000 
32.820000 52.740002 114.610001 6.350000 -44.650002 0.000000 2516.000000 -71.000000 3015.000000 -417.000000 -1740.000000 2197.000000 
31.469999 52.060001 115.449997 6.540000 -44.230000 0.000000 2738.000000 -27.000000 3178.000000 -443.000000 -2009.000000 2308.000000 
30.000000 52.029999 116.230003 6.500000 -44.250000 0.000000 2686.000000 46.000000 3188.000000 -662.000000 -2166.000000 2317.000000 
28.719999 52.529999 117.050003 6.340000 -44.700001 0.000000 2423.000000 59.000000 3011.000000 -1351.000000 -2375.000000 2102.000000 
27.430000 53.090000 117.650002 6.130000 -45.430000 0.000000 2161.000000 9.000000 2878.000000 -2146.000000 -2564.000000 1906.000000 
25.959999 53.470001 117.940002 5.840000 -46.340000 0.000000 1901.000000 -61.000000 2838.000000 -2675.000000 -2701.000000 1721.000000 
24.420000 53.709999 118.019997 5.290000 -47.049999 0.000000 1745.000000 -286.000000 2937.000000 -2860.000000 -2871.000000 1687.000000 
22.940001 53.880001 118.110001 4.560000 -47.389999 0.000000 1658.000000 -426.000000 3082.000000 -2659.000000 -2907.000000 1766.000000 
21.450001 53.959999 118.169998 3.700000 -47.330002 0.000000 1640.000000 -547.000000 3227.000000 -2252.000000 -2848.000000 1885.000000 
19.959999 53.889999 118.269997 2.850000 -47.000000 0.000000 1798.000000 -624.000000 3353.000000 -1899.000000 -2746.000000 1965.000000 
18.520000 53.459999 118.349998 2.070000 -46.599998 0.000000 1987.000000 -669.000000 3483.000000 -1558.000000 -2644.000000 2071.000000 
17.240000 52.889999 118.589996 1.350000 -46.349998 0.000000 2150.000000 -723.000000 3560.000000 -1218.000000 -2793.000000 2193.000000 
15.810000 52.810001 118.639999 0.700000 -46.299999 0.000000 2205.000000 -682.000000 3415.000000 -1291.000000 -2861.000000 2157.000000 
14.380000 52.810001 118.720001 0.130000 -46.419998 0.000000 2124.000000 -657.000000 3155.000000 -1660.000000 -3028.000000 2109.000000 
12.910000 52.709999 118.589996 -0.340000 -46.540001 0.000000 1939.000000 -612.000000 2856.000000 -2159.000000 -3123.000000 2119.000000 
11.580000 52.360001 118.480003 -0.890000 -46.520000 0.000000 2023.000000 -690.000000 2907.000000 -2394.000000 -3109.000000 2097.000000 
10.320000 51.599998 118.199997 -1.460000 -46.180000 0.000000 2452.000000 -762.000000 3243.000000 -2084.000000 -3154.000000 2262.000000 
9.180000 50.369999 118.110001 -2.190000 -45.669998 0.000000 2852.000000 -857.000000 3623.000000 -1377.000000 -3277.000000 2538.000000 
8.080000 49.290001 118.059998 -3.070000 -45.220001 0.000000 3024.000000 -1024.000000 4055.000000 -1032.000000 -3485.000000 2783.000000 
7.000000 48.400002 118.029999 -3.950000 -44.810001 0.000000 3157.000000 -1107.000000 4341.000000 -836.000000 -3368.000000 2876.000000 
6.040000 47.680000 117.940002 -4.750000 -44.480000 0.000000 3134.000000 -1171.000000 4383.000000 -858.000000 -3216.000000 2851.000000 
5.300000 47.130001 118.000000 -5.390000 -44.330002 0.000000 2922.000000 -1149.000000 4302.000000 -1036.000000 -3305.000000 2705.000000 
4.600000 46.990002 117.989998 -5.910000 -44.310001 0.000000 2614.000000 -1185.000000 4044.000000 -1258.000000 -3247.000000 2519.000000 
3.880000 47.310001 117.790001 -6.310000 -44.430000 0.000000 2312.000000 -1228.000000 3928.000000 -1659.000000 -3244.000000 2312.000000 
3.280000 47.680000 117.709999 -6.590000 -44.779999 0.000000 2098.000000 -1222.000000 3698.000000 -2081.000000 -3305.000000 2191.000000 
2.770000 48.020000 117.669998 -6.830000 -45.310001 0.000000 2003.000000 -1299.000000 3605.000000 -2409.000000 -3491.000000 2074.000000 
2.200000 48.320000 117.610001 -7.010000 -45.779999 0.000000 2099.000000 -1241.000000 3789.000000 -2507.000000 -3753.000000 2166.000000 
1.570000 48.560001 117.519997 -7.180000 -46.119999 0.000000 2170.000000 -1254.000000 3784.000000 -2252.000000 -3872.000000 2278.000000 
0.960000 48.830002 117.459999 -7.270000 -46.270000 0.000000 2286.000000 -1165.000000 3778.000000 -1959.000000 -3910.000000 2397.000000 
0.400000 49.070000 117.400002 -7.270000 -46.139999 0.000000 2416.000000 -1058.000000 3812.000000 -1679.000000 -3783.000000 2434.000000 
-0.040000 49.209999 117.410004 -7.210000 -45.919998 0.000000 2444.000000 -939.000000 3764.000000 -1579.000000 -3606.000000 2411.000000 
-0.340000 49.360001 117.470001 -7.210000 -45.590000 0.000000 2222.000000 -919.000000 3592.000000 -1698.000000 -3338.000000 2262.000000 
-0.490000 49.520000 117.589996 -7.240000 -45.290001 0.000000 2063.000000 -878.000000 3496.000000 -1835.000000 -3088.000000 2092.000000 
-0.410000 49.610001 117.839996 -7.380000 -45.070000 0.000000 1875.000000 -885.000000 3380.000000 -2039.000000 -2900.000000 1942.000000 
-0.230000 49.650002 118.089996 -7.690000 -44.930000 0.000000 1781.000000 -965.000000 3466.000000 -2080.000000 -2856.000000 1861.000000 
-0.120000 49.650002 118.290001 -8.120000 -44.840000 0.000000 1844.000000 -1033.000000 3672.000000 -2065.000000 -2888.000000 1855.000000 
-0.180000 49.570000 118.400002 -8.650000 -44.860001 0.000000 1881.000000 -1096.000000 3952.000000 -2015.000000 -3129.000000 2002.000000 
-0.410000 49.480000 118.389999 -9.210000 -44.959999 0.000000 1982.000000 -1121.000000 4126.000000 -1949.000000 -3273.000000 2074.000000 
-0.720000 49.410000 118.320000 -9.720000 -45.119999 0.000000 2030.000000 -1150.000000 4241.000000 -1927.000000 -3360.000000 2155.000000 
-1.050000 49.310001 118.279999 -10.140000 -45.180000 0.000000 2064.000000 -1134.000000 4186.000000 -1888.000000 -3342.000000 2249.000000 
-1.240000 49.279999 118.320000 -10.420000 -45.110001 0.000000 2090.000000 -1070.000000 4096.000000 -1801.000000 -3223.000000 2252.000000 
-1.400000 49.320000 118.379997 -10.550000 -44.959999 0.000000 2172.000000 -953.000000 4016.000000 -1697.000000 -3160.000000 2325.000000 
-1.470000 49.340000 118.419998 -10.550000 -44.689999 0.000000 2250.000000 -838.000000 3868.000000 -1637.000000 -3091.000000 2348.000000 
-1.540000 49.389999 118.400002 -10.520000 -44.520000 0.000000 2324.000000 -733.000000 3784.000000 -1665.000000 -3124.000000 2387.000000 
-1.560000 49.470001 118.400002 -10.510000 -44.419998 0.000000 2240.000000 -693.000000 3673.000000 -1794.000000 -3069.000000 2355.000000 
-1.570000 49.549999 118.349998 -10.570000 -44.500000 0.000000 2100.000000 -716.000000 3578.000000 -1954.000000 -3085.000000 2281.000000 
-1.540000 49.630001 118.250000 -10.630000 -44.590000 0.000000 2034.000000 -708.000000 3618.000000 -2061.000000 -3120.000000 2256.000000 
-1.510000 49.689999 118.129997 -10.770000 -44.810001 0.000000 1975.000000 -766.000000 3644.000000 -2125.000000 -3120.000000 2202.000000 
-1.480000 49.709999 118.029999 -10.960000 -44.970001 0.000000 1878.000000 -802.000000 3653.000000 -2258.000000 -3030.000000 2123.000000 
-1.400000 49.709999 117.940002 -11.150000 -45.020000 0.000000 1842.000000 -789.000000 3683.000000 -2217.000000 -2935.000000 2074.000000 
-1.360000 49.720001 117.860001 -11.340000 -45.040001 0.000000 1786.000000 -763.000000 3752.000000 -2110.000000 -2834.000000 2018.000000 
-1.440000 49.740002 117.680000 -11.570000 -45.099998 0.000000 1818.000000 -780.000000 3871.000000 -2075.000000 -2884.000000 2046.000000 
-1.550000 49.770000 117.459999 -11.820000 -45.299999 0.000000 1847.000000 -789.000000 3971.000000 -2053.000000 -3021.000000 2112.000000 
-1.660000 49.790001 117.269997 -12.060000 -45.540001 0.000000 1881.000000 -808.000000 4062.000000 -2131.000000 -3156.000000 2184.000000 
-1.700000 49.779999 117.040001 -12.250000 -45.759998 0.000000 1928.000000 -791.000000 4114.000000 -2202.000000 -3235.000000 2270.000000 
-1.660000 49.779999 116.860001 -12.320000 -45.740002 0.000000 1901.000000 -735.000000 4047.000000 -2136.000000 -3129.000000 2288.000000 
-1.560000 49.889999 116.769997 -12.240000 -45.490002 0.000000 1897.000000 -641.000000 3902.000000 -2039.000000 -2985.000000 2271.000000 
-1.390000 50.040001 116.690002 -12.090000 -45.270000 0.000000 1787.000000 -612.000000 3697.000000 -2184.000000 -2745.000000 2100.000000 
-1.130000 50.119999 116.669998 -11.780000 -45.070000 0.000000 1646.000000 -528.000000 3582.000000 -2298.000000 -2434.000000 1878.000000 
-0.890000 50.209999 116.669998 -11.490000 -44.959999 0.000000 1482.000000 -532.000000 3484.000000 -2450.000000 -2322.000000 1724.000000 
-0.720000 50.299999 116.610001 -11.300000 -44.910000 0.000000 1297.000000 -569.000000 3376.000000 -2573.000000 -2212.000000 1610.000000 
-0.640000 50.330002 116.529999 -11.140000 -44.680000 0.000000 1317.000000 -539.000000 3429.000000 10006.000000 -6427.000000 13813.000000 
-1.260000 49.400002 115.800003 -10.190000 -45.650002 0.000000 3667.000000 1452.000000 1702.000000 -3683.000000 -4078.000000 2297.000000 
-0.990000 49.639999 115.750000 -8.580000 -45.759998 0.000000 3252.000000 -201.000000 4996.000000 -2355.000000 -3113.000000 2441.000000 
-0.710000 50.209999 115.820000 -7.500000 -45.560001 0.000000 1988.000000 -409.000000 4158.000000 -1781.000000 -2713.000000 2233.000000 
-0.780000 50.669998 115.540001 -6.710000 -45.680000 0.000000 1774.000000 -403.000000 3548.000000 -2405.000000 -3061.000000 2371.000000 
-0.690000 50.799999 115.349998 -6.140000 -45.830002 0.000000 1617.000000 -681.000000 4372.000000 -4617.000000 -2793.000000 1402.000000 
-0.440000 50.959999 115.389999 -5.340000 -45.369999 0.000000 691.000000 -398.000000 3878.000000 -1199.000000 -3657.000000 2650.000000 
-0.160000 50.990002 115.580002 -4.550000 -45.020000 0.000000 2005.000000 -89.000000 3390.000000 -2533.000000 -2696.000000 1832.000000 
0.120000 50.840000 115.760002 -3.880000 -44.709999 0.000000 1754.000000 -11.000000 3997.000000 -3077.000000 -2785.000000 2005.000000 
0.430000 50.639999 116.010002 -3.560000 -44.189999 0.000000 1849.000000 -148.000000 4422.000000 -2905.000000 -2616.000000 1935.000000 
0.580000 50.590000 116.190002 -3.270000 -43.450001 0.000000 1802.000000 -75.000000 4205.000000 -2845.000000 -2736.000000 2080.000000 
0.400000 50.540001 116.150002 -3.050000 -41.980000 0.000000 1920.000000 -116.000000 4248.000000 -1952.000000 -3105.000000 3047.000000 
0.120000 50.540001 115.980003 -2.850000 -40.680000 0.000000 1740.000000 -145.000000 4304.000000 -1716.000000 -4129.000000 3327.000000 
-0.110000 50.310001 115.750000 -2.800000 -39.470001 0.000000 2118.000000 -388.000000 4300.000000 -2325.000000 -3145.000000 2575.000000 
-0.060000 49.910000 115.629997 -3.110000 -38.169998 0.000000 1907.000000 -1467.000000 5385.000000 -2526.000000 -2451.000000 2014.000000 
-0.170000 49.270000 115.330002 -2.740000 -36.869999 0.000000 2030.000000 -488.000000 4833.000000 -1837.000000 -2311.000000 2328.000000 
-0.770000 48.770000 114.709999 -2.240000 -35.900002 0.000000 2248.000000 -591.000000 4617.000000 -1340.000000 -2441.000000 2301.000000 
-2.050000 48.450001 113.559998 -1.720000 -35.560001 0.000000 2701.000000 -650.000000 4790.000000 -1682.000000 -3000.000000 2232.000000 
-3.570000 48.230000 112.220001 -1.070000 -35.820000 0.000000 3180.000000 -460.000000 5024.000000 -2299.000000 -4105.000000 2957.000000 
-4.990000 48.099998 110.879997 -0.540000 -36.459999 0.000000 3159.000000 -522.000000 5137.000000 -2769.000000 -5003.000000 3691.000000 
-6.130000 48.119999 109.739998 -0.140000 -37.169998 0.000000 2920.000000 -616.000000 4876.000000 -2788.000000 -5103.000000 3658.000000 
-6.980000 48.250000 108.739998 0.080000 -37.830002 0.000000 2578.000000 -704.000000 4509.000000 -2658.000000 -4624.000000 2992.000000 
-7.570000 48.360001 107.919998 0.080000 -38.389999 0.000000 2138.000000 -715.000000 4570.000000 -2753.000000 -4088.000000 2290.000000 
-7.900000 48.389999 107.180000 -0.090000 -38.880001 0.000000 1773.000000 -721.000000 4695.000000 -2740.000000 -3800.000000 1802.000000 
-8.070000 48.250000 106.519997 -0.350000 -39.330002 0.000000 1732.000000 -696.000000 4721.000000 -2770.000000 -3555.000000 1458.000000 
-8.160000 47.889999 105.900002 -0.690000 -39.740002 0.000000 1843.000000 -701.000000 4636.000000 -2643.000000 -3294.000000 1235.000000 
-8.140000 47.330002 105.349998 -1.110000 -40.200001 0.000000 1965.000000 -719.000000 4598.000000 -2394.000000 -3092.000000 1141.000000 
-8.090000 46.599998 104.779999 -1.680000 -40.790001 0.000000 2019.000000 -841.000000 4329.000000 -2080.000000 -2887.000000 1106.000000 
-8.090000 45.779999 104.099998 -2.490000 -41.650002 0.000000 2058.000000 -1021.000000 4001.000000 -1798.000000 -2771.000000 994.000000 
-8.090000 44.970001 103.379997 -3.590000 -42.869999 0.000000 2072.000000 -1240.000000 3786.000000 -1469.000000 -3100.000000 1350.000000 
-8.120000 44.360001 102.660004 -4.920000 -44.270000 0.000000 1906.000000 -1345.000000 3861.000000 -1154.000000 -3731.000000 1897.000000 
-8.160000 43.869999 101.970001 -6.450000 -45.750000 0.000000 1628.000000 -1529.000000 4346.000000 -1131.000000 -4145.000000 2320.000000 
-8.140000 43.459999 101.300003 -8.030000 -47.110001 0.000000 1535.000000 -1664.000000 4605.000000 -1285.000000 -4470.000000 2714.000000 
-8.040000 43.150002 100.680000 -9.450000 -48.189999 0.000000 1245.000000 -1766.000000 4763.000000 -1728.000000 -4689.000000 2943.000000 
-7.690000 43.099998 100.279999 -10.550000 -48.919998 0.000000 519.000000 -2086.000000 5052.000000 -2218.000000 -4772.000000 2896.000000 
-6.990000 43.240002 100.180000 -11.040000 -49.020000 0.000000 669.000000 -1914.000000 5271.000000 -2637.000000 -4548.000000 2773.000000 
-5.880000 43.419998 100.449997 -10.710000 -48.599998 0.000000 669.000000 -1411.000000 4227.000000 -2953.000000 -4055.000000 2396.000000 
-4.480000 43.439999 100.940002 -9.580000 -47.610001 0.000000 771.000000 -616.000000 2595.000000 -2734.000000 -3316.000000 1963.000000 
-2.860000 43.200001 101.589996 -7.970000 -46.150002 0.000000 1143.000000 -179.000000 1730.000000 -2248.000000 -2572.000000 1619.000000 
-1.110000 42.680000 102.269997 -6.290000 -44.220001 0.000000 1253.000000 152.000000 1438.000000 -1698.000000 -1806.000000 1442.000000 
0.740000 41.860001 102.919998 -4.740000 -41.759998 0.000000 1396.000000 322.000000 1521.000000 -1218.000000 -1191.000000 1473.000000 
2.690000 40.790001 103.480003 -3.310000 -39.310001 0.000000 1756.000000 668.000000 1750.000000 -710.000000 -680.000000 1658.000000 
4.680000 39.500000 103.889999 -2.030000 -37.180000 0.000000 2163.000000 956.000000 2014.000000 -420.000000 -412.000000 1885.000000 
6.630000 38.099998 104.089996 -0.890000 -35.369999 0.000000 2410.000000 1108.000000 2222.000000 -300.000000 -270.000000 2117.000000 
8.450000 36.709999 104.040001 0.200000 -33.849998 0.000000 2372.000000 1128.000000 2267.000000 -343.000000 -258.000000 2281.000000 
10.070000 35.450001 103.720001 1.220000 -32.480000 0.000000 2555.000000 1149.000000 2150.000000 -908.000000 8.000000 2246.000000 
11.550000 34.320000 103.129997 2.360000 -31.240000 0.000000 1984.000000 1217.000000 1936.000000 -336.000000 -103.000000 2265.000000 
12.770000 33.340000 102.320000 3.410000 -30.250000 0.000000 2027.000000 1198.000000 1895.000000 -577.000000 -147.000000 2118.000000 
13.750000 32.529999 101.290001 4.260000 -29.530001 0.000000 2185.000000 1193.000000 2037.000000 -759.000000 -280.000000 2022.000000 
14.510000 31.930000 100.120003 4.950000 -29.110001 0.000000 2173.000000 1289.000000 2252.000000 -1002.000000 -297.000000 1953.000000 
15.150000 31.520000 98.870003 5.430000 -29.120001 0.000000 2220.000000 1277.000000 2533.000000 -1380.000000 -521.000000 1897.000000 
15.740000 31.280001 97.550003 5.610000 -29.639999 0.000000 2182.000000 1242.000000 3022.000000 -1821.000000 -747.000000 1935.000000 
16.209999 31.299999 96.220001 5.360000 -30.570000 0.000000 1999.000000 1037.000000 3510.000000 -2296.000000 -1016.000000 1967.000000 
16.530001 31.580000 94.879997 4.750000 -31.740000 0.000000 1632.000000 815.000000 3891.000000 -2726.000000 -1311.000000 2004.000000 
16.730000 32.000000 93.559998 3.930000 -33.049999 0.000000 1394.000000 516.000000 3911.000000 -3139.000000 -1548.000000 2057.000000 
16.809999 32.520000 92.279999 3.310000 -34.400002 0.000000 1287.000000 794.000000 3568.000000 -3322.000000 -1715.000000 2129.000000 
16.760000 33.049999 91.070000 2.800000 -35.740002 0.000000 1254.000000 872.000000 3163.000000 -3321.000000 -1919.000000 2233.000000 
16.690001 33.549999 89.910004 2.300000 -36.990002 0.000000 1235.000000 897.000000 3021.000000 -3283.000000 -2056.000000 2506.000000 
16.620001 33.990002 88.820000 1.920000 -38.040001 0.000000 1517.000000 1073.000000 2965.000000 -3022.000000 -2174.000000 2924.000000 
16.570000 34.349998 87.760002 1.590000 -38.619999 0.000000 1930.000000 1154.000000 3023.000000 -2705.000000 -2189.000000 3205.000000 
16.540001 34.680000 86.709999 1.270000 -38.770000 0.000000 2187.000000 1241.000000 3339.000000 -2599.000000 -2130.000000 3399.000000 
16.549999 34.970001 85.660004 0.800000 -38.720001 0.000000 1997.000000 1037.000000 3883.000000 -2641.000000 -2096.000000 3443.000000 
16.600000 35.169998 84.589996 0.270000 -38.650002 0.000000 1681.000000 902.000000 4170.000000 -2816.000000 -2023.000000 3313.000000 
16.670000 35.250000 83.500000 -0.290000 -38.720001 0.000000 1415.000000 745.000000 4193.000000 -3071.000000 -1937.000000 3061.000000 
16.750000 35.180000 82.419998 -0.850000 -39.090000 0.000000 1209.000000 634.000000 4113.000000 -3269.000000 -1977.000000 2546.000000 
16.770000 35.000000 81.379997 -1.460000 -39.660000 0.000000 1325.000000 435.000000 4105.000000 -3646.000000 -2146.000000 2029.000000 
16.799999 34.740002 80.500000 -2.080000 -40.259998 0.000000 1807.000000 286.000000 4230.000000 -3987.000000 -2312.000000 1997.000000 
16.910000 34.270000 79.849998 -2.650000 -40.919998 0.000000 2548.000000 265.000000 4486.000000 -3812.000000 -2610.000000 2320.000000 
17.059999 33.740002 79.360001 -3.150000 -41.660000 0.000000 3286.000000 356.000000 4389.000000 -3407.000000 -2825.000000 2874.000000 
17.160000 33.389999 79.000000 -3.550000 -42.070000 0.000000 3534.000000 411.000000 4366.000000 -2869.000000 -2867.000000 3375.000000 
17.219999 33.150002 78.769997 -3.830000 -41.810001 0.000000 3406.000000 402.000000 4288.000000 -2166.000000 -2735.000000 3750.000000 
17.340000 33.049999 78.519997 -4.030000 -41.340000 0.000000 3196.000000 400.000000 4010.000000 -1705.000000 -2544.000000 3964.000000 
17.430000 33.060001 78.239998 -4.080000 -40.840000 0.000000 2945.000000 579.000000 3573.000000 -1398.000000 -2338.000000 4020.000000 
17.580000 33.000000 77.949997 -4.040000 -40.369999 0.000000 2858.000000 713.000000 3405.000000 -1509.000000 -2397.000000 4040.000000 
17.820000 32.820000 77.690002 -4.040000 -39.869999 0.000000 3005.000000 769.000000 3453.000000 -2047.000000 -2562.000000 4154.000000 
18.139999 32.529999 77.470001 -4.190000 -39.270000 0.000000 3239.000000 419.000000 4129.000000 -2534.000000 -2776.000000 3991.000000 
18.549999 32.139999 77.339996 -4.320000 -39.150002 0.000000 3462.000000 332.000000 4296.000000 -3026.000000 -2735.000000 3693.000000 
19.030001 31.700001 77.360001 -4.390000 -38.779999 0.000000 3733.000000 284.000000 4201.000000 -2939.000000 -2534.000000 3446.000000 
19.520000 31.299999 77.529999 -4.340000 -38.040001 0.000000 3636.000000 245.000000 3888.000000 -2515.000000 -2265.000000 3237.000000 
19.990000 31.180000 77.839996 -4.190000 -37.220001 0.000000 3130.000000 206.000000 3456.000000 -2002.000000 -2006.000000 3122.000000 
20.309999 31.290001 78.239998 -4.020000 -36.570000 0.000000 2813.000000 226.000000 3174.000000 -1656.000000 -1830.000000 3051.000000 
20.500000 31.629999 78.660004 -3.990000 -36.169998 0.000000 2544.000000 29.000000 2957.000000 -1200.000000 -1899.000000 3078.000000 
20.260000 32.150002 78.919998 -4.040000 -35.959999 0.000000 2261.000000 -55.000000 2915.000000 -1271.000000 -2009.000000 3202.000000 
19.780001 32.560001 78.949997 -4.030000 -36.130001 0.000000 2332.000000 99.000000 2359.000000 -1496.000000 -2328.000000 3203.000000 
19.080000 32.310001 78.699997 -3.940000 -36.240002 0.000000 2973.000000 459.000000 1649.000000 -1168.000000 -2631.000000 3316.000000 
18.200001 31.370001 78.290001 -3.990000 -36.450001 0.000000 3711.000000 393.000000 2096.000000 -977.000000 -3102.000000 3510.000000 
17.340000 29.629999 77.730003 -3.320000 -36.700001 0.000000 893.000000 1052.000000 7402.000000 -940.000000 -3918.000000 4355.000000 
16.840000 27.770000 77.099998 -2.150000 -36.759998 0.000000 2733.000000 494.000000 -5.000000 -3970.000000 -8232.000000 9579.000000 
16.750000 26.290001 76.610001 -2.030000 -36.419998 0.000000 2465.000000 433.000000 1163.000000 1049.000000 -2966.000000 3539.000000 
17.110001 25.709999 76.699997 -2.390000 -37.000000 0.000000 3720.000000 -302.000000 3593.000000 -916.000000 -1347.000000 1533.000000 
17.620001 25.910000 76.959999 -2.800000 -37.590000 0.000000 2122.000000 -453.000000 2239.000000 -1942.000000 -1969.000000 2261.000000 
17.980000 25.920000 77.070000 -3.140000 -38.279999 0.000000 2671.000000 -757.000000 3396.000000 -1999.000000 -2762.000000 3609.000000 
17.780001 25.260000 76.959999 -3.260000 -38.689999 0.000000 3193.000000 -461.000000 3056.000000 -1432.000000 -2999.000000 3588.000000 
