14.930000 19.639999 74.500000 -8.600000 -43.130001 0.000000 2907.000000 -634.000000 3098.000000 -1351.000000 -2792.000000 2867.000000 
14.920000 19.629999 74.500000 -8.570000 -42.880001 0.000000 2931.000000 -595.000000 3097.000000 -1371.000000 -2777.000000 2884.000000 
14.930000 19.629999 74.480003 -8.550000 -42.889999 0.000000 2927.000000 -597.000000 3089.000000 -1384.000000 -2789.000000 2883.000000 
14.940000 19.650000 74.459999 -8.540000 -42.930000 0.000000 2891.000000 -617.000000 3093.000000 -1392.000000 -2778.000000 2853.000000 
14.940000 19.650000 74.430000 -8.530000 -42.919998 0.000000 2915.000000 -602.000000 3093.000000 -1364.000000 -2786.000000 2875.000000 
14.960000 19.639999 74.389999 -8.520000 -42.740002 0.000000 2925.000000 -592.000000 3081.000000 -1427.000000 -2775.000000 2872.000000 
15.000000 19.639999 74.360001 -8.510000 -42.740002 0.000000 2919.000000 -599.000000 3118.000000 -1402.000000 -2800.000000 2883.000000 
15.020000 19.610001 74.389999 -8.510000 -42.779999 0.000000 2890.000000 -599.000000 3084.000000 -1402.000000 -2765.000000 2837.000000 
15.040000 19.570000 74.360001 -8.530000 -42.740002 0.000000 2928.000000 -615.000000 3093.000000 -1393.000000 -2791.000000 2852.000000 
15.010000 19.549999 74.360001 -8.550000 -42.790001 0.000000 2911.000000 -612.000000 3096.000000 -1380.000000 -2787.000000 2860.000000 
15.000000 19.540001 74.360001 -8.560000 -42.810001 0.000000 2916.000000 -614.000000 3114.000000 -1370.000000 -2806.000000 2866.000000 
14.990000 19.549999 74.410004 -8.580000 -43.020000 0.000000 2900.000000 -631.000000 3079.000000 -1399.000000 -2800.000000 2860.000000 
14.890000 19.610001 74.370003 -8.620000 -43.250000 0.000000 2886.000000 -663.000000 3099.000000 -1404.000000 -2854.000000 2787.000000 
14.760000 19.680000 74.360001 -8.630000 -43.500000 0.000000 2919.000000 -634.000000 3133.000000 -1414.000000 -2836.000000 2744.000000 
14.630000 19.730000 74.349998 -8.630000 -43.880001 0.000000 2870.000000 -625.000000 3141.000000 -1438.000000 -2940.000000 2732.000000 
14.600000 19.770000 74.419998 -8.590000 -43.950001 0.000000 2930.000000 -581.000000 3128.000000 -1410.000000 -2874.000000 2821.000000 
14.680000 19.799999 74.550003 -8.550000 -43.730000 0.000000 2956.000000 -538.000000 3059.000000 -1291.000000 -2838.000000 2896.000000 
14.770000 19.690001 74.610001 -8.550000 -43.299999 0.000000 2958.000000 -527.000000 3080.000000 -1217.000000 -2782.000000 2937.000000 
14.870000 19.650000 74.730003 -8.640000 -43.340000 0.000000 3011.000000 -619.000000 3082.000000 -1181.000000 -2651.000000 2663.000000 
14.820000 19.709999 74.830002 -8.780000 -43.560001 0.000000 3006.000000 -619.000000 3106.000000 -1299.000000 -2874.000000 2913.000000 
14.600000 19.850000 74.949997 -8.750000 -44.029999 0.000000 2466.000000 -161.000000 2120.000000 -1445.000000 -3034.000000 2654.000000 
14.100000 19.990000 74.900002 -9.020000 -44.810001 0.000000 2982.000000 -832.000000 3222.000000 -1583.000000 -3442.000000 2608.000000 
13.520000 20.400000 74.989998 -9.240000 -45.630001 0.000000 3471.000000 -911.000000 3637.000000 -1733.000000 -4014.000000 2764.000000 
13.050000 21.000000 75.269997 -9.240000 -46.459999 0.000000 4362.000000 -791.000000 3667.000000 -2126.000000 -4764.000000 3638.000000 
12.760000 21.600000 75.680000 -8.970000 -47.290001 0.000000 4656.000000 -721.000000 3696.000000 -2806.000000 -6403.000000 4786.000000 
12.700000 22.389999 76.180000 -8.500000 -47.360001 0.000000 4727.000000 -655.000000 3678.000000 -2606.000000 -6054.000000 5547.000000 
13.230000 23.500000 76.839996 -7.960000 -46.840000 0.000000 5038.000000 -760.000000 3890.000000 -1362.000000 -4627.000000 4248.000000 
14.400000 24.950001 77.669998 -7.500000 -45.990002 0.000000 4710.000000 -1064.000000 4218.000000 -164.000000 -3270.000000 3475.000000 
15.560000 26.350000 78.510002 -7.050000 -45.270000 0.000000 4641.000000 -1360.000000 5158.000000 380.000000 -2458.000000 3004.000000 
16.309999 27.719999 79.059998 -6.620000 -44.849998 0.000000 5650.000000 -1443.000000 6138.000000 596.000000 -2557.000000 3056.000000 
16.719999 29.290001 79.379997 -5.670000 -44.610001 0.000000 5536.000000 -902.000000 4333.000000 -598.000000 -2950.000000 3939.000000 
16.730000 31.360001 79.269997 -4.390000 -44.700001 0.000000 3909.000000 -563.000000 3183.000000 -480.000000 -3617.000000 4204.000000 
16.780001 33.689999 79.059998 -3.600000 -44.930000 0.000000 3870.000000 -497.000000 3468.000000 -1316.000000 -4141.000000 4395.000000 
17.200001 36.240002 79.160004 -3.030000 -45.090000 0.000000 4542.000000 -184.000000 3603.000000 -1734.000000 -4294.000000 4451.000000 
18.820000 37.980000 79.620003 -2.260000 -44.970001 0.000000 4704.000000 197.000000 3023.000000 -1713.000000 -4346.000000 4627.000000 
20.160000 38.599998 79.779999 -1.210000 -44.400002 0.000000 2821.000000 274.000000 2797.000000 -1943.000000 -3963.000000 4411.000000 
20.750000 39.570000 79.320000 0.330000 -43.509998 0.000000 2765.000000 916.000000 2026.000000 -1098.000000 -3525.000000 4039.000000 
22.280001 39.950001 79.250000 2.040000 -42.590000 0.000000 3070.000000 1468.000000 1229.000000 -1556.000000 -3307.000000 3682.000000 
24.330000 40.009998 79.379997 3.340000 -41.410000 0.000000 3485.000000 1081.000000 2207.000000 -1428.000000 -2957.000000 3622.000000 
26.170000 39.880001 79.339996 4.290000 -40.040001 0.000000 3401.000000 594.000000 3217.000000 -1273.000000 -2875.000000 3582.000000 
27.850000 39.450001 78.959999 5.270000 -38.770000 0.000000 3365.000000 534.000000 3323.000000 -1527.000000 -3128.000000 3821.000000 
29.700001 38.830002 78.599998 6.330000 -37.419998 0.000000 3343.000000 495.000000 3334.000000 -1496.000000 -3232.000000 3928.000000 
31.709999 38.220001 78.239998 7.340000 -35.970001 0.000000 3357.000000 432.000000 3455.000000 -1393.000000 -3213.000000 3859.000000 
33.750000 37.639999 77.879997 8.330000 -34.430000 0.000000 3352.000000 460.000000 3422.000000 -1387.000000 -3086.000000 3721.000000 
35.869999 37.240002 77.589996 9.320000 -32.720001 0.000000 3191.000000 490.000000 3338.000000 -1210.000000 -3002.000000 3723.000000 
38.080002 37.029999 77.360001 10.300000 -30.920000 0.000000 3058.000000 605.000000 3164.000000 -1089.000000 -2592.000000 3247.000000 
40.349998 37.049999 77.250000 11.300000 -29.000000 0.000000 2964.000000 779.000000 2942.000000 -959.000000 -2102.000000 2874.000000 
42.650002 37.330002 77.250000 12.280000 -27.020000 0.000000 2738.000000 855.000000 2682.000000 -855.000000 -1598.000000 2570.000000 
44.950001 37.910000 77.300003 13.240000 -25.049999 0.000000 2232.000000 868.000000 2476.000000 -700.000000 -1317.000000 2272.000000 
47.180000 38.770000 77.370003 14.260000 -23.180000 0.000000 1512.000000 825.000000 2255.000000 -903.000000 -929.000000 1906.000000 
49.360001 39.669998 77.430000 15.340000 -21.500000 0.000000 988.000000 805.000000 1950.000000 -1205.000000 -659.000000 1617.000000 
51.439999 40.540001 77.430000 15.900000 -19.889999 0.000000 268.000000 678.000000 1961.000000 -1570.000000 -731.000000 1729.000000 
53.290001 41.349998 77.269997 16.040001 -18.389999 0.000000 -145.000000 548.000000 2167.000000 -1795.000000 -1334.000000 2178.000000 
54.820000 42.119999 76.910004 16.030001 -16.600000 0.000000 -271.000000 528.000000 2290.000000 -1903.000000 -1492.000000 1852.000000 
56.099998 42.860001 76.410004 15.980000 -14.340000 0.000000 -160.000000 591.000000 2458.000000 -1986.000000 -849.000000 1021.000000 
57.200001 43.540001 75.830002 16.000000 -11.320000 0.000000 355.000000 724.000000 2560.000000 -2018.000000 531.000000 -362.000000 
58.139999 44.200001 75.220001 16.209999 -8.280000 0.000000 722.000000 822.000000 2632.000000 -2240.000000 2193.000000 -1464.000000 
58.950001 45.000000 74.650002 16.580000 -5.680000 0.000000 669.000000 843.000000 2458.000000 -2186.000000 2648.000000 -1273.000000 
59.400002 46.119999 73.970001 16.500000 -3.560000 0.000000 191.000000 692.000000 2394.000000 -1854.000000 1638.000000 -134.000000 
59.369999 47.529999 73.089996 16.070000 -2.650000 0.000000 -730.000000 386.000000 2347.000000 -1678.000000 267.000000 928.000000 
58.810001 49.049999 71.919998 15.490000 -2.560000 0.000000 -1602.000000 100.000000 2411.000000 -2016.000000 -314.000000 975.000000 
57.720001 50.540001 70.410004 14.690000 -2.650000 0.000000 -1573.000000 -141.000000 2895.000000 -2745.000000 -264.000000 513.000000 
56.160000 51.939999 68.650002 13.680000 -3.220000 0.000000 -967.000000 -374.000000 3520.000000 -3460.000000 -647.000000 318.000000 
54.330002 53.270000 66.779999 12.570000 -4.210000 0.000000 -280.000000 -478.000000 4149.000000 -4216.000000 -943.000000 267.000000 
52.520000 54.570000 65.040001 11.500000 -5.510000 0.000000 117.000000 -583.000000 4597.000000 -4412.000000 -1289.000000 448.000000 
50.849998 55.869999 63.580002 10.480000 -6.940000 0.000000 -524.000000 -784.000000 4636.000000 -4708.000000 -1520.000000 450.000000 
49.250000 57.099998 62.349998 9.770000 -8.430000 0.000000 -1362.000000 -792.000000 3902.000000 -5162.000000 -1526.000000 162.000000 
47.430000 58.130001 61.049999 9.300000 -9.970000 0.000000 -2183.000000 -971.000000 3736.000000 -5644.000000 -1594.000000 -19.000000 
45.130001 58.880001 59.380001 8.870000 -11.520000 0.000000 -2476.000000 -1044.000000 4110.000000 -5316.000000 -2024.000000 811.000000 
42.080002 59.279999 57.090000 8.660000 -12.790000 0.000000 -2804.000000 -740.000000 3652.000000 -4398.000000 -2197.000000 1384.000000 
38.599998 59.439999 54.389999 8.200000 -13.660000 0.000000 -785.000000 -394.000000 3781.000000 -3774.000000 -1641.000000 1570.000000 
34.709999 59.419998 51.310001 7.490000 -14.260000 0.000000 132.000000 -683.000000 5121.000000 -2708.000000 -1107.000000 1527.000000 
30.620001 59.299999 48.220001 6.950000 -14.810000 0.000000 1057.000000 -602.000000 5899.000000 -2171.000000 -834.000000 1802.000000 
26.639999 59.240002 45.490002 6.390000 -15.660000 0.000000 1690.000000 -460.000000 6926.000000 -1696.000000 -1636.000000 3295.000000 
23.000000 59.189999 43.189999 5.790000 -17.090000 0.000000 2108.000000 -384.000000 7364.000000 -2002.000000 -2336.000000 4181.000000 
19.820000 59.529999 41.270000 5.340000 -19.070000 0.000000 2036.000000 -252.000000 6787.000000 -2951.000000 -2506.000000 3882.000000 
17.010000 60.279999 39.669998 5.030000 -21.490000 0.000000 1339.000000 -101.000000 5886.000000 -3929.000000 -2488.000000 3249.000000 
14.740000 61.380001 38.459999 4.700000 -24.040001 0.000000 428.000000 -4.000000 4736.000000 -4353.000000 -2616.000000 2985.000000 
13.030000 62.560001 37.639999 4.660000 -26.450001 0.000000 -202.000000 174.000000 3465.000000 -4307.000000 -2445.000000 2676.000000 
11.620000 63.610001 37.000000 5.280000 -28.650000 0.000000 -9.000000 372.000000 3163.000000 -4232.000000 -2131.000000 2311.000000 
10.320000 64.360001 36.369999 5.010000 -30.570000 0.000000 -202.000000 198.000000 3807.000000 -4156.000000 -1809.000000 1868.000000 
9.260000 64.779999 35.959999 4.290000 -32.279999 0.000000 -193.000000 -6.000000 4650.000000 -3933.000000 -1785.000000 1848.000000 
8.120000 64.949997 35.529999 3.640000 -33.820000 0.000000 116.000000 -8.000000 4783.000000 -3770.000000 -2112.000000 2224.000000 
6.540000 64.919998 34.750000 3.360000 -35.080002 0.000000 694.000000 76.000000 4845.000000 -3736.000000 -2388.000000 2813.000000 
4.620000 64.580002 33.619999 3.070000 -35.959999 0.000000 1001.000000 29.000000 5026.000000 -3298.000000 -2906.000000 3733.000000 
2.870000 64.129997 32.540001 2.930000 -36.500000 0.000000 1417.000000 108.000000 4955.000000 -2976.000000 -2744.000000 3718.000000 
2.180000 63.459999 32.410000 2.810000 -36.580002 0.000000 2324.000000 78.000000 4897.000000 -2878.000000 -1681.000000 3621.000000 
1.960000 63.290001 32.799999 2.750000 -37.299999 0.000000 1358.000000 191.000000 4842.000000 -2764.000000 -2409.000000 3067.000000 
1.200000 63.080002 32.500000 2.860000 -37.980000 0.000000 1176.000000 273.000000 4066.000000 -2582.000000 -1836.000000 2566.000000 
1.530000 62.759998 33.110001 2.870000 -38.490002 0.000000 1781.000000 358.000000 4039.000000 -1697.000000 -915.000000 3134.000000 
1.400000 62.389999 33.180000 2.840000 -40.130001 0.000000 1512.000000 383.000000 3738.000000 -3299.000000 -1465.000000 1729.000000 
2.050000 61.849998 33.880001 2.510000 -41.750000 0.000000 1534.000000 264.000000 3437.000000 -3519.000000 -1740.000000 2435.000000 
2.930000 61.580002 34.759998 2.050000 -43.490002 0.000000 1832.000000 353.000000 2973.000000 -3502.000000 -1398.000000 1744.000000 
4.090000 60.970001 35.770000 1.290000 -45.560001 0.000000 2004.000000 205.000000 2930.000000 -3335.000000 -1912.000000 1717.000000 
5.170000 60.270000 36.770000 0.200000 -47.330002 0.000000 2247.000000 -41.000000 3234.000000 -3961.000000 -1434.000000 1239.000000 
5.640000 59.619999 37.270000 -1.160000 -48.580002 0.000000 2063.000000 -274.000000 3553.000000 -3347.000000 -1273.000000 896.000000 
5.700000 59.080002 37.439999 -3.070000 -49.180000 0.000000 1407.000000 -642.000000 4233.000000 -1921.000000 -2570.000000 2823.000000 
6.420000 59.270000 38.029999 -3.780000 -50.470001 0.000000 111.000000 -653.000000 12594.000000 -1348.000000 -6069.000000 5284.000000 
6.650000 59.410000 38.330002 -3.360000 -51.529999 0.000000 2370.000000 -298.000000 1760.000000 -2715.000000 -2883.000000 2405.000000 
5.950000 58.930000 37.689999 -2.130000 -51.570000 0.000000 2403.000000 -83.000000 4292.000000 -1348.000000 -2245.000000 2325.000000 
6.630000 58.799999 38.270000 -1.160000 -51.990002 0.000000 2370.000000 -178.000000 4510.000000 -1787.000000 -2189.000000 1956.000000 
7.860000 58.290001 39.180000 -1.160000 -53.259998 0.000000 1691.000000 -377.000000 4271.000000 -3094.000000 -2769.000000 1884.000000 
8.500000 58.639999 39.610001 -1.310000 -54.529999 0.000000 1170.000000 -389.000000 4080.000000 -3357.000000 -2646.000000 1643.000000 
8.720000 59.180000 39.700001 -1.580000 -55.270000 0.000000 1006.000000 -456.000000 4354.000000 -3975.000000 -2121.000000 1671.000000 
8.250000 59.490002 39.299999 -2.320000 -56.180000 0.000000 1834.000000 -857.000000 5362.000000 -4127.000000 -2797.000000 1569.000000 
8.780000 59.709999 39.779999 -2.530000 -57.070000 0.000000 988.000000 -510.000000 5068.000000 -4549.000000 -3177.000000 1455.000000 
9.260000 59.990002 40.169998 -2.680000 -57.669998 0.000000 1024.000000 -493.000000 5459.000000 -4682.000000 -3082.000000 1240.000000 
9.700000 60.330002 40.680000 -2.810000 -58.040001 0.000000 734.000000 -559.000000 5466.000000 -4663.000000 -2936.000000 1161.000000 
10.170000 60.709999 41.290001 -2.860000 -58.259998 0.000000 585.000000 -541.000000 5340.000000 -4579.000000 -2967.000000 1178.000000 
10.860000 61.060001 42.169998 -2.710000 -58.330002 0.000000 645.000000 -394.000000 5330.000000 -4378.000000 -2945.000000 1230.000000 
11.700000 61.360001 43.279999 -2.360000 -58.240002 0.000000 813.000000 -302.000000 5369.000000 -4165.000000 -2914.000000 1336.000000 
12.660000 61.599998 44.560001 -1.860000 -58.040001 0.000000 971.000000 -218.000000 5373.000000 -4079.000000 -2873.000000 1426.000000 
13.770000 61.860001 46.000000 -1.190000 -57.779999 0.000000 1052.000000 -116.000000 5348.000000 -4004.000000 -2779.000000 1446.000000 
15.030000 62.119999 47.639999 -0.350000 -57.480000 0.000000 1056.000000 -20.000000 5268.000000 -4003.000000 -2660.000000 1417.000000 
16.379999 62.400002 49.400002 0.570000 -57.139999 0.000000 995.000000 76.000000 5199.000000 -4035.000000 -2489.000000 1345.000000 
17.780001 62.689999 51.180000 1.410000 -56.790001 0.000000 909.000000 120.000000 5035.000000 -4052.000000 -2324.000000 1230.000000 
19.230000 62.939999 53.080002 2.170000 -56.439999 0.000000 841.000000 167.000000 5025.000000 -4225.000000 -2167.000000 1096.000000 
20.690001 63.180000 54.970001 2.740000 -56.110001 0.000000 724.000000 189.000000 5026.000000 -4228.000000 -2122.000000 1032.000000 
22.209999 63.389999 57.020000 3.050000 -55.790001 0.000000 622.000000 150.000000 5146.000000 -4311.000000 -2115.000000 1014.000000 
23.750000 63.560001 59.180000 3.170000 -55.470001 0.000000 533.000000 101.000000 5018.000000 -4266.000000 -2138.000000 1026.000000 
25.260000 63.759998 61.369999 3.260000 -55.119999 0.000000 500.000000 101.000000 5027.000000 -4200.000000 -2109.000000 1060.000000 
26.780001 63.930000 63.669998 3.460000 -54.700001 0.000000 523.000000 131.000000 4953.000000 -4117.000000 -2040.000000 1058.000000 
28.420000 64.019997 66.160004 3.770000 -54.200001 0.000000 558.000000 184.000000 4906.000000 -4053.000000 -1982.000000 1089.000000 
30.139999 64.040001 68.800003 4.330000 -53.599998 0.000000 584.000000 257.000000 4746.000000 -3994.000000 -1849.000000 1063.000000 
31.920000 64.019997 71.510002 5.020000 -52.950001 0.000000 558.000000 308.000000 4634.000000 -3929.000000 -1722.000000 989.000000 
33.689999 63.939999 74.269997 5.850000 -52.220001 0.000000 561.000000 362.000000 4466.000000 -3756.000000 -1651.000000 1016.000000 
35.400002 63.820000 77.000000 6.880000 -51.400002 0.000000 604.000000 481.000000 4312.000000 -3516.000000 -1602.000000 1044.000000 
37.009998 63.650002 79.690002 7.920000 -50.540001 0.000000 699.000000 553.000000 4177.000000 -3303.000000 -1503.000000 1026.000000 
38.500000 63.480000 82.250000 8.810000 -49.750000 0.000000 702.000000 569.000000 4072.000000 -3288.000000 -1446.000000 998.000000 
39.900002 63.270000 84.750000 9.440000 -48.980000 0.000000 728.000000 550.000000 4030.000000 -3330.000000 -1410.000000 1003.000000 
41.209999 63.049999 87.169998 9.800000 -48.189999 0.000000 700.000000 512.000000 4023.000000 -3341.000000 -1414.000000 1073.000000 
42.490002 62.790001 89.599998 9.890000 -47.419998 0.000000 680.000000 427.000000 3955.000000 -3238.000000 -1415.000000 1097.000000 
43.630001 62.509998 91.940002 9.910000 -46.639999 0.000000 666.000000 360.000000 3859.000000 -3243.000000 -1425.000000 1143.000000 
44.619999 62.209999 94.180000 9.980000 -45.990002 0.000000 679.000000 363.000000 3752.000000 -3208.000000 -1452.000000 1120.000000 
45.450001 61.900002 96.300003 10.170000 -45.400002 0.000000 706.000000 373.000000 3640.000000 -3146.000000 -1504.000000 1152.000000 
46.139999 61.630001 98.320000 10.560000 -44.919998 0.000000 802.000000 443.000000 3633.000000 -2986.000000 -1548.000000 1161.000000 
46.740002 61.369999 100.320000 11.040000 -44.529999 0.000000 905.000000 504.000000 3601.000000 -2875.000000 -1610.000000 1173.000000 
47.299999 61.130001 102.279999 11.500000 -44.180000 0.000000 955.000000 514.000000 3524.000000 -2781.000000 -1597.000000 1169.000000 
47.830002 60.930000 104.230003 11.840000 -43.730000 0.000000 907.000000 466.000000 3455.000000 -2863.000000 -1464.000000 1117.000000 
48.330002 60.660000 106.160004 12.080000 -43.009998 0.000000 873.000000 406.000000 3333.000000 -2901.000000 -1275.000000 1106.000000 
48.860001 60.220001 108.129997 12.230000 -42.160000 0.000000 856.000000 346.000000 3251.000000 -2805.000000 -1169.000000 1065.000000 
49.230000 59.720001 109.989998 12.270000 -41.259998 0.000000 964.000000 284.000000 3241.000000 -2612.000000 -1218.000000 1172.000000 
49.389999 59.200001 111.760002 12.240000 -40.570000 0.000000 1146.000000 245.000000 3297.000000 -2334.000000 -1310.000000 1225.000000 
49.279999 58.730000 113.260002 12.170000 -40.299999 0.000000 1337.000000 227.000000 3341.000000 -2248.000000 -1515.000000 1335.000000 
48.860001 58.380001 114.680000 11.990000 -40.200001 0.000000 1361.000000 174.000000 3388.000000 -2245.000000 -1622.000000 1420.000000 
48.349998 58.169998 116.000000 11.750000 -40.279999 0.000000 1386.000000 84.000000 3404.000000 -2224.000000 -1755.000000 1461.000000 
47.790001 57.889999 117.279999 11.570000 -40.459999 0.000000 1412.000000 55.000000 3321.000000 -2120.000000 -1933.000000 1529.000000 
47.230000 57.700001 118.610001 11.490000 -40.730000 0.000000 1457.000000 33.000000 3123.000000 -2011.000000 -2083.000000 1535.000000 
46.779999 57.660000 120.059998 11.570000 -41.180000 0.000000 1404.000000 88.000000 2893.000000 -2201.000000 -2109.000000 1434.000000 
46.080002 57.750000 121.220001 11.690000 -41.669998 0.000000 1188.000000 51.000000 2691.000000 -2499.000000 -2120.000000 1307.000000 
45.360001 57.770000 122.220001 11.910000 -42.060001 0.000000 1022.000000 75.000000 2596.000000 -2536.000000 -2123.000000 1160.000000 
44.240002 57.610001 122.820000 12.170000 -42.169998 0.000000 1064.000000 80.000000 2516.000000 -2485.000000 -1923.000000 1120.000000 
42.740002 57.240002 123.110001 12.410000 -42.029999 0.000000 1301.000000 133.000000 2580.000000 -2147.000000 -1891.000000 1307.000000 
41.090000 56.840000 123.279999 12.430000 -41.439999 0.000000 1553.000000 99.000000 2576.000000 -1713.000000 -1838.000000 1573.000000 
39.220001 56.389999 123.349998 12.150000 -40.860001 0.000000 1851.000000 5.000000 2687.000000 -1358.000000 -1929.000000 1817.000000 
37.279999 55.750000 123.330002 11.670000 -40.410000 0.000000 2124.000000 -34.000000 2917.000000 -1130.000000 -2083.000000 2130.000000 
35.349998 55.150002 123.269997 11.040000 -40.150002 0.000000 2563.000000 -97.000000 3253.000000 -1004.000000 -2288.000000 2444.000000 
33.419998 54.669998 123.129997 10.280000 -40.189999 0.000000 2845.000000 -164.000000 3507.000000 -1093.000000 -2580.000000 2665.000000 
31.540001 54.270000 122.989998 9.430000 -40.410000 0.000000 2986.000000 -238.000000 3734.000000 -1281.000000 -2786.000000 2785.000000 
29.770000 53.919998 122.860001 8.520000 -40.770000 0.000000 3002.000000 -333.000000 3887.000000 -1519.000000 -2963.000000 2879.000000 
28.170000 53.610001 122.849998 7.630000 -41.119999 0.000000 3031.000000 -440.000000 3959.000000 -1612.000000 -2986.000000 2954.000000 
26.680000 53.389999 122.889999 6.890000 -41.430000 0.000000 3100.000000 -445.000000 3900.000000 -1478.000000 -2975.000000 3033.000000 
25.170000 53.349998 122.879997 6.330000 -41.750000 0.000000 3224.000000 -385.000000 3792.000000 -1287.000000 -3016.000000 3077.000000 
23.629999 53.490002 122.790001 5.910000 -42.139999 0.000000 3259.000000 -352.000000 3669.000000 -1261.000000 -3011.000000 3042.000000 
22.070000 53.779999 122.540001 5.550000 -42.709999 0.000000 3123.000000 -315.000000 3531.000000 -1586.000000 -3254.000000 2907.000000 
20.510000 54.189999 122.250000 5.200000 -43.410000 0.000000 2845.000000 -278.000000 3418.000000 -2151.000000 -3548.000000 2827.000000 
19.030001 54.380001 121.879997 4.820000 -44.209999 0.000000 2526.000000 -356.000000 3349.000000 -2903.000000 -3703.000000 2680.000000 
17.750000 54.200001 121.620003 4.440000 -44.770000 0.000000 2268.000000 -396.000000 3315.000000 -3292.000000 -3738.000000 2624.000000 
16.600000 53.709999 121.379997 4.110000 -44.930000 0.000000 2261.000000 -405.000000 3418.000000 -3322.000000 -3699.000000 2613.000000 
15.540000 53.029999 121.160004 3.780000 -44.560001 0.000000 2519.000000 -392.000000 3499.000000 -2886.000000 -3541.000000 2666.000000 
14.720000 52.230000 121.139999 3.340000 -43.750000 0.000000 2723.000000 -366.000000 3702.000000 -2303.000000 -3268.000000 2738.000000 
14.010000 51.419998 121.230003 2.770000 -42.849998 0.000000 2889.000000 -347.000000 3870.000000 -1776.000000 -3097.000000 2891.000000 
13.490000 50.709999 121.389999 2.040000 -42.020000 0.000000 3024.000000 -410.000000 4156.000000 -1415.000000 -3001.000000 2998.000000 
13.080000 50.060001 121.599998 1.220000 -41.330002 0.000000 3085.000000 -514.000000 4373.000000 -1258.000000 -2855.000000 2925.000000 
12.700000 49.650002 121.779999 0.420000 -40.740002 0.000000 3050.000000 -538.000000 4449.000000 -1390.000000 -2768.000000 2864.000000 
12.360000 49.650002 122.010002 -0.370000 -40.369999 0.000000 2795.000000 -668.000000 4479.000000 -1594.000000 -2851.000000 2720.000000 
11.920000 49.990002 122.139999 -1.040000 -40.279999 0.000000 2561.000000 -739.000000 4396.000000 -1811.000000 -2896.000000 2536.000000 
11.460000 50.520000 122.260002 -1.600000 -40.610001 0.000000 2349.000000 -778.000000 4297.000000 -2158.000000 -2959.000000 2336.000000 
11.020000 51.189999 122.309998 -1.980000 -41.130001 0.000000 2152.000000 -750.000000 4213.000000 -2422.000000 -3053.000000 2224.000000 
10.540000 51.889999 122.349998 -2.160000 -41.720001 0.000000 2045.000000 -626.000000 4093.000000 -2585.000000 -3085.000000 2101.000000 
10.060000 52.610001 122.379997 -2.230000 -42.380001 0.000000 1942.000000 -550.000000 3991.000000 -2707.000000 -3195.000000 2058.000000 
9.600000 53.299999 122.410004 -2.240000 -42.950001 0.000000 1851.000000 -449.000000 3950.000000 -2741.000000 -3218.000000 2061.000000 
9.190000 53.900002 122.419998 -2.360000 -43.380001 0.000000 1765.000000 -464.000000 3882.000000 -2676.000000 -3236.000000 2101.000000 
8.850000 54.349998 122.470001 -2.520000 -43.650002 0.000000 1792.000000 -420.000000 3864.000000 -2730.000000 -3193.000000 2128.000000 
8.590000 54.660000 122.540001 -2.700000 -43.759998 0.000000 1800.000000 -413.000000 3919.000000 -2680.000000 -3107.000000 2154.000000 
8.400000 54.869999 122.650002 -2.920000 -43.630001 0.000000 1820.000000 -388.000000 3926.000000 -2557.000000 -3004.000000 2202.000000 
8.340000 54.939999 122.879997 -3.160000 -43.450001 0.000000 1774.000000 -361.000000 3893.000000 -2405.000000 -2904.000000 2158.000000 
8.350000 54.939999 123.089996 -3.430000 -43.230000 0.000000 1800.000000 -380.000000 3794.000000 -2494.000000 -2681.000000 2023.000000 
8.400000 54.849998 123.349998 -3.740000 -43.049999 0.000000 1620.000000 -414.000000 3585.000000 -2561.000000 -2555.000000 1930.000000 
8.390000 54.689999 123.519997 -3.990000 -42.740002 0.000000 1539.000000 -379.000000 3498.000000 -2452.000000 -2332.000000 1850.000000 
8.250000 54.500000 123.620003 -4.220000 -42.450001 0.000000 1632.000000 -347.000000 3531.000000 -2264.000000 -2500.000000 1957.000000 
7.920000 54.310001 123.629997 -4.550000 -42.270000 0.000000 1796.000000 -358.000000 3697.000000 -2129.000000 -2767.000000 2148.000000 
7.380000 54.080002 123.410004 -4.930000 -42.240002 0.000000 1949.000000 -375.000000 3922.000000 -2006.000000 -2964.000000 2319.000000 
6.880000 53.810001 123.239998 -5.350000 -42.250000 0.000000 2122.000000 -417.000000 4111.000000 -1917.000000 -3105.000000 2505.000000 
6.600000 53.509998 123.110001 -5.600000 -42.000000 0.000000 2347.000000 -387.000000 4124.000000 -1846.000000 -3000.000000 2556.000000 
6.540000 53.180000 123.139999 -5.710000 -41.520000 0.000000 2374.000000 -331.000000 4093.000000 -1864.000000 -2778.000000 2542.000000 
6.670000 52.990002 123.239998 -5.740000 -40.990002 0.000000 2287.000000 -313.000000 4001.000000 -1826.000000 -2599.000000 2455.000000 
6.820000 52.950001 123.339996 -5.720000 -40.389999 0.000000 2133.000000 -258.000000 3896.000000 -1860.000000 -2410.000000 2346.000000 
7.010000 52.990002 123.459999 -5.680000 -39.869999 0.000000 2045.000000 -195.000000 3835.000000 -1946.000000 -2268.000000 2289.000000 
7.220000 53.119999 123.519997 -5.680000 -39.599998 0.000000 1902.000000 -206.000000 3744.000000 -2070.000000 -2209.000000 2221.000000 
7.350000 53.330002 123.529999 -5.750000 -39.740002 0.000000 1660.000000 -247.000000 3605.000000 -2276.000000 -2236.000000 2088.000000 
7.340000 53.610001 123.459999 -5.740000 -40.160000 0.000000 1635.000000 -184.000000 3693.000000 -2471.000000 -2496.000000 2122.000000 
7.270000 53.889999 123.339996 -5.720000 -40.639999 0.000000 1590.000000 -198.000000 3722.000000 -2687.000000 -2610.000000 2069.000000 
7.230000 54.130001 123.250000 -5.680000 -41.090000 0.000000 1543.000000 -190.000000 3777.000000 -2807.000000 -2722.000000 2078.000000 
7.210000 54.340000 123.180000 -5.560000 -41.389999 0.000000 1632.000000 -113.000000 3784.000000 -2691.000000 -2634.000000 2088.000000 
7.270000 54.540001 123.190002 -5.370000 -41.480000 0.000000 1593.000000 -56.000000 3690.000000 -2490.000000 -2454.000000 2052.000000 
7.410000 54.689999 123.269997 -5.160000 -41.410000 0.000000 1453.000000 -18.000000 3631.000000 -2577.000000 -2253.000000 1959.000000 
7.570000 54.810001 123.360001 -4.940000 -41.250000 0.000000 1379.000000 -18.000000 3563.000000 -2529.000000 -2100.000000 1870.000000 
7.730000 54.919998 123.459999 -4.810000 -41.150002 0.000000 1321.000000 -28.000000 3582.000000 -2493.000000 -1978.000000 1747.000000 
7.780000 55.040001 123.459999 -4.770000 -41.169998 0.000000 1315.000000 -49.000000 3671.000000 -2617.000000 -1952.000000 1681.000000 
7.710000 55.139999 123.400002 -4.910000 -41.330002 0.000000 1270.000000 -161.000000 3791.000000 -2634.000000 -2131.000000 1720.000000 
7.470000 55.250000 123.260002 -5.470000 -41.230000 0.000000 -1549.000000 -2455.000000 10576.000000 5990.000000 -4679.000000 12111.000000 
6.510000 54.369999 122.480003 -3.780000 -42.590000 0.000000 1752.000000 -6.000000 7030.000000 -4423.000000 -6718.000000 3226.000000 
6.360000 54.810001 122.330002 -2.160000 -42.080002 0.000000 3228.000000 666.000000 3329.000000 -3380.000000 -2857.000000 2034.000000 
7.110000 55.310001 123.110001 -0.820000 -40.389999 0.000000 2011.000000 644.000000 2882.000000 -2439.000000 -1926.000000 2194.000000 
7.450000 55.599998 123.370003 0.280000 -39.639999 0.000000 2422.000000 533.000000 3371.000000 -3041.000000 -2111.000000 2229.000000 
7.800000 55.549999 123.500000 1.350000 -39.509998 0.000000 2496.000000 677.000000 4018.000000 -3421.000000 -2301.000000 2097.000000 
8.200000 55.549999 123.720001 2.140000 -39.389999 0.000000 2428.000000 589.000000 4224.000000 -2820.000000 -2419.000000 2241.000000 
8.350000 55.709999 123.760002 2.710000 -39.439999 0.000000 2059.000000 530.000000 3759.000000 -2939.000000 -2446.000000 2107.000000 
8.330000 55.930000 123.660004 3.030000 -39.669998 0.000000 1978.000000 449.000000 3922.000000 -3013.000000 -2514.000000 2061.000000 
8.300000 56.099998 123.510002 3.200000 -39.919998 0.000000 1779.000000 410.000000 3934.000000 -3109.000000 -2683.000000 2156.000000 
8.270000 56.139999 123.349998 3.110000 -39.950001 0.000000 1625.000000 258.000000 3813.000000 -2880.000000 -2497.000000 2131.000000 
8.260000 56.049999 123.169998 2.740000 -39.799999 0.000000 1364.000000 -16.000000 4174.000000 -2910.000000 -2568.000000 2291.000000 
8.170000 55.820000 122.900002 2.350000 -39.099998 0.000000 1229.000000 -200.000000 3735.000000 -1810.000000 -3789.000000 3926.000000 
8.200000 55.310001 122.669998 2.150000 -36.830002 0.000000 1378.000000 -199.000000 3881.000000 -2676.000000 -1774.000000 2569.000000 
8.360000 54.750000 122.500000 1.410000 -35.980000 0.000000 1985.000000 -1988.000000 5375.000000 -4236.000000 -1749.000000 1491.000000 
7.960000 53.849998 122.019997 1.330000 -34.810001 0.000000 1767.000000 -288.000000 4562.000000 -2649.000000 -1880.000000 1992.000000 
7.470000 52.560001 121.459999 1.680000 -33.090000 0.000000 2310.000000 -426.000000 4314.000000 -1410.000000 -2280.000000 2878.000000 
6.720000 51.349998 120.800003 2.350000 -31.610001 0.000000 2928.000000 -148.000000 4302.000000 -1013.000000 -2072.000000 2834.000000 
5.320000 50.389999 119.629997 3.020000 -30.660000 0.000000 3264.000000 -247.000000 4387.000000 -1173.000000 -1885.000000 2418.000000 
3.530000 49.820000 118.190002 3.740000 -30.549999 0.000000 3468.000000 -92.000000 4472.000000 -1716.000000 -2752.000000 2977.000000 
1.760000 49.520000 116.750000 4.280000 -30.959999 0.000000 3221.000000 -308.000000 4555.000000 -2408.000000 -3604.000000 3534.000000 
0.200000 49.410000 115.419998 4.840000 -31.580000 0.000000 3139.000000 -75.000000 4023.000000 -2823.000000 -3974.000000 3672.000000 
-1.060000 49.410000 114.290001 5.130000 -32.220001 0.000000 2672.000000 -114.000000 3931.000000 -2825.000000 -3944.000000 3425.000000 
-1.980000 49.450001 113.360001 5.080000 -32.810001 0.000000 2144.000000 -144.000000 4167.000000 -2810.000000 -3736.000000 3063.000000 
-2.650000 49.410000 112.589996 4.770000 -33.320000 0.000000 1864.000000 -183.000000 4558.000000 -2792.000000 -3625.000000 2884.000000 
-3.180000 49.180000 111.849998 4.350000 -33.750000 0.000000 1877.000000 -198.000000 4636.000000 -2766.000000 -3594.000000 2751.000000 
-3.590000 48.790001 111.169998 3.920000 -34.070000 0.000000 2046.000000 -152.000000 4527.000000 -2832.000000 -3463.000000 2482.000000 
-3.890000 48.250000 110.550003 3.440000 -34.349998 0.000000 2271.000000 -135.000000 4422.000000 -2780.000000 -3310.000000 2287.000000 
-4.150000 47.529999 109.910004 2.700000 -34.660000 0.000000 2335.000000 -487.000000 4086.000000 -2599.000000 -3037.000000 2023.000000 
-4.380000 46.709999 109.220001 1.810000 -35.049999 0.000000 2304.000000 -364.000000 3771.000000 -2260.000000 -2699.000000 1726.000000 
-4.610000 45.869999 108.489998 0.480000 -35.599998 0.000000 2074.000000 -625.000000 3622.000000 -1920.000000 -2402.000000 1460.000000 
-4.910000 45.110001 107.690002 -1.350000 -36.480000 0.000000 1611.000000 -957.000000 3637.000000 -1393.000000 -2533.000000 1731.000000 
-5.410000 44.470001 106.760002 -3.480000 -37.360001 0.000000 1047.000000 -1256.000000 3824.000000 -862.000000 -2944.000000 2356.000000 
-6.110000 43.820000 105.699997 -5.830000 -38.299999 0.000000 671.000000 -1560.000000 4007.000000 -730.000000 -3133.000000 2607.000000 
-6.980000 43.090000 104.570000 -8.240000 -39.369999 0.000000 692.000000 -1569.000000 4000.000000 -869.000000 -3009.000000 2408.000000 
-7.950000 42.340000 103.339996 -10.620000 -40.549999 0.000000 1122.000000 -1540.000000 3952.000000 -1082.000000 -3120.000000 2334.000000 
-8.980000 41.549999 102.099998 -12.840000 -41.779999 0.000000 1603.000000 -1513.000000 3938.000000 -1596.000000 -3236.000000 2197.000000 
-10.000000 40.549999 100.870003 -14.790000 -42.970001 0.000000 2086.000000 -1412.000000 3689.000000 -1805.000000 -3220.000000 1961.000000 
-10.940000 39.520000 99.720001 -16.570000 -44.119999 0.000000 2247.000000 -1535.000000 3617.000000 -1949.000000 -3095.000000 1686.000000 
-11.750000 38.500000 98.699997 -18.129999 -45.360001 0.000000 2125.000000 -1846.000000 4118.000000 -1900.000000 -2989.000000 1531.000000 
-12.330000 37.459999 97.820000 -19.030001 -46.720001 0.000000 1973.000000 -1754.000000 4673.000000 -1572.000000 -2985.000000 1542.000000 
-12.700000 36.509998 97.010002 -19.240000 -48.139999 0.000000 1755.000000 -1479.000000 4318.000000 -1302.000000 -2897.000000 1611.000000 
-12.860000 35.720001 96.309998 -18.879999 -49.450001 0.000000 1759.000000 -1028.000000 3536.000000 -1013.000000 -2758.000000 1695.000000 
-12.840000 35.020000 95.750000 -18.240000 -50.110001 0.000000 1915.000000 -726.000000 3023.000000 -770.000000 -2567.000000 1865.000000 
-12.620000 34.430000 95.269997 -17.500000 -50.570000 0.000000 2034.000000 -392.000000 2688.000000 -575.000000 -2500.000000 2243.000000 
-12.160000 33.860001 94.809998 -16.690001 -50.990002 0.000000 2142.000000 -105.000000 2485.000000 -456.000000 -2648.000000 2795.000000 
-11.580000 33.490002 94.339996 -15.840000 -51.230000 0.000000 2008.000000 -60.000000 2621.000000 -302.000000 -2906.000000 3221.000000 
-10.850000 33.290001 93.900002 -15.030000 -51.150002 0.000000 1056.000000 -55.000000 2835.000000 -602.000000 -2973.000000 3394.000000 
-10.250000 33.380001 93.410004 -14.150000 -50.790001 0.000000 1216.000000 -44.000000 3200.000000 -955.000000 -2925.000000 3384.000000 
-9.790000 33.680000 92.849998 -13.330000 -50.209999 0.000000 592.000000 -311.000000 3894.000000 -1490.000000 -2685.000000 2674.000000 
-9.380000 34.209999 92.239998 -12.050000 -49.860001 0.000000 554.000000 -180.000000 5012.000000 -2712.000000 -2297.000000 1646.000000 
-8.750000 34.930000 91.839996 -10.050000 -49.549999 0.000000 1223.000000 209.000000 5033.000000 -3850.000000 -1877.000000 896.000000 
-7.820000 35.709999 91.769997 -7.470000 -49.220001 0.000000 1944.000000 636.000000 3945.000000 -4122.000000 -1461.000000 647.000000 
-6.840000 36.560001 91.879997 -4.900000 -48.840000 0.000000 2670.000000 1127.000000 2623.000000 -3312.000000 -1284.000000 1019.000000 
-6.060000 37.619999 91.989998 -2.660000 -48.150002 0.000000 2983.000000 1257.000000 1793.000000 -2027.000000 -1367.000000 1837.000000 
-5.610000 38.840000 91.970001 -0.740000 -47.259998 0.000000 2778.000000 1287.000000 1713.000000 -1154.000000 -1477.000000 2617.000000 
-5.300000 40.020000 91.769997 0.880000 -46.540001 0.000000 2662.000000 1336.000000 2252.000000 -640.000000 -1655.000000 3140.000000 
-4.880000 40.970001 91.440002 2.250000 -45.919998 0.000000 2689.000000 1362.000000 2744.000000 -596.000000 -1841.000000 3275.000000 
-4.250000 41.709999 91.050003 3.450000 -45.310001 0.000000 2980.000000 1513.000000 3014.000000 -1180.000000 -2040.000000 3248.000000 
-3.380000 42.220001 90.760002 4.450000 -44.740002 0.000000 3476.000000 1617.000000 3153.000000 -1840.000000 -2269.000000 3163.000000 
-2.300000 42.580002 90.510002 5.370000 -44.400002 0.000000 4068.000000 1908.000000 3157.000000 -2619.000000 -2556.000000 3264.000000 
-1.070000 43.000000 90.320000 6.200000 -44.139999 0.000000 4531.000000 1973.000000 3002.000000 -2850.000000 -2821.000000 3524.000000 
0.260000 43.590000 90.110001 6.900000 -43.790001 0.000000 4099.000000 1722.000000 3076.000000 -2873.000000 -2994.000000 3621.000000 
1.560000 44.490002 89.730003 7.630000 -43.419998 0.000000 2218.000000 1392.000000 3190.000000 -3129.000000 -2659.000000 3243.000000 
3.090000 45.490002 89.419998 8.150000 -42.509998 0.000000 1485.000000 947.000000 3350.000000 -2359.000000 -2426.000000 3097.000000 
4.560000 46.520000 89.199997 8.700000 -41.910000 0.000000 1592.000000 1146.000000 3237.000000 -2886.000000 -2182.000000 2848.000000 
5.890000 47.509998 88.940002 9.280000 -41.169998 0.000000 1241.000000 1256.000000 3330.000000 -2530.000000 -1508.000000 2264.000000 
7.080000 48.320000 88.589996 9.780000 -40.889999 0.000000 1137.000000 1340.000000 3577.000000 -3029.000000 -1219.000000 1766.000000 
8.190000 48.950001 88.199997 10.220000 -40.950001 0.000000 1235.000000 1526.000000 3556.000000 -3381.000000 -1127.000000 1523.000000 
9.040000 49.509998 87.680000 10.580000 -41.099998 0.000000 1223.000000 1607.000000 3363.000000 -3443.000000 -1073.000000 1509.000000 
9.570000 50.009998 87.059998 10.830000 -41.400002 0.000000 1130.000000 1668.000000 3393.000000 -3572.000000 -1205.000000 1621.000000 
9.920000 50.430000 86.330002 10.940000 -41.840000 0.000000 1295.000000 1721.000000 3479.000000 -3601.000000 -1416.000000 1823.000000 
10.220000 50.720001 85.599998 10.900000 -42.330002 0.000000 1455.000000 1700.000000 3667.000000 -3598.000000 -1591.000000 1994.000000 
10.510000 50.970001 85.080002 10.740000 -43.090000 0.000000 1877.000000 1802.000000 3705.000000 -3293.000000 -1911.000000 2089.000000 
10.700000 51.180000 84.550003 10.440000 -44.009998 0.000000 1895.000000 1816.000000 3887.000000 -3771.000000 -2106.000000 2135.000000 
11.070000 51.200001 84.129997 9.970000 -44.790001 0.000000 1671.000000 1564.000000 3777.000000 -3721.000000 -2161.000000 2228.000000 
11.570000 51.070000 83.820000 9.340000 -45.410000 0.000000 1886.000000 1383.000000 3506.000000 -3697.000000 -2257.000000 2153.000000 
12.160000 51.080002 83.589996 8.530000 -45.970001 0.000000 2366.000000 1306.000000 3967.000000 -4254.000000 -2161.000000 1762.000000 
12.560000 50.990002 83.330002 7.610000 -46.330002 0.000000 1194.000000 934.000000 4558.000000 -4298.000000 -2290.000000 1609.000000 
13.100000 50.650002 83.220001 6.570000 -46.599998 0.000000 1059.000000 687.000000 5136.000000 -4675.000000 -2345.000000 1657.000000 
13.800000 50.110001 83.330002 5.570000 -46.660000 0.000000 1302.000000 567.000000 5361.000000 -4549.000000 -2474.000000 1755.000000 
14.520000 49.480000 83.639999 4.780000 -46.540001 0.000000 1698.000000 545.000000 5754.000000 -4366.000000 -2561.000000 1983.000000 
15.320000 48.660000 84.070000 4.450000 -46.220001 0.000000 2064.000000 735.000000 5683.000000 -4083.000000 -2568.000000 2269.000000 
16.120001 47.720001 84.570000 4.480000 -45.590000 0.000000 2499.000000 930.000000 5255.000000 -3429.000000 -2575.000000 2519.000000 
16.809999 46.779999 84.949997 4.710000 -44.369999 0.000000 2809.000000 1018.000000 4600.000000 -2724.000000 -2431.000000 2823.000000 
16.650000 45.450001 84.660004 5.070000 -43.180000 0.000000 2691.000000 1031.000000 3864.000000 -2044.000000 -2328.000000 2969.000000 
17.340000 44.400002 84.830002 5.430000 -42.040001 0.000000 2913.000000 1008.000000 3273.000000 -1743.000000 -2349.000000 3240.000000 
18.010000 43.189999 84.989998 5.700000 -41.070000 0.000000 2469.000000 879.000000 2941.000000 -1364.000000 -2243.000000 3476.000000 
18.540001 41.880001 85.089996 5.820000 -40.389999 0.000000 2410.000000 855.000000 2447.000000 -1240.000000 -2284.000000 3468.000000 
18.690001 40.480000 84.970001 5.690000 -39.810001 0.000000 2522.000000 787.000000 2212.000000 -1143.000000 -2304.000000 3468.000000 
18.389999 39.040001 84.529999 5.260000 -39.299999 0.000000 2521.000000 531.000000 2249.000000 -1068.000000 -2400.000000 3456.000000 
17.889999 37.590000 83.919998 4.540000 -38.860001 0.000000 2498.000000 148.000000 2358.000000 -1066.000000 -2474.000000 3359.000000 
17.490000 36.090000 83.279999 3.860000 -38.540001 0.000000 2674.000000 277.000000 2472.000000 -1008.000000 -2479.000000 3191.000000 
17.150000 34.410000 82.699997 3.100000 -38.279999 0.000000 2935.000000 206.000000 2512.000000 -1128.000000 -2975.000000 3620.000000 
16.820000 32.689999 82.129997 2.140000 -38.259998 0.000000 2996.000000 -54.000000 2807.000000 -2674.000000 -3523.000000 4205.000000 
16.450001 31.080000 81.570000 0.980000 -38.110001 0.000000 5335.000000 -962.000000 5676.000000 -2132.000000 -3293.000000 3648.000000 
16.350000 29.570000 81.150002 0.770000 -37.310001 0.000000 4301.000000 -378.000000 5825.000000 -679.000000 -2622.000000 2748.000000 
15.870000 28.500000 80.540001 1.120000 -36.500000 0.000000 3669.000000 -8.000000 3888.000000 -434.000000 -2488.000000 2967.000000 
15.290000 28.240000 79.879997 1.270000 -36.029999 0.000000 3021.000000 28.000000 2916.000000 -771.000000 -2601.000000 3188.000000 
14.790000 28.070000 79.199997 1.080000 -35.820000 0.000000 2827.000000 164.000000 1993.000000 -955.000000 -2395.000000 2955.000000 
14.630000 27.809999 78.690002 0.160000 -35.770000 0.000000 2531.000000 -187.000000 2060.000000 -845.000000 -2152.000000 2533.000000 
14.690000 27.360001 78.269997 -0.920000 -35.790001 0.000000 2086.000000 301.000000 819.000000 -831.000000 -2005.000000 2362.000000 
14.580000 25.980000 77.800003 -3.130000 -36.180000 0.000000 1260.000000 -154.000000 1368.000000 -1068.000000 -2143.000000 2440.000000 
14.940000 25.480000 77.540001 -5.950000 -36.669998 0.000000 13457.000000 -4423.000000 18180.000000 -964.000000 -2201.000000 2521.000000 
14.450000 24.280001 77.099998 -5.830000 -36.919998 0.000000 5553.000000 980.000000 330.000000 -5412.000000 -4947.000000 5547.000000 
13.840000 23.940001 76.660004 -6.020000 -37.040001 0.000000 2153.000000 -12.000000 2932.000000 -3670.000000 -4242.000000 5041.000000 
13.720000 24.120001 76.580002 -6.340000 -36.549999 0.000000 3131.000000 -594.000000 3516.000000 502.000000 -1861.000000 2642.000000 
