-3.844962 2.576113 -67.474418
-3.824281 2.580404 -67.452726
-3.845745 2.575177 -67.445556
-3.917108 2.528365 -67.332314
-3.987834 2.495088 -67.272978
-4.008742 2.360274 -67.206177
-4.059985 2.173642 -67.098609
-4.173723 1.972759 -66.958047
-4.245237 1.780933 -66.831752
-4.296464 1.711098 -66.728772
-4.254793 1.720253 -66.723445
-4.144286 1.734848 -66.739967
-4.117716 1.84874 -66.7627
-4.095359 2.036436 -66.892946
-3.966659 2.025028 -66.929041
-3.754737 2.17611 -67.050815
-3.295781 2.483107 -67.344127
-2.281786 2.925177 -68.023443
-1.533653 3.410866 -68.526172
-0.829743 3.777788 -69.085811
-0.334302 4.30231 -69.572964
0.293982 4.850511 -70.251196
1.024025 5.126388 -70.724937
2.410246 5.223962 -71.544856
3.196194 4.319171 -71.485819
3.359095 3.8749 -71.30106
3.353781 4.269611 -71.207897
2.949959 4.119138 -70.915128
2.450842 3.979875 -70.609342
1.752296 3.651601 -70.053674
0.997182 3.119575 -69.307997
0.314117 2.636826 -68.64341
-0.218116 2.307088 -68.225665
-0.604383 2.148672 -68.030081
-1.010444 2.004249 -67.934112
-1.426415 1.886315 -67.912957
-1.759539 1.753435 -67.929418
-2.028371 1.513681 -68.002241
-2.028986 1.229202 -68.171956
-1.311872 0.730992 -68.377051
-0.264714 0.360656 -68.858325
0.822942 0.301607 -69.592489
1.999226 0.321588 -70.427374
3.143007 0.456795 -71.380332
4.290729 0.578424 -72.277539
5.526914 0.495754 -72.943091
6.83951 0.162835 -73.21403
8.17448 -0.30515 -73.139336
9.484047 -0.774023 -72.747802
10.707654 -1.07914 -72.332058
11.791531 -1.19437 -72.093273
12.695245 -1.108134 -72.087497
13.333112 -0.784244 -72.512254
13.661044 -0.172903 -73.445369
13.746111 0.680842 -74.846691
13.675248 1.755365 -76.701276
13.541601 2.935703 -78.903348
13.423882 4.196364 -81.499722
13.336925 5.540812 -84.527198
13.2327 7.023274 -88.063491
13.009557 8.651826 -92.189678
12.61094 10.413071 -96.883235
12.069197 12.260894 -102.153174
11.500831 14.072634 -107.764715
11.03324 15.789473 -113.608652
10.670582 17.328289 -119.431631
10.425388 18.70236 -125.198209
10.245678 19.990441 -130.82258
10.327133 21.116539 -136.241591
10.331806 22.180916 -141.11108
10.129051 23.329735 -145.409111
9.799902 24.465749 -149.062135
9.158878 25.596819 -151.843625
8.239492 26.810545 -154.075711
7.20682 27.965302 -155.956801
6.099926 28.948176 -157.433265
4.887104 29.795707 -158.730552
3.777053 30.433953 -159.939277
2.91339 31.064911 -161.665939
2.424061 31.667771 -164.058918
2.107189 32.254999 -166.706933
1.847632 32.907918 -169.531293
1.166145 33.739494 -171.638923
0.272952 34.535658 -173.012985
-0.585163 35.419752 -174.155543
-1.312422 35.047582 -173.42225
-1.879689 34.999582 -173.297732
-1.788929 34.814425 -173.803056
-1.5226 34.49493 -174.086565
-1.205542 34.094253 -174.08705
-0.900113 33.632525 -174.021817
-0.404264 33.415945 -175.163257
-0.319438 33.801242 -176.595321
-1.172499 34.230327 -176.234531
-1.899972 34.810711 -176.343115
-1.779399 34.243474 -176.499602
-1.616423 33.727286 -177.290707
-1.537185 33.466052 -178.373793
-0.777146 33.564509 178.708485
0.159574 33.480512 175.792832
1.145844 33.355856 172.741161
1.853746 33.279687 170.179396
2.541236 33.273345 167.412996
3.291751 33.326039 164.301171
4.107006 33.325275 160.967715
4.974254 33.257974 157.466038
5.844379 33.172956 154.109776
6.608403 33.037725 151.097442
7.455104 32.887799 148.172958
8.203652 32.720746 145.521249
8.94362 32.570375 142.918323
9.698278 32.358795 140.358826
10.380373 32.11032 137.914498
11.205341 31.762939 135.02653
12.069204 31.382566 132.21203
12.851122 31.040008 129.586386
13.596501 30.809524 127.23111
14.370085 30.556195 124.911896
15.002926 30.274989 123.186613
15.616247 29.988959 121.593026
16.315754 29.659383 119.759282
16.96046 29.380794 118.086147
17.437879 29.160232 116.889857
17.982522 28.934359 115.547663
18.325835 28.705347 114.875245
18.726823 28.460994 114.319423
19.107916 28.269281 114.085025
19.606928 28.047886 113.683771
20.167097 27.773087 113.000799
20.917403 27.342266 111.387837
21.787415 26.859283 109.047425
22.881177 26.21598 105.779209
24.085389 25.49557 101.984332
25.329977 24.677432 98.063377
26.591658 23.790965 94.050456
27.884573 22.82714 90.033909
29.138667 21.786825 86.221639
30.31792 20.639181 82.484005
31.409239 19.432838 79.069399
32.352495 18.125017 75.861424
33.179577 16.734794 72.907227
33.929886 15.278466 70.064459
34.561849 13.756599 67.389901
35.203148 12.146789 64.563481
35.771029 10.521835 61.795987
36.290896 8.85739 59.096741
36.761555 7.150666 56.411871
37.142038 5.424311 53.905645
37.42391 3.711895 51.573812
37.63526 1.95725 49.258175
37.758132 0.179359 46.938177
37.783101 -1.687178 44.425106
37.778973 -3.606923 41.811831
37.736689 -5.520194 39.162845
37.642462 -7.499501 36.037365
37.437359 -9.40958 32.854907
37.216413 -11.265298 29.431727
36.888303 -13.042405 25.987847
36.507879 -14.687528 22.594014
36.061542 -16.239625 19.226091
35.523508 -17.676105 16.279284
34.907523 -19.023493 13.499192
34.230399 -20.259886 10.869257
33.508699 -21.438161 8.25719
32.793297 -22.537835 5.719581
32.006727 -23.602554 2.886021
31.176701 -24.574931 0.056233
30.260439 -25.493235 -2.933708
29.331637 -26.324694 -5.441736
28.367418 -27.090761 -7.911663
27.409346 -27.806243 -10.413415
26.405278 -28.468091 -12.847818
25.440586 -29.093586 -14.659392
24.472907 -29.72643 -16.038749
23.596849 -30.34026 -16.693821
22.682941 -30.933839 -17.635688
21.806687 -31.513338 -18.608705
20.920379 -32.03981 -19.920888
20.137996 -32.522578 -20.876533
19.375727 -32.941409 -21.486847
18.608161 -33.296288 -21.78967
17.922435 -33.608509 -21.274788
17.437353 -33.898827 -19.989561
17.175973 -34.233602 -18.201665
17.049032 -34.604109 -16.317487
16.991204 -34.97928 -14.22633
16.973612 -35.366431 -11.626323
17.042289 -35.788371 -8.60644
17.015515 -36.19801 -5.754795
16.742542 -36.519818 -3.51635
16.218409 -36.773114 -2.410705
15.60073 -37.049687 -2.010803
15.011898 -37.384174 -2.106619
14.521292 -37.692514 -2.183207
14.213923 -37.930154 -1.533032
14.293714 -38.114092 0.010685
14.750835 -38.26491 2.107056
15.710823 -38.428724 5.079208
16.912601 -38.511047 8.528011
18.43325 -38.430076 12.817333
20.12843 -38.157552 17.597639
21.821333 -37.612468 22.492933
23.552988 -36.77371 27.769685
25.307264 -35.668453 33.363738
27.036668 -34.328244 39.060272
28.92498 -32.832001 45.048675
30.868007 -31.111405 51.179236
32.60234 -28.883388 57.506139
33.988651 -26.367015 63.187142
35.088894 -23.61822 68.768914
35.930257 -20.93184 73.628525
36.65794 -18.340344 77.964545
37.191698 -15.65394 81.986431
37.663063 -13.023708 85.461158
38.085072 -10.519305 88.366931
38.364269 -7.957449 91.173013
38.485961 -5.30015 93.972295
38.450236 -2.527688 97.116341
38.211178 0.196883 100.398212
37.746639 2.897686 104.032817
37.171394 5.312388 107.443024
36.548743 7.573885 110.763127
35.828773 9.630295 114.003376
35.147361 11.518851 116.957475
34.475332 13.203549 119.54018
33.778662 14.774981 122.008751
33.054695 16.242228 124.420737
32.326042 17.597912 126.842252
31.534703 18.890962 129.42239
30.665437 20.039899 132.23555
29.758717 21.086498 135.10708
28.870932 22.012666 137.864776
27.942703 22.833648 140.566015
27.105645 23.577322 142.932207
26.345051 24.250203 144.971545
25.629389 24.849518 146.728445
25.031308 25.307113 148.131928
24.49916 25.704712 149.329767
24.061703 26.039045 150.372488
23.773436 26.263873 150.990175
23.592036 26.435933 151.404865
23.519003 26.527424 151.591025
23.480473 26.556097 151.596935
23.421869 26.533984 151.650903
23.346595 26.409302 151.659095
23.253364 26.252701 151.563959
23.120809 26.124961 151.557574
23.020093 26.067749 151.45412
23.020401 25.966928 151.105178
23.073527 25.823192 150.612616
23.154781 25.656277 150.002136
23.250337 25.44632 149.465504
23.297303 25.279408 149.087634
23.370137 25.072878 148.656477
23.336865 24.905186 148.465047
23.278482 24.797217 148.307017
23.125477 24.701719 148.4029
22.955951 24.643069 148.533933
22.832518 24.672921 148.558325
22.762384 24.787725 148.450372
22.7086 24.899062 148.386431
22.636276 25.047749 148.338413
22.582403 25.211154 148.202272
22.50138 25.30384 148.149072
22.514389 25.412759 147.98122
22.408964 25.508685 148.214948
22.290378 25.57211 148.551955
21.972682 25.733027 149.378991
21.802459 25.907774 149.72959
21.735319 26.038527 149.787736
21.920287 26.447634 148.932464
21.487248 25.941321 149.617684
21.789635 25.985702 148.616595
21.9352 26.33259 148.375955
22.122691 26.149 147.710284
22.109416 26.030584 147.53295
21.987093 25.956527 147.882554
21.726744 26.100737 148.618611
21.206097 26.451497 150.158153
20.650731 26.965194 151.757798
20.019004 27.524804 153.333624
19.263611 28.067309 155.101983
18.326831 28.725425 157.166287
17.556016 29.331873 158.759976
17.085348 30.136155 159.901031
16.548478 30.922385 160.86686
15.026699 31.720108 164.501686
14.158083 31.981158 165.677449
14.332442 32.065008 164.824285
14.284182 32.288478 164.533097
14.947934 32.391992 162.456092
15.308886 32.174732 161.114002
15.405336 32.029963 160.57362
15.486614 32.270067 160.195703
15.608874 32.340124 159.392648
15.841139 32.121909 158.100326
15.917089 31.967645 156.946818
15.56691 32.017873 156.513799
15.191418 32.216287 156.381526
14.861812 32.616747 156.016683
14.48897 33.241121 155.697932
14.275583 33.815826 155.166986
14.395714 34.501404 154.332416
15.208864 35.086936 152.713965
16.53228 35.530143 150.816552
18.876679 35.715008 147.471633
21.944138 35.486789 143.137909
25.230667 34.783549 138.570652
28.470828 33.57999 134.00423
31.576171 31.935413 129.565097
34.271992 29.928701 125.643048
36.677103 27.440416 122.289802
38.548627 24.820273 120.035507
39.947089 22.324377 118.914246
40.916828 20.119732 119.113414
41.542932 18.22038 120.404934
41.901004 16.594233 122.934204
41.977877 15.109955 126.654576
41.671087 13.680003 131.67501
41.174046 12.280052 137.657755
40.492624 11.073258 144.801775
39.702739 10.037614 152.934216
38.781102 9.184133 161.941448
37.711071 8.347581 171.943772
36.548021 7.578156 -177.229946
35.326324 6.963578 -165.986017
34.001226 6.427006 -154.738259
32.534579 5.920425 -143.884857
30.946935 5.377621 -133.693544
29.339344 4.75662 -124.384617
27.804526 4.07879 -116.139737
26.49594 3.429639 -109.234962
25.370363 2.923426 -103.630646
24.251317 2.502157 -98.866391
23.070856 2.061628 -94.632551
21.797811 1.522929 -90.684938
20.532292 0.907143 -87.149417
19.338851 0.155536 -83.956022
18.349548 -0.632224 -81.231874
17.616704 -1.422375 -79.019993
17.184943 -2.150196 -77.364317
16.927791 -2.743994 -76.134348
16.701546 -3.214103 -75.156838
16.330894 -3.636661 -74.271891
15.798783 -4.059 -73.345709
15.077284 -4.508347 -72.360647
14.187857 -4.83224 -71.432944
13.335858 -5.01801 -70.723726
12.585419 -5.104006 -70.155433
11.933206 -5.134724 -69.699647
11.377293 -5.156242 -69.253287
10.924372 -5.29624 -68.699048
10.56664 -5.573497 -68.070105
10.418102 -5.981098 -67.394277
10.372774 -6.485276 -66.682258
10.364077 -6.961477 -65.973983
10.332003 -7.416531 -65.290097
10.2 -7.797502 -64.64796
9.911816 -8.161002 -63.957614
9.518834 -8.56299 -63.192547
9.1202 -8.954773 -62.418729
8.844696 -9.36316 -61.648845
8.711773 -9.738459 -60.958257
8.635149 -9.976338 -60.400689
8.397958 -10.067497 -59.876332
7.841524 -10.120528 -59.230756
6.869715 -10.051796 -58.578436
6.089972 -10.055172 -58.069021
6.593163 -10.12412 -57.585812
6.91431 -9.866471 -57.516545
7.449119 -9.256544 -57.860472
7.825715 -9.000748 -58.072771
7.856698 -9.264154 -57.685215
7.442989 -9.883616 -56.854473
6.859892 -10.554572 -55.941179
6.370205 -10.829597 -55.35521
5.95349 -10.592014 -55.191674
5.620101 -9.56131 -55.913248
5.126864 -8.777926 -56.29693
4.955832 -8.737125 -56.193994
8.567537 -8.276523 -57.00123
8.30329 -8.170866 -56.679591
8.325754 -8.03987 -56.43209
8.591307 -7.889519 -56.290533
8.968526 -7.737834 -56.209185
9.238463 -7.693522 -56.044001
9.300622 -7.825131 -55.682875
9.163777 -8.043791 -55.232364
8.907628 -8.251272 -54.785305
8.524732 -8.398123 -54.319232
8.037541 -8.573922 -53.853702
7.271016 -8.723268 -53.419124
6.389859 -8.539967 -53.371777
5.848011 -8.161354 -53.593894
5.665901 -8.162407 -53.566095
5.505283 -8.363658 -53.380601
4.731665 -9.081577 -52.62054
3.873216 -10.390406 -51.625183
3.086035 -11.168108 -50.993267
2.344319 -11.383799 -50.484092
1.936923 -10.830251 -50.311866
2.037759 -9.981876 -50.560431
2.374095 -9.359555 -50.818548
2.363766 -8.914322 -50.929698
2.9392 -8.980226 -50.951164
3.304299 -8.90678 -50.929992
3.437178 -8.568622 -51.065409
3.13286 -8.316394 -51.066981
2.756688 -8.310666 -50.881666
2.412852 -8.287181 -50.682916
2.109916 -8.187351 -50.547456
1.902873 -7.974805 -50.477889
1.748565 -7.688504 -50.442783
1.615539 -7.485224 -50.356896
1.592582 -7.334239 -50.294716
1.632345 -7.194403 -50.233179
1.719827 -6.986855 -50.249759
1.880527 -6.81053 -50.275877
2.007791 -6.699633 -50.237484
2.065646 -6.608642 -50.243716
2.011246 -6.497799 -50.258582
1.892623 -6.360985 -50.206163
1.747851 -6.208725 -50.183864
1.650231 -6.092527 -50.140923
1.539388 -5.938066 -50.182272
1.54681 -5.818147 -50.214238
1.61441 -5.795007 -50.197247
1.506718 -5.693628 -50.14576
1.116754 -5.383528 -50.140087
0.668432 -4.922194 -50.145915
0.198433 -4.363681 -50.250374
-0.08051 -3.802981 -50.383319
-0.046919 -3.386024 -50.615865
0.180328 -3.134445 -50.931738
0.455847 -2.960814 -51.207832
0.653332 -2.784907 -51.458198
0.773549 -2.694801 -51.671343
0.855516 -2.647393 -51.805408
0.791412 -2.460059 -51.930227
0.708542 -2.212923 -52.188347
0.74126 -2.029109 -52.364634
0.686737 -1.887535 -52.542807
0.468768 -1.507468 -52.739879
0.285038 -0.799603 -53.117447
0.21289 -0.184105 -53.440529
0.590468 0.10728 -53.767449
1.102146 0.442198 -54.1435
1.651345 0.77391 -54.386851
2.4588 0.938011 -54.494789
3.392809 0.764965 -54.562483
2.721798 1.448772 -54.536162
1.874765 2.106289 -54.529825
1.343973 1.982085 -54.214406
1.679518 2.058531 -54.226875
2.042366 2.185325 -54.287294
2.412092 2.183324 -54.31574
2.811531 2.117814 -54.393528
3.25871 1.962355 -54.555267
3.729003 1.6426 -54.698428
3.953553 1.41775 -54.811346
3.899243 1.240193 -54.769603
3.583471 1.080976 -54.649551
2.956006 0.894966 -54.375647
6.523742 -6.061817 -45.990876
6.120653 -5.672167 -45.914954
5.682632 -5.264192 -45.867226
