-3.278193 -1.078317 -66.893068
-3.298594 -1.056324 -66.952902
-3.284774 -1.057783 -66.926317
-3.278253 -1.065339 -66.857295
-3.36768 -1.012107 -66.839651
-3.613902 -0.8861 -66.767066
-3.921379 -0.6658 -66.669211
-4.193645 -0.493301 -66.543045
-4.456738 -0.049941 -66.615919
-4.463012 0.209629 -66.579397
-4.138484 0.806244 -67.031162
-3.682579 1.393811 -67.625196
-3.153973 1.67497 -68.139404
-2.550221 1.707959 -68.629035
-1.858498 1.680561 -69.1802
-1.299633 1.666532 -69.642643
-0.293397 1.826371 -70.665203
0.569097 1.576485 -71.423858
1.503887 1.707457 -72.571098
2.597776 1.873739 -74.2013
2.728136 1.810414 -74.633014
2.832611 1.115421 -73.860485
3.130768 1.70567 -74.009904
3.344434 1.965133 -74.175768
3.408506 1.914832 -74.133752
3.537181 2.121501 -74.584768
3.405473 2.205717 -74.825655
2.839079 1.559298 -74.095555
2.259263 0.710387 -73.186713
1.667653 -0.232517 -72.020267
1.093822 -1.289644 -70.649851
0.690179 -2.213217 -69.446229
0.589621 -2.760425 -68.811817
0.815641 -3.036268 -68.692087
1.242375 -3.458659 -68.521165
2.190484 -4.314968 -68.098106
3.412985 -5.122774 -67.682982
4.711778 -5.695839 -67.396357
5.972252 -6.128046 -67.205433
7.179929 -6.347947 -67.149603
8.399395 -6.344077 -67.363502
9.61786 -6.02161 -68.01715
10.830366 -5.609627 -68.779077
11.994963 -5.119172 -69.609593
13.108696 -4.623036 -70.421283
14.156274 -4.085872 -71.368677
15.155109 -3.57062 -72.265588
16.07748 -3.08242 -73.074657
16.955493 -2.589562 -73.818026
17.737447 -2.062805 -74.600773
18.395163 -1.447391 -75.592884
18.9196 -0.627521 -77.076224
19.284987 0.424214 -79.215324
19.350025 1.709174 -82.313626
19.233676 3.283363 -86.430864
18.895582 5.142829 -91.758202
18.434668 7.147925 -98.055924
18.029803 9.087176 -105.078223
17.829629 10.866161 -112.636391
17.848437 12.434928 -120.595402
18.089182 13.803598 -128.932137
18.499812 15.028217 -137.466956
18.97014 16.222986 -146.062758
19.420289 17.503762 -154.478086
19.839538 18.796268 -162.095314
20.128302 20.095802 -168.660605
20.333077 21.367906 -174.286565
20.458988 22.54657 -179.089009
20.498794 23.720187 176.67303
20.487768 24.956995 172.713808
20.328871 26.272731 169.170504
20.144143 27.473447 165.781992
19.901496 28.598445 162.572327
19.822645 29.962556 158.946165
19.496788 30.879837 156.762643
19.501316 30.727297 154.302732
19.661176 31.000104 151.368079
19.905944 31.690667 148.396642
20.202618 31.748838 145.853952
20.529162 31.697566 143.452103
20.804346 31.699848 141.454908
21.250781 31.519983 139.014612
21.835062 31.247934 136.3369
22.56199 30.956977 133.207847
23.077895 31.231645 130.480239
22.759017 31.771355 130.243488
22.367499 31.815596 130.13201
22.015309 31.957402 130.096596
22.478242 32.04618 127.184825
23.469661 31.611277 122.634838
24.728825 30.776541 117.280808
25.988893 29.843017 111.785197
27.211259 28.919604 106.265446
28.361655 27.810142 100.87164
29.485517 26.592572 95.566199
30.627236 25.244755 90.158969
31.799848 23.775058 84.619885
32.898131 22.199077 79.135721
33.710238 20.873126 74.667865
34.134508 20.059171 71.980866
34.5451 19.119599 69.043698
35.145662 17.693364 64.954145
35.751973 16.156424 60.752898
36.417585 14.707156 56.805393
37.060061 13.612044 53.678975
37.507929 12.998006 51.638163
37.878708 12.511305 50.063699
38.158698 12.194033 48.927895
38.120451 11.972298 48.382761
37.933446 11.681666 47.861835
37.771458 11.299065 47.172859
37.712836 10.866682 46.325583
37.679622 10.614006 45.741491
37.624127 10.6074 45.639514
37.607743 10.692704 45.741832
37.520378 10.837779 46.171542
37.347407 11.077616 46.961869
37.177631 11.254886 47.814053
37.038868 11.281444 48.567905
36.968003 11.032868 48.779098
37.002785 10.535575 48.391028
37.108788 9.855569 47.580901
37.300195 9.081651 46.482905
37.50048 8.172181 45.195372
37.651286 7.233046 43.980934
37.802406 6.28488 42.877484
37.919515 5.258406 41.684104
38.073888 4.09303 40.248935
38.239834 2.706239 38.373701
38.383036 1.134207 36.149546
38.51007 -0.544064 33.636799
38.58361 -2.288504 30.954942
38.581992 -4.045949 28.238056
38.503771 -5.7987 25.48789
38.376053 -7.481854 22.829433
38.183674 -9.129338 20.136688
37.885472 -10.740899 17.409621
37.530814 -12.231921 14.89061
37.118033 -13.659143 12.462528
36.647664 -15.03507 9.97567
36.113211 -16.368838 7.42087
35.504611 -17.703777 4.697145
34.827783 -19.046061 1.725835
34.022961 -20.382769 -1.614277
33.143603 -21.739543 -5.344615
32.107067 -23.062873 -9.517309
30.945387 -24.306763 -13.886253
29.713106 -25.464335 -18.382095
28.463829 -26.46651 -22.591711
27.131052 -27.3421 -26.758633
25.751873 -28.126559 -30.638301
24.322739 -28.879421 -34.494872
22.822506 -29.582945 -38.363204
21.200178 -30.244689 -42.391917
19.358664 -30.872275 -46.892128
17.314646 -31.447667 -51.787911
15.058149 -31.934572 -57.156345
12.673282 -32.311158 -62.549124
10.306296 -32.603176 -67.558277
8.127807 -32.820056 -71.419159
6.090495 -33.003469 -74.661302
4.17405 -33.176571 -77.360255
2.403302 -33.336368 -79.421096
0.55712 -33.463525 -81.924609
-1.400123 -33.558836 -84.365752
-3.428083 -33.617492 -86.650795
-5.571624 -33.659887 -88.954385
-7.769067 -33.630294 -91.453401
-9.948174 -33.556786 -93.757302
-11.86779 -33.49111 -95.235829
-13.577575 -33.414864 -96.246486
-15.130647 -33.32625 -97.238251
-16.351265 -33.291672 -97.229209
-17.424718 -33.280735 -96.964081
-18.218877 -33.311192 -96.027231
-18.699705 -33.461576 -94.090698
-18.814894 -33.727652 -91.279947
-18.682298 -34.088161 -88.076934
-18.198523 -34.58267 -84.073025
-17.637601 -35.145348 -80.001987
-16.929601 -35.772623 -75.673493
-16.058692 -36.421162 -71.186873
-14.960303 -37.041173 -66.357007
-13.772322 -37.616591 -61.449484
-12.581195 -38.110814 -56.715151
-11.501862 -38.575529 -52.388249
-10.384937 -39.057052 -48.191166
-9.021871 -39.463513 -43.762012
-7.311225 -39.795761 -38.857169
-5.215612 -40.026323 -33.352163
-2.683402 -40.22869 -26.936844
-0.104813 -40.330788 -20.558176
2.449815 -40.432123 -14.377649
4.756016 -40.518569 -8.911258
6.970554 -40.578813 -3.973999
9.640774 -40.381179 1.570939
12.457092 -39.808657 7.272768
15.685213 -38.831584 14.390686
18.768952 -37.61336 21.258052
21.944934 -35.972708 28.884959
25.059019 -33.836792 37.042643
27.650574 -31.379689 44.917047
29.877992 -28.671141 52.443086
31.809116 -25.760419 59.414547
33.34868 -22.523332 66.083834
34.466659 -19.073455 72.366807
35.364174 -15.497028 78.468683
35.990353 -11.852954 84.27349
36.422782 -8.332815 89.605832
36.625892 -5.082192 94.257107
36.563907 -2.260842 98.115359
36.451335 0.235665 101.356411
36.242885 2.31606 103.864887
35.862955 4.099861 106.087097
35.40236 5.688825 108.111024
34.897642 7.144565 110.21203
34.411339 8.513219 112.27144
33.906998 9.834028 114.391533
33.524779 11.121986 116.228047
33.19167 12.310742 117.814464
32.887691 13.384269 119.101258
32.54042 14.444759 120.386091
32.154358 15.383866 121.55476
31.784679 16.270631 122.655787
31.38929 17.104763 123.789152
30.89657 17.893058 125.153312
30.438515 18.635384 126.495515
30.011478 19.251119 127.614053
29.602348 19.808261 128.67101
29.233442 20.34188 129.586788
28.970374 20.728347 129.880947
28.714078 21.060103 130.146455
28.463034 21.244397 130.440618
28.251975 21.354882 130.936144
28.307151 21.085102 130.360464
28.424076 21.118515 130.580655
28.868705 20.373077 128.5265
28.723039 19.66951 127.939121
29.116582 19.628323 127.314851
29.248254 19.549723 126.944732
29.159417 19.323675 126.815613
28.9696 19.26464 127.018431
28.654747 19.583956 127.928982
28.522431 19.892353 128.427408
28.484881 20.388881 128.617111
28.47748 20.337286 127.84785
28.322549 20.287095 127.225025
28.283664 20.576065 127.082073
28.158153 20.944031 127.285971
27.957783 21.349633 127.646998
27.548692 21.878297 128.635704
27.117756 22.578857 129.808791
26.534697 23.428029 131.450006
25.895441 24.337105 133.231777
25.627474 24.982717 133.882111
24.989435 25.833378 135.629206
24.188568 26.610381 137.015972
23.83428 27.09507 137.046704
23.788169 27.663858 136.682973
23.466252 28.143832 136.889034
23.267106 28.656012 136.881527
23.075148 29.08094 136.978564
23.044738 29.290012 136.726816
23.321491 29.357429 135.799219
23.439999 29.261433 135.181835
23.430361 29.197745 135.107638
23.428673 29.258115 135.11697
23.369256 29.419761 135.351153
23.265069 29.710783 135.63427
23.111836 30.087889 135.96968
22.92365 30.491612 136.375843
22.578667 30.892369 137.074708
22.276755 31.167703 137.516923
22.095885 31.386423 137.587784
22.224077 31.571253 136.855465
22.820585 31.712084 135.543134
24.466961 31.165494 131.995263
25.206847 31.091535 131.507161
25.871507 31.16678 131.302719
27.081446 30.679244 129.841412
28.265006 29.869916 128.360981
29.389944 28.887138 127.098361
30.666522 27.675739 125.530984
32.263559 25.983787 122.908622
33.392428 24.241422 121.550769
34.753443 22.382522 119.740954
36.232932 20.192821 117.588527
37.540284 17.618433 115.457556
38.638308 14.835294 113.848246
39.601097 11.998312 112.726474
40.372329 9.061035 112.008705
40.938435 6.301439 112.010843
41.29367 3.853257 112.850699
41.332449 2.190444 115.241361
41.135898 1.025825 118.575718
40.826624 0.333743 122.979003
40.483915 -0.089483 128.302523
40.069932 -0.519395 134.395585
39.519521 -0.895814 141.636031
38.885127 -1.278323 149.795426
38.075327 -1.563167 159.207271
37.099562 -1.684634 169.858652
35.915017 -1.623923 -178.540059
34.593402 -1.478363 -166.679793
33.270666 -1.313977 -155.45717
32.073085 -1.268852 -145.368963
31.101764 -1.370798 -136.758892
30.196599 -1.60113 -129.06543
29.352307 -1.9203 -122.199783
28.447058 -2.274903 -115.864633
27.390082 -2.626553 -109.77469
26.236496 -2.935617 -104.133845
25.12767 -3.157099 -99.196004
24.132085 -3.220667 -95.122564
23.310944 -3.106789 -92.001887
22.467424 -2.867508 -89.48323
21.500362 -2.538737 -87.321124
20.419796 -2.119416 -85.546282
19.329536 -1.596199 -84.148396
18.346405 -0.945877 -83.18703
17.595639 -0.201954 -82.570212
17.130626 0.621578 -82.243796
16.935464 1.540055 -82.174464
16.901777 2.513535 -82.2618
16.813427 3.459145 -82.244093
16.528971 4.136168 -81.744147
16.019146 4.364171 -80.602087
15.319407 4.151632 -79.003046
14.646169 3.611906 -77.236755
14.11092 2.883504 -75.542178
13.783511 2.034617 -73.978507
13.581103 1.124649 -72.465553
13.511613 0.259222 -71.07022
13.540652 -0.486602 -69.870585
13.631364 -1.040237 -68.910135
13.644805 -1.497833 -67.98812
13.573902 -1.954671 -67.026754
13.380957 -2.453903 -65.945751
13.0236 -2.995941 -64.78127
12.521408 -3.500123 -63.614633
11.915494 -3.949011 -62.507178
11.263614 -4.46821 -61.403072
10.680827 -5.02908 -60.315131
10.198759 -5.570575 -59.341121
9.537271 -5.913989 -58.460016
8.684597 -5.509991 -58.378397
8.737637 -5.07695 -58.678885
8.525601 -4.236247 -59.312906
8.053328 -3.883683 -59.438476
7.145632 -4.155985 -58.877258
6.104729 -5.084255 -57.782524
5.036962 -5.818208 -56.731735
3.972441 -6.001236 -56.114388
3.289474 -5.930108 -55.723565
3.0604 -5.724868 -55.503976
3.09146 -5.49184 -55.384155
3.225591 -5.502931 -55.068261
3.213842 -5.738231 -54.570019
3.085021 -5.985667 -54.037402
2.928228 -6.04457 -53.638139
2.843455 -5.893347 -53.428834
2.753617 -5.617563 -53.31329
2.678133 -5.337357 -53.209891
2.540686 -5.073765 -53.053268
2.360412 -4.850218 -52.849126
2.217539 -4.622615 -52.659567
2.10997 -4.370892 -52.521963
6.089972 -10.055172 -58.069021
6.593163 -10.12412 -57.585812
6.91431 -9.866471 -57.516545
7.449119 -9.256544 -57.860472
7.825715 -9.000748 -58.072771
7.856698 -9.264154 -57.685215
7.442989 -9.883616 -56.854473
6.859892 -10.554572 -55.941179
6.370205 -10.829597 -55.35521
5.95349 -10.592014 -55.191674
5.620101 -9.56131 -55.913248
5.126864 -8.777926 -56.29693
4.955832 -8.737125 -56.193994
8.567537 -8.276523 -57.00123
8.30329 -8.170866 -56.679591
8.325754 -8.03987 -56.43209
8.591307 -7.889519 -56.290533
8.968526 -7.737834 -56.209185
9.238463 -7.693522 -56.044001
9.300622 -7.825131 -55.682875
9.163777 -8.043791 -55.232364
8.907628 -8.251272 -54.785305
8.524732 -8.398123 -54.319232
8.037541 -8.573922 -53.853702
7.271016 -8.723268 -53.419124
6.389859 -8.539967 -53.371777
5.848011 -8.161354 -53.593894
5.665901 -8.162407 -53.566095
5.505283 -8.363658 -53.380601
4.731665 -9.081577 -52.62054
3.873216 -10.390406 -51.625183
3.086035 -11.168108 -50.993267
2.344319 -11.383799 -50.484092
1.936923 -10.830251 -50.311866
2.037759 -9.981876 -50.560431
2.374095 -9.359555 -50.818548
2.363766 -8.914322 -50.929698
2.9392 -8.980226 -50.951164
3.304299 -8.90678 -50.929992
3.437178 -8.568622 -51.065409
3.13286 -8.316394 -51.066981
2.756688 -8.310666 -50.881666
2.412852 -8.287181 -50.682916
2.109916 -8.187351 -50.547456
1.902873 -7.974805 -50.477889
1.748565 -7.688504 -50.442783
1.615539 -7.485224 -50.356896
1.592582 -7.334239 -50.294716
1.632345 -7.194403 -50.233179
1.719827 -6.986855 -50.249759
1.880527 -6.81053 -50.275877
2.007791 -6.699633 -50.237484
2.065646 -6.608642 -50.243716
2.011246 -6.497799 -50.258582
1.892623 -6.360985 -50.206163
1.747851 -6.208725 -50.183864
1.650231 -6.092527 -50.140923
1.539388 -5.938066 -50.182272
1.54681 -5.818147 -50.214238
1.61441 -5.795007 -50.197247
1.506718 -5.693628 -50.14576
1.116754 -5.383528 -50.140087
0.668432 -4.922194 -50.145915
0.198433 -4.363681 -50.250374
-0.08051 -3.802981 -50.383319
-0.046919 -3.386024 -50.615865
0.180328 -3.134445 -50.931738
0.455847 -2.960814 -51.207832
0.653332 -2.784907 -51.458198
0.773549 -2.694801 -51.671343
0.855516 -2.647393 -51.805408
0.791412 -2.460059 -51.930227
0.708542 -2.212923 -52.188347
0.74126 -2.029109 -52.364634
0.686737 -1.887535 -52.542807
0.468768 -1.507468 -52.739879
0.285038 -0.799603 -53.117447
0.21289 -0.184105 -53.440529
0.590468 0.10728 -53.767449
1.102146 0.442198 -54.1435
1.651345 0.77391 -54.386851
2.4588 0.938011 -54.494789
3.392809 0.764965 -54.562483
2.721798 1.448772 -54.536162
1.874765 2.106289 -54.529825
1.343973 1.982085 -54.214406
1.679518 2.058531 -54.226875
2.042366 2.185325 -54.287294
2.412092 2.183324 -54.31574
2.811531 2.117814 -54.393528
3.25871 1.962355 -54.555267
3.729003 1.6426 -54.698428
3.953553 1.41775 -54.811346
3.899243 1.240193 -54.769603
3.583471 1.080976 -54.649551
2.956006 0.894966 -54.375647
6.523742 -6.061817 -45.990876
6.120653 -5.672167 -45.914954
5.682632 -5.264192 -45.867226
