2.850000 24.969999 75.669998 -13.200000 -32.020000 0.000000 1732.000000 -1085.000000 3802.000000 -615.000000 -2392.000000 3520.000000 
2.860000 24.969999 75.650002 -13.210000 -32.040001 0.000000 1726.000000 -1087.000000 3814.000000 -624.000000 -2414.000000 3548.000000 
2.880000 24.950001 75.660004 -13.220000 -32.040001 0.000000 1749.000000 -1082.000000 3805.000000 -622.000000 -2392.000000 3540.000000 
2.880000 24.959999 75.709999 -13.210000 -32.130001 0.000000 1746.000000 -1065.000000 3808.000000 -614.000000 -2387.000000 3515.000000 
2.910000 24.969999 75.629997 -13.200000 -32.009998 0.000000 1755.000000 -1063.000000 3819.000000 -626.000000 -2383.000000 3550.000000 
2.920000 25.000000 75.650002 -13.180000 -31.850000 0.000000 1751.000000 -1052.000000 3827.000000 -620.000000 -2366.000000 3550.000000 
2.930000 25.000000 75.669998 -13.170000 -31.870001 0.000000 1744.000000 -1056.000000 3809.000000 -608.000000 -2397.000000 3556.000000 
2.950000 24.990000 75.680000 -13.170000 -31.750000 0.000000 1746.000000 -1076.000000 3814.000000 -605.000000 -2394.000000 3561.000000 
2.970000 24.959999 75.709999 -13.170000 -31.830000 0.000000 1765.000000 -1086.000000 3829.000000 -600.000000 -2401.000000 3515.000000 
2.960000 24.969999 75.769997 -13.170000 -31.940001 0.000000 1751.000000 -1075.000000 3806.000000 -619.000000 -2410.000000 3517.000000 
2.950000 24.990000 75.790001 -13.170000 -31.900000 0.000000 1709.000000 -1092.000000 3817.000000 -611.000000 -2405.000000 3548.000000 
2.910000 25.030001 75.839996 -13.160000 -32.060001 0.000000 1716.000000 -1086.000000 3831.000000 -654.000000 -2468.000000 3524.000000 
2.900000 25.070000 75.849998 -13.180000 -32.099998 0.000000 1657.000000 -1137.000000 3832.000000 -614.000000 -2542.000000 3714.000000 
2.840000 24.980000 75.870003 -13.170000 -32.189999 0.000000 1805.000000 -1122.000000 3774.000000 -594.000000 -2467.000000 3601.000000 
2.890000 24.830000 75.930000 -13.140000 -32.169998 0.000000 1795.000000 -1127.000000 3760.000000 -538.000000 -2460.000000 3626.000000 
3.050000 24.680000 75.970001 -13.040000 -32.189999 0.000000 1834.000000 -1065.000000 3786.000000 -506.000000 -2476.000000 3590.000000 
3.070000 24.570000 76.040001 -12.590000 -32.110001 0.000000 1316.000000 -426.000000 3906.000000 -511.000000 -2520.000000 3708.000000 
2.940000 24.500000 76.059998 -12.730000 -32.090000 0.000000 1985.000000 -1323.000000 3944.000000 -375.000000 -2630.000000 3950.000000 
2.850000 24.480000 76.059998 -12.880000 -32.250000 0.000000 1970.000000 -1148.000000 3674.000000 -503.000000 -2779.000000 3926.000000 
2.630000 24.620001 76.010002 -13.190000 -32.590000 0.000000 2092.000000 -1588.000000 4209.000000 -546.000000 -2857.000000 3862.000000 
2.330000 24.889999 76.000000 -13.540000 -33.080002 0.000000 2075.000000 -1831.000000 3945.000000 -820.000000 -4068.000000 4727.000000 
1.970000 25.209999 75.959999 -14.070000 -33.369999 0.000000 3342.000000 -2335.000000 5087.000000 -228.000000 -4191.000000 5009.000000 
1.600000 25.639999 75.970001 -14.210000 -33.509998 0.000000 2419.000000 -2515.000000 6445.000000 -28.000000 -4410.000000 5538.000000 
1.460000 26.370001 76.010002 -13.910000 -33.509998 0.000000 3850.000000 -2196.000000 5710.000000 303.000000 -4402.000000 5188.000000 
1.490000 27.370001 76.120003 -13.320000 -33.240002 0.000000 3722.000000 -2291.000000 5029.000000 564.000000 -4016.000000 4946.000000 
1.840000 28.590000 76.389999 -12.630000 -33.000000 0.000000 3347.000000 -2315.000000 4838.000000 614.000000 -3840.000000 5003.000000 
2.480000 29.980000 76.620003 -11.860000 -32.570000 0.000000 2913.000000 -2085.000000 4361.000000 637.000000 -3336.000000 4636.000000 
3.800000 31.400000 76.889999 -11.110000 -31.969999 0.000000 1566.000000 -1711.000000 3789.000000 492.000000 -2884.000000 4318.000000 
5.310000 32.430000 77.209999 -10.280000 -31.299999 0.000000 2527.000000 -1421.000000 3655.000000 271.000000 -2762.000000 4458.000000 
6.930000 33.369999 77.430000 -9.400000 -30.540001 0.000000 3304.000000 -1299.000000 3405.000000 37.000000 -2859.000000 4958.000000 
9.300000 33.709999 78.070000 -8.460000 -29.450001 0.000000 2912.000000 -927.000000 1576.000000 208.000000 -2677.000000 4698.000000 
11.520000 33.020000 78.629997 -7.380000 -27.990000 0.000000 4101.000000 -122.000000 737.000000 2090.000000 -2671.000000 5117.000000 
12.450000 32.049999 78.430000 -6.790000 -26.490000 0.000000 4214.000000 -594.000000 2612.000000 1961.000000 -2914.000000 5724.000000 
13.970000 31.010000 78.190002 -6.640000 -24.889999 0.000000 4777.000000 -1802.000000 3564.000000 1395.000000 -2995.000000 5554.000000 
15.970000 29.980000 77.949997 -6.300000 -23.160000 0.000000 5249.000000 -1175.000000 3644.000000 1530.000000 -2872.000000 5270.000000 
17.950001 29.040001 77.570000 -5.760000 -21.280001 0.000000 5476.000000 -1259.000000 3538.000000 1788.000000 -2504.000000 4769.000000 
19.940001 28.340000 77.059998 -5.040000 -19.430000 0.000000 4754.000000 -1335.000000 3525.000000 1670.000000 -2099.000000 4034.000000 
21.900000 27.990000 76.470001 -4.230000 -17.750000 0.000000 4378.000000 -1535.000000 3586.000000 1237.000000 -1771.000000 3542.000000 
23.910000 27.990000 75.839996 -3.340000 -16.360001 0.000000 3701.000000 -1537.000000 3550.000000 825.000000 -1688.000000 3398.000000 
25.840000 28.270000 75.129997 -2.310000 -15.100000 0.000000 3128.000000 -1168.000000 2970.000000 686.000000 -1722.000000 3540.000000 
27.620001 28.950001 74.349998 -1.170000 -13.930000 0.000000 2833.000000 -800.000000 2354.000000 469.000000 -1616.000000 3381.000000 
29.200001 30.080000 73.430000 0.030000 -12.820000 0.000000 2507.000000 -480.000000 1834.000000 122.000000 -1403.000000 2939.000000 
30.790001 31.299999 72.510002 1.190000 -11.770000 0.000000 2365.000000 -282.000000 1516.000000 -112.000000 -1306.000000 2823.000000 
32.459999 32.470001 71.519997 2.190000 -10.670000 0.000000 2398.000000 -171.000000 1547.000000 -79.000000 -1392.000000 2961.000000 
33.919998 33.740002 70.419998 3.010000 -9.650000 0.000000 2226.000000 -109.000000 1683.000000 -269.000000 -1401.000000 2820.000000 
35.090000 35.070000 69.080002 3.590000 -8.720000 0.000000 2194.000000 -170.000000 1896.000000 -471.000000 -1437.000000 2667.000000 
36.189999 36.419998 67.650002 3.760000 -7.720000 0.000000 1885.000000 -319.000000 2475.000000 -1188.000000 -1201.000000 2042.000000 
37.330002 37.790001 66.160004 3.580000 -6.590000 0.000000 1318.000000 -777.000000 3557.000000 -2275.000000 -825.000000 1361.000000 
38.680000 39.090000 64.839996 3.500000 -5.740000 0.000000 836.000000 -875.000000 4679.000000 -2752.000000 -744.000000 1368.000000 
40.200001 40.369999 63.830002 3.690000 -5.070000 0.000000 798.000000 -389.000000 4045.000000 -2811.000000 -609.000000 1426.000000 
41.619999 41.939999 63.090000 4.240000 -4.570000 0.000000 669.000000 71.000000 3452.000000 -2848.000000 -635.000000 1646.000000 
42.900002 43.779999 62.580002 4.930000 -4.130000 0.000000 178.000000 391.000000 3167.000000 -3111.000000 -585.000000 1656.000000 
44.200001 45.730000 62.349998 5.600000 -3.570000 0.000000 -405.000000 682.000000 3026.000000 -3346.000000 -391.000000 1426.000000 
45.520000 47.680000 62.279999 6.160000 -2.830000 0.000000 -1043.000000 921.000000 3022.000000 -3761.000000 59.000000 667.000000 
46.849998 49.500000 62.310001 6.570000 -2.030000 0.000000 -1829.000000 1136.000000 3008.000000 -4149.000000 398.000000 175.000000 
48.060001 51.180000 62.389999 6.930000 -1.180000 0.000000 -2008.000000 1311.000000 2853.000000 -4309.000000 576.000000 -90.000000 
49.000000 52.700001 62.400002 7.230000 -0.310000 0.000000 -2146.000000 1463.000000 2771.000000 -4450.000000 604.000000 -361.000000 
49.549999 54.040001 62.270000 7.310000 0.480000 0.000000 -2387.000000 1211.000000 3482.000000 -4799.000000 665.000000 -610.000000 
49.730000 55.200001 62.090000 7.300000 1.130000 0.000000 -1981.000000 1146.000000 3629.000000 -4771.000000 533.000000 -495.000000 
49.410000 56.299999 61.820000 7.270000 1.580000 0.000000 -1704.000000 1142.000000 3439.000000 -4587.000000 375.000000 -346.000000 
48.369999 57.400002 61.259998 7.020000 1.610000 0.000000 -1750.000000 820.000000 3937.000000 -4336.000000 -332.000000 505.000000 
46.810001 58.439999 60.509998 6.680000 1.180000 0.000000 -1482.000000 705.000000 4103.000000 -4053.000000 -1083.000000 1699.000000 
44.410000 59.369999 59.320000 6.380000 0.240000 0.000000 -674.000000 732.000000 4094.000000 -3222.000000 -1817.000000 2691.000000 
41.290001 60.230000 57.549999 5.920000 -0.490000 0.000000 -48.000000 468.000000 4459.000000 -3022.000000 -1286.000000 2703.000000 
37.950001 60.970001 55.480000 4.980000 -1.040000 0.000000 792.000000 158.000000 4845.000000 -3234.000000 -1180.000000 2871.000000 
34.810001 61.599998 53.439999 4.370000 -1.810000 0.000000 1248.000000 146.000000 4713.000000 -3247.000000 -1289.000000 3327.000000 
31.920000 62.090000 51.430000 3.940000 -2.720000 0.000000 1309.000000 146.000000 4098.000000 -3212.000000 -1344.000000 3443.000000 
29.250000 62.450001 49.450001 3.220000 -3.680000 0.000000 1263.000000 -121.000000 4349.000000 -3153.000000 -1278.000000 3438.000000 
26.690001 62.610001 47.470001 2.180000 -4.570000 0.000000 695.000000 -205.000000 4866.000000 -3282.000000 -1111.000000 3226.000000 
24.320000 62.730000 45.689999 1.020000 -5.680000 0.000000 1029.000000 -578.000000 5633.000000 -3366.000000 -1103.000000 3239.000000 
22.139999 62.910000 44.160000 0.020000 -7.160000 0.000000 360.000000 -487.000000 5821.000000 -3444.000000 -1327.000000 3580.000000 
19.959999 63.230000 42.730000 -0.810000 -8.680000 0.000000 1317.000000 -507.000000 5972.000000 -3076.000000 -1452.000000 3745.000000 
17.920000 63.759998 41.459999 -1.380000 -9.990000 0.000000 1470.000000 -440.000000 5808.000000 5599.000000 -5215.000000 8427.000000 
15.760000 64.239998 40.009998 -1.680000 -11.290000 0.000000 1618.000000 -354.000000 5424.000000 -4645.000000 -1356.000000 2948.000000 
13.770000 64.910004 38.580002 -1.680000 -12.690000 0.000000 2524.000000 -258.000000 5043.000000 3306.000000 -5097.000000 9105.000000 
11.860000 65.410004 37.150002 -1.750000 -14.520000 0.000000 1228.000000 -239.000000 4319.000000 -4354.000000 -2726.000000 2809.000000 
10.660000 66.019997 36.250000 -1.740000 -14.180000 0.000000 2078.000000 -295.000000 4323.000000 -2123.000000 -386.000000 2242.000000 
10.620000 66.349998 36.139999 -1.940000 -14.480000 0.000000 1479.000000 -318.000000 4464.000000 -1796.000000 892.000000 175.000000 
11.070000 66.489998 36.430000 -2.410000 -16.469999 0.000000 1209.000000 -407.000000 4721.000000 -2963.000000 -1256.000000 1958.000000 
11.030000 66.690002 36.250000 -2.810000 -19.540001 0.000000 1214.000000 -358.000000 4647.000000 -4512.000000 -2524.000000 3559.000000 
10.250000 66.849998 35.430000 -3.040000 -22.530001 0.000000 954.000000 -265.000000 4144.000000 -4079.000000 -2390.000000 2948.000000 
10.040000 67.199997 35.070000 -3.170000 -25.080000 0.000000 1871.000000 -166.000000 4124.000000 -2185.000000 -2420.000000 3140.000000 
11.210000 67.830002 36.230000 -3.210000 -27.830000 0.000000 -3610.000000 -325.000000 9146.000000 -2346.000000 -3194.000000 3615.000000 
11.540000 68.010002 36.549999 -2.800000 -30.270000 0.000000 2834.000000 -59.000000 2660.000000 -3364.000000 -2490.000000 3203.000000 
12.000000 67.290001 36.740002 -1.840000 -32.919998 0.000000 1525.000000 54.000000 4685.000000 -3689.000000 -2475.000000 2279.000000 
12.520000 67.269997 36.970001 -1.670000 -35.279999 0.000000 1927.000000 -178.000000 4800.000000 -3809.000000 -2408.000000 2142.000000 
13.220000 67.400002 37.509998 -1.480000 -37.209999 0.000000 842.000000 28.000000 4212.000000 -4860.000000 -2583.000000 2207.000000 
13.930000 67.510002 38.099998 -1.410000 -38.230000 0.000000 -346.000000 646.000000 4139.000000 -5182.000000 -2255.000000 1798.000000 
14.550000 67.599998 38.720001 -1.690000 -38.259998 0.000000 321.000000 137.000000 4521.000000 -4214.000000 -1535.000000 1146.000000 
14.650000 67.699997 38.980000 -2.130000 -37.900002 0.000000 124.000000 74.000000 4777.000000 -4353.000000 -1623.000000 1219.000000 
15.380000 67.459999 39.700001 -2.610000 -37.720001 0.000000 58.000000 78.000000 4824.000000 -4508.000000 -2358.000000 1578.000000 
15.970000 67.190002 40.400002 -3.090000 -37.259998 0.000000 334.000000 -72.000000 5591.000000 -4384.000000 -2011.000000 1469.000000 
16.590000 67.040001 41.250000 -3.380000 -36.770000 0.000000 576.000000 -114.000000 6054.000000 -4397.000000 -2062.000000 1592.000000 
17.440001 67.040001 42.410000 -3.380000 -36.189999 0.000000 568.000000 -46.000000 6029.000000 -4389.000000 -1916.000000 1523.000000 
18.450001 67.239998 43.840000 -3.060000 -35.580002 0.000000 665.000000 30.000000 6152.000000 -4461.000000 -1751.000000 1458.000000 
19.490000 67.639999 45.430000 -2.500000 -34.959999 0.000000 582.000000 155.000000 6095.000000 -4547.000000 -1639.000000 1358.000000 
20.580000 68.199997 47.180000 -1.740000 -34.360001 0.000000 433.000000 338.000000 5886.000000 -4601.000000 -1533.000000 1269.000000 
21.650000 68.870003 49.040001 -0.780000 -33.779999 0.000000 318.000000 533.000000 5677.000000 -4670.000000 -1414.000000 1146.000000 
22.790001 69.580002 51.020000 0.290000 -33.259998 0.000000 162.000000 679.000000 5351.000000 -4854.000000 -1290.000000 978.000000 
24.139999 70.260002 53.250000 1.430000 -32.720001 0.000000 -58.000000 872.000000 4988.000000 -4946.000000 -1233.000000 850.000000 
25.520000 70.870003 55.570000 2.620000 -32.110001 0.000000 -180.000000 1001.000000 4736.000000 -4993.000000 -1136.000000 759.000000 
26.879999 71.379997 57.970001 3.700000 -31.459999 0.000000 -275.000000 980.000000 4503.000000 -5028.000000 -1114.000000 652.000000 
28.230000 71.779999 60.389999 4.650000 -30.750000 0.000000 -297.000000 966.000000 4423.000000 -4876.000000 -1266.000000 710.000000 
29.520000 72.059998 62.830002 5.470000 -30.000000 0.000000 -221.000000 910.000000 4442.000000 -4625.000000 -1432.000000 851.000000 
30.799999 72.260002 65.300003 6.110000 -29.209999 0.000000 -87.000000 806.000000 4520.000000 -4409.000000 -1556.000000 958.000000 
32.230000 72.370003 67.940002 6.530000 -28.330000 0.000000 47.000000 701.000000 4545.000000 -4173.000000 -1577.000000 1051.000000 
33.820000 72.410004 70.760002 6.720000 -27.330000 0.000000 210.000000 570.000000 4512.000000 -3999.000000 -1528.000000 1100.000000 
35.610001 72.419998 73.820000 6.750000 -26.170000 0.000000 281.000000 477.000000 4489.000000 -3797.000000 -1394.000000 1132.000000 
37.560001 72.389999 77.040001 6.810000 -24.870001 0.000000 422.000000 430.000000 4447.000000 -3513.000000 -1268.000000 1170.000000 
39.509998 72.360001 80.300003 6.780000 -23.610001 0.000000 546.000000 327.000000 4397.000000 -3297.000000 -1209.000000 1252.000000 
41.410000 72.339996 83.570000 6.700000 -22.340000 0.000000 654.000000 234.000000 4326.000000 -3146.000000 -1075.000000 1213.000000 
43.259998 72.300003 86.889999 6.630000 -21.170000 0.000000 715.000000 194.000000 4286.000000 -2986.000000 -1042.000000 1292.000000 
44.950001 72.290001 90.070000 6.510000 -20.209999 0.000000 763.000000 78.000000 4234.000000 -2842.000000 -1078.000000 1386.000000 
46.349998 72.260002 93.040001 6.380000 -19.500000 0.000000 859.000000 1.000000 4145.000000 -2837.000000 -1150.000000 1494.000000 
47.529999 72.180000 95.849998 6.240000 -19.049999 0.000000 953.000000 -124.000000 4109.000000 -2813.000000 -1238.000000 1633.000000 
48.509998 72.120003 98.480003 6.150000 -18.900000 0.000000 1068.000000 -186.000000 4082.000000 -2713.000000 -1423.000000 1785.000000 
49.139999 72.160004 100.800003 6.140000 -18.930000 0.000000 1278.000000 -225.000000 4074.000000 -2523.000000 -1604.000000 1947.000000 
49.490002 72.349998 102.900002 6.210000 -19.040001 0.000000 1500.000000 -229.000000 4132.000000 -2353.000000 -1764.000000 2140.000000 
49.820000 72.720001 104.980003 6.380000 -19.129999 0.000000 1686.000000 -247.000000 4134.000000 -2118.000000 -1753.000000 2179.000000 
50.459999 73.309998 107.330002 6.620000 -19.280001 0.000000 1760.000000 -231.000000 4047.000000 -2023.000000 -1660.000000 2043.000000 
51.349998 74.010002 109.940002 6.970000 -19.480000 0.000000 1588.000000 -114.000000 3766.000000 -2149.000000 -1483.000000 1813.000000 
52.320000 74.720001 112.459999 7.380000 -19.730000 0.000000 1320.000000 -32.000000 3464.000000 -2394.000000 -1327.000000 1628.000000 
52.580002 75.279999 114.239998 7.770000 -20.010000 0.000000 1076.000000 -16.000000 3169.000000 -2601.000000 -1166.000000 1401.000000 
52.230000 75.709999 115.400002 8.010000 -20.469999 0.000000 910.000000 -94.000000 3026.000000 -2693.000000 -1166.000000 1297.000000 
51.009998 76.230003 115.779999 8.060000 -21.370001 0.000000 827.000000 -120.000000 3019.000000 -2735.000000 -1493.000000 1359.000000 
48.669998 76.769997 115.190002 7.900000 -22.540001 0.000000 834.000000 -277.000000 3251.000000 -2824.000000 -1899.000000 1537.000000 
45.639999 77.250000 113.930000 7.550000 -23.730000 0.000000 843.000000 -427.000000 3478.000000 -2792.000000 -2301.000000 1739.000000 
42.250000 77.639999 112.260002 7.170000 -24.790001 0.000000 918.000000 -518.000000 3498.000000 -2690.000000 -2561.000000 1951.000000 
38.799999 77.910004 110.410004 6.830000 -25.660000 0.000000 1040.000000 -576.000000 3511.000000 -2441.000000 -2545.000000 1954.000000 
35.279999 78.070000 108.449997 6.580000 -26.379999 0.000000 1098.000000 -572.000000 3407.000000 -2415.000000 -2464.000000 2033.000000 
31.520000 78.139999 106.120003 6.410000 -27.020000 0.000000 1141.000000 -508.000000 3259.000000 -2249.000000 -2376.000000 1997.000000 
27.559999 78.080002 103.459999 6.240000 -27.670000 0.000000 1225.000000 -467.000000 3174.000000 -2107.000000 -2303.000000 1973.000000 
23.320000 77.930000 100.389999 5.970000 -28.420000 0.000000 1341.000000 -500.000000 3306.000000 -2035.000000 -2355.000000 2001.000000 
18.750000 77.730003 96.930000 5.470000 -29.309999 0.000000 1355.000000 -609.000000 3453.000000 -2089.000000 -2441.000000 1990.000000 
14.010000 77.489998 93.260002 4.750000 -30.430000 0.000000 1356.000000 -774.000000 3616.000000 -2358.000000 -2754.000000 1967.000000 
8.910000 77.250000 89.209999 3.810000 -31.690001 0.000000 1144.000000 -1002.000000 3958.000000 -2688.000000 -3139.000000 2010.000000 
3.880000 76.959999 85.139999 2.780000 -32.930000 0.000000 924.000000 -1102.000000 4119.000000 -3056.000000 -3378.000000 1976.000000 
-0.530000 76.570000 81.540001 1.770000 -33.990002 0.000000 799.000000 -1162.000000 4245.000000 -3317.000000 -3513.000000 1980.000000 
-4.150000 76.080002 78.589996 0.920000 -34.730000 0.000000 740.000000 -1333.000000 4370.000000 -3311.000000 -3474.000000 1962.000000 
-6.720000 75.489998 76.550003 0.120000 -35.169998 0.000000 856.000000 -1379.000000 4450.000000 -3205.000000 -3320.000000 1919.000000 
-8.530000 74.849998 75.260002 -0.650000 -35.299999 0.000000 970.000000 -1419.000000 4486.000000 -3004.000000 -3136.000000 1925.000000 
-10.120000 74.260002 74.190002 -1.430000 -35.400002 0.000000 1277.000000 -1396.000000 4357.000000 -2369.000000 -2882.000000 1741.000000 
-11.740000 73.830002 73.040001 -2.310000 -35.529999 0.000000 1037.000000 -1380.000000 4620.000000 -2954.000000 -3169.000000 2102.000000 
-13.060000 73.410004 72.139999 -3.250000 -35.590000 0.000000 790.000000 -1342.000000 4685.000000 -2981.000000 -2979.000000 1907.000000 
-14.960000 72.989998 70.769997 -4.090000 -35.730000 0.000000 889.000000 -1189.000000 4274.000000 -2997.000000 -3124.000000 1906.000000 
-16.780001 72.559998 69.449997 -4.860000 -35.900002 0.000000 739.000000 -1292.000000 4247.000000 -3003.000000 -3247.000000 1987.000000 
-17.760000 72.040001 68.779999 -5.550000 -35.970001 0.000000 781.000000 -1255.000000 4181.000000 -3166.000000 -3167.000000 1975.000000 
-18.270000 71.410004 68.519997 -6.170000 -35.959999 0.000000 921.000000 -1247.000000 4389.000000 -3173.000000 -3081.000000 1953.000000 
-18.620001 70.839996 68.400002 -6.780000 -35.759998 0.000000 991.000000 -1290.000000 4478.000000 -3094.000000 -2969.000000 2011.000000 
-18.670000 70.339996 68.540001 -7.360000 -35.470001 0.000000 1067.000000 -1269.000000 4486.000000 -2970.000000 -2848.000000 2005.000000 
-18.299999 69.900002 69.040001 -7.930000 -35.099998 0.000000 1088.000000 -1274.000000 4419.000000 -2802.000000 -2775.000000 2067.000000 
-17.670000 69.540001 69.800003 -8.430000 -34.709999 0.000000 1140.000000 -1206.000000 4327.000000 -2677.000000 -2652.000000 2084.000000 
-17.250000 69.279999 70.370003 -8.860000 -34.880001 0.000000 1130.000000 -1123.000000 4261.000000 -2436.000000 -3266.000000 2050.000000 
-16.980000 69.099998 70.750000 -9.240000 -34.570000 0.000000 1154.000000 -1050.000000 4153.000000 -2455.000000 -2464.000000 2023.000000 
-16.660000 68.889999 71.110001 -9.580000 -34.220001 0.000000 1080.000000 -978.000000 3946.000000 -2502.000000 -2361.000000 1987.000000 
-16.500000 68.739998 71.320000 -9.940000 -34.049999 0.000000 999.000000 -930.000000 3766.000000 -2545.000000 -2324.000000 1921.000000 
-16.389999 68.599998 71.480003 -10.330000 -33.880001 0.000000 982.000000 -907.000000 3642.000000 -2614.000000 -2211.000000 1858.000000 
-16.350000 68.379997 71.519997 -10.780000 -33.889999 0.000000 992.000000 -947.000000 3694.000000 -2608.000000 -2175.000000 1746.000000 
-16.430000 68.110001 71.440002 -11.320000 -33.990002 0.000000 947.000000 -1006.000000 3805.000000 -2696.000000 -2173.000000 1727.000000 
-16.690001 67.870003 71.190002 -11.920000 -34.240002 0.000000 940.000000 -1022.000000 3802.000000 -2704.000000 -2296.000000 1767.000000 
-17.090000 67.599998 70.809998 -12.560000 -34.490002 0.000000 899.000000 -1101.000000 3906.000000 -2736.000000 -2324.000000 1722.000000 
-17.590000 67.360001 70.349998 -13.200000 -34.750000 0.000000 841.000000 -1140.000000 3856.000000 -2779.000000 -2327.000000 1676.000000 
-17.969999 67.150002 70.019997 -13.820000 -34.990002 0.000000 720.000000 -1179.000000 3790.000000 -2831.000000 -2371.000000 1655.000000 
-18.209999 66.930000 69.800003 -14.420000 -35.220001 0.000000 715.000000 -1204.000000 3843.000000 -2829.000000 -2311.000000 1641.000000 
-18.180000 66.639999 69.800003 -15.010000 -35.340000 0.000000 754.000000 -1231.000000 3855.000000 -2821.000000 -2265.000000 1646.000000 
-18.059999 66.379997 69.900002 -15.540000 -35.369999 0.000000 838.000000 -1285.000000 3996.000000 -2734.000000 -2319.000000 1785.000000 
-17.959999 66.080002 70.010002 -16.010000 -35.490002 0.000000 989.000000 -1303.000000 4069.000000 -2541.000000 -2403.000000 1824.000000 
-18.080000 65.800003 69.949997 -16.450001 -35.900002 0.000000 1109.000000 -1331.000000 4181.000000 -2474.000000 -2567.000000 1939.000000 
-18.510000 65.540001 69.599998 -16.790001 -36.259998 0.000000 1192.000000 -1296.000000 4174.000000 -2473.000000 -2648.000000 2013.000000 
-19.070000 65.339996 69.089996 -17.059999 -36.470001 0.000000 1189.000000 -1302.000000 4246.000000 -2565.000000 -2664.000000 1986.000000 
-19.500000 65.269997 68.669998 -17.230000 -36.500000 0.000000 1126.000000 -1253.000000 4211.000000 -2791.000000 -2589.000000 1995.000000 
-19.700001 65.260002 68.379997 -17.360001 -36.560001 0.000000 986.000000 -1250.000000 4171.000000 -2946.000000 -2520.000000 1914.000000 
-19.809999 65.320000 68.190002 -17.410000 -36.590000 0.000000 973.000000 -1189.000000 4148.000000 -3025.000000 -2416.000000 1866.000000 
-19.860001 65.410004 68.019997 -17.459999 -36.570000 0.000000 936.000000 -1201.000000 4165.000000 -3041.000000 -2380.000000 1874.000000 
-19.950001 65.519997 67.839996 -17.490000 -36.509998 0.000000 910.000000 -1151.000000 4221.000000 -3062.000000 -2365.000000 1838.000000 
-20.090000 65.650002 67.589996 -17.480000 -36.419998 0.000000 904.000000 -1133.000000 4286.000000 -3096.000000 -2295.000000 1837.000000 
-20.170000 65.800003 67.430000 -17.459999 -36.290001 0.000000 872.000000 -1103.000000 4246.000000 -3111.000000 -2251.000000 1816.000000 
-20.139999 65.940002 67.370003 -17.360001 -36.020000 0.000000 850.000000 -1050.000000 4236.000000 -3160.000000 -2151.000000 1839.000000 
-20.000000 66.099998 67.410004 -17.250000 -35.689999 0.000000 934.000000 -1028.000000 4215.000000 -3089.000000 -2064.000000 1832.000000 
-19.780001 66.269997 67.570000 -17.150000 -35.209999 0.000000 958.000000 -1047.000000 4237.000000 -2995.000000 -2008.000000 1877.000000 
-19.709999 66.489998 67.610001 -17.639999 -35.180000 0.000000 1107.000000 -7872.000000 15839.000000 -10675.000000 -4181.000000 3043.000000 
-20.110001 65.669998 67.199997 -16.549999 -34.459999 0.000000 2600.000000 -862.000000 5790.000000 -3168.000000 -2297.000000 2093.000000 
-20.020000 66.540001 67.089996 -15.710000 -33.799999 0.000000 -817.000000 -797.000000 4239.000000 -5145.000000 -1817.000000 1803.000000 
-20.969999 67.419998 66.129997 -14.720000 -33.590000 0.000000 877.000000 -591.000000 3656.000000 -3230.000000 -2576.000000 1757.000000 
-21.480000 68.199997 65.660004 -13.850000 -32.840000 0.000000 710.000000 -422.000000 3452.000000 -2881.000000 -1959.000000 1656.000000 
-21.610001 68.720001 65.470001 -13.170000 -32.320000 0.000000 799.000000 -430.000000 3887.000000 -3325.000000 -1661.000000 1445.000000 
-21.959999 69.120003 65.050003 -12.800000 -31.990000 0.000000 617.000000 -723.000000 4222.000000 -3238.000000 -2004.000000 1719.000000 
-22.219999 69.449997 64.690002 -12.380000 -31.690001 0.000000 480.000000 -616.000000 4094.000000 -3277.000000 -2225.000000 1969.000000 
-22.520000 69.790001 64.290001 -12.030000 -31.100000 0.000000 914.000000 -656.000000 3994.000000 -3101.000000 -1995.000000 1866.000000 
-22.980000 70.120003 63.750000 -11.870000 -30.570000 0.000000 1351.000000 -683.000000 3641.000000 -2827.000000 -2104.000000 1899.000000 
-23.730000 70.440002 62.910000 -12.150000 -30.070000 0.000000 850.000000 -954.000000 4442.000000 -3084.000000 -2181.000000 1911.000000 
-24.629999 70.570000 62.000000 -12.710000 -29.280001 0.000000 352.000000 -1130.000000 4129.000000 -3226.000000 -2053.000000 1812.000000 
-25.490000 70.580002 61.119999 -13.290000 -28.650000 0.000000 75.000000 -1442.000000 4461.000000 -2942.000000 -2289.000000 1936.000000 
-26.260000 70.480003 60.349998 -13.750000 -28.080000 0.000000 148.000000 -1599.000000 4651.000000 -2955.000000 -2335.000000 1879.000000 
-27.530001 70.279999 59.189999 -14.080000 -27.570000 0.000000 306.000000 -1617.000000 4330.000000 -3041.000000 -2341.000000 1735.000000 
-28.959999 69.989998 58.020000 -14.410000 -27.080000 0.000000 275.000000 -1809.000000 4354.000000 -3235.000000 -2318.000000 1789.000000 
-30.559999 69.580002 56.759998 -14.770000 -26.830000 0.000000 333.000000 -1998.000000 4548.000000 -3310.000000 -2635.000000 2004.000000 
-32.009998 69.040001 55.720001 -15.150000 -26.670000 0.000000 582.000000 -2164.000000 4631.000000 -3791.000000 -2885.000000 2172.000000 
-33.450001 68.480003 54.779999 -15.520000 -26.750000 0.000000 893.000000 -2284.000000 4780.000000 -3937.000000 -3171.000000 2634.000000 
-34.869999 67.769997 53.959999 -15.950000 -26.900000 0.000000 938.000000 -2429.000000 4876.000000 -3607.000000 -3511.000000 3075.000000 
-35.880001 67.040001 53.480000 -16.370001 -27.000000 0.000000 1151.000000 -2564.000000 5044.000000 -3387.000000 -3653.000000 3402.000000 
-36.340000 66.269997 53.439999 -16.719999 -26.990000 0.000000 1391.000000 -2502.000000 4968.000000 -3148.000000 -3702.000000 3645.000000 
-36.419998 65.510002 53.599998 -17.010000 -26.969999 0.000000 1578.000000 -2460.000000 4769.000000 -2906.000000 -3559.000000 3574.000000 
-36.209999 64.750000 53.889999 -17.090000 -27.049999 0.000000 2498.000000 -2066.000000 4671.000000 -2761.000000 -3323.000000 3291.000000 
-35.580002 63.919998 54.290001 -17.350000 -27.219999 0.000000 1374.000000 -2665.000000 4830.000000 -2559.000000 -3138.000000 2982.000000 
-34.189999 62.970001 55.180000 -17.570000 -27.600000 0.000000 942.000000 -2814.000000 4945.000000 -2762.000000 -2980.000000 2400.000000 
-33.209999 62.139999 55.520000 -17.700001 -28.020000 0.000000 426.000000 -2830.000000 4846.000000 -2896.000000 -2744.000000 1964.000000 
-32.400002 61.380001 55.700001 -17.709999 -28.510000 0.000000 154.000000 -2721.000000 4641.000000 -2984.000000 -2622.000000 1640.000000 
-31.700001 60.959999 55.990002 -17.600000 -29.049999 0.000000 -158.000000 -2558.000000 4251.000000 -2968.000000 -2404.000000 1364.000000 
-30.969999 60.630001 56.439999 -17.360001 -29.650000 0.000000 -349.000000 -2283.000000 3770.000000 -2737.000000 -2202.000000 1201.000000 
-30.219999 60.360001 56.980000 -17.080000 -30.430000 0.000000 -322.000000 -1982.000000 3374.000000 -2466.000000 -2129.000000 1116.000000 
-29.580000 60.009998 57.520000 -16.830000 -31.420000 0.000000 -372.000000 -1773.000000 3041.000000 -2209.000000 -2091.000000 1133.000000 
-29.100000 59.540001 58.049999 -16.639999 -32.599998 0.000000 -559.000000 -1630.000000 2939.000000 -2027.000000 -2064.000000 1139.000000 
-28.840000 58.930000 58.490002 -16.530001 -33.910000 0.000000 -456.000000 -1479.000000 2936.000000 -2180.000000 -2122.000000 1236.000000 
-28.639999 58.230000 58.889999 -16.500000 -35.430000 0.000000 -278.000000 -1371.000000 2858.000000 -1748.000000 -2169.000000 1155.000000 
-28.309999 57.480000 59.410000 -16.469999 -37.080002 0.000000 -290.000000 -1218.000000 2921.000000 -1451.000000 -2143.000000 1215.000000 
-27.809999 56.630001 60.009998 -16.450001 -38.709999 0.000000 -169.000000 -1093.000000 2944.000000 -1490.000000 -2250.000000 1457.000000 
-27.129999 55.770000 60.709999 -16.400000 -40.220001 0.000000 64.000000 -949.000000 2902.000000 -1517.000000 -2385.000000 1748.000000 
-26.250000 54.910000 61.540001 -16.299999 -41.099998 0.000000 229.000000 -776.000000 2818.000000 -1525.000000 -2410.000000 2022.000000 
-25.200001 54.080002 62.450001 -16.040001 -41.459999 0.000000 438.000000 -478.000000 2691.000000 -1452.000000 -2303.000000 2271.000000 
-24.040001 53.220001 63.400002 -15.770000 -41.540001 0.000000 510.000000 -257.000000 2532.000000 -1314.000000 -2089.000000 2397.000000 
-22.719999 52.299999 64.339996 -15.510000 -41.400002 0.000000 571.000000 -12.000000 2615.000000 -1180.000000 -1802.000000 2416.000000 
-21.209999 51.360001 65.279999 -15.380000 -41.160000 0.000000 809.000000 20.000000 2885.000000 -1161.000000 -1710.000000 2452.000000 
-19.680000 50.410000 66.120003 -15.390000 -40.869999 0.000000 1031.000000 -8.000000 3070.000000 -1270.000000 -1687.000000 2442.000000 
-18.290001 49.439999 66.760002 -15.470000 -40.570000 0.000000 1061.000000 -64.000000 3203.000000 -1400.000000 -1734.000000 2440.000000 
-17.180000 48.490002 67.110001 -15.660000 -40.360001 0.000000 1095.000000 -137.000000 3352.000000 -1489.000000 -1785.000000 2378.000000 
-16.389999 47.590000 67.160004 -15.950000 -40.259998 0.000000 1098.000000 -245.000000 3474.000000 -1586.000000 -1896.000000 2396.000000 
-15.820000 46.750000 66.959999 -16.290001 -40.279999 0.000000 1117.000000 -242.000000 3624.000000 -1779.000000 -1834.000000 2468.000000 
-15.260000 45.959999 66.680000 -16.730000 -40.439999 0.000000 1106.000000 -326.000000 3830.000000 -1974.000000 -1956.000000 2514.000000 
-14.760000 45.230000 66.290001 -17.270000 -40.810001 0.000000 1188.000000 -427.000000 4108.000000 -2283.000000 -2045.000000 2498.000000 
-14.450000 44.590000 65.760002 -17.830000 -41.310001 0.000000 1196.000000 -534.000000 4435.000000 -2468.000000 -2174.000000 2449.000000 
-14.460000 44.090000 65.059998 -18.370001 -41.889999 0.000000 1125.000000 -691.000000 4723.000000 -2696.000000 -2301.000000 2406.000000 
-14.690000 43.730000 64.230003 -18.860001 -42.560001 0.000000 953.000000 -741.000000 5056.000000 -2991.000000 -2451.000000 2445.000000 
-15.030000 43.490002 63.389999 -19.230000 -43.270000 0.000000 898.000000 -740.000000 5259.000000 -3290.000000 -2616.000000 2617.000000 
-15.390000 43.389999 62.590000 -19.420000 -43.959999 0.000000 970.000000 -626.000000 5394.000000 -3434.000000 -2715.000000 2886.000000 
-15.690000 43.369999 61.880001 -19.389999 -44.410000 0.000000 1086.000000 -395.000000 5251.000000 -3279.000000 -2733.000000 3211.000000 
-15.850000 43.419998 61.270000 -19.160000 -44.549999 0.000000 1179.000000 -150.000000 4841.000000 -3090.000000 -2823.000000 3571.000000 
-15.800000 43.490002 60.840000 -18.780001 -44.360001 0.000000 1283.000000 198.000000 4436.000000 -2906.000000 -2772.000000 3887.000000 
-15.480000 43.570000 60.520000 -18.360001 -43.830002 0.000000 1379.000000 368.000000 4189.000000 -2699.000000 -2560.000000 3964.000000 
-14.920000 43.630001 60.310001 -17.950001 -42.980000 0.000000 1436.000000 468.000000 4006.000000 -2517.000000 -2208.000000 3698.000000 
-14.180000 43.619999 60.180000 -17.590000 -41.970001 0.000000 1491.000000 455.000000 3965.000000 -2450.000000 -1776.000000 3231.000000 
-13.350000 43.540001 60.090000 -17.280001 -40.950001 0.000000 1524.000000 392.000000 3954.000000 -2469.000000 -1519.000000 2868.000000 
-12.440000 43.380001 60.049999 -17.010000 -40.000000 0.000000 1437.000000 278.000000 3965.000000 -2617.000000 -1507.000000 2833.000000 
-11.470000 43.139999 60.130001 -16.830000 -39.090000 0.000000 1398.000000 32.000000 4196.000000 -2836.000000 -1590.000000 2880.000000 
-10.470000 42.880001 60.320000 -16.650000 -38.250000 0.000000 1457.000000 -226.000000 4580.000000 -3038.000000 -1711.000000 2917.000000 
-9.490000 42.630001 60.599998 -16.299999 -37.410000 0.000000 1266.000000 -248.000000 4671.000000 -3064.000000 -1784.000000 3082.000000 
-8.620000 42.450001 60.950001 -15.800000 -36.419998 0.000000 1297.000000 -204.000000 4521.000000 -2765.000000 -1854.000000 3330.000000 
-7.860000 42.320000 61.330002 -15.260000 -35.320000 0.000000 1500.000000 -107.000000 4294.000000 -2514.000000 -1875.000000 3488.000000 
-7.160000 42.189999 61.750000 -14.730000 -34.090000 0.000000 1662.000000 -41.000000 4140.000000 -2307.000000 -1935.000000 3645.000000 
-6.460000 42.020000 62.220001 -14.300000 -32.730000 0.000000 1874.000000 -28.000000 3995.000000 -2080.000000 -1994.000000 3766.000000 
-5.690000 41.759998 62.720001 -13.970000 -31.299999 0.000000 2090.000000 -114.000000 4039.000000 -1926.000000 -2023.000000 3883.000000 
-4.810000 41.380001 63.320000 -13.730000 -29.889999 0.000000 2433.000000 -297.000000 4260.000000 -1711.000000 -2076.000000 3876.000000 
-3.760000 40.910000 63.939999 -13.440000 -29.139999 0.000000 2689.000000 -565.000000 4803.000000 -1614.000000 -2062.000000 3784.000000 
-2.600000 40.410000 64.610001 -12.890000 -28.820000 0.000000 2480.000000 -664.000000 4987.000000 -1584.000000 -2171.000000 3855.000000 
-1.430000 39.990002 65.269997 -12.130000 -28.700001 0.000000 2187.000000 -652.000000 4892.000000 -1854.000000 -2353.000000 4024.000000 
-0.440000 39.520000 65.919998 -11.260000 -28.690001 0.000000 1490.000000 -698.000000 4686.000000 -1768.000000 -2443.000000 3980.000000 
0.370000 39.450001 66.480003 -10.410000 -28.530001 0.000000 1985.000000 -535.000000 4278.000000 -1813.000000 -2386.000000 3920.000000 
0.890000 39.500000 66.989998 -9.610000 -28.389999 0.000000 1973.000000 -519.000000 3944.000000 -1579.000000 -2222.000000 3712.000000 
1.280000 39.509998 67.360001 -8.920000 -28.240000 0.000000 2081.000000 -522.000000 3650.000000 -1162.000000 -2070.000000 3469.000000 
1.570000 39.419998 67.699997 -8.330000 -28.170000 0.000000 1988.000000 -513.000000 3377.000000 -907.000000 -1943.000000 3267.000000 
1.760000 39.119999 67.970001 -7.900000 -28.250000 0.000000 2017.000000 -679.000000 3558.000000 -759.000000 -1956.000000 3156.000000 
1.950000 38.560001 68.129997 -7.480000 -28.500000 0.000000 2134.000000 -782.000000 3872.000000 -711.000000 -1966.000000 3083.000000 
2.170000 37.750000 68.199997 -7.010000 -28.889999 0.000000 2029.000000 -759.000000 3805.000000 -719.000000 -2055.000000 3076.000000 
2.340000 36.900002 68.269997 -6.540000 -29.430000 0.000000 1866.000000 -741.000000 3636.000000 -832.000000 -2190.000000 3217.000000 
1.520000 35.830002 67.620003 -6.260000 -29.500000 0.000000 1663.000000 -900.000000 3555.000000 -2815.000000 -6050.000000 9009.000000 
1.000000 34.500000 67.029999 -5.960000 -28.500000 0.000000 1281.000000 -637.000000 3602.000000 -1014.000000 -933.000000 101.000000 
1.340000 32.889999 66.839996 -6.030000 -28.010000 0.000000 2155.000000 -1397.000000 3529.000000 -1.000000 -3199.000000 2791.000000 
2.190000 31.020000 67.029999 -6.990000 -27.700001 0.000000 1195.000000 -2597.000000 1938.000000 -104.000000 -5164.000000 7096.000000 
3.080000 29.629999 67.320000 -5.580000 -28.150000 0.000000 3142.000000 -374.000000 4899.000000 -102.000000 -1974.000000 2031.000000 
4.160000 28.680000 67.839996 -6.080000 -28.780001 0.000000 850.000000 -1392.000000 2778.000000 -1245.000000 -2622.000000 3531.000000 
5.280000 28.000000 68.389999 -5.920000 -29.440001 0.000000 2397.000000 -1571.000000 4028.000000 -230.000000 -2360.000000 3281.000000 
6.030000 27.370001 68.839996 -6.020000 -29.969999 0.000000 2175.000000 -985.000000 3871.000000 -786.000000 -2493.000000 3355.000000 
6.260000 26.820000 69.199997 -6.240000 -30.510000 0.000000 2073.000000 -1207.000000 3502.000000 -462.000000 -2454.000000 3482.000000 
6.040000 26.480000 69.430000 -6.350000 -31.020000 0.000000 2187.000000 -991.000000 3665.000000 -412.000000 -2433.000000 3554.000000 
5.680000 26.389999 69.559998 -6.380000 -31.450001 0.000000 2064.000000 -871.000000 3734.000000 -549.000000 -2467.000000 3620.000000 
5.490000 26.580000 69.739998 -6.380000 -31.850000 0.000000 1951.000000 -800.000000 3752.000000 -659.000000 -2420.000000 3561.000000 
5.400000 26.870001 69.930000 -6.430000 -32.209999 0.000000 1928.000000 -811.000000 3809.000000 -776.000000 -2370.000000 3528.000000 
5.340000 27.110001 70.139999 -6.520000 -32.509998 0.000000 1943.000000 -788.000000 3772.000000 -841.000000 -2346.000000 3519.000000 
5.290000 27.299999 70.300003 -6.670000 -32.779999 0.000000 1954.000000 -785.000000 3764.000000 -782.000000 -2321.000000 3562.000000 
