36.169998 64.059998 87.739998 16.629999 -35.730000 0.000000 479.000000 878.000000 1694.000000 -1911.000000 -2490.000000 3074.000000 
34.560001 64.870003 85.220001 16.700001 -36.310001 0.000000 307.000000 740.000000 3393.000000 -1981.000000 -2525.000000 2942.000000 
33.470001 65.239998 82.730003 16.299999 -36.950001 0.000000 -219.000000 592.000000 4103.000000 -2500.000000 -2533.000000 2903.000000 
32.639999 64.730003 80.139999 16.090000 -37.160000 0.000000 34.000000 747.000000 3715.000000 -1798.000000 -2371.000000 2909.000000 
32.310001 63.830002 77.989998 15.960000 -37.110001 0.000000 688.000000 888.000000 3548.000000 -1330.000000 -2311.000000 3064.000000 
32.380001 62.970001 76.029999 15.640000 -37.070000 0.000000 762.000000 752.000000 3935.000000 -1326.000000 -2312.000000 3065.000000 
32.689999 62.099998 74.339996 15.210000 -37.160000 0.000000 775.000000 673.000000 4337.000000 -1600.000000 -2344.000000 2917.000000 
33.389999 61.380001 73.010002 14.770000 -37.430000 0.000000 779.000000 621.000000 4511.000000 -1846.000000 -2374.000000 2698.000000 
34.240002 60.970001 71.839996 14.240000 -37.970001 0.000000 738.000000 500.000000 4815.000000 -1925.000000 -2256.000000 2127.000000 
35.110001 60.930000 70.790001 13.630000 -38.610001 0.000000 386.000000 390.000000 5393.000000 -1663.000000 -2147.000000 2062.000000 
36.160000 61.639999 70.089996 13.090000 -39.549999 0.000000 164.000000 362.000000 5472.000000 -1951.000000 -2166.000000 2243.000000 
37.279999 62.910000 69.540001 12.730000 -40.660000 0.000000 -79.000000 421.000000 4825.000000 -1776.000000 -2499.000000 2726.000000 
38.639999 64.470001 69.260002 13.490000 -41.650002 0.000000 -215.000000 1302.000000 3552.000000 -2251.000000 -2523.000000 2966.000000 
40.110001 66.089996 69.050003 13.640000 -42.340000 0.000000 -471.000000 748.000000 3117.000000 -2132.000000 -2311.000000 2689.000000 
41.590000 67.690002 68.750000 13.890000 -43.060001 0.000000 -374.000000 759.000000 2913.000000 -1645.000000 -1851.000000 1808.000000 
43.410000 69.199997 68.650002 14.130000 -43.810001 0.000000 -476.000000 752.000000 2884.000000 -1892.000000 -1190.000000 1258.000000 
45.070000 70.540001 68.199997 14.120000 -44.720001 0.000000 -1144.000000 617.000000 2766.000000 -2256.000000 -964.000000 833.000000 
46.230000 71.720001 67.160004 14.110000 -45.770000 0.000000 -1743.000000 629.000000 2513.000000 -3600.000000 -882.000000 799.000000 
46.709999 72.800003 65.489998 13.950000 -47.240002 0.000000 -2083.000000 592.000000 2503.000000 -3772.000000 -1031.000000 465.000000 
46.740002 73.889999 63.509998 13.460000 -48.500000 0.000000 -2256.000000 474.000000 3062.000000 -3679.000000 -809.000000 85.000000 
46.529999 75.089996 61.500000 12.670000 -49.709999 0.000000 -2435.000000 309.000000 3641.000000 -3458.000000 -872.000000 -11.000000 
46.250000 76.489998 59.730000 11.970000 -51.139999 0.000000 -2744.000000 311.000000 3413.000000 -3734.000000 -1211.000000 181.000000 
46.070000 78.000000 58.369999 11.490000 -52.639999 0.000000 -3356.000000 455.000000 2726.000000 -4204.000000 -1136.000000 27.000000 
45.590000 79.440002 56.919998 11.100000 -54.119999 0.000000 -3552.000000 547.000000 2158.000000 -4442.000000 -1043.000000 -195.000000 
44.299999 80.680000 54.770000 10.610000 -55.389999 0.000000 -3449.000000 413.000000 2194.000000 -4575.000000 -992.000000 -22.000000 
41.270000 81.699997 50.880001 9.990000 -56.509998 0.000000 -3759.000000 338.000000 2505.000000 -4158.000000 -954.000000 -426.000000 
35.610001 82.540001 44.400002 9.170000 -57.639999 0.000000 -3777.000000 194.000000 3001.000000 -4199.000000 -826.000000 -767.000000 
27.809999 83.260002 35.869999 8.160000 -58.959999 0.000000 -3652.000000 -100.000000 3647.000000 -4555.000000 -765.000000 -939.000000 
18.379999 83.910004 25.879999 7.520000 -60.549999 0.000000 -3182.000000 128.000000 3381.000000 -4942.000000 -719.000000 -1187.000000 
5.330000 84.510002 12.600000 6.940000 -62.349998 0.000000 -3424.000000 119.000000 3600.000000 -4722.000000 -646.000000 -1193.000000 
-20.790001 84.970001 -13.340000 6.470000 -64.389999 0.000000 -3590.000000 162.000000 3753.000000 -4313.000000 -748.000000 -959.000000 
-65.839996 85.010002 -58.209999 6.080000 -66.629997 0.000000 -3634.000000 159.000000 3462.000000 -4191.000000 -1023.000000 -553.000000 
-96.160004 84.430000 -88.169998 5.860000 -69.010002 0.000000 -3627.000000 197.000000 2848.000000 -4507.000000 -1093.000000 -522.000000 
-109.400002 83.370003 -100.760002 5.820000 -71.470001 0.000000 -3451.000000 233.000000 2429.000000 -4647.000000 -1327.000000 -617.000000 
-115.839996 82.019997 -106.459999 5.780000 -73.830002 0.000000 -3285.000000 143.000000 2620.000000 -4387.000000 -1328.000000 -682.000000 
-119.500000 80.540001 -109.349998 5.640000 -76.250000 0.000000 -3336.000000 113.000000 2950.000000 -4332.000000 -1310.000000 -787.000000 
-122.059998 79.010002 -111.040001 5.360000 -78.779999 0.000000 -3392.000000 56.000000 3031.000000 -4182.000000 -1381.000000 -766.000000 
-124.050003 77.459999 -112.089996 4.920000 -81.239998 0.000000 -3227.000000 -15.000000 3144.000000 -3914.000000 -1559.000000 -476.000000 
-125.290001 75.820000 -112.349998 4.380000 -83.669998 0.000000 -3104.000000 -93.000000 3432.000000 -3533.000000 -1713.000000 -308.000000 
-125.669998 74.139999 -111.730003 3.930000 -86.230003 0.000000 -3025.000000 -108.000000 3314.000000 -3403.000000 -1737.000000 -406.000000 
-124.459999 72.709999 -109.690002 3.280000 -88.940002 0.000000 -2950.000000 -363.000000 2970.000000 -3388.000000 -1887.000000 -546.000000 
-119.389999 71.120003 -104.639999 2.350000 -91.639999 0.000000 -3216.000000 -958.000000 1887.000000 -2873.000000 -766.000000 -327.000000 
-115.980003 71.139999 -101.300003 1.650000 -94.239998 0.000000 -3132.000000 -456.000000 2028.000000 -4748.000000 -3116.000000 221.000000 
-114.080002 71.070000 -99.470001 1.130000 -95.620003 0.000000 -3431.000000 -451.000000 3597.000000 -4710.000000 -2892.000000 61.000000 
-111.269997 70.989998 -96.449997 0.490000 -96.690002 0.000000 -3453.000000 -603.000000 4381.000000 -4837.000000 -2562.000000 -582.000000 
-109.550003 70.669998 -94.510002 0.030000 -96.989998 0.000000 -3368.000000 -523.000000 4345.000000 -5104.000000 -2341.000000 -586.000000 
-109.129997 70.660004 -93.870003 -0.200000 -96.589996 0.000000 -3308.000000 -401.000000 4114.000000 -4378.000000 -2205.000000 -221.000000 
-110.440002 70.870003 -94.760002 -0.250000 -96.410004 0.000000 -3021.000000 -235.000000 3540.000000 -3752.000000 -1554.000000 -746.000000 
-111.750000 70.620003 -95.430000 -0.210000 -96.550003 0.000000 -2490.000000 -168.000000 3250.000000 -2918.000000 -822.000000 -926.000000 
-111.570000 69.699997 -94.629997 -0.070000 -97.320000 0.000000 -2307.000000 -65.000000 2984.000000 -2834.000000 -737.000000 -920.000000 
-110.330002 68.699997 -92.870003 0.020000 -98.480003 0.000000 -2354.000000 -159.000000 2480.000000 -2398.000000 -1120.000000 -556.000000 
-110.050003 68.510002 -92.290001 -0.030000 -99.610001 0.000000 -2752.000000 -156.000000 2366.000000 -3114.000000 -1549.000000 -280.000000 
-109.599998 68.379997 -91.489998 -0.350000 -100.839996 0.000000 -3119.000000 -277.000000 2451.000000 -3431.000000 -1489.000000 -710.000000 
-108.500000 67.790001 -89.809998 -0.710000 -101.750000 0.000000 -2888.000000 -365.000000 3183.000000 -3620.000000 -1861.000000 -563.000000 
-106.879997 66.980003 -87.690002 -1.180000 -101.820000 0.000000 -2600.000000 -476.000000 3721.000000 -3731.000000 -2532.000000 102.000000 
-105.309998 66.410004 -85.750000 -1.340000 -101.430000 0.000000 -2184.000000 -105.000000 4204.000000 -3623.000000 -2946.000000 472.000000 
-103.870003 66.199997 -84.160004 -1.470000 -100.769997 0.000000 -2184.000000 -362.000000 3252.000000 -3691.000000 -2633.000000 340.000000 
-102.330002 66.180000 -82.559998 -1.470000 -100.099998 0.000000 -2786.000000 -337.000000 3283.000000 -3198.000000 -2083.000000 -277.000000 
-101.489998 66.180000 -81.620003 -1.600000 -99.949997 0.000000 -2569.000000 -346.000000 3220.000000 -3165.000000 -1633.000000 -694.000000 
-100.440002 66.120003 -80.440002 -1.810000 -100.099998 0.000000 -2420.000000 -392.000000 3086.000000 -2984.000000 -1249.000000 -714.000000 
-99.529999 65.970001 -79.400002 -2.080000 -100.599998 0.000000 -2422.000000 -436.000000 3515.000000 -3096.000000 -1428.000000 -620.000000 
-98.449997 65.879997 -78.199997 -2.280000 -101.629997 0.000000 -2458.000000 -379.000000 2737.000000 -3846.000000 -1390.000000 -810.000000 
-97.800003 65.730003 -77.309998 -2.560000 -102.680000 0.000000 -2564.000000 -446.000000 3131.000000 -3491.000000 -1477.000000 -919.000000 
-97.419998 65.449997 -76.589996 -2.900000 -103.519997 0.000000 -2634.000000 -480.000000 3636.000000 -3502.000000 -1809.000000 -608.000000 
-97.349998 64.879997 -76.110001 -3.240000 -104.279999 0.000000 -2585.000000 -485.000000 3716.000000 -3502.000000 -2021.000000 -569.000000 
-97.470001 64.260002 -75.800003 -3.550000 -105.290001 0.000000 -2517.000000 -515.000000 3636.000000 -3957.000000 -1877.000000 -754.000000 
-97.860001 63.790001 -75.720001 -3.730000 -106.220001 0.000000 -2711.000000 -482.000000 3374.000000 -3597.000000 -1918.000000 -610.000000 
-98.110001 63.470001 -75.589996 -3.860000 -107.180000 0.000000 -2944.000000 -466.000000 3247.000000 -3794.000000 -1938.000000 -631.000000 
-98.410004 63.240002 -75.459999 -3.900000 -108.199997 0.000000 -2808.000000 -485.000000 3378.000000 -3600.000000 -1777.000000 -729.000000 
-98.669998 63.060001 -75.309998 -3.900000 -109.080002 0.000000 -2761.000000 -495.000000 3210.000000 -3514.000000 -1780.000000 -759.000000 
-98.930000 62.889999 -75.150002 -3.880000 -109.919998 0.000000 -2711.000000 -473.000000 3045.000000 -3495.000000 -1746.000000 -768.000000 
-99.169998 62.669998 -74.959999 -3.980000 -110.800003 0.000000 -2485.000000 -518.000000 3041.000000 -3238.000000 -1664.000000 -833.000000 
-99.480003 62.369999 -74.830002 -4.680000 -112.089996 0.000000 -2640.000000 -884.000000 3516.000000 -3125.000000 -1483.000000 -1090.000000 
-100.019997 62.029999 -74.910004 -4.840000 -113.480003 0.000000 -2469.000000 -638.000000 3369.000000 -3302.000000 -1588.000000 -1045.000000 
-100.360001 61.610001 -74.820000 -5.190000 -115.190002 0.000000 -2528.000000 -673.000000 3384.000000 -3364.000000 -1666.000000 -1185.000000 
-100.639999 61.090000 -74.599998 -5.630000 -116.440002 0.000000 -2436.000000 -749.000000 3461.000000 -3233.000000 -2150.000000 -773.000000 
-100.930000 60.340000 -74.419998 -5.770000 -117.250000 0.000000 -2190.000000 -652.000000 3661.000000 -3328.000000 -2807.000000 -87.000000 
-100.910004 59.419998 -74.000000 -5.880000 -118.150002 0.000000 -2456.000000 -645.000000 3585.000000 -3356.000000 -2486.000000 -500.000000 
-100.699997 58.830002 -73.580002 -6.030000 -119.440002 0.000000 -2412.000000 -627.000000 3379.000000 -3280.000000 -2029.000000 -979.000000 
-100.730003 58.660000 -73.489998 -6.220000 -120.559998 0.000000 -2543.000000 -616.000000 3104.000000 -3360.000000 -2085.000000 -997.000000 
-100.769997 58.660000 -73.440002 -6.450000 -121.230003 0.000000 -2588.000000 -575.000000 2455.000000 -3432.000000 -2168.000000 -912.000000 
-100.760002 58.580002 -73.330002 -6.960000 -121.750000 0.000000 -2344.000000 -726.000000 2482.000000 -3216.000000 -1926.000000 -984.000000 
-100.570000 58.320000 -73.040001 -7.420000 -122.470001 0.000000 -2162.000000 -739.000000 3090.000000 -3072.000000 -1620.000000 -1174.000000 
-100.199997 58.099998 -72.660004 -7.980000 -123.230003 0.000000 -2283.000000 -1024.000000 3885.000000 -3583.000000 -1738.000000 -1315.000000 
-99.519997 58.029999 -72.080002 -7.980000 -123.879997 0.000000 -1886.000000 -863.000000 4125.000000 -3602.000000 -1817.000000 -1374.000000 
-98.910004 57.840000 -71.599998 -7.870000 -124.089996 0.000000 -1740.000000 -825.000000 4002.000000 -3314.000000 -1998.000000 -1252.000000 
-98.580002 57.430000 -71.400002 -7.830000 -124.300003 0.000000 -2014.000000 -775.000000 3845.000000 -3220.000000 -2095.000000 -1168.000000 
-98.620003 57.049999 -71.570000 -8.080000 -124.680000 0.000000 -2391.000000 -845.000000 3760.000000 -3200.000000 -2050.000000 -1105.000000 
-98.720001 56.799999 -71.889999 -8.860000 -125.669998 0.000000 -1942.000000 -1107.000000 3356.000000 -3345.000000 -1710.000000 -1329.000000 
-98.889999 56.790001 -72.339996 -8.800000 -126.690002 0.000000 -2819.000000 -618.000000 3553.000000 -3400.000000 -1629.000000 -1381.000000 
-99.150002 56.910000 -72.849998 -9.210000 -127.730003 0.000000 -2041.000000 -869.000000 2541.000000 -3690.000000 -1605.000000 -1549.000000 
-99.160004 57.119999 -73.089996 -9.360000 -128.619995 0.000000 -1552.000000 -563.000000 1950.000000 -4213.000000 -1552.000000 -1622.000000 
-99.120003 57.119999 -73.220001 -9.690000 -128.160004 0.000000 -2721.000000 -765.000000 3219.000000 -2737.000000 -1745.000000 -1063.000000 
-98.930000 56.860001 -73.110001 -10.130000 -127.639999 0.000000 -4783.000000 -1522.000000 6343.000000 -2628.000000 -1737.000000 -1081.000000 
-99.220001 56.720001 -73.440002 -9.810000 -128.240005 0.000000 -1701.000000 -1101.000000 4297.000000 -4008.000000 -1604.000000 -1469.000000 
-99.459999 56.820000 -73.839996 -8.770000 -128.770004 0.000000 -2140.000000 -738.000000 4008.000000 -3752.000000 -1557.000000 -1485.000000 
-99.889999 56.900002 -74.410004 -7.940000 -129.039993 0.000000 -2429.000000 -592.000000 3818.000000 -3750.000000 -1583.000000 -1319.000000 
-100.459999 57.020000 -75.099998 -7.280000 -129.339996 0.000000 -2395.000000 -567.000000 3585.000000 -3185.000000 -1299.000000 -1213.000000 
-100.930000 57.290001 -75.660004 -6.750000 -129.179993 0.000000 -2232.000000 -523.000000 3364.000000 -3625.000000 -1286.000000 -1184.000000 
-101.440002 57.529999 -76.180000 -6.370000 -129.009995 0.000000 -2249.000000 -528.000000 3585.000000 -3425.000000 -1230.000000 -1213.000000 
-101.820000 57.750000 -76.610001 -6.200000 -128.800003 0.000000 -2121.000000 -565.000000 3683.000000 -3485.000000 -1324.000000 -1253.000000 
-102.220001 57.889999 -77.019997 -6.580000 -128.389999 0.000000 -1974.000000 -696.000000 3805.000000 -3104.000000 -1447.000000 -1168.000000 
-102.440002 57.950001 -77.230003 -6.740000 -128.089996 0.000000 -2072.000000 -620.000000 3751.000000 -3251.000000 -1526.000000 -1217.000000 
-102.099998 57.750000 -76.970001 -7.010000 -127.849998 0.000000 -2071.000000 -656.000000 3646.000000 -3469.000000 -1628.000000 -1325.000000 
-101.820000 57.630001 -76.790001 -7.240000 -127.589996 0.000000 -2007.000000 -692.000000 3774.000000 -3469.000000 -1497.000000 -1249.000000 
-101.839996 57.669998 -76.900002 -7.550000 -127.349998 0.000000 -2109.000000 -717.000000 3719.000000 -3798.000000 -1369.000000 -1210.000000 
-102.290001 57.779999 -77.360001 -7.590000 -126.839996 0.000000 -2207.000000 -645.000000 3549.000000 -3436.000000 -1289.000000 -1075.000000 
-102.629997 58.000000 -77.690002 -7.370000 -126.309998 0.000000 -2126.000000 -559.000000 3687.000000 -3639.000000 -1331.000000 -1135.000000 
-102.589996 58.220001 -77.779999 -7.500000 -125.550003 0.000000 -2136.000000 -635.000000 3626.000000 -3436.000000 -1472.000000 -1097.000000 
-102.459999 58.470001 -77.699997 -7.470000 -125.639999 0.000000 -2034.000000 -631.000000 3756.000000 -3622.000000 -990.000000 -1242.000000 
-102.870003 58.730000 -78.080002 -7.430000 -126.059998 0.000000 -2366.000000 -614.000000 3797.000000 -3376.000000 -1155.000000 -1219.000000 
-103.110001 58.849998 -78.290001 -7.360000 -126.610001 0.000000 -2297.000000 -619.000000 3738.000000 -3414.000000 -1385.000000 -1218.000000 
-103.250000 58.900002 -78.370003 -7.680000 -127.150002 0.000000 -2163.000000 -751.000000 3602.000000 -3598.000000 -1490.000000 -1151.000000 
-103.430000 58.830002 -78.400002 -7.800000 -127.750000 0.000000 -2264.000000 -674.000000 3630.000000 -3797.000000 -1443.000000 -1193.000000 
-103.919998 58.779999 -78.660004 -7.890000 -128.440002 0.000000 -2443.000000 -647.000000 3670.000000 -3840.000000 -1348.000000 -1271.000000 
-104.500000 58.840000 -78.989998 -7.900000 -129.110001 0.000000 -2667.000000 -653.000000 3765.000000 -3881.000000 -1301.000000 -1200.000000 
-105.199997 58.849998 -79.419998 -8.170000 -129.570007 0.000000 -2467.000000 -743.000000 3784.000000 -3405.000000 -1424.000000 -1078.000000 
-105.919998 59.009998 -79.839996 -8.010000 -129.789993 0.000000 -2343.000000 -644.000000 3590.000000 -3300.000000 -1414.000000 -990.000000 
-106.459999 59.110001 -80.099998 -7.540000 -130.039993 0.000000 -2139.000000 -562.000000 3468.000000 -3208.000000 -1313.000000 -1026.000000 
-106.860001 59.160000 -80.220001 -7.310000 -130.289993 0.000000 -1985.000000 -560.000000 3335.000000 -3176.000000 -1283.000000 -1091.000000 
-106.980003 59.139999 -80.120003 -7.320000 -130.470001 0.000000 -2087.000000 -599.000000 3426.000000 -3486.000000 -1403.000000 -1154.000000 
-107.230003 59.180000 -80.129997 -7.690000 -130.789993 0.000000 -2003.000000 -733.000000 3458.000000 -3670.000000 -1350.000000 -1226.000000 
-107.500000 59.160000 -80.220001 -7.580000 -131.419998 0.000000 -2274.000000 -647.000000 3817.000000 -3577.000000 -1240.000000 -1278.000000 
-107.860001 59.180000 -80.410004 -7.460000 -132.289993 0.000000 -2335.000000 -588.000000 3728.000000 -3541.000000 -1152.000000 -1329.000000 
-108.370003 59.209999 -80.779999 -7.570000 -133.360001 0.000000 -2330.000000 -659.000000 3581.000000 -3549.000000 -1040.000000 -1368.000000 
-108.830002 59.259998 -81.099998 -7.670000 -134.500000 0.000000 -2437.000000 -648.000000 3500.000000 -3648.000000 -1038.000000 -1449.000000 
-109.320000 59.330002 -81.419998 -7.920000 -135.580002 0.000000 -2527.000000 -703.000000 3370.000000 -3724.000000 -1082.000000 -1490.000000 
-109.849998 59.410000 -81.790001 -8.160000 -136.470001 0.000000 -2585.000000 -767.000000 3403.000000 -3809.000000 -1133.000000 -1486.000000 
-110.559998 59.450001 -82.290001 -8.290000 -137.369995 0.000000 -2655.000000 -773.000000 3512.000000 -3986.000000 -1056.000000 -1633.000000 
-111.309998 59.400002 -82.820000 -8.230000 -138.169998 0.000000 -2887.000000 -740.000000 3652.000000 -3755.000000 -955.000000 -1645.000000 
-112.290001 59.330002 -83.529999 -8.090000 -138.820007 0.000000 -2828.000000 -729.000000 3451.000000 -3860.000000 -858.000000 -1678.000000 
-113.279999 59.270000 -84.260002 -7.980000 -139.289993 0.000000 -2872.000000 -695.000000 3448.000000 -4013.000000 -836.000000 -1592.000000 
-114.339996 59.180000 -84.949997 -7.760000 -139.720001 0.000000 -3000.000000 -613.000000 3601.000000 -4050.000000 -771.000000 -1537.000000 
-115.389999 59.139999 -85.680000 -7.440000 -140.160004 0.000000 -3004.000000 -510.000000 3584.000000 -4073.000000 -707.000000 -1542.000000 
-116.510002 59.160000 -86.440002 -7.220000 -140.699997 0.000000 -3024.000000 -536.000000 3526.000000 -3955.000000 -558.000000 -1584.000000 
-117.389999 59.169998 -87.010002 -6.920000 -141.130005 0.000000 -3017.000000 -459.000000 3512.000000 -4058.000000 -611.000000 -1514.000000 
-118.080002 59.200001 -87.410004 -6.850000 -141.429993 0.000000 -3037.000000 -575.000000 3374.000000 -4066.000000 -706.000000 -1436.000000 
-118.699997 59.299999 -87.760002 -6.460000 -141.720001 0.000000 -2903.000000 -504.000000 3554.000000 -4041.000000 -721.000000 -1454.000000 
-119.309998 59.400002 -88.099998 -6.070000 -141.940002 0.000000 -2864.000000 -521.000000 3593.000000 -3994.000000 -774.000000 -1404.000000 
-119.980003 59.470001 -88.459999 -5.440000 -142.250000 0.000000 -2845.000000 -410.000000 3549.000000 -3916.000000 -752.000000 -1427.000000 
-120.669998 59.480000 -88.820000 -4.930000 -142.669998 0.000000 -2948.000000 -364.000000 3549.000000 -4021.000000 -681.000000 -1467.000000 
-121.389999 59.419998 -89.220001 -4.460000 -143.139999 0.000000 -2998.000000 -348.000000 3399.000000 -3934.000000 -608.000000 -1451.000000 
-122.110001 59.389999 -89.629997 -4.120000 -143.710007 0.000000 -3041.000000 -340.000000 3327.000000 -3827.000000 -459.000000 -1475.000000 
-122.800003 59.419998 -90.029999 -3.800000 -144.259995 0.000000 -3143.000000 -334.000000 3301.000000 -3977.000000 -416.000000 -1478.000000 
-123.430000 59.500000 -90.349998 -3.460000 -144.679993 0.000000 -3091.000000 -285.000000 3278.000000 -4016.000000 -380.000000 -1466.000000 
-123.930000 59.650002 -90.559998 -3.100000 -144.949997 0.000000 -3070.000000 -264.000000 3350.000000 -4073.000000 -379.000000 -1426.000000 
-124.370003 59.840000 -90.709999 -2.720000 -145.080002 0.000000 -2971.000000 -266.000000 3322.000000 -3941.000000 -368.000000 -1344.000000 
-124.800003 60.060001 -90.809998 -2.320000 -145.149994 0.000000 -2876.000000 -240.000000 3202.000000 -3857.000000 -360.000000 -1290.000000 
-125.250000 60.259998 -90.889999 -1.830000 -145.169998 0.000000 -2817.000000 -155.000000 3264.000000 -3763.000000 -372.000000 -1229.000000 
-125.750000 60.360001 -90.970001 -1.330000 -145.250000 0.000000 -2795.000000 -116.000000 3199.000000 -3710.000000 -348.000000 -1230.000000 
-126.339996 60.419998 -91.139999 -0.940000 -145.279999 0.000000 -2736.000000 -100.000000 3182.000000 -3620.000000 -433.000000 -1157.000000 
-127.050003 60.459999 -91.379997 -0.610000 -145.490005 0.000000 -2731.000000 -126.000000 3276.000000 -3707.000000 -437.000000 -1220.000000 
-127.779999 60.480000 -91.620003 -0.330000 -145.860001 0.000000 -2786.000000 -104.000000 3435.000000 -3753.000000 -489.000000 -1195.000000 
-128.470001 60.490002 -91.800003 -0.190000 -146.440002 0.000000 -2788.000000 -157.000000 3348.000000 -3813.000000 -486.000000 -1243.000000 
-129.190002 60.500000 -92.010002 -0.090000 -147.080002 0.000000 -2823.000000 -173.000000 3350.000000 -3845.000000 -502.000000 -1241.000000 
-129.869995 60.480000 -92.180000 -0.100000 -147.600006 0.000000 -2686.000000 -229.000000 3302.000000 -3767.000000 -570.000000 -1182.000000 
-130.470001 60.389999 -92.230003 0.030000 -148.199997 0.000000 -2705.000000 -189.000000 3142.000000 -3688.000000 -479.000000 -1190.000000 
-131.089996 60.240002 -92.320000 0.210000 -148.619995 0.000000 -2669.000000 -170.000000 3119.000000 -3662.000000 -493.000000 -1115.000000 
-131.729996 60.099998 -92.430000 0.550000 -149.100006 0.000000 -2697.000000 -94.000000 3143.000000 -3675.000000 -436.000000 -1121.000000 
-132.529999 60.000000 -92.699997 1.010000 -149.600006 0.000000 -2700.000000 -34.000000 3178.000000 -3664.000000 -408.000000 -1076.000000 
-133.429993 60.040001 -93.029999 1.470000 -150.279999 0.000000 -2736.000000 -18.000000 3198.000000 -3708.000000 -353.000000 -1122.000000 
-134.309998 60.169998 -93.320000 1.740000 -150.580002 0.000000 -2635.000000 -74.000000 3227.000000 -3680.000000 -515.000000 -982.000000 
-135.169998 60.220001 -93.589996 1.850000 -150.940002 0.000000 -2546.000000 -89.000000 3133.000000 -3529.000000 -501.000000 -1012.000000 
-135.929993 60.180000 -93.730003 1.940000 -151.440002 0.000000 -2493.000000 -116.000000 3063.000000 -3475.000000 -461.000000 -1076.000000 
-136.600006 60.000000 -93.750000 1.940000 -152.000000 0.000000 -2557.000000 -132.000000 3067.000000 -3541.000000 -492.000000 -1156.000000 
-137.270004 59.740002 -93.739998 1.950000 -152.580002 0.000000 -2610.000000 -139.000000 3155.000000 -3506.000000 -502.000000 -1117.000000 
-138.009995 59.470001 -93.790001 2.040000 -153.330002 0.000000 -2599.000000 -105.000000 3041.000000 -3561.000000 -425.000000 -1087.000000 
-138.740005 59.230000 -93.839996 2.160000 -154.020004 0.000000 -2592.000000 -68.000000 3040.000000 -3576.000000 -442.000000 -1020.000000 
-139.479996 59.029999 -93.919998 2.280000 -154.690002 0.000000 -2581.000000 -65.000000 3106.000000 -3578.000000 -432.000000 -1001.000000 
-140.259995 58.860001 -94.000000 2.490000 -155.440002 0.000000 -2612.000000 -35.000000 3115.000000 -3542.000000 -388.000000 -1036.000000 
-141.050003 58.740002 -94.099998 2.610000 -156.179993 0.000000 -2560.000000 -59.000000 3062.000000 -3546.000000 -430.000000 -1046.000000 
-141.770004 58.570000 -94.089996 2.700000 -156.970001 0.000000 -2549.000000 -77.000000 3007.000000 -3498.000000 -410.000000 -1035.000000 
-142.440002 58.250000 -94.029999 2.810000 -157.889999 0.000000 -2571.000000 -71.000000 2982.000000 -3432.000000 -375.000000 -1070.000000 
-143.039993 57.939999 -93.879997 2.980000 -158.759995 0.000000 -2536.000000 -53.000000 3058.000000 -3468.000000 -427.000000 -1025.000000 
-143.639999 57.669998 -93.750000 3.130000 -159.740005 0.000000 -2586.000000 -43.000000 3088.000000 -3528.000000 -446.000000 -1053.000000 
-144.169998 57.480000 -93.540001 3.280000 -160.690002 0.000000 -2620.000000 -52.000000 3079.000000 -3589.000000 -454.000000 -998.000000 
-144.550003 57.380001 -93.190002 3.400000 -161.479996 0.000000 -2633.000000 -24.000000 3036.000000 -3538.000000 -421.000000 -972.000000 
-144.839996 57.220001 -92.769997 3.480000 -162.020004 0.000000 -2551.000000 -23.000000 2942.000000 -3512.000000 -414.000000 -966.000000 
-145.110001 57.020000 -92.309998 3.510000 -162.520004 0.000000 -2596.000000 -50.000000 2896.000000 -3518.000000 -384.000000 -1079.000000 
-145.440002 56.779999 -91.949997 3.460000 -162.729996 0.000000 -2623.000000 -98.000000 2874.000000 -3438.000000 -403.000000 -1051.000000 
-145.600006 56.689999 -91.410004 3.390000 -162.720001 0.000000 -2580.000000 -102.000000 2907.000000 -3417.000000 -431.000000 -1068.000000 
-145.479996 56.730000 -90.639999 3.340000 -162.449997 0.000000 -2534.000000 -67.000000 2995.000000 -3481.000000 -476.000000 -1035.000000 
-145.369995 56.770000 -89.900002 3.250000 -161.979996 0.000000 -2591.000000 -72.000000 3138.000000 -3530.000000 -563.000000 -1037.000000 
-145.360001 56.770000 -89.190002 3.180000 -161.410004 0.000000 -2502.000000 -68.000000 3227.000000 -3501.000000 -618.000000 -924.000000 
-145.309998 56.680000 -88.430000 3.050000 -161.110001 0.000000 -2397.000000 -63.000000 3149.000000 -3420.000000 -543.000000 -956.000000 
-145.289993 56.470001 -87.779999 2.840000 -160.869995 0.000000 -2472.000000 -96.000000 2983.000000 -3393.000000 -512.000000 -963.000000 
-145.160004 56.310001 -87.080002 2.680000 -160.619995 0.000000 -2531.000000 -82.000000 2980.000000 -3473.000000 -539.000000 -994.000000 
-144.809998 56.299999 -86.160004 2.440000 -160.320007 0.000000 -2481.000000 -106.000000 3076.000000 -3451.000000 -574.000000 -960.000000 
-144.470001 56.470001 -85.320000 2.190000 -159.919998 0.000000 -2462.000000 -107.000000 3171.000000 -3589.000000 -626.000000 -987.000000 
-144.199997 56.810001 -84.500000 1.950000 -159.419998 0.000000 -2472.000000 -103.000000 3356.000000 -3634.000000 -715.000000 -916.000000 
-144.050003 57.180000 -83.760002 1.800000 -159.009995 0.000000 -2401.000000 -71.000000 3399.000000 -3602.000000 -719.000000 -852.000000 
-143.979996 57.279999 -83.059998 1.770000 -158.639999 0.000000 -2350.000000 -17.000000 3331.000000 -3600.000000 -739.000000 -825.000000 
-143.899994 57.080002 -82.400002 1.590000 -158.339996 0.000000 -2375.000000 -67.000000 3195.000000 -3531.000000 -726.000000 -836.000000 
-143.529999 56.830002 -81.500000 1.470000 -158.220001 0.000000 -2442.000000 -56.000000 3084.000000 -3546.000000 -646.000000 -965.000000 
-142.970001 56.709999 -80.500000 1.320000 -158.050003 0.000000 -2575.000000 -89.000000 3044.000000 -3600.000000 -621.000000 -1084.000000 
-142.190002 56.869999 -79.339996 1.160000 -157.429993 0.000000 -2637.000000 -83.000000 3211.000000 -3661.000000 -705.000000 -1038.000000 
-141.300003 57.200001 -78.110001 0.840000 -156.470001 0.000000 -2531.000000 -171.000000 3298.000000 -3611.000000 -807.000000 -1053.000000 
-140.470001 57.509998 -76.989998 0.500000 -155.360001 0.000000 -2464.000000 -172.000000 3407.000000 -3648.000000 -820.000000 -961.000000 
-139.820007 57.700001 -76.040001 0.170000 -154.309998 0.000000 -2407.000000 -173.000000 3406.000000 -3654.000000 -790.000000 -1000.000000 
-139.470001 57.770000 -75.300003 -0.180000 -153.369995 0.000000 -2394.000000 -189.000000 3327.000000 -3651.000000 -771.000000 -971.000000 
-139.270004 57.709999 -74.769997 -0.370000 -152.369995 0.000000 -2408.000000 -129.000000 3326.000000 -3623.000000 -773.000000 -897.000000 
-139.119995 57.599998 -74.300003 -0.600000 -151.589996 0.000000 -2382.000000 -163.000000 3266.000000 -3531.000000 -750.000000 -985.000000 
-138.729996 57.560001 -73.650002 -0.910000 -150.869995 0.000000 -2397.000000 -227.000000 3284.000000 -3632.000000 -759.000000 -1041.000000 
-138.139999 57.630001 -72.839996 -1.200000 -150.399994 0.000000 -2449.000000 -237.000000 3442.000000 -3630.000000 -769.000000 -1162.000000 
-137.350006 57.799999 -71.839996 -1.560000 -150.160004 0.000000 -2467.000000 -285.000000 3515.000000 -3619.000000 -805.000000 -1198.000000 
-136.529999 57.810001 -70.769997 -1.930000 -150.029999 0.000000 -2491.000000 -303.000000 3630.000000 -3723.000000 -901.000000 -1164.000000 
-135.929993 57.689999 -69.900002 -2.250000 -150.080002 0.000000 -2494.000000 -272.000000 3514.000000 -3685.000000 -834.000000 -1101.000000 
-135.619995 57.349998 -69.290001 -2.500000 -150.229996 0.000000 -2455.000000 -254.000000 3399.000000 -3648.000000 -831.000000 -1055.000000 
-135.460007 56.939999 -68.849998 -2.690000 -150.419998 0.000000 -2520.000000 -224.000000 3269.000000 -3601.000000 -753.000000 -1073.000000 
-135.270004 56.680000 -68.440002 -2.880000 -150.419998 0.000000 -2558.000000 -243.000000 3154.000000 -3652.000000 -769.000000 -1081.000000 
-134.889999 56.619999 -67.879997 -3.100000 -150.100006 0.000000 -2554.000000 -265.000000 3186.000000 -3733.000000 -813.000000 -1116.000000 
-134.250000 56.740002 -67.120003 -3.260000 -149.660004 0.000000 -2656.000000 -261.000000 3367.000000 -3732.000000 -784.000000 -1179.000000 
-133.830002 56.930000 -66.639999 -3.450000 -149.080002 0.000000 -2596.000000 -277.000000 3340.000000 -3650.000000 -744.000000 -1083.000000 
-133.580002 57.049999 -66.309998 -3.580000 -148.529999 0.000000 -2486.000000 -255.000000 3256.000000 -3581.000000 -685.000000 -1073.000000 
-133.410004 57.009998 -66.019997 -3.680000 -148.089996 0.000000 -2456.000000 -244.000000 3209.000000 -3512.000000 -610.000000 -1064.000000 
-133.270004 56.910000 -65.739998 -3.810000 -147.619995 0.000000 -2477.000000 -278.000000 3130.000000 -3496.000000 -608.000000 -1088.000000 
-133.000000 56.750000 -65.360001 -3.870000 -147.300003 0.000000 -2524.000000 -228.000000 3137.000000 -3487.000000 -586.000000 -1222.000000 
-132.490005 56.689999 -64.750000 -4.040000 -146.910004 0.000000 -2580.000000 -279.000000 3223.000000 -3607.000000 -659.000000 -1304.000000 
-131.889999 56.740002 -64.070000 -4.370000 -146.580002 0.000000 -2594.000000 -388.000000 3451.000000 -3658.000000 -788.000000 -1300.000000 
-131.339996 56.779999 -63.430000 -4.660000 -146.559998 0.000000 -2524.000000 -405.000000 3564.000000 -3710.000000 -828.000000 -1234.000000 
-131.009995 56.619999 -62.980000 -4.850000 -146.759995 0.000000 -2433.000000 -362.000000 3703.000000 -3698.000000 -853.000000 -1160.000000 
-130.970001 56.320000 -62.750000 -5.050000 -147.210007 0.000000 -2424.000000 -354.000000 3548.000000 -3679.000000 -779.000000 -1155.000000 
-131.039993 55.950001 -62.610001 -5.230000 -147.740005 0.000000 -2520.000000 -318.000000 3282.000000 -3702.000000 -693.000000 -1208.000000 
-130.979996 55.529999 -62.340000 -5.430000 -148.059998 0.000000 -2691.000000 -319.000000 3134.000000 -3677.000000 -658.000000 -1203.000000 
-130.860001 55.160000 -62.099998 -5.560000 -148.059998 0.000000 -2706.000000 -255.000000 3021.000000 -3589.000000 -645.000000 -1290.000000 
-130.529999 54.900002 -61.660000 -5.820000 -147.750000 0.000000 -2748.000000 -368.000000 2967.000000 -3540.000000 -611.000000 -1354.000000 
-129.850006 55.000000 -60.970001 -6.110000 -147.210007 0.000000 -2739.000000 -399.000000 3171.000000 -3646.000000 -696.000000 -1398.000000 
-129.160004 55.160000 -60.290001 -6.450000 -146.559998 0.000000 -2664.000000 -456.000000 3573.000000 -3722.000000 -866.000000 -1345.000000 
-128.619995 55.259998 -59.700001 -6.790000 -146.259995 0.000000 -2517.000000 -474.000000 3594.000000 -3672.000000 -783.000000 -1276.000000 
-128.360001 55.250000 -59.360001 -7.070000 -146.160004 0.000000 -2534.000000 -438.000000 3500.000000 -3666.000000 -717.000000 -1249.000000 
-128.300003 55.189999 -59.180000 -7.290000 -146.339996 0.000000 -2563.000000 -397.000000 3330.000000 -3705.000000 -695.000000 -1284.000000 
-128.270004 55.029999 -59.009998 -7.540000 -146.520004 0.000000 -2636.000000 -429.000000 3203.000000 -3708.000000 -698.000000 -1395.000000 
-128.179993 54.799999 -58.790001 -7.850000 -146.460007 0.000000 -2691.000000 -530.000000 3135.000000 -3620.000000 -710.000000 -1456.000000 
-127.760002 54.619999 -58.320000 -8.120000 -146.179993 0.000000 -2711.000000 -556.000000 3174.000000 -3576.000000 -795.000000 -1479.000000 
-127.019997 54.490002 -57.580002 -8.440000 -145.860001 0.000000 -2578.000000 -639.000000 3325.000000 -3637.000000 -820.000000 -1557.000000 
-126.190002 54.570000 -56.740002 -8.750000 -145.610001 0.000000 -2655.000000 -654.000000 3492.000000 -3685.000000 -823.000000 -1600.000000 
-125.660004 54.830002 -56.180000 -9.060000 -145.479996 0.000000 -2681.000000 -674.000000 3547.000000 -3687.000000 -800.000000 -1570.000000 
-125.279999 55.029999 -55.730000 -9.350000 -145.339996 0.000000 -2705.000000 -647.000000 3446.000000 -3687.000000 -825.000000 -1524.000000 
-124.889999 55.049999 -55.200001 -9.680000 -145.149994 0.000000 -2623.000000 -706.000000 3231.000000 -3605.000000 -827.000000 -1432.000000 
-124.449997 54.950001 -54.639999 -9.850000 -144.779999 0.000000 -2509.000000 -646.000000 3240.000000 -3598.000000 -858.000000 -1448.000000 
-123.980003 54.910000 -54.060001 -9.910000 -144.190002 0.000000 -2527.000000 -597.000000 3322.000000 -3608.000000 -963.000000 -1384.000000 
-123.690002 54.919998 -53.630001 -9.830000 -143.610001 0.000000 -2443.000000 -549.000000 3557.000000 -3581.000000 -1075.000000 -1385.000000 
-123.449997 54.910000 -53.310001 -9.810000 -143.210007 0.000000 -2387.000000 -588.000000 3655.000000 -3533.000000 -1073.000000 -1354.000000 
-123.099998 54.799999 -52.930000 -9.810000 -142.929993 0.000000 -2363.000000 -579.000000 3629.000000 -3527.000000 -1083.000000 -1338.000000 
-122.839996 54.750000 -52.689999 -9.910000 -142.880005 0.000000 -2371.000000 -603.000000 3452.000000 -3480.000000 -966.000000 -1351.000000 
-122.650002 54.849998 -52.500000 -10.050000 -142.850006 0.000000 -2380.000000 -622.000000 3328.000000 -3457.000000 -886.000000 -1334.000000 
-122.430000 55.020000 -52.259998 -10.200000 -142.800003 0.000000 -2423.000000 -599.000000 3188.000000 -3535.000000 -820.000000 -1352.000000 
-122.290001 55.180000 -52.119999 -10.290000 -142.679993 0.000000 -2465.000000 -546.000000 3300.000000 -3410.000000 -801.000000 -1365.000000 
-122.089996 55.439999 -51.860001 -10.360000 -142.600006 0.000000 -2415.000000 -551.000000 3353.000000 -3512.000000 -894.000000 -1342.000000 
-121.809998 55.509998 -51.500000 -10.410000 -142.550003 0.000000 -2321.000000 -568.000000 3495.000000 -3488.000000 -970.000000 -1326.000000 
-121.339996 55.380001 -51.029999 -10.540000 -142.649994 0.000000 -2273.000000 -627.000000 3596.000000 -3472.000000 -1033.000000 -1392.000000 
-121.010002 55.150002 -50.619999 -10.740000 -143.139999 0.000000 -2277.000000 -672.000000 3608.000000 -3441.000000 -994.000000 -1358.000000 
-120.879997 54.970001 -50.400002 -10.920000 -143.880005 0.000000 -2295.000000 -640.000000 3478.000000 -3514.000000 -1011.000000 -1382.000000 
-120.919998 54.770000 -50.369999 -11.150000 -144.660004 0.000000 -2384.000000 -650.000000 3403.000000 -3584.000000 -986.000000 -1426.000000 
-120.940002 54.599998 -50.299999 -11.390000 -145.309998 0.000000 -2533.000000 -668.000000 3297.000000 -3614.000000 -982.000000 -1482.000000 
-120.820000 54.439999 -50.139999 -11.650000 -145.779999 0.000000 -2571.000000 -733.000000 3171.000000 -3549.000000 -897.000000 -1554.000000 
-120.489998 54.330002 -49.820000 -11.870000 -145.889999 0.000000 -2593.000000 -766.000000 3223.000000 -3610.000000 -974.000000 -1568.000000 
-120.019997 54.220001 -49.389999 -12.080000 -145.990005 0.000000 -2559.000000 -811.000000 3531.000000 -3638.000000 -973.000000 -1658.000000 
-119.730003 54.200001 -49.110001 -12.250000 -146.179993 0.000000 -2515.000000 -820.000000 3682.000000 -3655.000000 -1002.000000 -1648.000000 
-119.580002 54.169998 -49.009998 -12.430000 -146.690002 0.000000 -2461.000000 -842.000000 3663.000000 -3658.000000 -931.000000 -1583.000000 
-119.650002 54.099998 -49.049999 -12.530000 -147.289993 0.000000 -2436.000000 -772.000000 3624.000000 -3619.000000 -917.000000 -1520.000000 
-119.739998 54.130001 -49.040001 -12.590000 -148.130005 0.000000 -2469.000000 -723.000000 3474.000000 -3668.000000 -948.000000 -1451.000000 
-119.940002 54.070000 -49.119999 -12.630000 -148.770004 0.000000 -2488.000000 -725.000000 3428.000000 -3570.000000 -876.000000 -1458.000000 
-120.099998 54.110001 -49.209999 -12.580000 -149.410004 0.000000 -2515.000000 -666.000000 3291.000000 -3584.000000 -986.000000 -1459.000000 
-119.930000 53.980000 -49.029999 -12.530000 -149.699997 0.000000 -2433.000000 -727.000000 3455.000000 -3672.000000 -1019.000000 -1630.000000 
-119.750000 53.770000 -48.820000 -12.520000 -150.039993 0.000000 -2582.000000 -761.000000 3601.000000 -3712.000000 -1063.000000 -1630.000000 
-119.660004 53.590000 -48.689999 -12.460000 -150.139999 0.000000 -2511.000000 -728.000000 3766.000000 -3681.000000 -1084.000000 -1576.000000 
-119.160004 52.959999 -48.250000 -12.460000 -150.720001 0.000000 -2514.000000 -740.000000 3756.000000 -3657.000000 -938.000000 -1522.000000 
-119.480003 52.669998 -48.439999 -12.480000 -151.330002 0.000000 -2535.000000 -677.000000 3594.000000 -3811.000000 -956.000000 -1561.000000 
-119.699997 52.730000 -48.610001 -12.550000 -152.050003 0.000000 -2698.000000 -692.000000 3587.000000 -3724.000000 -771.000000 -1544.000000 
-118.970001 53.139999 -47.889999 -12.620000 -152.570007 0.000000 -2691.000000 -643.000000 3317.000000 -3833.000000 -795.000000 -1565.000000 
-118.849998 52.919998 -47.669998 -12.700000 -152.539993 0.000000 -2933.000000 -710.000000 3382.000000 -3946.000000 -866.000000 -1544.000000 
-118.739998 53.029999 -47.450001 -12.730000 -152.529999 0.000000 -2600.000000 -735.000000 3405.000000 -3675.000000 -808.000000 -1624.000000 
-118.599998 53.000000 -47.240002 -12.800000 -152.550003 0.000000 -2548.000000 -773.000000 3439.000000 -3553.000000 -723.000000 -1654.000000 
-118.559998 53.060001 -47.070000 -12.880000 -152.550003 0.000000 -2504.000000 -791.000000 3500.000000 -3535.000000 -856.000000 -1628.000000 
-118.720001 53.189999 -47.090000 -12.990000 -152.850006 0.000000 -2673.000000 -798.000000 3519.000000 -3626.000000 -760.000000 -1720.000000 
-118.860001 53.169998 -47.099998 -13.110000 -152.850006 0.000000 -2472.000000 -785.000000 3392.000000 -3484.000000 -843.000000 -1618.000000 
-118.820000 53.070000 -46.919998 -13.300000 -152.910004 0.000000 -2424.000000 -808.000000 3295.000000 -3379.000000 -840.000000 -1604.000000 
-118.889999 52.880001 -46.810001 -13.430000 -152.869995 0.000000 -2208.000000 -642.000000 2847.000000 -3209.000000 -966.000000 -1679.000000 
-118.849998 52.650002 -46.610001 -13.850000 -151.710007 0.000000 -3074.000000 -1128.000000 3427.000000 -3960.000000 -1565.000000 -1687.000000 
-117.769997 52.560001 -45.470001 -13.830000 -151.100006 0.000000 -2479.000000 -728.000000 3691.000000 -3632.000000 -950.000000 -1508.000000 
-117.959999 52.480000 -45.560001 -13.840000 -150.309998 0.000000 -2376.000000 -794.000000 3540.000000 -3526.000000 -1033.000000 -1464.000000 
-118.150002 52.400002 -45.689999 -13.780000 -149.990005 0.000000 -2279.000000 -744.000000 3472.000000 -3398.000000 -906.000000 -1410.000000 
-118.320000 52.369999 -45.750000 -13.800000 -149.789993 0.000000 -2167.000000 -747.000000 3333.000000 -3161.000000 -882.000000 -1324.000000 
-118.349998 52.419998 -45.700001 -13.940000 -149.460007 0.000000 -2102.000000 -794.000000 3253.000000 -3336.000000 -1042.000000 -1312.000000 
-118.330002 52.500000 -45.560001 -14.130000 -148.759995 0.000000 -2044.000000 -800.000000 3174.000000 -3240.000000 -1096.000000 -1241.000000 
-117.820000 52.880001 -44.980000 -14.410000 -147.779999 0.000000 -1900.000000 -824.000000 3113.000000 -3103.000000 -1153.000000 -1219.000000 
-116.959999 52.730000 -44.090000 -14.910000 -146.639999 0.000000 -1986.000000 -940.000000 3186.000000 -3055.000000 -1186.000000 -1289.000000 
-116.379997 52.299999 -43.470001 -15.520000 -145.630005 0.000000 -1967.000000 -914.000000 3049.000000 -2958.000000 -1133.000000 -1244.000000 
-116.019997 52.099998 -43.009998 -16.680000 -143.910004 0.000000 -2355.000000 -1657.000000 3673.000000 -3502.000000 -1512.000000 -1201.000000 
-115.669998 51.630001 -42.549999 -17.120001 -143.229996 0.000000 -2169.000000 -767.000000 2867.000000 -2856.000000 -2262.000000 -1682.000000 
-115.930000 51.520000 -42.740002 -18.290001 -144.679993 0.000000 -7192.000000 -3547.000000 7450.000000 -9488.000000 -142.000000 -3606.000000 
-116.480003 50.709999 -43.090000 -18.320000 -146.250000 0.000000 -3271.000000 -628.000000 3537.000000 -4338.000000 -928.000000 -1603.000000 
-116.900002 50.950001 -43.230000 -18.879999 -147.000000 0.000000 -1857.000000 -1086.000000 3088.000000 -2896.000000 -1247.000000 -1451.000000 
-116.010002 50.439999 -42.360001 -19.590000 -147.449997 0.000000 -2082.000000 -1081.000000 3069.000000 -3066.000000 -1110.000000 -1463.000000 
-115.470001 49.439999 -41.720001 -20.070000 -147.750000 0.000000 -2358.000000 -1008.000000 3276.000000 -3286.000000 -1114.000000 -1410.000000 
-115.220001 48.860001 -41.380001 -20.610001 -147.979996 0.000000 -2413.000000 -1042.000000 3048.000000 -3272.000000 -1099.000000 -1437.000000 
-115.169998 48.799999 -41.230000 -21.010000 -148.100006 0.000000 -2445.000000 -1048.000000 3138.000000 -3360.000000 -1141.000000 -1455.000000 
-115.059998 48.810001 -41.020000 -21.320000 -148.110001 0.000000 -2489.000000 -1090.000000 3091.000000 -3480.000000 -1109.000000 -1422.000000 
-114.650002 48.849998 -40.549999 -21.559999 -148.020004 0.000000 -2384.000000 -1162.000000 3098.000000 -3495.000000 -1124.000000 -1420.000000 
-113.910004 48.770000 -39.889999 -21.580000 -147.619995 0.000000 -2359.000000 -1177.000000 3209.000000 -3398.000000 -1202.000000 -1464.000000 
-113.440002 48.480000 -39.419998 -21.600000 -147.589996 0.000000 -2395.000000 -1253.000000 3193.000000 -3374.000000 -1135.000000 -1499.000000 
-112.949997 48.189999 -38.939999 -21.510000 -147.550003 0.000000 -2426.000000 -1200.000000 3223.000000 -3594.000000 -1165.000000 -1533.000000 
-112.629997 47.880001 -38.630001 -21.379999 -147.440002 0.000000 -2461.000000 -1214.000000 3303.000000 -3275.000000 -1144.000000 -1571.000000 
-112.089996 47.540001 -38.160000 -21.250000 -147.449997 0.000000 -2496.000000 -1233.000000 3342.000000 -3194.000000 -1222.000000 -1586.000000 
-111.599998 47.130001 -37.799999 -21.240000 -147.630005 0.000000 -2628.000000 -1292.000000 3362.000000 -3166.000000 -1297.000000 -1552.000000 
-111.070000 46.599998 -37.349998 -21.299999 -147.490005 0.000000 -2537.000000 -1345.000000 3352.000000 -2953.000000 -1500.000000 -1524.000000 
-109.910004 46.310001 -36.500000 -21.750000 -147.149994 0.000000 -1961.000000 -1664.000000 3288.000000 -2561.000000 -2138.000000 -1657.000000 
-109.169998 45.950001 -36.090000 -22.410000 -146.699997 0.000000 -2513.000000 -1831.000000 2855.000000 -3358.000000 -1759.000000 -1550.000000 
-109.449997 45.750000 -36.439999 -21.809999 -145.850006 0.000000 -4017.000000 -1179.000000 5135.000000 -3828.000000 -1885.000000 -1412.000000 
-109.400002 45.980000 -36.340000 -21.240000 -143.639999 0.000000 -2709.000000 -1690.000000 3731.000000 -3702.000000 -2617.000000 -1265.000000 
-108.709999 45.580002 -35.689999 -20.549999 -140.600006 0.000000 -2239.000000 -1604.000000 3153.000000 -3261.000000 -3225.000000 -459.000000 
-108.110001 44.970001 -35.200001 -19.860001 -137.100006 0.000000 -2248.000000 -1414.000000 2949.000000 -3079.000000 -2968.000000 -1103.000000 
-107.139999 44.709999 -34.610001 -19.040001 -134.210007 0.000000 -4855.000000 -719.000000 2206.000000 -3449.000000 -2167.000000 -1872.000000 
-106.480003 45.259998 -34.259998 -18.840000 -132.779999 0.000000 -2551.000000 -1357.000000 2750.000000 -2212.000000 -267.000000 -3088.000000 
-106.440002 45.230000 -34.340000 -19.010000 -131.479996 0.000000 -2085.000000 -1511.000000 2993.000000 -3679.000000 -2230.000000 -1707.000000 
-105.760002 44.860001 -33.830002 -19.520000 -129.550003 0.000000 -2733.000000 -1621.000000 3231.000000 -3220.000000 -2731.000000 -1336.000000 
-105.150002 44.520000 -33.299999 -20.139999 -127.430000 0.000000 -2912.000000 -1674.000000 3363.000000 -3713.000000 -2676.000000 -1606.000000 
-104.720001 44.240002 -33.000000 -20.719999 -126.019997 0.000000 -3014.000000 -1706.000000 3571.000000 -3257.000000 -2117.000000 -2503.000000 
-104.309998 44.410000 -32.669998 -21.170000 -124.900002 0.000000 -2969.000000 -1792.000000 3901.000000 -3154.000000 -2158.000000 -2262.000000 
-104.300003 44.439999 -32.770000 -21.420000 -124.059998 0.000000 -3035.000000 -1704.000000 3696.000000 -3101.000000 -2419.000000 -1830.000000 
-104.250000 44.509998 -32.790001 -21.680000 -123.220001 0.000000 -3135.000000 -1751.000000 3354.000000 -2936.000000 -2514.000000 -1549.000000 
-103.750000 44.919998 -32.470001 -21.820000 -122.430000 0.000000 -3154.000000 -1663.000000 2966.000000 -2783.000000 -2595.000000 -1590.000000 
-102.940002 45.400002 -31.830000 -21.950001 -122.089996 0.000000 -3075.000000 -1696.000000 2665.000000 -3494.000000 -2453.000000 -2271.000000 
-101.730003 45.959999 -30.830000 -22.190001 -122.110001 0.000000 -2778.000000 -1822.000000 2240.000000 -4656.000000 -2144.000000 -2986.000000 
-100.470001 46.680000 -29.680000 -22.580000 -121.820000 0.000000 -2772.000000 -1929.000000 2164.000000 -3891.000000 -2254.000000 -2955.000000 
-99.269997 47.750000 -28.469999 -23.100000 -121.010002 0.000000 -3424.000000 -2023.000000 2532.000000 -3663.000000 -2628.000000 -2283.000000 
-97.769997 48.889999 -26.879999 -23.510000 -119.959999 0.000000 -3504.000000 -1911.000000 2508.000000 -3703.000000 -2708.000000 -2045.000000 
-95.879997 49.970001 -24.790001 -23.860001 -118.510002 0.000000 -3108.000000 -1946.000000 2645.000000 -3072.000000 -2707.000000 -1755.000000 
-93.809998 50.889999 -22.430000 -24.080000 -116.669998 0.000000 -2673.000000 -2080.000000 3044.000000 -2588.000000 -2681.000000 -1424.000000 
-91.739998 51.639999 -20.040001 -23.860001 -114.510002 0.000000 -2390.000000 -1895.000000 3028.000000 -2506.000000 -2839.000000 -1140.000000 
-89.559998 52.320000 -17.510000 -23.389999 -112.070000 0.000000 -2227.000000 -1874.000000 3015.000000 -2578.000000 -2925.000000 -909.000000 
-87.129997 52.930000 -14.700000 -22.680000 -109.589996 0.000000 -2137.000000 -1777.000000 3084.000000 -2573.000000 -2960.000000 -820.000000 
-84.620003 53.630001 -11.830000 -21.790001 -106.849998 0.000000 -2139.000000 -1782.000000 3310.000000 -2665.000000 -3131.000000 -554.000000 
-81.940002 54.349998 -8.800000 -20.799999 -104.059998 0.000000 -2087.000000 -1750.000000 3263.000000 -2540.000000 -3159.000000 -506.000000 
-78.970001 55.029999 -5.520000 -19.770000 -101.400002 0.000000 -1885.000000 -1628.000000 3147.000000 -2443.000000 -3070.000000 -676.000000 
-75.639999 55.900002 -1.970000 -18.790001 -98.440002 0.000000 -1748.000000 -1617.000000 3264.000000 -2261.000000 -3105.000000 -355.000000 
-72.889999 57.049999 1.090000 -17.570000 -95.250000 0.000000 -1483.000000 -1252.000000 3157.000000 -2180.000000 -3170.000000 -80.000000 
-69.620003 57.930000 4.640000 -16.540001 -91.709999 0.000000 -1353.000000 -1114.000000 2789.000000 -2178.000000 -3079.000000 169.000000 
-65.800003 58.590000 8.700000 -16.059999 -88.120003 0.000000 -624.000000 -1223.000000 2480.000000 -2193.000000 -2977.000000 242.000000 
-61.459999 59.160000 13.140000 -15.240000 -84.519997 0.000000 -1131.000000 -888.000000 3283.000000 -2017.000000 -2757.000000 361.000000 
-56.540001 59.970001 18.040001 -14.310000 -81.000000 0.000000 -905.000000 -923.000000 3672.000000 -1770.000000 -2724.000000 496.000000 
-51.270000 60.549999 23.250000 -13.170000 -77.389999 0.000000 -771.000000 -796.000000 3445.000000 -1775.000000 -2834.000000 878.000000 
-46.119999 60.799999 28.290001 -12.030000 -73.699997 0.000000 -883.000000 -670.000000 3209.000000 -1944.000000 -2708.000000 1005.000000 
-40.880001 60.900002 33.320000 -10.680000 -70.089996 0.000000 -852.000000 -148.000000 2936.000000 -1947.000000 -2516.000000 1079.000000 
-35.340000 60.860001 38.599998 -9.340000 -67.139999 0.000000 -387.000000 15.000000 2855.000000 -2060.000000 -2290.000000 908.000000 
-29.450001 60.520000 44.130001 -8.100000 -64.330002 0.000000 600.000000 217.000000 2875.000000 -1984.000000 -2100.000000 1001.000000 
-23.700001 59.849998 49.369999 -6.960000 -61.200001 0.000000 1045.000000 246.000000 3322.000000 -1414.000000 -2160.000000 1502.000000 
-18.440001 58.919998 53.980000 -5.880000 -58.389999 0.000000 719.000000 156.000000 3980.000000 -1436.000000 -2532.000000 1950.000000 
-13.810000 57.810001 57.790001 -4.810000 -55.900002 0.000000 -63.000000 188.000000 4398.000000 -1781.000000 -2620.000000 1971.000000 
-9.590000 56.619999 61.049999 -3.820000 -53.500000 0.000000 -468.000000 110.000000 4541.000000 -1796.000000 -2647.000000 2185.000000 
-5.790000 55.470001 63.849998 -2.840000 -51.450001 0.000000 -634.000000 171.000000 4452.000000 -2021.000000 -2422.000000 2054.000000 
-2.460000 54.369999 66.139999 -1.900000 -49.619999 0.000000 -1087.000000 295.000000 4511.000000 -2207.000000 -2020.000000 1697.000000 
0.490000 53.290001 68.019997 -0.970000 -47.919998 0.000000 -1104.000000 370.000000 4300.000000 -2402.000000 -1809.000000 1537.000000 
3.040000 52.270000 69.540001 -0.010000 -46.400002 0.000000 -664.000000 407.000000 4118.000000 -2578.000000 -1692.000000 1495.000000 
5.270000 51.349998 70.769997 0.990000 -45.070000 0.000000 -980.000000 761.000000 4315.000000 -2762.000000 -1615.000000 1669.000000 
7.350000 50.529999 71.879997 2.030000 -43.889999 0.000000 -414.000000 719.000000 4293.000000 -2612.000000 -1625.000000 1870.000000 
9.260000 49.830002 72.839996 3.090000 -42.860001 0.000000 21.000000 759.000000 4389.000000 -2378.000000 -1781.000000 2074.000000 
10.960000 49.299999 73.680000 4.260000 -41.849998 0.000000 179.000000 933.000000 4376.000000 -2000.000000 -1956.000000 2353.000000 
12.320000 49.029999 74.290001 5.450000 -40.950001 0.000000 -21.000000 1154.000000 3874.000000 -2171.000000 -1994.000000 2520.000000 
13.370000 48.939999 74.690002 6.400000 -40.080002 0.000000 -776.000000 1230.000000 3788.000000 -2335.000000 -1899.000000 2668.000000 
14.280000 48.910000 74.980003 7.160000 -39.330002 0.000000 -1124.000000 1038.000000 3159.000000 -2721.000000 -1602.000000 2371.000000 
15.250000 48.740002 75.279999 7.770000 -38.549999 0.000000 -790.000000 1332.000000 4060.000000 -3064.000000 -1251.000000 2206.000000 
16.309999 48.360001 75.580002 8.350000 -37.799999 0.000000 -588.000000 1389.000000 4583.000000 -3069.000000 -1161.000000 2081.000000 
17.379999 47.820000 75.870003 9.150000 -37.119999 0.000000 -329.000000 1418.000000 4480.000000 -3189.000000 -1325.000000 2287.000000 
18.410000 47.180000 76.099998 10.110000 -36.529999 0.000000 -596.000000 1667.000000 4712.000000 -2896.000000 -1718.000000 2737.000000 
19.350000 46.590000 76.290001 11.130000 -35.919998 0.000000 -253.000000 1673.000000 4457.000000 -2494.000000 -1923.000000 2952.000000 
20.150000 46.139999 76.419998 12.130000 -35.320000 0.000000 46.000000 1761.000000 3978.000000 -2372.000000 -2196.000000 3399.000000 
20.730000 45.930000 76.510002 12.940000 -34.759998 0.000000 -408.000000 1810.000000 3795.000000 -2597.000000 -2374.000000 3721.000000 
21.209999 45.900002 76.589996 13.590000 -34.340000 0.000000 -423.000000 1820.000000 3630.000000 -2810.000000 -2392.000000 3752.000000 
21.670000 45.930000 76.709999 14.090000 -33.590000 0.000000 -177.000000 1881.000000 3844.000000 -2771.000000 -1848.000000 3334.000000 
22.270000 45.900002 76.910004 14.450000 -32.610001 0.000000 83.000000 1826.000000 4568.000000 -2665.000000 -1271.000000 3070.000000 
23.070000 45.730000 77.190002 14.900000 -31.639999 0.000000 230.000000 1794.000000 5015.000000 -2648.000000 -1236.000000 2964.000000 
23.940001 45.320000 77.419998 15.560000 -30.600000 0.000000 -103.000000 2042.000000 4702.000000 -2526.000000 -1189.000000 3031.000000 
24.559999 44.930000 77.529999 16.280001 -29.650000 0.000000 -159.000000 2010.000000 4150.000000 -2143.000000 -1316.000000 3150.000000 
24.780001 44.639999 77.480003 16.940001 -29.299999 0.000000 41.000000 1971.000000 3777.000000 -1945.000000 -1471.000000 3190.000000 
24.610001 44.470001 77.239998 17.480000 -29.629999 0.000000 179.000000 1915.000000 3750.000000 -2044.000000 -1794.000000 3343.000000 
24.180000 44.380001 76.879997 17.809999 -30.340000 0.000000 390.000000 1842.000000 4068.000000 -2255.000000 -2603.000000 4273.000000 
23.930000 44.119999 76.589996 18.010000 -30.840000 0.000000 635.000000 1809.000000 4152.000000 -2144.000000 -3026.000000 4862.000000 
24.219999 43.900002 76.610001 18.070000 -31.049999 0.000000 876.000000 1668.000000 4081.000000 -2055.000000 -3092.000000 4880.000000 
24.920000 43.689999 76.989998 17.900000 -31.100000 0.000000 893.000000 1506.000000 4916.000000 -2275.000000 -2874.000000 4692.000000 
25.650000 43.490002 77.419998 17.690001 -30.820000 0.000000 750.000000 1622.000000 6069.000000 -2517.000000 -2580.000000 4358.000000 
26.129999 43.290001 77.639999 17.580000 -30.549999 0.000000 623.000000 1650.000000 6346.000000 -2504.000000 -2517.000000 4261.000000 
26.389999 42.939999 77.620003 17.570000 -30.500000 0.000000 706.000000 1620.000000 6316.000000 -2413.000000 -2470.000000 4411.000000 
26.709999 41.939999 77.500000 17.670000 -30.480000 0.000000 192.000000 1634.000000 5758.000000 -1837.000000 -2174.000000 4039.000000 
27.610001 41.189999 77.760002 17.730000 -30.070000 0.000000 489.000000 1295.000000 4845.000000 -1043.000000 -2050.000000 3815.000000 
28.590000 40.669998 78.129997 17.809999 -29.570000 0.000000 -336.000000 1105.000000 3805.000000 -984.000000 -1720.000000 3402.000000 
29.299999 40.360001 78.440002 17.780001 -29.100000 0.000000 -699.000000 952.000000 3429.000000 -1272.000000 -1435.000000 2809.000000 
29.620001 40.160000 78.709999 17.629999 -29.120001 0.000000 -386.000000 810.000000 3310.000000 -1274.000000 -1415.000000 2599.000000 
29.440001 39.849998 78.730003 17.360001 -29.330000 0.000000 250.000000 706.000000 3135.000000 -1101.000000 -1397.000000 2585.000000 
28.990000 39.470001 78.610001 16.900000 -29.350000 0.000000 588.000000 480.000000 3034.000000 -825.000000 -1392.000000 2737.000000 
28.540001 38.959999 78.480003 16.410000 -29.430000 0.000000 709.000000 393.000000 3002.000000 -718.000000 -1549.000000 3155.000000 
27.670000 37.889999 78.000000 16.180000 -29.430000 0.000000 1594.000000 841.000000 3217.000000 -270.000000 -1763.000000 3678.000000 
26.980000 36.700001 77.449997 15.560000 -29.600000 0.000000 605.000000 343.000000 4574.000000 -406.000000 -2148.000000 4243.000000 
26.270000 35.139999 76.820000 15.210000 -29.780001 0.000000 1542.000000 841.000000 4449.000000 -389.000000 -2557.000000 4663.000000 
26.090000 33.369999 76.440002 14.890000 -30.170000 0.000000 1376.000000 877.000000 5204.000000 -364.000000 -2684.000000 5062.000000 
26.139999 31.820000 76.120003 14.500000 -30.590000 0.000000 1743.000000 440.000000 5209.000000 -499.000000 -2783.000000 4855.000000 
26.120001 30.559999 75.790001 14.280000 -30.799999 0.000000 1471.000000 548.000000 5113.000000 -174.000000 -2270.000000 4276.000000 
26.410000 29.620001 75.720001 14.240000 -30.900000 0.000000 1693.000000 764.000000 4387.000000 -323.000000 -1970.000000 3925.000000 
26.860001 28.790001 75.800003 13.900000 -30.379999 0.000000 471.000000 138.000000 4139.000000 -690.000000 -1707.000000 3546.000000 
27.190001 27.990000 76.000000 13.820000 -30.520000 0.000000 1672.000000 762.000000 3375.000000 -173.000000 -1774.000000 3763.000000 
27.160000 27.150000 76.040001 13.600000 -30.309999 0.000000 2048.000000 734.000000 3793.000000 178.000000 -1744.000000 3862.000000 
26.809999 26.650000 75.989998 13.120000 -30.860001 0.000000 1383.000000 555.000000 4263.000000 98.000000 -1836.000000 3819.000000 
26.230000 26.600000 75.809998 12.590000 -31.610001 0.000000 1225.000000 460.000000 4564.000000 -151.000000 -2096.000000 3855.000000 
25.500000 26.740000 75.580002 12.050000 -32.360001 0.000000 1533.000000 277.000000 4352.000000 -425.000000 -2429.000000 4107.000000 
24.820000 26.990000 75.370003 11.580000 -33.070000 0.000000 1030.000000 474.000000 4765.000000 -604.000000 -2821.000000 4643.000000 
24.320000 27.209999 75.239998 11.150000 -33.419998 0.000000 795.000000 152.000000 4663.000000 -849.000000 -2644.000000 4434.000000 
24.219999 27.430000 75.239998 10.890000 -33.570000 0.000000 643.000000 156.000000 4345.000000 -889.000000 -2298.000000 3847.000000 
24.480000 27.600000 75.410004 10.780000 -33.549999 0.000000 763.000000 247.000000 3950.000000 -945.000000 -2012.000000 3303.000000 
24.840000 27.610001 75.629997 10.580000 -33.380001 0.000000 614.000000 191.000000 3883.000000 -885.000000 -1810.000000 3066.000000 
25.059999 27.559999 75.790001 10.360000 -33.130001 0.000000 527.000000 334.000000 4053.000000 -721.000000 -1778.000000 3113.000000 
25.030001 27.490000 75.919998 10.080000 -33.290001 0.000000 721.000000 293.000000 4210.000000 -605.000000 -1847.000000 3341.000000 
24.799999 27.370001 75.940002 9.770000 -32.820000 0.000000 1010.000000 247.000000 4396.000000 -530.000000 -2022.000000 3676.000000 
24.459999 27.190001 75.980003 9.540000 -32.680000 0.000000 1250.000000 270.000000 4509.000000 -448.000000 -2169.000000 3908.000000 
24.070000 26.980000 75.919998 9.380000 -32.830002 0.000000 1260.000000 298.000000 4576.000000 -248.000000 -2487.000000 4449.000000 
23.830000 26.820000 75.940002 9.280000 -33.139999 0.000000 1277.000000 264.000000 4521.000000 -132.000000 -2516.000000 4521.000000 
23.830000 26.799999 76.059998 9.200000 -33.240002 0.000000 1269.000000 225.000000 4564.000000 -304.000000 -2268.000000 4070.000000 
24.040001 26.920000 76.209999 9.180000 -32.919998 0.000000 1072.000000 240.000000 4345.000000 -497.000000 -1999.000000 3670.000000 
24.330000 27.100000 76.349998 9.210000 -32.939999 0.000000 914.000000 309.000000 3964.000000 -575.000000 -1902.000000 3498.000000 
24.540001 27.299999 76.470001 9.240000 -32.509998 0.000000 852.000000 343.000000 3754.000000 -640.000000 -1850.000000 3436.000000 
24.600000 27.469999 76.559998 9.170000 -32.720001 0.000000 839.000000 326.000000 3866.000000 -698.000000 -1858.000000 3441.000000 
24.549999 27.620001 76.589996 8.980000 -32.790001 0.000000 911.000000 273.000000 4211.000000 -701.000000 -1931.000000 3535.000000 
24.450001 27.670000 76.629997 8.700000 -32.520000 0.000000 965.000000 140.000000 4822.000000 -691.000000 -2062.000000 3693.000000 
24.320000 27.570000 76.629997 8.590000 -32.689999 0.000000 1026.000000 207.000000 4914.000000 -641.000000 -2244.000000 3977.000000 
24.280001 27.420000 76.669998 8.620000 -32.720001 0.000000 1111.000000 266.000000 4501.000000 -454.000000 -2317.000000 4141.000000 
24.330000 27.320000 76.750000 8.720000 -32.570000 0.000000 1084.000000 263.000000 4217.000000 -326.000000 -2239.000000 4063.000000 
24.459999 27.270000 76.809998 8.800000 -32.959999 0.000000 1003.000000 248.000000 4173.000000 -374.000000 -2086.000000 3793.000000 
24.610001 27.280001 76.930000 8.860000 -33.189999 0.000000 934.000000 230.000000 4180.000000 -437.000000 -2001.000000 3635.000000 
24.700001 27.410000 77.010002 8.900000 -32.790001 0.000000 859.000000 248.000000 4023.000000 -541.000000 -2013.000000 3526.000000 
24.639999 27.590000 77.010002 8.890000 -32.820000 0.000000 845.000000 228.000000 3974.000000 -695.000000 -2067.000000 3585.000000 
24.440001 27.770000 76.919998 8.850000 -33.240002 0.000000 842.000000 249.000000 4022.000000 -693.000000 -2097.000000 3534.000000 
24.250000 27.900000 76.910004 8.750000 -33.459999 0.000000 894.000000 233.000000 4110.000000 -575.000000 -2144.000000 3615.000000 
24.059999 27.940001 76.860001 8.610000 -33.689999 0.000000 821.000000 163.000000 4398.000000 -628.000000 -2348.000000 3862.000000 
23.860001 27.900000 76.760002 8.500000 -34.049999 0.000000 938.000000 195.000000 4633.000000 -701.000000 -2478.000000 4039.000000 
23.750000 27.860001 76.739998 8.440000 -33.830002 0.000000 1053.000000 172.000000 4591.000000 -660.000000 -2359.000000 3870.000000 
23.809999 27.799999 76.809998 8.480000 -33.230000 0.000000 1104.000000 212.000000 4482.000000 -539.000000 -2214.000000 3733.000000 
24.010000 27.740000 76.940002 8.560000 -32.860001 0.000000 1024.000000 249.000000 4231.000000 -461.000000 -2104.000000 3655.000000 
24.230000 27.660000 77.070000 8.650000 -33.130001 0.000000 931.000000 260.000000 4069.000000 -483.000000 -2090.000000 3635.000000 
24.340000 27.680000 77.150002 8.720000 -33.389999 0.000000 959.000000 292.000000 4170.000000 -513.000000 -2073.000000 3631.000000 
24.299999 27.750000 77.169998 8.780000 -32.820000 0.000000 1141.000000 308.000000 4223.000000 -550.000000 -2097.000000 3660.000000 
24.160000 27.850000 77.220001 8.800000 -32.830002 0.000000 1156.000000 290.000000 4237.000000 -514.000000 -2186.000000 3700.000000 
24.059999 28.040001 77.190002 8.800000 -32.869999 0.000000 1014.000000 305.000000 4225.000000 -497.000000 -2107.000000 3699.000000 
24.070000 28.230000 77.269997 8.810000 -32.970001 0.000000 836.000000 317.000000 4121.000000 -585.000000 -2124.000000 3639.000000 
