22.740000 27.180000 101.550003 -1038.000000 1998.000000 2186.000000
22.820000 26.709999 99.930000 -1190.000000 1949.000000 2192.000000
22.719999 26.309999 98.230003 -1367.000000 1747.000000 2215.000000
22.440001 25.969999 96.449997 -1489.000000 1589.000000 2105.000000
21.990000 25.660000 94.589996 -1541.000000 1464.000000 1907.000000
21.370001 25.360001 92.690002 -1509.000000 1341.000000 1784.000000
20.610001 25.049999 90.769997 -1396.000000 1244.000000 1691.000000
19.690001 24.760000 88.839996 -1259.000000 1101.000000 1821.000000
18.570000 24.590000 86.900002 -1281.000000 819.000000 1881.000000
17.170000 24.570000 84.970001 -1422.000000 409.000000 2004.000000
15.620000 24.650000 83.099998 -1815.000000 -53.000000 2054.000000
13.970000 24.770000 81.300003 -2216.000000 -447.000000 2099.000000
12.220000 24.889999 79.519997 -2625.000000 -821.000000 2287.000000
10.420000 24.940001 77.769997 -2806.000000 -1186.000000 2503.000000
8.610000 24.889999 76.089996 -2795.000000 -1529.000000 2692.000000
6.820000 24.770000 74.519997 -2753.000000 -1782.000000 2846.000000
5.110000 24.600000 73.059998 -2767.000000 -2046.000000 2924.000000
3.490000 24.430000 71.739998 -2873.000000 -2296.000000 3039.000000
2.020000 24.250000 70.559998 -2995.000000 -2358.000000 3121.000000
0.770000 24.030001 69.519997 -3005.000000 -2157.000000 3106.000000
-0.060000 23.730000 68.849998 -2347.000000 -1415.000000 3224.000000
-0.790000 23.430000 68.279999 -2115.000000 -1335.000000 3467.000000
-1.440000 23.170000 67.820000 -2080.000000 -1257.000000 3688.000000
-1.980000 23.000000 67.419998 -2179.000000 -1163.000000 3663.000000
-2.420000 22.930000 67.029999 -2344.000000 -1064.000000 3891.000000
-2.770000 22.959999 66.669998 -2559.000000 -1014.000000 3481.000000
-3.140000 23.000000 66.339996 -2506.000000 -1243.000000 3877.000000
-3.330000 23.030001 66.040001 -2749.000000 -1124.000000 4533.000000
-3.420000 22.940001 65.750000 -2764.000000 -1247.000000 4904.000000
-3.430000 22.840000 65.639999 -2580.000000 -1111.000000 4735.000000
-3.220000 22.790001 65.620003 -2286.000000 -552.000000 4161.000000
-2.900000 22.680000 65.570000 -1983.000000 -93.000000 3865.000000
-2.490000 22.450001 65.519997 -1509.000000 267.000000 3660.000000
-2.140000 22.110001 65.489998 -1154.000000 312.000000 3662.000000
-1.930000 21.760000 65.419998 -1004.000000 158.000000 3695.000000
-1.810000 21.540001 65.309998 -1138.000000 45.000000 3705.000000
-1.700000 21.490000 65.209999 -1474.000000 20.000000 3812.000000
-1.600000 21.540001 65.150002 -1593.000000 -4.000000 3763.000000
-1.590000 21.549999 64.989998 -1594.000000 -74.000000 3691.000000
-1.630000 21.430000 64.769997 -1614.000000 -111.000000 4095.000000
-1.660000 21.150000 64.510002 -1252.000000 -134.000000 3795.000000
-1.850000 20.889999 64.279999 -1312.000000 -427.000000 4106.000000
-2.000000 20.770000 64.089996 -1302.000000 -393.000000 3841.000000
-2.100000 20.740000 63.889999 -1440.000000 -343.000000 3791.000000
-2.110000 20.690001 63.720001 -1367.000000 -179.000000 3756.000000
-2.050000 20.559999 63.570000 -1270.000000 -121.000000 3736.000000
-2.000000 20.379999 63.439999 -1177.000000 -65.000000 3700.000000
-1.980000 20.170000 63.299999 -1132.000000 -99.000000 3729.000000
-2.070000 19.910000 63.119999 -1044.000000 -250.000000 3860.000000
-2.180000 19.719999 62.939999 -1063.000000 -285.000000 3800.000000
-2.150000 19.670000 62.820000 -1299.000000 -88.000000 3935.000000
-2.040000 19.660000 62.750000 -1415.000000 -6.000000 3981.000000
-2.010000 19.680000 62.669998 -1351.000000 -73.000000 3941.000000
-1.970000 19.680000 62.570000 -1284.000000 -76.000000 4078.000000
-1.890000 19.709999 62.439999 -1241.000000 10.000000 3999.000000
-1.830000 19.740000 62.310001 -1262.000000 -33.000000 4007.000000
-1.770000 19.790001 62.189999 -1243.000000 -19.000000 3998.000000
-1.710000 19.860001 62.040001 -1270.000000 -39.000000 3873.000000
-1.590000 20.040001 61.980000 -1517.000000 71.000000 3934.000000
-1.450000 20.250000 61.910000 -1584.000000 105.000000 3891.000000
-1.380000 20.430000 61.770000 -1463.000000 -1.000000 3881.000000
-1.400000 20.580000 61.549999 -1391.000000 -135.000000 3899.000000
-1.470000 20.730000 61.340000 -1266.000000 -235.000000 3853.000000
-1.530000 20.980000 61.110001 -1338.000000 -251.000000 3778.000000
-1.580000 21.280001 60.840000 -1466.000000 -335.000000 3785.000000
-1.690000 21.610001 60.599998 -1481.000000 -560.000000 3793.000000
-1.840000 21.990000 60.410000 -1599.000000 -951.000000 4086.000000
-1.920000 22.520000 60.259998 -1759.000000 -1330.000000 4286.000000
-1.880000 23.360001 60.180000 -2304.000000 -1650.000000 4470.000000
-1.600000 24.520000 60.250000 -2839.000000 -1655.000000 4306.000000
-1.110000 25.959999 60.450001 -3179.000000 -1519.000000 4131.000000
-0.420000 27.600000 60.810001 -3411.000000 -1116.000000 4002.000000
0.480000 29.360001 61.349998 -3511.000000 -662.000000 3869.000000
1.530000 31.219999 62.099998 -3431.000000 -323.000000 3731.000000
2.680000 33.150002 63.020000 -3261.000000 -231.000000 3665.000000
3.900000 35.230000 64.099998 -2926.000000 -203.000000 3560.000000
5.210000 37.470001 65.349998 -2494.000000 -93.000000 3444.000000
6.740000 39.970001 66.860001 -2125.000000 66.000000 3117.000000
8.690000 42.919998 68.870003 -1893.000000 350.000000 2565.000000
11.300000 46.439999 71.709999 -1732.000000 818.000000 1895.000000
14.660000 50.520000 75.449997 -1701.000000 1294.000000 1113.000000
19.030001 54.939999 80.349998 -1850.000000 1820.000000 466.000000
24.740000 59.419998 86.750000 -1997.000000 2126.000000 88.000000
32.450001 63.730000 95.300003 -2020.000000 2202.000000 -263.000000
42.860001 67.480003 106.639999 -2143.000000 2185.000000 -613.000000
56.349998 70.250000 121.120003 -2377.000000 2125.000000 -1094.000000
72.480003 71.669998 138.259995 -2498.000000 2075.000000 -1374.000000
89.290001 71.580002 156.110001 -2421.000000 2004.000000 -1816.000000
104.169998 70.169998 172.190002 -2300.000000 1943.000000 -2114.000000
115.989998 67.790001 -174.669998 -2315.000000 1900.000000 -2260.000000
125.019997 64.800003 -164.250000 -2392.000000 1866.000000 -2335.000000
131.830002 61.459999 -155.990005 -2638.000000 1783.000000 -2334.000000
136.929993 57.970001 -149.440002 -2810.000000 1656.000000 -2193.000000
140.869995 54.490002 -144.070007 -3046.000000 1570.000000 -2087.000000
143.979996 51.169998 -139.580002 -3317.000000 1448.000000 -1986.000000
146.460007 48.060001 -135.759995 -3482.000000 1377.000000 -2170.000000
148.419998 45.209999 -132.550003 -3412.000000 1309.000000 -2207.000000
150.039993 42.520000 -129.740005 -3062.000000 1258.000000 -2335.000000
151.419998 39.950001 -127.209999 -2682.000000 1157.000000 -2441.000000
152.649994 37.480000 -124.879997 -2457.000000 1018.000000 -2716.000000
153.759995 35.130001 -122.720001 -2437.000000 881.000000 -2893.000000
154.740005 32.900002 -120.730003 -2437.000000 767.000000 -3105.000000
155.610001 30.780001 -118.930000 -2520.000000 757.000000 -3440.000000
156.369995 28.830000 -117.320000 -2749.000000 727.000000 -3662.000000
157.039993 27.080000 -115.919998 -2956.000000 765.000000 -3806.000000
157.610001 25.590000 -114.709999 -3177.000000 846.000000 -3794.000000
158.089996 24.370001 -113.680000 -3144.000000 917.000000 -3698.000000
158.500000 23.330000 -112.839996 -2803.000000 1013.000000 -3630.000000
158.869995 22.420000 -112.120003 -2329.000000 1086.000000 -3567.000000
159.199997 21.559999 -111.489998 -1907.000000 1098.000000 -3499.000000
159.500000 20.680000 -110.910004 -1649.000000 1104.000000 -3447.000000
159.820007 19.809999 -110.320000 -1558.000000 1109.000000 -3438.000000
160.160004 18.879999 -109.750000 -1546.000000 1137.000000 -3497.000000
160.490005 17.920000 -109.190002 -1653.000000 1203.000000 -3643.000000
160.830002 16.959999 -108.680000 -1864.000000 1296.000000 -3886.000000
161.139999 16.070000 -108.239998 -2065.000000 1358.000000 -3970.000000
161.410004 15.320000 -107.860001 -2137.000000 1381.000000 -3947.000000
161.660004 14.710000 -107.519997 -2076.000000 1349.000000 -3978.000000
161.880005 14.170000 -107.220001 -1857.000000 1261.000000 -4027.000000
162.089996 13.730000 -106.970001 -1731.000000 1231.000000 -3978.000000
162.300003 13.310000 -106.730003 -1638.000000 1291.000000 -3975.000000
162.509995 12.920000 -106.500000 -1566.000000 1309.000000 -3962.000000
162.699997 12.550000 -106.290001 -1537.000000 1278.000000 -4073.000000
162.880005 12.270000 -106.099998 -1570.000000 1244.000000 -4116.000000
163.039993 12.090000 -105.930000 -1598.000000 1296.000000 -4148.000000
163.179993 12.040000 -105.790001 -1626.000000 1352.000000 -4053.000000
163.289993 12.080000 -105.680000 -1526.000000 1336.000000 -3995.000000
163.399994 12.140000 -105.580002 -1323.000000 1233.000000 -4033.000000
163.500000 12.180000 -105.470001 -1196.000000 1167.000000 -4058.000000
163.619995 12.200000 -105.360001 -1125.000000 1177.000000 -4108.000000
163.729996 12.180000 -105.230003 -1084.000000 1189.000000 -4118.000000
163.830002 12.120000 -105.120003 -1078.000000 1192.000000 -4186.000000
163.919998 12.080000 -105.000000 -1089.000000 1184.000000 -4097.000000
163.990005 12.060000 -104.870003 -1154.000000 1160.000000 -4103.000000
164.050003 12.070000 -104.750000 -1233.000000 1119.000000 -4058.000000
164.119995 12.090000 -104.639999 -1228.000000 1176.000000 -4066.000000
164.179993 12.120000 -104.550003 -1161.000000 1159.000000 -4042.000000
164.229996 12.200000 -104.459999 -1181.000000 1118.000000 -3965.000000
164.270004 12.330000 -104.379997 -1197.000000 1076.000000 -3971.000000
164.320007 12.490000 -104.290001 -1193.000000 1012.000000 -3956.000000
164.369995 12.680000 -104.220001 -1202.000000 1047.000000 -3984.000000
164.419998 12.880000 -104.169998 -1111.000000 1106.000000 -3953.000000
164.460007 13.050000 -104.139999 -968.000000 1068.000000 -3955.000000
164.500000 13.220000 -104.110001 -906.000000 1030.000000 -3936.000000
164.539993 13.380000 -104.050003 -884.000000 996.000000 -3948.000000
164.589996 13.520000 -103.980003 -887.000000 974.000000 -3945.000000
164.639999 13.620000 -103.919998 -903.000000 985.000000 -3965.000000
164.699997 13.710000 -103.860001 -941.000000 995.000000 -4018.000000
164.750000 13.810000 -103.779999 -967.000000 1001.000000 -4050.000000
164.800003 13.890000 -103.739998 -974.000000 1002.000000 -4102.000000
164.850006 13.990000 -103.699997 -947.000000 993.000000 -4052.000000
164.880005 14.080000 -103.660004 -915.000000 999.000000 -4009.000000
164.910004 14.180000 -103.620003 -918.000000 1020.000000 -4034.000000
164.940002 14.290000 -103.589996 -919.000000 998.000000 -3991.000000
164.960007 14.390000 -103.570000 -953.000000 988.000000 -3979.000000
164.970001 14.500000 -103.540001 -918.000000 969.000000 -4001.000000
164.979996 14.580000 -103.519997 -887.000000 974.000000 -3966.000000
164.979996 14.660000 -103.489998 -903.000000 1003.000000 -3970.000000
164.970001 14.710000 -103.470001 -887.000000 1037.000000 -3954.000000
164.949997 14.740000 -103.430000 -913.000000 1073.000000 -3963.000000
164.929993 14.770000 -103.389999 -910.000000 1082.000000 -3936.000000
164.910004 14.780000 -103.370003 -924.000000 1039.000000 -3932.000000
164.889999 14.790000 -103.339996 -932.000000 1020.000000 -3926.000000
164.880005 14.800000 -103.309998 -891.000000 1026.000000 -3911.000000
164.869995 14.830000 -103.279999 -931.000000 1040.000000 -3919.000000
164.860001 14.870000 -103.269997 -917.000000 1047.000000 -3978.000000
164.850006 14.920000 -103.260002 -916.000000 1068.000000 -3957.000000
164.839996 14.980000 -103.269997 -888.000000 1085.000000 -3964.000000
164.820007 15.020000 -103.290001 -835.000000 1082.000000 -3984.000000
164.820007 15.040000 -103.309998 -814.000000 1059.000000 -3927.000000
164.830002 15.040000 -103.320000 -820.000000 1068.000000 -3957.000000
164.830002 15.040000 -103.320000 -870.000000 1082.000000 -3957.000000
164.830002 15.040000 -103.320000 -923.000000 1074.000000 -3935.000000
164.839996 15.040000 -103.300003 -957.000000 1068.000000 -3969.000000
164.830002 15.040000 -103.300003 -922.000000 1078.000000 -3913.000000
164.830002 15.030000 -103.300003 -882.000000 1040.000000 -3898.000000
164.839996 15.020000 -103.279999 -873.000000 1051.000000 -3917.000000
164.850006 15.010000 -103.260002 -877.000000 1014.000000 -3901.000000
164.860001 15.010000 -103.239998 -925.000000 1039.000000 -3983.000000
164.880005 15.020000 -103.209999 -929.000000 1031.000000 -4017.000000
164.899994 15.040000 -103.190002 -899.000000 1012.000000 -4022.000000
164.910004 15.060000 -103.160004 -885.000000 1036.000000 -3987.000000
164.910004 15.090000 -103.139999 -900.000000 1056.000000 -3955.000000
164.910004 15.100000 -103.110001 -903.000000 1041.000000 -3973.000000
164.919998 15.110000 -103.070000 -892.000000 1056.000000 -3966.000000
164.919998 15.100000 -103.050003 -889.000000 1064.000000 -3991.000000
164.919998 15.090000 -103.019997 -899.000000 1039.000000 -4048.000000
164.929993 15.100000 -102.980003 -955.000000 1022.000000 -4018.000000
164.919998 15.110000 -102.949997 -988.000000 1084.000000 -4012.000000
164.910004 15.120000 -102.930000 -925.000000 1097.000000 -4017.000000
164.889999 15.130000 -102.910004 -945.000000 1111.000000 -4036.000000
164.869995 15.140000 -102.879997 -931.000000 1110.000000 -4047.000000
164.850006 15.140000 -102.860001 -903.000000 1114.000000 -4047.000000
164.820007 15.130000 -102.839996 -898.000000 1165.000000 -4049.000000
164.779999 15.140000 -102.820000 -930.000000 1191.000000 -4037.000000
164.729996 15.160000 -102.800003 -1017.000000 1190.000000 -4119.000000
164.679993 15.210000 -102.800003 -1078.000000 1237.000000 -4223.000000
164.610001 15.310000 -102.790001 -1132.000000 1272.000000 -4353.000000
164.539993 15.510000 -102.809998 -1236.000000 1298.000000 -4454.000000
164.429993 15.840000 -102.860001 -1381.000000 1389.000000 -4767.000000
164.279999 16.400000 -102.970001 -1613.000000 1447.000000 -4847.000000
163.949997 17.549999 -103.230003 -1754.000000 1524.000000 -5069.000000
163.509995 19.120001 -103.629997 -1901.000000 1607.000000 -4993.000000
162.929993 21.000000 -104.150002 -1890.000000 1671.000000 -4931.000000
162.220001 23.090000 -104.800003 -1763.000000 1790.000000 -5072.000000
161.339996 25.459999 -105.570000 -1792.000000 1875.000000 -4892.000000
160.320007 28.040001 -106.459999 -1886.000000 1952.000000 -4709.000000
159.119995 30.799999 -107.500000 -2036.000000 2008.000000 -4642.000000
157.720001 33.750000 -108.690002 -2284.000000 2058.000000 -4504.000000
156.089996 36.880001 -110.110001 -2540.000000 2205.000000 -4493.000000
154.149994 40.150002 -111.809998 -2675.000000 2292.000000 -4393.000000
151.809998 43.570000 -113.879997 -2676.000000 2377.000000 -4269.000000
148.940002 47.080002 -116.430000 -2538.000000 2354.000000 -4087.000000
145.449997 50.580002 -119.550003 -2297.000000 2289.000000 -3670.000000
141.259995 53.919998 -123.339996 -2050.000000 2181.000000 -3088.000000
136.289993 57.000000 -127.870003 -1844.000000 2113.000000 -2556.000000
130.570007 59.680000 -133.089996 -1694.000000 1998.000000 -2015.000000
124.290001 61.869999 -138.800003 -1663.000000 1941.000000 -1765.000000
117.540001 63.639999 -144.919998 -1878.000000 1982.000000 -1470.000000
110.209999 65.040001 -151.559998 -2107.000000 2037.000000 -1353.000000
102.260002 66.070000 -158.729996 -2482.000000 2080.000000 -1080.000000
93.790001 66.639999 -166.389999 -2740.000000 2135.000000 -909.000000
85.070000 66.750000 -174.199997 -2758.000000 2068.000000 -754.000000
76.680000 66.419998 178.410004 -2595.000000 1904.000000 -532.000000
68.910004 65.750000 171.729996 -2360.000000 1719.000000 -390.000000
61.840000 64.860001 165.800003 -2230.000000 1515.000000 -110.000000
55.560001 63.830002 160.639999 -2336.000000 1455.000000 99.000000
49.900002 62.680000 156.100006 -2640.000000 1466.000000 250.000000
44.669998 61.400002 151.990005 -3097.000000 1435.000000 397.000000
39.709999 59.919998 148.149994 -3468.000000 1315.000000 534.000000
34.990002 58.240002 144.600006 -3570.000000 1098.000000 667.000000
30.620001 56.380001 141.410004 -3355.000000 842.000000 886.000000
26.670000 54.369999 138.649994 -2964.000000 588.000000 1169.000000
23.129999 52.290001 136.330002 -2614.000000 400.000000 1455.000000
20.020000 50.240002 134.380005 -2372.000000 300.000000 1590.000000
17.280001 48.270000 132.770004 -2264.000000 206.000000 1753.000000
14.830000 46.380001 131.440002 -2271.000000 153.000000 1927.000000
12.630000 44.570000 130.320007 -2340.000000 103.000000 2114.000000
10.660000 42.860001 129.410004 -2320.000000 52.000000 2196.000000
8.850000 41.240002 128.669998 -2175.000000 -43.000000 2405.000000
7.140000 39.700001 128.059998 -2096.000000 -198.000000 2712.000000
5.510000 38.279999 127.510002 -2093.000000 -408.000000 2794.000000
3.950000 36.950001 127.000000 -2260.000000 -612.000000 2920.000000
2.510000 35.650002 126.550003 -2351.000000 -718.000000 2980.000000
1.220000 34.349998 126.169998 -2329.000000 -748.000000 3025.000000
0.040000 33.020000 125.860001 -2159.000000 -728.000000 3030.000000
-1.040000 31.639999 125.629997 -1855.000000 -750.000000 3105.000000
-2.060000 30.240000 125.440002 -1673.000000 -833.000000 3322.000000
-3.040000 28.879999 125.269997 -1525.000000 -953.000000 3538.000000
-4.000000 27.580000 125.139999 -1339.000000 -1078.000000 3696.000000
-4.920000 26.420000 125.040001 -1190.000000 -1152.000000 3874.000000
-5.780000 25.400000 124.930000 -1044.000000 -1167.000000 3867.000000
-6.630000 24.559999 124.820000 -868.000000 -1167.000000 3735.000000
-7.470000 23.959999 124.669998 -726.000000 -1177.000000 3649.000000
-8.250000 23.600000 124.489998 -785.000000 -1147.000000 3662.000000
-9.030000 23.410000 124.250000 -899.000000 -1209.000000 3686.000000
-9.820000 23.350000 123.959999 -1151.000000 -1282.000000 3898.000000
-10.610000 23.340000 123.650002 -1341.000000 -1376.000000 3952.000000
-11.430000 23.340000 123.309998 -1392.000000 -1519.000000 3953.000000
-12.240000 23.350000 122.940002 -1225.000000 -1633.000000 3938.000000
-12.980000 23.370001 122.580002 -1055.000000 -1697.000000 3728.000000
-13.690000 23.430000 122.199997 -1012.000000 -1700.000000 3542.000000
-14.320000 23.540001 121.830002 -1148.000000 -1640.000000 3485.000000
-14.870000 23.690001 121.459999 -1373.000000 -1584.000000 3497.000000
-15.370000 23.840000 121.089996 -1609.000000 -1529.000000 3585.000000
-15.830000 23.980000 120.730003 -1645.000000 -1497.000000 3708.000000
-16.270000 24.100000 120.379997 -1520.000000 -1529.000000 3837.000000
-16.680000 24.240000 120.040001 -1465.000000 -1616.000000 3918.000000
-17.059999 24.400000 119.680000 -1590.000000 -1642.000000 3845.000000
-17.410000 24.580000 119.300003 -1700.000000 -1643.000000 3818.000000
-17.719999 24.790001 118.940002 -1682.000000 -1593.000000 3657.000000
-18.000000 24.990000 118.589996 -1709.000000 -1546.000000 3566.000000
-18.250000 25.180000 118.260002 -1796.000000 -1518.000000 3607.000000
-18.469999 25.360001 117.959999 -1782.000000 -1500.000000 3620.000000
-18.670000 25.520000 117.699997 -1730.000000 -1483.000000 3825.000000
-18.850000 25.680000 117.449997 -1663.000000 -1423.000000 3637.000000
-19.030001 25.910000 117.199997 -1618.000000 -1413.000000 3578.000000
-19.219999 26.209999 116.930000 -2009.000000 -1377.000000 3631.000000
-19.379999 26.420000 116.669998 -2077.000000 -1368.000000 3825.000000
-19.530001 26.590000 116.470001 -1948.000000 -1503.000000 3917.000000
-19.650000 26.790001 116.349998 -2415.000000 -1751.000000 4100.000000
-19.690001 27.000000 116.309998 -2716.000000 -1673.000000 3698.000000
-19.639999 27.100000 116.330002 -2484.000000 -1322.000000 3181.000000
-19.440001 26.990000 116.459999 -1877.000000 -823.000000 3069.000000
-19.180000 26.719999 116.680000 -1237.000000 -628.000000 3233.000000
-19.059999 26.450001 116.830002 -1078.000000 -718.000000 3198.000000
-19.100000 26.290001 116.800003 -1535.000000 -984.000000 3523.000000
-19.230000 26.290001 116.650002 -2051.000000 -1186.000000 3430.000000
-19.340000 26.350000 116.519997 -2365.000000 -1182.000000 3367.000000
-19.330000 26.360001 116.489998 -2425.000000 -975.000000 3347.000000
-19.280001 26.290001 116.540001 -2247.000000 -876.000000 3409.000000
-19.250000 26.170000 116.570000 -1988.000000 -878.000000 3405.000000
-19.250000 26.010000 116.570000 -1828.000000 -929.000000 3427.000000
-19.260000 25.879999 116.559998 -1776.000000 -1007.000000 3483.000000
-19.290001 25.790001 116.529999 -1821.000000 -1039.000000 3517.000000
-19.309999 25.780001 116.500000 -1861.000000 -1024.000000 3474.000000
-19.340000 25.809999 116.449997 -1844.000000 -1036.000000 3443.000000
-19.370001 25.830000 116.400002 -1788.000000 -1067.000000 3395.000000
-19.420000 25.850000 116.309998 -1755.000000 -1102.000000 3458.000000
-19.440001 25.870001 116.220001 -1714.000000 -1031.000000 3477.000000
-19.480000 25.930000 116.120003 -1767.000000 -1052.000000 3469.000000
-19.530001 26.020000 115.989998 -1898.000000 -1101.000000 3481.000000
-19.590000 26.160000 115.860001 -2003.000000 -1095.000000 3483.000000
-19.650000 26.280001 115.730003 -2113.000000 -1100.000000 3442.000000
-19.690001 26.379999 115.639999 -2138.000000 -1092.000000 3459.000000
-19.709999 26.420000 115.580002 -2096.000000 -1083.000000 3515.000000
-19.740000 26.430000 115.519997 -2039.000000 -1090.000000 3526.000000
-19.780001 26.420000 115.440002 -1996.000000 -1102.000000 3527.000000
-19.799999 26.379999 115.389999 -1937.000000 -1057.000000 3520.000000
-19.790001 26.350000 115.349998 -1918.000000 -1031.000000 3521.000000
-19.770000 26.309999 115.320000 -1875.000000 -997.000000 3482.000000
-19.780001 26.270000 115.279999 -1867.000000 -998.000000 3424.000000
-19.809999 26.240000 115.220001 -1894.000000 -1063.000000 3449.000000
-19.870001 26.219999 115.120003 -1858.000000 -1149.000000 3370.000000
-19.959999 26.209999 115.010002 -1874.000000 -1185.000000 3390.000000
-20.020000 26.209999 114.910004 -1853.000000 -1189.000000 3412.000000
-20.070000 26.219999 114.800003 -1832.000000 -1204.000000 3426.000000
-20.110001 26.260000 114.699997 -1741.000000 -1236.000000 3512.000000
-20.150000 26.370001 114.559998 -1675.000000 -1289.000000 3732.000000
-20.270000 26.600000 114.360001 -1701.000000 -1399.000000 3393.000000
-20.469999 26.860001 114.110001 -1531.000000 -1516.000000 3348.000000
-20.670000 27.040001 113.879997 -1222.000000 -1532.000000 3343.000000
-20.830000 27.080000 113.730003 -872.000000 -1579.000000 3519.000000
-21.020000 27.200001 113.639999 -910.000000 -1870.000000 3963.000000
-21.290001 27.559999 113.559998 -1327.000000 -2264.000000 3930.000000
-21.530001 28.230000 113.510002 -1886.000000 -2685.000000 4249.000000
-21.629999 29.219999 113.480003 -2272.000000 -3043.000000 4349.000000
-21.600000 30.480000 113.500000 -2322.000000 -3268.000000 4247.000000
-21.410000 31.940001 113.610001 -2352.000000 -3435.000000 3992.000000
-21.020000 33.490002 113.879997 -2487.000000 -3549.000000 3689.000000
-20.440001 35.099998 114.389999 -2771.000000 -3647.000000 3516.000000
-19.590000 36.700001 115.180000 -3073.000000 -3621.000000 3435.000000
-18.469999 38.189999 116.260002 -3347.000000 -3489.000000 3352.000000
-17.100000 39.480000 117.589996 -3378.000000 -3321.000000 3351.000000
-15.560000 40.549999 119.089996 -3174.000000 -3299.000000 3360.000000
-13.910000 41.419998 120.669998 -3016.000000 -3257.000000 3378.000000
-12.170000 42.169998 122.260002 -2812.000000 -3137.000000 3171.000000
-10.300000 42.840000 123.879997 -2427.000000 -2947.000000 2736.000000
-8.350000 43.439999 125.459999 -2069.000000 -2756.000000 2281.000000
-6.340000 43.980000 126.910004 -1991.000000 -2523.000000 2076.000000
-4.260000 44.520000 128.199997 -2112.000000 -2261.000000 2064.000000
-2.040000 45.040001 129.470001 -2286.000000 -1976.000000 1938.000000
0.400000 45.419998 130.850006 -2181.000000 -1674.000000 1647.000000
3.000000 45.580002 132.339996 -2001.000000 -1360.000000 1409.000000
5.690000 45.480000 133.800003 -1732.000000 -950.000000 1143.000000
8.350000 45.160000 135.089996 -1426.000000 -453.000000 942.000000
10.920000 44.689999 136.139999 -1193.000000 6.000000 717.000000
13.280000 44.209999 136.850006 -1116.000000 321.000000 439.000000
15.440000 43.869999 137.190002 -1347.000000 742.000000 189.000000
17.500000 43.709999 137.259995 -1758.000000 1277.000000 71.000000
19.480000 43.680000 137.190002 -2132.000000 1867.000000 241.000000
21.270000 43.630001 136.970001 -2178.000000 2216.000000 743.000000
22.670000 43.459999 136.490005 -1972.000000 2330.000000 1226.000000
23.600000 43.169998 135.649994 -1783.000000 2208.000000 1474.000000
24.160000 42.820000 134.500000 -1920.000000 2120.000000 1234.000000
24.540001 42.480000 133.160004 -2392.000000 2291.000000 878.000000
24.879999 42.160000 131.740005 -2887.000000 2762.000000 419.000000
25.170000 41.799999 130.220001 -3144.000000 3323.000000 200.000000
25.270000 41.369999 128.520004 -3092.000000 3754.000000 377.000000
25.020000 40.790001 126.550003 -2798.000000 3844.000000 1018.000000
24.370001 40.040001 124.349998 -2410.000000 3488.000000 1745.000000
23.450001 39.250000 122.040001 -2133.000000 2906.000000 2242.000000
22.450001 38.560001 119.820000 -2039.000000 2480.000000 2387.000000
21.559999 38.110001 117.830002 -2471.000000 2309.000000 2961.000000
21.059999 38.000000 116.230003 -2797.000000 2922.000000 1763.000000
20.799999 38.130001 114.910004 -3388.000000 3286.000000 1770.000000
20.510000 38.349998 113.690002 -3670.000000 3446.000000 1601.000000
20.049999 38.580002 112.480003 -3508.000000 3257.000000 1810.000000
19.420000 38.799999 111.290001 -3049.000000 2838.000000 2236.000000
18.760000 39.099998 110.269997 -2504.000000 2556.000000 2256.000000
18.200001 39.439999 109.489998 -2279.000000 2421.000000 2177.000000
17.809999 39.810001 109.059998 -2357.000000 2515.000000 2144.000000
17.490000 40.160000 108.849998 -2623.000000 2577.000000 2450.000000
17.100000 40.480000 108.690002 -2877.000000 2541.000000 2632.000000
16.540001 40.830002 108.470001 -3083.000000 2326.000000 2771.000000
15.860000 41.189999 108.220001 -3078.000000 2021.000000 2506.000000
15.070000 41.430000 107.879997 -3248.000000 1683.000000 2257.000000
14.260000 41.570000 107.610001 -3097.000000 1313.000000 2949.000000
13.750000 41.750000 107.589996 -3198.000000 1211.000000 2994.000000
13.640000 41.820000 107.849998 -3682.000000 1282.000000 3154.000000
13.720000 41.799999 108.209999 -4326.000000 1265.000000 3256.000000
13.710000 41.599998 108.419998 -5099.000000 1216.000000 3830.000000
13.780000 40.770000 108.449997 -5418.000000 1389.000000 4575.000000
13.860000 39.680000 108.529999 -4307.000000 1472.000000 4344.000000
13.880000 38.549999 108.639999 -2818.000000 1472.000000 3713.000000
13.720000 37.410000 108.580002 -1690.000000 1423.000000 3415.000000
13.410000 36.349998 108.320000 -954.000000 1232.000000 3338.000000
13.040000 35.439999 107.980003 -679.000000 903.000000 3596.000000
12.710000 34.790001 107.690002 -861.000000 558.000000 3831.000000
12.470000 34.490002 107.529999 -1339.000000 342.000000 3853.000000
12.400000 34.520000 107.550003 -1818.000000 346.000000 3712.000000
12.460000 34.790001 107.720001 -2140.000000 408.000000 3495.000000
12.600000 35.160000 107.949997 -2289.000000 518.000000 3342.000000
