20.080000 30.639999 103.169998 -941.000000 1020.000000 2338.000000
20.250000 30.940001 101.190002 -1150.000000 860.000000 2320.000000
20.430000 31.410000 99.290001 -1732.000000 689.000000 2241.000000
20.610001 31.920000 97.430000 -2340.000000 600.000000 2326.000000
20.740000 32.360001 95.559998 -2881.000000 603.000000 2468.000000
20.790001 32.660000 93.620003 -3076.000000 655.000000 2439.000000
20.700001 32.849998 91.580002 -2938.000000 640.000000 2418.000000
20.480000 32.950001 89.480003 -2773.000000 661.000000 2511.000000
20.170000 33.020000 87.410004 -2819.000000 648.000000 2566.000000
19.780001 33.130001 85.430000 -2965.000000 554.000000 2507.000000
19.309999 33.279999 83.559998 -3233.000000 426.000000 2572.000000
18.770000 33.430000 81.790001 -3591.000000 329.000000 2516.000000
18.139999 33.540001 80.110001 -3666.000000 206.000000 2448.000000
17.410000 33.580002 78.519997 -3503.000000 234.000000 2511.000000
16.620001 33.590000 77.029999 -3271.000000 227.000000 2437.000000
15.830000 33.650002 75.699997 -3073.000000 260.000000 2255.000000
15.080000 33.790001 74.570000 -2898.000000 203.000000 2200.000000
14.390000 34.020000 73.669998 -2817.000000 201.000000 2147.000000
13.780000 34.320000 72.989998 -2917.000000 217.000000 2219.000000
13.250000 34.660000 72.510002 -3257.000000 243.000000 2339.000000
12.750000 34.980000 72.139999 -3455.000000 124.000000 2488.000000
12.230000 35.160000 71.800003 -3430.000000 27.000000 2574.000000
11.710000 35.189999 71.489998 -3216.000000 0.000000 2679.000000
11.260000 35.160000 71.199997 -3004.000000 179.000000 2731.000000
10.890000 35.099998 70.900002 -2800.000000 372.000000 2835.000000
10.530000 35.029999 70.559998 -2623.000000 443.000000 3034.000000
10.180000 34.939999 70.220001 -2473.000000 431.000000 3202.000000
9.850000 34.860001 69.919998 -2379.000000 462.000000 3296.000000
9.550000 34.830002 69.669998 -2389.000000 473.000000 3278.000000
9.260000 34.900002 69.449997 -2356.000000 491.000000 3157.000000
8.970000 35.000000 69.199997 -2275.000000 489.000000 3116.000000
8.680000 35.119999 68.900002 -2158.000000 486.000000 3083.000000
8.460000 35.310001 68.629997 -2195.000000 551.000000 3037.000000
8.280000 35.540001 68.379997 -2383.000000 523.000000 3108.000000
8.020000 35.740002 68.080002 -2563.000000 286.000000 3320.000000
7.710000 35.880001 67.760002 -2592.000000 76.000000 3427.000000
7.450000 36.000000 67.449997 -2616.000000 95.000000 3387.000000
7.250000 36.139999 67.150002 -2598.000000 118.000000 3284.000000
7.080000 36.290001 66.879997 -2637.000000 129.000000 3272.000000
6.970000 36.400002 66.620003 -2624.000000 125.000000 3320.000000
6.860000 36.389999 66.349998 -2482.000000 48.000000 3501.000000
6.780000 36.209999 66.059998 -2223.000000 69.000000 3640.000000
6.730000 35.939999 65.779999 -1952.000000 153.000000 3658.000000
6.760000 35.720001 65.540001 -1835.000000 337.000000 3589.000000
6.870000 35.610001 65.320000 -1918.000000 513.000000 3444.000000
7.030000 35.630001 65.139999 -2103.000000 633.000000 3298.000000
7.190000 35.730000 64.949997 -2307.000000 696.000000 3210.000000
7.340000 35.790001 64.800003 -2527.000000 707.000000 3209.000000
7.490000 35.759998 64.699997 -2726.000000 804.000000 3141.000000
7.590000 35.590000 64.589996 -2756.000000 727.000000 3232.000000
7.660000 35.250000 64.440002 -2565.000000 590.000000 3485.000000
7.790000 34.720001 64.330002 -2262.000000 705.000000 3622.000000
7.910000 34.090000 64.269997 -1777.000000 852.000000 3811.000000
7.980000 33.490002 64.160004 -1489.000000 754.000000 3979.000000
8.050000 33.009998 64.070000 -1477.000000 713.000000 3862.000000
8.150000 32.730000 63.959999 -1647.000000 723.000000 3656.000000
8.270000 32.660000 63.849998 -1995.000000 685.000000 3461.000000
8.360000 32.790001 63.799999 -2290.000000 576.000000 3137.000000
8.410000 32.939999 63.770000 -2378.000000 514.000000 2757.000000
8.420000 32.939999 63.669998 -2107.000000 498.000000 2821.000000
8.390000 32.610001 63.470001 -1683.000000 529.000000 3156.000000
8.380000 32.150002 63.340000 -1336.000000 599.000000 3274.000000
8.330000 31.719999 63.169998 -1299.000000 594.000000 3484.000000
8.230000 31.370001 62.980000 -1283.000000 509.000000 3616.000000
8.120000 31.250000 62.759998 -1780.000000 408.000000 3889.000000
8.170000 31.549999 62.669998 -2328.000000 545.000000 3545.000000
8.230000 31.959999 62.669998 -2652.000000 566.000000 3256.000000
8.220000 32.220001 62.599998 -2288.000000 488.000000 3168.000000
8.280000 32.279999 62.509998 -1927.000000 643.000000 3214.000000
8.360000 32.230000 62.419998 -1840.000000 744.000000 3443.000000
8.500000 32.220001 62.389999 -1910.000000 853.000000 3521.000000
8.630000 32.380001 62.400002 -2097.000000 974.000000 3321.000000
8.580000 32.570000 62.259998 -2015.000000 615.000000 3356.000000
8.410000 32.889999 62.060001 -2250.000000 311.000000 3400.000000
8.410000 33.290001 62.029999 -2651.000000 493.000000 3379.000000
8.490000 33.639999 62.090000 -2803.000000 630.000000 3457.000000
8.510000 33.900002 62.099998 -2675.000000 576.000000 3368.000000
8.470000 34.090000 62.040001 -2636.000000 460.000000 3321.000000
8.460000 34.250000 62.020000 -2788.000000 479.000000 3351.000000
8.480000 34.320000 62.009998 -2750.000000 504.000000 3405.000000
8.510000 34.310001 61.990002 -2588.000000 548.000000 3423.000000
8.600000 34.310001 62.000000 -2548.000000 664.000000 3451.000000
8.730000 34.349998 62.099998 -2614.000000 687.000000 3418.000000
8.870000 34.400002 62.230000 -2542.000000 689.000000 3266.000000
9.070000 34.419998 62.419998 -2461.000000 825.000000 3398.000000
9.280000 34.470001 62.630001 -2513.000000 830.000000 3418.000000
9.490000 34.520000 62.860001 -2449.000000 803.000000 3376.000000
9.700000 34.590000 63.139999 -2479.000000 858.000000 3346.000000
9.950000 34.720001 63.430000 -2528.000000 905.000000 3273.000000
10.180000 34.910000 63.770000 -2684.000000 880.000000 3183.000000
10.390000 35.080002 64.129997 -2806.000000 849.000000 3134.000000
10.620000 35.189999 64.540001 -2739.000000 849.000000 3047.000000
10.840000 35.240002 64.970001 -2691.000000 870.000000 3095.000000
11.090000 35.220001 65.440002 -2548.000000 916.000000 3109.000000
11.330000 35.189999 65.940002 -2476.000000 887.000000 3113.000000
11.570000 35.189999 66.480003 -2483.000000 883.000000 3094.000000
11.830000 35.240002 67.099998 -2506.000000 900.000000 3014.000000
12.080000 35.369999 67.750000 -2506.000000 868.000000 2919.000000
12.320000 35.580002 68.440002 -2525.000000 865.000000 2846.000000
12.580000 35.820000 69.230003 -2518.000000 911.000000 2848.000000
12.860000 36.099998 70.050003 -2539.000000 965.000000 2770.000000
13.100000 36.360001 70.919998 -2590.000000 949.000000 2793.000000
13.280000 36.549999 71.779999 -2645.000000 890.000000 2831.000000
13.430000 36.599998 72.620003 -2581.000000 867.000000 3005.000000
13.550000 36.540001 73.419998 -2462.000000 808.000000 3059.000000
13.640000 36.450001 74.199997 -2395.000000 777.000000 3088.000000
13.740000 36.400002 74.930000 -2338.000000 801.000000 3173.000000
13.850000 36.430000 75.730003 -2295.000000 777.000000 3068.000000
13.930000 36.560001 76.519997 -2316.000000 714.000000 3110.000000
14.090000 36.840000 77.360001 -2439.000000 780.000000 2878.000000
14.250000 37.130001 78.250000 -2568.000000 802.000000 2774.000000
14.360000 37.340000 79.080002 -2613.000000 724.000000 2865.000000
14.410000 37.369999 79.839996 -2615.000000 688.000000 3041.000000
14.420000 37.189999 80.540001 -2461.000000 685.000000 3138.000000
14.370000 36.860001 81.160004 -2263.000000 687.000000 3262.000000
14.320000 36.520000 81.779999 -2152.000000 692.000000 3276.000000
14.290000 36.320000 82.419998 -2158.000000 716.000000 3177.000000
14.260000 36.270000 83.040001 -2216.000000 663.000000 3128.000000
14.210000 36.230000 83.720001 -2199.000000 620.000000 3176.000000
14.120000 36.130001 84.370003 -1995.000000 607.000000 3222.000000
14.010000 36.029999 85.010002 -1926.000000 605.000000 3285.000000
13.930000 36.009998 85.669998 -2105.000000 586.000000 3245.000000
13.860000 36.029999 86.339996 -2223.000000 516.000000 3128.000000
13.780000 36.060001 87.010002 -2311.000000 504.000000 3082.000000
13.700000 36.070000 87.669998 -2293.000000 564.000000 3101.000000
13.590000 36.040001 88.320000 -2249.000000 572.000000 3193.000000
13.450000 35.950001 88.970001 -2120.000000 585.000000 3346.000000
13.280000 35.820000 89.599998 -1965.000000 563.000000 3452.000000
13.130000 35.820000 90.230003 -1922.000000 595.000000 3404.000000
13.030000 35.980000 90.900002 -2087.000000 596.000000 3239.000000
12.970000 36.259998 91.610001 -2353.000000 650.000000 3093.000000
12.920000 36.560001 92.330002 -2506.000000 636.000000 2965.000000
12.800000 36.799999 93.000000 -2514.000000 561.000000 2952.000000
12.660000 36.919998 93.660004 -2437.000000 541.000000 3040.000000
12.510000 36.930000 94.339996 -2457.000000 577.000000 3156.000000
12.330000 36.820000 95.010002 -2365.000000 541.000000 3276.000000
12.120000 36.669998 95.660004 -2317.000000 493.000000 3306.000000
11.910000 36.520000 96.290001 -2240.000000 483.000000 3336.000000
11.690000 36.459999 96.930000 -2150.000000 422.000000 3298.000000
11.490000 36.540001 97.589996 -2166.000000 428.000000 3238.000000
11.340000 36.790001 98.290001 -2293.000000 441.000000 3098.000000
11.200000 37.119999 99.010002 -2474.000000 428.000000 2954.000000
11.060000 37.389999 99.730003 -2722.000000 374.000000 2938.000000
10.900000 37.490002 100.419998 -2763.000000 349.000000 2977.000000
10.720000 37.389999 101.099998 -2638.000000 349.000000 3054.000000
10.500000 37.150002 101.750000 -2442.000000 346.000000 3148.000000
10.270000 36.849998 102.389999 -2248.000000 353.000000 3226.000000
10.030000 36.549999 103.029999 -2066.000000 329.000000 3381.000000
9.780000 36.299999 103.650002 -1876.000000 231.000000 3454.000000
9.530000 36.160000 104.269997 -1800.000000 168.000000 3422.000000
9.350000 36.189999 104.910004 -1845.000000 230.000000 3356.000000
9.230000 36.380001 105.589996 -2067.000000 291.000000 3228.000000
9.160000 36.639999 106.290001 -2269.000000 299.000000 3146.000000
9.090000 36.889999 107.000000 -2431.000000 263.000000 3142.000000
9.010000 37.080002 107.690002 -2478.000000 236.000000 3185.000000
8.920000 37.169998 108.370003 -2475.000000 265.000000 3220.000000
8.810000 37.160000 109.019997 -2348.000000 225.000000 3456.000000
8.670000 37.099998 109.680000 -2206.000000 198.000000 3545.000000
8.530000 37.060001 110.320000 -2160.000000 220.000000 3516.000000
8.410000 37.049999 111.000000 -2092.000000 251.000000 3422.000000
8.290000 37.090000 111.680000 -2101.000000 255.000000 3328.000000
8.160000 37.130001 112.339996 -2095.000000 279.000000 3231.000000
8.010000 37.180000 113.029999 -2012.000000 260.000000 3093.000000
7.840000 37.230000 113.739998 -2015.000000 239.000000 3105.000000
7.670000 37.230000 114.449997 -2172.000000 241.000000 3172.000000
7.500000 37.119999 115.160004 -2396.000000 213.000000 3298.000000
7.320000 36.889999 115.889999 -2367.000000 156.000000 3376.000000
7.100000 36.570000 116.519997 -2329.000000 103.000000 3521.000000
6.800000 36.189999 117.059998 -2204.000000 58.000000 3696.000000
6.460000 35.810001 117.519997 -1978.000000 28.000000 3678.000000
6.120000 35.570000 117.970001 -1823.000000 -12.000000 3657.000000
5.840000 35.570000 118.459999 -1813.000000 -2.000000 3542.000000
5.640000 35.840000 119.000000 -2011.000000 5.000000 3326.000000
5.490000 36.250000 119.599998 -2254.000000 9.000000 3193.000000
5.390000 36.639999 120.230003 -2471.000000 25.000000 3182.000000
5.300000 36.919998 120.839996 -2567.000000 44.000000 3185.000000
5.190000 37.080002 121.410004 -2517.000000 51.000000 3178.000000
5.050000 37.110001 121.930000 -2467.000000 10.000000 3325.000000
4.890000 37.099998 122.400002 -2385.000000 -19.000000 3347.000000
4.710000 37.090000 122.809998 -2333.000000 -32.000000 3359.000000
4.520000 37.099998 123.180000 -2283.000000 14.000000 3377.000000
4.340000 37.150002 123.550003 -2241.000000 34.000000 3328.000000
4.160000 37.220001 123.900002 -2172.000000 77.000000 3277.000000
3.970000 37.290001 124.239998 -2149.000000 16.000000 3265.000000
3.740000 37.360001 124.529999 -2177.000000 -135.000000 3170.000000
3.490000 37.430000 124.790001 -2161.000000 -253.000000 3261.000000
3.250000 37.480000 125.029999 -2161.000000 -259.000000 3198.000000
3.010000 37.490002 125.250000 -2099.000000 -224.000000 3205.000000
2.770000 37.439999 125.449997 -1976.000000 -224.000000 3247.000000
2.540000 37.349998 125.599998 -1941.000000 -262.000000 3315.000000
2.300000 37.250000 125.739998 -1948.000000 -331.000000 3348.000000
2.060000 37.180000 125.860001 -1970.000000 -337.000000 3350.000000
1.840000 37.139999 125.980003 -1950.000000 -312.000000 3410.000000
1.610000 37.130001 126.050003 -1947.000000 -306.000000 3502.000000
1.370000 37.139999 126.080002 -1943.000000 -287.000000 3564.000000
1.120000 37.150002 126.089996 -1929.000000 -337.000000 3503.000000
0.870000 37.180000 126.059998 -1975.000000 -385.000000 3491.000000
0.640000 37.220001 126.019997 -2118.000000 -418.000000 3516.000000
0.450000 37.259998 126.000000 -2127.000000 -324.000000 3430.000000
0.280000 37.290001 126.000000 -2095.000000 -218.000000 3406.000000
0.090000 37.320000 125.989998 -2129.000000 -242.000000 3459.000000
-0.140000 37.400002 125.930000 -2245.000000 -326.000000 3507.000000
-0.380000 37.509998 125.849998 -2320.000000 -404.000000 3526.000000
-0.630000 37.619999 125.750000 -2313.000000 -439.000000 3587.000000
-0.860000 37.720001 125.650002 -2318.000000 -373.000000 3515.000000
-1.080000 37.820000 125.570000 -2322.000000 -328.000000 3445.000000
-1.280000 37.880001 125.489998 -2265.000000 -308.000000 3349.000000
-1.500000 37.900002 125.379997 -2004.000000 -384.000000 3360.000000
-1.700000 37.880001 125.250000 -2376.000000 -297.000000 3488.000000
-1.770000 37.759998 125.269997 -2439.000000 -88.000000 3546.000000
-1.820000 37.689999 125.349998 -2064.000000 -190.000000 3845.000000
-1.920000 37.700001 125.239998 -2290.000000 9.000000 3651.000000
-2.050000 37.700001 125.089996 -2237.000000 -73.000000 3606.000000
-2.130000 37.689999 125.029999 -2326.000000 -182.000000 3595.000000
-2.220000 37.650002 124.949997 -2269.000000 -238.000000 3667.000000
-2.230000 37.669998 124.849998 -2408.000000 -114.000000 3788.000000
-2.200000 37.840000 124.760002 -2533.000000 -5.000000 3449.000000
-2.190000 38.080002 124.669998 -2612.000000 6.000000 3166.000000
-2.210000 38.279999 124.540001 -2640.000000 -51.000000 3096.000000
-2.250000 38.430000 124.410004 -2541.000000 -20.000000 3034.000000
-2.280000 38.549999 124.320000 -2456.000000 88.000000 3055.000000
-2.290000 38.639999 124.260002 -2415.000000 107.000000 3053.000000
-2.320000 38.689999 124.209999 -2477.000000 0.000000 3117.000000
-2.370000 38.680000 124.129997 -2444.000000 -109.000000 3146.000000
-2.420000 38.610001 124.070000 -2405.000000 -128.000000 3229.000000
-2.450000 38.549999 124.029999 -2349.000000 -89.000000 3230.000000
-2.500000 38.529999 123.980003 -2341.000000 -166.000000 3246.000000
-2.550000 38.570000 123.919998 -2330.000000 -218.000000 3178.000000
-2.600000 38.669998 123.849998 -2419.000000 -208.000000 3142.000000
-2.640000 38.799999 123.809998 -2463.000000 -249.000000 3219.000000
-2.690000 38.930000 123.739998 -2517.000000 -305.000000 3222.000000
-2.770000 39.060001 123.660004 -2513.000000 -418.000000 3222.000000
-2.870000 39.150002 123.570000 -2420.000000 -465.000000 3231.000000
-3.070000 39.119999 123.360001 -2089.000000 -617.000000 3329.000000
-3.330000 39.009998 123.089996 -1918.000000 -728.000000 3350.000000
-3.530000 38.950001 122.889999 -1872.000000 -849.000000 3410.000000
-3.670000 39.000000 122.739998 -2138.000000 -932.000000 3525.000000
-3.780000 39.150002 122.589996 -2403.000000 -1025.000000 3614.000000
-3.860000 39.340000 122.470001 -2532.000000 -1162.000000 3629.000000
-3.900000 39.540001 122.389999 -2648.000000 -1280.000000 3616.000000
-3.870000 39.750000 122.360001 -2786.000000 -1425.000000 3629.000000
-3.730000 39.919998 122.389999 -3050.000000 -1592.000000 3690.000000
-3.470000 40.029999 122.470001 -3279.000000 -1762.000000 3822.000000
-3.100000 40.080002 122.620003 -3308.000000 -1901.000000 3777.000000
-2.670000 40.150002 122.779999 -3115.000000 -1958.000000 3672.000000
-2.110000 40.259998 123.010002 -2945.000000 -1793.000000 3564.000000
-1.370000 40.450001 123.339996 -3007.000000 -1642.000000 3471.000000
-0.470000 40.730000 123.809998 -3029.000000 -1591.000000 3369.000000
0.560000 41.139999 124.370003 -3037.000000 -1458.000000 3060.000000
1.700000 41.590000 124.989998 -3131.000000 -1242.000000 2873.000000
2.930000 41.980000 125.650002 -3176.000000 -979.000000 2682.000000
4.230000 42.259998 126.370003 -3093.000000 -714.000000 2551.000000
5.550000 42.349998 127.110001 -2985.000000 -432.000000 2495.000000
6.820000 42.200001 127.790001 -2806.000000 -258.000000 2486.000000
7.920000 41.810001 128.300003 -2532.000000 -259.000000 2582.000000
8.840000 41.200001 128.589996 -2238.000000 -301.000000 2494.000000
9.650000 40.480000 128.679993 -2008.000000 -236.000000 2177.000000
10.440000 39.700001 128.669998 -1890.000000 -23.000000 1883.000000
11.350000 38.910000 128.639999 -1722.000000 459.000000 1731.000000
12.370000 38.099998 128.589996 -1656.000000 1068.000000 1857.000000
13.340000 37.279999 128.440002 -1558.000000 1481.000000 1924.000000
14.070000 36.509998 128.110001 -1431.000000 1464.000000 2112.000000
14.540000 35.820000 127.610001 -1266.000000 1269.000000 2316.000000
14.830000 35.259998 127.000000 -1143.000000 1113.000000 2528.000000
15.050000 34.919998 126.389999 -1026.000000 1060.000000 2691.000000
15.360000 34.970001 125.910004 -952.000000 1234.000000 2653.000000
15.810000 35.480000 125.580002 -1028.000000 1596.000000 2383.000000
16.330000 36.369999 125.330002 -1375.000000 1980.000000 2115.000000
16.770000 37.520000 125.070000 -1934.000000 2143.000000 2023.000000
17.010000 38.730000 124.709999 -2699.000000 2075.000000 2107.000000
17.010000 39.860001 124.209999 -3431.000000 1818.000000 2236.000000
16.799999 40.810001 123.599998 -3918.000000 1502.000000 2294.000000
16.480000 41.500000 122.879997 -4123.000000 1440.000000 2299.000000
16.139999 41.869999 122.099998 -4099.000000 1671.000000 2217.000000
15.830000 41.900002 121.279999 -3836.000000 1977.000000 2217.000000
15.500000 41.630001 120.449997 -3497.000000 2163.000000 2221.000000
15.070000 41.150002 119.599998 -3215.000000 2092.000000 2396.000000
14.550000 40.529999 118.720001 -3123.000000 1874.000000 2654.000000
13.970000 39.830002 117.849998 -3166.000000 1661.000000 2761.000000
13.420000 39.029999 117.029999 -3132.000000 1643.000000 2837.000000
12.980000 38.169998 116.279999 -2873.000000 1855.000000 2780.000000
12.600000 37.230000 115.580002 -2633.000000 2071.000000 2833.000000
12.260000 36.250000 114.940002 -2440.000000 2228.000000 2812.000000
11.950000 35.259998 114.419998 -2386.000000 2124.000000 3232.000000
11.680000 34.380001 114.040001 -2498.000000 1889.000000 3334.000000
11.450000 33.630001 113.769997 -2771.000000 1638.000000 3575.000000
11.280000 32.939999 113.599998 -3130.000000 1547.000000 3456.000000
11.150000 32.230000 113.449997 -3352.000000 1457.000000 3441.000000
10.980000 31.469999 113.279999 -3181.000000 1350.000000 3220.000000
10.720000 30.639999 113.029999 -2784.000000 1228.000000 3207.000000
10.470000 29.790001 112.769997 -2339.000000 1198.000000 3109.000000
10.240000 28.959999 112.550003 -1959.000000 1146.000000 2988.000000
10.010000 28.209999 112.389999 -1688.000000 1045.000000 2930.000000
9.800000 27.610001 112.290001 -1537.000000 969.000000 2826.000000
9.620000 27.150000 112.279999 -1500.000000 896.000000 2759.000000
9.460000 26.830000 112.320000 -1580.000000 850.000000 2780.000000
9.340000 26.600000 112.459999 -1624.000000 876.000000 2896.000000
9.320000 26.389999 112.680000 -1851.000000 996.000000 3158.000000
9.340000 26.010000 112.959999 -1824.000000 958.000000 3557.000000
9.280000 25.400000 113.169998 -2156.000000 877.000000 4549.000000
9.360000 24.670000 113.379997 -2293.000000 1077.000000 4709.000000
9.560000 23.799999 113.650002 -2194.000000 1314.000000 4793.000000
9.760000 22.850000 113.919998 -1466.000000 1462.000000 4503.000000
9.900000 21.930000 114.050003 -749.000000 1558.000000 4546.000000
10.040000 21.170000 114.040001 -137.000000 1572.000000 4320.000000
10.130000 20.629999 113.919998 210.000000 1334.000000 4184.000000
10.140000 20.420000 113.750000 139.000000 963.000000 4207.000000
10.170000 20.580000 113.580002 -376.000000 725.000000 4091.000000
10.230000 21.090000 113.470001 -1020.000000 567.000000 4041.000000
10.390000 22.010000 113.500000 -1720.000000 521.000000 3748.000000
10.600000 22.980000 113.570000 -1824.000000 595.000000 3611.000000
10.840000 23.940001 113.669998 -1981.000000 652.000000 3496.000000
11.070000 24.830000 113.769997 -2025.000000 634.000000 3445.000000
11.230000 25.639999 113.860001 -2107.000000 540.000000 3382.000000
11.380000 26.389999 113.970001 -2102.000000 480.000000 3334.000000
11.530000 27.070000 114.099998 -2096.000000 461.000000 3244.000000
11.690000 27.620001 114.269997 -2220.000000 555.000000 3248.000000
11.840000 28.020000 114.470001 -2308.000000 615.000000 3257.000000
11.970000 28.309999 114.680000 -2250.000000 686.000000 3234.000000
12.100000 28.459999 114.930000 -2191.000000 754.000000 3276.000000
12.240000 28.520000 115.169998 -2102.000000 851.000000 3343.000000
