-4.360000 27.040001 121.599998 -1747.000000 -242.000000 3609.000000
-4.360000 27.040001 121.610001 -1774.000000 -238.000000 3623.000000
-4.360000 27.040001 121.599998 -1774.000000 -219.000000 3602.000000
-4.350000 27.040001 121.610001 -1769.000000 -209.000000 3608.000000
-4.340000 27.030001 121.620003 -1762.000000 -199.000000 3628.000000
-4.340000 27.030001 121.620003 -1769.000000 -223.000000 3615.000000
-4.350000 27.030001 121.629997 -1776.000000 -249.000000 3608.000000
-4.350000 27.040001 121.620003 -1765.000000 -254.000000 3610.000000
-4.350000 27.030001 121.629997 -1745.000000 -256.000000 3628.000000
-4.350000 27.040001 121.620003 -1781.000000 -236.000000 3592.000000
-4.350000 27.049999 121.610001 -1761.000000 -245.000000 3609.000000
-4.350000 27.059999 121.610001 -1775.000000 -234.000000 3609.000000
-4.350000 27.070000 121.610001 -1767.000000 -221.000000 3581.000000
-4.330000 27.080000 121.599998 -1774.000000 -209.000000 3624.000000
-4.320000 27.090000 121.589996 -1765.000000 -188.000000 3632.000000
-4.310000 27.100000 121.580002 -1773.000000 -204.000000 3649.000000
-4.300000 27.110001 121.580002 -1750.000000 -218.000000 3648.000000
-4.300000 27.120001 121.580002 -1773.000000 -223.000000 3611.000000
-4.310000 27.129999 121.570000 -1774.000000 -245.000000 3628.000000
-4.310000 27.150000 121.570000 -1791.000000 -250.000000 3614.000000
-4.310000 27.150000 121.580002 -1774.000000 -210.000000 3599.000000
-4.310000 27.139999 121.599998 -1766.000000 -207.000000 3622.000000
-4.310000 27.150000 121.589996 -1785.000000 -225.000000 3617.000000
-4.310000 27.150000 121.599998 -1777.000000 -230.000000 3609.000000
-4.310000 27.150000 121.599998 -1771.000000 -230.000000 3637.000000
-4.320000 27.150000 121.610001 -1782.000000 -226.000000 3634.000000
-4.320000 27.160000 121.620003 -1780.000000 -240.000000 3636.000000
-4.330000 27.170000 121.599998 -1778.000000 -233.000000 3650.000000
-4.340000 27.170000 121.599998 -1773.000000 -228.000000 3640.000000
-4.350000 27.190001 121.589996 -1803.000000 -236.000000 3675.000000
-4.370000 27.200001 121.580002 -1792.000000 -250.000000 3714.000000
-4.400000 27.219999 121.570000 -1742.000000 -231.000000 3789.000000
-4.440000 27.230000 121.550003 -1737.000000 -202.000000 3931.000000
-4.480000 27.250000 121.559998 -1745.000000 -181.000000 4100.000000
-4.540000 27.240000 121.559998 -1655.000000 -212.000000 4165.000000
-4.620000 27.240000 121.610001 -1583.000000 -187.000000 4156.000000
-4.740000 27.209999 121.650002 -1618.000000 -226.000000 4363.000000
-4.910000 27.180000 121.690002 -1542.000000 -421.000000 4545.000000
-5.070000 27.219999 121.720001 -1619.000000 -606.000000 4632.000000
-5.180000 27.420000 121.739998 -1771.000000 -819.000000 4631.000000
-5.220000 27.709999 121.790001 -1353.000000 -816.000000 4381.000000
-5.220000 28.129999 121.910004 -578.000000 -658.000000 4142.000000
-5.130000 28.799999 122.010002 -377.000000 -126.000000 3963.000000
-5.080000 29.799999 122.029999 -888.000000 -27.000000 4033.000000
-5.100000 31.160000 121.989998 -1569.000000 -105.000000 4080.000000
-5.140000 32.750000 121.919998 -2083.000000 -239.000000 4103.000000
-5.120000 34.369999 121.800003 -2333.000000 -277.000000 4235.000000
-4.940000 35.830002 121.690002 -2208.000000 -172.000000 4352.000000
-4.520000 37.119999 121.669998 -1923.000000 147.000000 4246.000000
-3.980000 38.230000 121.739998 -1419.000000 363.000000 4079.000000
-3.950000 39.189999 121.419998 -2180.000000 -1598.000000 4790.000000
-4.230000 39.740002 120.279999 -3062.000000 -1216.000000 4422.000000
-3.330000 39.610001 119.730003 -2514.000000 1145.000000 3832.000000
-2.250000 39.009998 119.589996 -1579.000000 1196.000000 3645.000000
-1.430000 38.169998 119.360001 -1229.000000 497.000000 3491.000000
-0.740000 37.180000 118.779999 -1474.000000 243.000000 3393.000000
-0.100000 36.139999 117.910004 -1797.000000 286.000000 3324.000000
0.630000 34.990002 117.099998 -1524.000000 581.000000 3288.000000
1.360000 33.790001 116.309998 -1172.000000 697.000000 3397.000000
1.960000 32.630001 115.400002 -1150.000000 669.000000 3491.000000
2.440000 31.590000 114.300003 -1294.000000 535.000000 3528.000000
2.780000 30.660000 113.120003 -1342.000000 365.000000 3447.000000
3.070000 29.860001 111.860001 -1298.000000 356.000000 3285.000000
3.350000 29.190001 110.580002 -1305.000000 428.000000 2965.000000
3.620000 28.629999 109.260002 -1314.000000 529.000000 2640.000000
3.820000 28.110001 107.889999 -1424.000000 566.000000 2467.000000
3.900000 27.600000 106.440002 -1608.000000 501.000000 2424.000000
3.860000 27.070000 104.910004 -1749.000000 363.000000 2460.000000
3.730000 26.520000 103.309998 -1923.000000 226.000000 2590.000000
3.460000 25.950001 101.720001 -2277.000000 -40.000000 2842.000000
3.100000 25.389999 100.129997 -2511.000000 -255.000000 3032.000000
2.680000 24.860001 98.550003 -2552.000000 -425.000000 3139.000000
2.250000 24.360001 97.000000 -2224.000000 -425.000000 2978.000000
1.820000 23.910000 95.480003 -1892.000000 -305.000000 2775.000000
1.360000 23.490000 94.029999 -1959.000000 -291.000000 2868.000000
0.820000 23.059999 92.650002 -2504.000000 -612.000000 3200.000000
0.200000 22.620001 91.330002 -2991.000000 -1075.000000 3527.000000
-0.450000 22.170000 90.080002 -3192.000000 -1450.000000 3720.000000
-1.080000 21.760000 88.919998 -3209.000000 -1656.000000 3517.000000
-1.660000 21.420000 87.830002 -2756.000000 -1607.000000 3327.000000
-2.180000 21.150000 86.870003 -2284.000000 -1297.000000 3167.000000
-2.680000 20.990000 86.059998 -2075.000000 -1194.000000 3034.000000
-3.170000 20.969999 85.349998 -2143.000000 -1112.000000 2953.000000
-3.680000 21.059999 84.730003 -2266.000000 -1160.000000 3011.000000
-4.180000 21.219999 84.180000 -2342.000000 -1161.000000 3145.000000
-4.650000 21.389999 83.690002 -2378.000000 -1059.000000 3211.000000
-5.070000 21.530001 83.220001 -2265.000000 -913.000000 3271.000000
-5.480000 21.650000 82.769997 -2221.000000 -883.000000 3452.000000
-5.890000 21.730000 82.290001 -1980.000000 -912.000000 3581.000000
-6.270000 21.830000 81.800003 -1877.000000 -839.000000 3581.000000
-6.720000 21.910000 81.300003 -1719.000000 -1528.000000 4006.000000
-7.140000 21.969999 80.970001 -812.000000 -1730.000000 4069.000000
-7.360000 22.410000 80.629997 -2101.000000 -950.000000 3819.000000
-7.520000 23.010000 80.339996 -3643.000000 -949.000000 3375.000000
-7.640000 23.309999 80.150002 -3165.000000 -1145.000000 3535.000000
-7.520000 23.230000 79.959999 -2039.000000 -633.000000 3641.000000
-7.220000 22.950001 79.820000 -1519.000000 -115.000000 3842.000000
-6.950000 22.750000 79.739998 -1230.000000 82.000000 3604.000000
-6.820000 22.760000 79.610001 -1580.000000 -132.000000 3553.000000
-6.770000 22.870001 79.449997 -1774.000000 -278.000000 3639.000000
-6.700000 22.830000 79.279999 -1273.000000 -271.000000 3704.000000
-6.620000 22.700001 79.160004 -819.000000 -169.000000 3792.000000
-6.580000 22.629999 78.989998 -991.000000 -264.000000 3908.000000
-6.610000 22.660000 78.779999 -1335.000000 -427.000000 3901.000000
-6.670000 22.809999 78.570000 -1777.000000 -468.000000 3739.000000
-6.710000 22.900000 78.360001 -1653.000000 -400.000000 3853.000000
-6.660000 22.879999 78.190002 -1083.000000 -150.000000 3834.000000
-6.600000 22.930000 78.029999 -1004.000000 -62.000000 3929.000000
-6.630000 23.160000 77.790001 -1414.000000 -240.000000 3845.000000
-6.750000 23.480000 77.519997 -1796.000000 -483.000000 3798.000000
-6.850000 23.750000 77.269997 -1857.000000 -515.000000 3760.000000
-6.870000 23.860001 77.029999 -1596.000000 -469.000000 3904.000000
-6.850000 23.879999 76.860001 -1337.000000 -396.000000 3806.000000
-6.860000 24.070000 76.660004 -1638.000000 -409.000000 3628.000000
-6.920000 24.410000 76.449997 -1841.000000 -470.000000 3421.000000
-7.010000 24.780001 76.220001 -1808.000000 -426.000000 3262.000000
-7.060000 25.080000 76.000000 -1738.000000 -423.000000 3474.000000
-7.130000 25.280001 75.779999 -1543.000000 -514.000000 3641.000000
-7.240000 25.500000 75.540001 -1668.000000 -642.000000 3603.000000
-7.350000 25.700001 75.320000 -2039.000000 -779.000000 3692.000000
-7.380000 25.740000 75.110001 -1920.000000 -704.000000 3835.000000
-7.350000 25.610001 74.940002 -1556.000000 -659.000000 4015.000000
-7.260000 25.520000 74.760002 -1410.000000 -504.000000 3996.000000
-7.190000 25.590000 74.529999 -1743.000000 -555.000000 4163.000000
-7.170000 25.840000 74.279999 -1944.000000 -757.000000 4361.000000
-7.190000 26.360001 74.050003 -2148.000000 -1033.000000 4488.000000
-7.220000 27.250000 73.839996 -2570.000000 -1197.000000 4436.000000
-7.180000 28.469999 73.720001 -3220.000000 -1179.000000 4098.000000
-7.030000 29.920000 73.720001 -3382.000000 -977.000000 3916.000000
-6.770000 31.570000 73.830002 -3269.000000 -685.000000 3855.000000
-6.390000 33.430000 74.059998 -3264.000000 -433.000000 3759.000000
-5.920000 35.540001 74.430000 -3183.000000 -218.000000 3580.000000
-5.360000 37.919998 74.959999 -3118.000000 52.000000 3248.000000
-4.720000 40.599998 75.680000 -3065.000000 277.000000 2899.000000
-4.020000 43.590000 76.570000 -2935.000000 424.000000 2587.000000
-3.240000 46.900002 77.690002 -2940.000000 529.000000 2017.000000
-2.360000 50.430000 79.070000 -2797.000000 648.000000 1864.000000
-1.260000 54.250000 80.779999 -2699.000000 859.000000 1329.000000
0.110000 58.209999 82.919998 -2716.000000 1037.000000 1018.000000
1.850000 62.230000 85.580002 -2914.000000 1117.000000 713.000000
4.230000 66.190002 89.010002 -2846.000000 1178.000000 478.000000
7.710000 70.099998 93.650002 -2651.000000 1143.000000 253.000000
13.110000 73.879997 100.279999 -2547.000000 1082.000000 183.000000
22.260000 77.419998 110.699997 -2485.000000 1055.000000 -164.000000
39.500000 80.320000 128.949997 -2588.000000 1036.000000 -231.000000
70.400002 81.779999 160.110001 -2744.000000 1087.000000 -501.000000
104.400002 81.160004 -165.220001 -2815.000000 931.000000 -391.000000
126.040001 78.809998 -141.880005 -2718.000000 1021.000000 -856.000000
137.330002 75.570000 -128.720001 -2442.000000 972.000000 -802.000000
144.149994 71.900002 -120.180000 -2234.000000 1001.000000 -1264.000000
148.350006 68.070000 -114.279999 -2240.000000 1003.000000 -1816.000000
151.199997 64.220001 -109.769997 -2474.000000 903.000000 -2253.000000
153.250000 60.450001 -106.059998 -2849.000000 762.000000 -2481.000000
154.770004 56.820000 -102.959999 -3222.000000 657.000000 -2887.000000
155.830002 53.360001 -100.320000 -3587.000000 541.000000 -3350.000000
156.610001 50.139999 -98.050003 -4145.000000 419.000000 -3352.000000
157.240005 47.250000 -96.010002 -4415.000000 236.000000 -3050.000000
157.750000 44.619999 -94.279999 -4183.000000 197.000000 -2986.000000
158.119995 42.250000 -92.830002 -3549.000000 268.000000 -2856.000000
158.490005 39.970001 -91.510002 -3129.000000 394.000000 -3162.000000
158.770004 37.799999 -90.279999 -2962.000000 559.000000 -3162.000000
158.960007 35.650002 -89.110001 -3088.000000 595.000000 -3543.000000
159.070007 33.630001 -88.000000 -3251.000000 663.000000 -3728.000000
159.089996 31.879999 -87.010002 -3583.000000 549.000000 -3588.000000
159.130005 30.400000 -86.080002 -3769.000000 398.000000 -3598.000000
159.130005 29.160000 -85.290001 -3373.000000 424.000000 -3491.000000
159.149994 28.010000 -84.629997 -2817.000000 580.000000 -3686.000000
159.160004 27.010000 -84.000000 -2846.000000 691.000000 -3704.000000
159.119995 26.090000 -83.379997 -3042.000000 729.000000 -3728.000000
159.039993 25.270000 -82.809998 -3121.000000 693.000000 -3472.000000
158.960007 24.580000 -82.330002 -3119.000000 603.000000 -3511.000000
158.869995 24.080000 -81.930000 -2711.000000 671.000000 -3347.000000
158.860001 23.650000 -81.599998 -2439.000000 813.000000 -3478.000000
158.809998 23.420000 -81.300003 -2570.000000 874.000000 -3275.000000
158.779999 23.230000 -81.019997 -2530.000000 868.000000 -3572.000000
158.729996 23.100000 -80.809998 -2510.000000 824.000000 -3508.000000
158.690002 23.049999 -80.629997 -2434.000000 858.000000 -3433.000000
158.669998 23.070000 -80.500000 -2237.000000 852.000000 -3314.000000
158.660004 23.120001 -80.419998 -1985.000000 968.000000 -3313.000000
158.639999 23.180000 -80.360001 -1807.000000 1051.000000 -3190.000000
158.630005 23.200001 -80.290001 -1844.000000 1069.000000 -3309.000000
158.619995 23.240000 -80.209999 -2045.000000 1051.000000 -3229.000000
158.619995 23.270000 -80.120003 -2143.000000 1052.000000 -3421.000000
158.630005 23.299999 -80.050003 -2171.000000 1039.000000 -3409.000000
158.669998 23.330000 -79.949997 -2134.000000 1013.000000 -3497.000000
158.699997 23.360001 -79.910004 -1996.000000 1051.000000 -3440.000000
158.740005 23.379999 -79.889999 -1916.000000 1108.000000 -3437.000000
158.779999 23.410000 -79.889999 -1838.000000 1151.000000 -3503.000000
158.809998 23.420000 -79.910004 -1769.000000 1213.000000 -3551.000000
158.839996 23.420000 -79.930000 -1673.000000 1227.000000 -3570.000000
158.860001 23.400000 -79.940002 -1618.000000 1265.000000 -3611.000000
158.880005 23.370001 -79.940002 -1645.000000 1220.000000 -3565.000000
158.880005 23.340000 -79.940002 -1611.000000 1261.000000 -3515.000000
158.910004 23.299999 -79.910004 -1743.000000 1257.000000 -3569.000000
158.910004 23.299999 -79.889999 -1823.000000 1245.000000 -3499.000000
158.940002 23.320000 -79.879997 -1877.000000 1219.000000 -3530.000000
158.940002 23.360001 -79.900002 -1766.000000 1268.000000 -3493.000000
158.960007 23.370001 -79.930000 -1632.000000 1297.000000 -3519.000000
158.990005 23.360001 -79.970001 -1570.000000 1336.000000 -3675.000000
159.000000 23.330000 -80.010002 -1466.000000 1371.000000 -3612.000000
159.009995 23.290001 -80.040001 -1410.000000 1404.000000 -3651.000000
159.020004 23.240000 -80.070000 -1421.000000 1394.000000 -3581.000000
159.029999 23.190001 -80.080002 -1489.000000 1357.000000 -3557.000000
159.039993 23.110001 -80.080002 -1505.000000 1355.000000 -3569.000000
159.059998 23.040001 -80.070000 -1576.000000 1349.000000 -3610.000000
159.070007 22.980000 -80.050003 -1696.000000 1349.000000 -3711.000000
159.089996 22.950001 -80.029999 -1771.000000 1352.000000 -3719.000000
159.089996 22.910000 -80.050003 -1693.000000 1372.000000 -3767.000000
159.089996 22.870001 -80.089996 -1606.000000 1372.000000 -3683.000000
159.089996 22.840000 -80.099998 -1522.000000 1380.000000 -3657.000000
159.070007 22.809999 -80.150002 -1440.000000 1423.000000 -3536.000000
159.070007 22.780001 -80.169998 -1459.000000 1373.000000 -3613.000000
159.070007 22.770000 -80.190002 -1520.000000 1345.000000 -3642.000000
159.089996 22.750000 -80.190002 -1561.000000 1336.000000 -3698.000000
159.089996 22.750000 -80.199997 -1596.000000 1345.000000 -3651.000000
159.100006 22.740000 -80.199997 -1536.000000 1328.000000 -3654.000000
159.110001 22.719999 -80.209999 -1464.000000 1360.000000 -3639.000000
159.110001 22.690001 -80.230003 -1460.000000 1377.000000 -3618.000000
159.110001 22.670000 -80.239998 -1510.000000 1374.000000 -3605.000000
159.110001 22.639999 -80.239998 -1530.000000 1347.000000 -3600.000000
159.110001 22.610001 -80.239998 -1532.000000 1370.000000 -3615.000000
159.119995 22.580000 -80.239998 -1520.000000 1363.000000 -3601.000000
159.119995 22.549999 -80.250000 -1513.000000 1360.000000 -3625.000000
159.130005 22.520000 -80.250000 -1517.000000 1355.000000 -3642.000000
159.139999 22.480000 -80.260002 -1504.000000 1342.000000 -3689.000000
159.139999 22.440001 -80.260002 -1559.000000 1347.000000 -3686.000000
159.160004 22.420000 -80.250000 -1587.000000 1340.000000 -3686.000000
159.160004 22.389999 -80.239998 -1528.000000 1327.000000 -3663.000000
159.169998 22.370001 -80.230003 -1536.000000 1323.000000 -3638.000000
159.179993 22.360001 -80.239998 -1542.000000 1347.000000 -3653.000000
159.179993 22.360001 -80.239998 -1585.000000 1360.000000 -3665.000000
159.190002 22.360001 -80.230003 -1576.000000 1330.000000 -3686.000000
159.190002 22.370001 -80.220001 -1545.000000 1329.000000 -3643.000000
159.199997 22.360001 -80.209999 -1529.000000 1337.000000 -3695.000000
159.199997 22.370001 -80.199997 -1533.000000 1345.000000 -3641.000000
159.199997 22.370001 -80.199997 -1524.000000 1353.000000 -3631.000000
159.199997 22.370001 -80.199997 -1547.000000 1353.000000 -3667.000000
159.190002 22.379999 -80.199997 -1559.000000 1360.000000 -3669.000000
159.190002 22.379999 -80.209999 -1512.000000 1345.000000 -3652.000000
159.179993 22.379999 -80.209999 -1477.000000 1369.000000 -3659.000000
159.169998 22.379999 -80.220001 -1501.000000 1373.000000 -3642.000000
159.160004 22.370001 -80.230003 -1468.000000 1353.000000 -3610.000000
159.149994 22.379999 -80.239998 -1555.000000 1334.000000 -3590.000000
159.149994 22.410000 -80.239998 -1610.000000 1335.000000 -3599.000000
159.139999 22.420000 -80.250000 -1553.000000 1318.000000 -3582.000000
159.149994 22.420000 -80.260002 -1495.000000 1344.000000 -3601.000000
159.149994 22.410000 -80.250000 -1493.000000 1358.000000 -3609.000000
159.149994 22.410000 -80.260002 -1521.000000 1350.000000 -3632.000000
159.169998 22.410000 -80.250000 -1518.000000 1328.000000 -3659.000000
159.179993 22.400000 -80.269997 -1519.000000 1348.000000 -3659.000000
159.179993 22.400000 -80.290001 -1505.000000 1358.000000 -3619.000000
159.190002 22.410000 -80.290001 -1514.000000 1348.000000 -3630.000000
159.199997 22.430000 -80.300003 -1494.000000 1359.000000 -3577.000000
159.199997 22.440001 -80.320000 -1478.000000 1370.000000 -3574.000000
159.199997 22.459999 -80.339996 -1476.000000 1365.000000 -3578.000000
159.210007 22.469999 -80.360001 -1511.000000 1351.000000 -3595.000000
159.220001 22.480000 -80.389999 -1475.000000 1352.000000 -3587.000000
159.229996 22.480000 -80.400002 -1452.000000 1374.000000 -3617.000000
159.250000 22.480000 -80.400002 -1448.000000 1378.000000 -3623.000000
159.259995 22.480000 -80.410004 -1487.000000 1375.000000 -3688.000000
159.270004 22.490000 -80.419998 -1536.000000 1404.000000 -3726.000000
159.289993 22.520000 -80.419998 -1522.000000 1398.000000 -3695.000000
159.300003 22.570000 -80.440002 -1539.000000 1429.000000 -3776.000000
159.300003 22.700001 -80.500000 -1696.000000 1448.000000 -3791.000000
159.500000 23.309999 -80.629997 -2634.000000 963.000000 -3497.000000
159.529999 24.540001 -81.269997 -1948.000000 1605.000000 -4247.000000
159.360001 25.500000 -81.660004 -2424.000000 1435.000000 -4140.000000
159.610001 25.540001 -81.599998 -2350.000000 1585.000000 -4131.000000
159.470001 26.340000 -81.870003 -2637.000000 1712.000000 -3196.000000
159.179993 27.940001 -82.660004 -2421.000000 1735.000000 -4505.000000
158.839996 29.530001 -83.410004 -2420.000000 1682.000000 -4253.000000
158.800003 30.580000 -83.870003 -2227.000000 1842.000000 -4050.000000
158.460007 32.240002 -84.580002 -2815.000000 2093.000000 -3976.000000
157.779999 34.580002 -85.750000 -2772.000000 2166.000000 -4228.000000
157.059998 36.930000 -86.910004 -2736.000000 2226.000000 -4257.000000
156.419998 39.189999 -87.980003 -2684.000000 2311.000000 -3879.000000
155.440002 41.980000 -89.360001 -3022.000000 2423.000000 -4102.000000
153.960007 45.230000 -91.279999 -3026.000000 2479.000000 -4012.000000
152.389999 48.470001 -93.309998 -2781.000000 2553.000000 -3996.000000
150.600006 51.750000 -95.559998 -2571.000000 2816.000000 -3619.000000
148.229996 55.209999 -98.410004 -2015.000000 2929.000000 -3583.000000
145.169998 58.630001 -101.839996 -1624.000000 2946.000000 -3415.000000
141.809998 61.660000 -105.379997 -1274.000000 2895.000000 -3223.000000
138.169998 64.309998 -108.940002 -1269.000000 2796.000000 -2595.000000
134.080002 66.699997 -112.769997 -1274.000000 2628.000000 -2366.000000
129.119995 68.980003 -117.349998 -1579.000000 2375.000000 -1946.000000
123.070000 71.150002 -122.900002 -1997.000000 2016.000000 -1514.000000
115.639999 73.129997 -129.820007 -2180.000000 1816.000000 -1283.000000
106.160004 74.860001 -138.759995 -2659.000000 1687.000000 -1207.000000
93.919998 76.150002 -150.360001 -2915.000000 1351.000000 -1238.000000
79.739998 76.830002 -163.669998 -3154.000000 1023.000000 -1060.000000
65.260002 76.889999 -177.080002 -3203.000000 811.000000 -715.000000
51.220001 76.309998 170.089996 -3048.000000 687.000000 -339.000000
38.410000 74.919998 158.399994 -2869.000000 593.000000 -22.000000
28.420000 72.970001 149.369995 -2312.000000 494.000000 307.000000
20.809999 70.739998 142.600006 -2251.000000 360.000000 646.000000
14.870000 68.400002 137.580002 -2238.000000 106.000000 821.000000
10.040000 66.080002 133.740005 -2432.000000 -284.000000 928.000000
5.990000 63.820000 130.710007 -2880.000000 -715.000000 1037.000000
2.590000 61.549999 128.279999 -3239.000000 -984.000000 1364.000000
-0.260000 59.230000 126.360001 -3473.000000 -1199.000000 1541.000000
-2.620000 56.860001 124.930000 -3366.000000 -1368.000000 1878.000000
-4.550000 54.549999 123.919998 -3044.000000 -1453.000000 2136.000000
-6.200000 52.349998 123.180000 -2827.000000 -1497.000000 2275.000000
-7.630000 50.250000 122.660004 -2892.000000 -1607.000000 2470.000000
-8.920000 48.180000 122.290001 -3071.000000 -1860.000000 2471.000000
-10.040000 46.130001 122.089996 -3104.000000 -2037.000000 2611.000000
-10.970000 44.180000 122.029999 -3058.000000 -2102.000000 2636.000000
-11.750000 42.340000 122.050003 -2860.000000 -2085.000000 2802.000000
-12.420000 40.610001 122.139999 -2583.000000 -2071.000000 2988.000000
-12.980000 38.959999 122.300003 -2314.000000 -2018.000000 3214.000000
-13.470000 37.380001 122.500000 -2083.000000 -1963.000000 3273.000000
-13.900000 35.900002 122.739998 -1998.000000 -1897.000000 3184.000000
-14.270000 34.509998 123.029999 -2019.000000 -1849.000000 3289.000000
-14.580000 33.209999 123.349998 -2026.000000 -1813.000000 3387.000000
-14.820000 31.940001 123.660004 -1872.000000 -1704.000000 3414.000000
-15.010000 30.639999 123.980003 -1696.000000 -1627.000000 3472.000000
-15.160000 29.299999 124.309998 -1479.000000 -1542.000000 3587.000000
-15.310000 28.020000 124.639999 -1269.000000 -1533.000000 3685.000000
-15.470000 26.850000 124.940002 -1117.000000 -1466.000000 3722.000000
-15.640000 25.799999 125.199997 -1070.000000 -1455.000000 3751.000000
-15.820000 24.820000 125.449997 -1006.000000 -1504.000000 3830.000000
-15.990000 23.950001 125.720001 -949.000000 -1451.000000 3763.000000
-16.180000 23.180000 125.980003 -1008.000000 -1427.000000 3617.000000
-16.360001 22.490000 126.209999 -1181.000000 -1325.000000 3563.000000
-16.540001 21.879999 126.430000 -1295.000000 -1277.000000 3550.000000
-16.719999 21.309999 126.629997 -1310.000000 -1258.000000 3574.000000
-16.889999 20.709999 126.820000 -1258.000000 -1321.000000 3678.000000
-17.040001 20.020000 127.029999 -1133.000000 -1340.000000 3834.000000
-17.160000 19.280001 127.250000 -881.000000 -1311.000000 3883.000000
-17.270000 18.520000 127.470001 -625.000000 -1289.000000 4016.000000
-17.379999 17.840000 127.669998 -478.000000 -1224.000000 4085.000000
-17.510000 17.280001 127.830002 -505.000000 -1241.000000 4153.000000
-17.680000 16.850000 127.949997 -626.000000 -1279.000000 4034.000000
-17.889999 16.549999 128.029999 -716.000000 -1306.000000 3895.000000
-18.129999 16.379999 128.089996 -858.000000 -1291.000000 3673.000000
-18.400000 16.309999 128.100006 -1119.000000 -1324.000000 3422.000000
-18.709999 16.309999 128.100006 -1759.000000 -1562.000000 3488.000000
-18.930000 16.170000 128.130005 -2192.000000 -1645.000000 3343.000000
-19.020000 15.600000 128.289993 -1844.000000 -1638.000000 3837.000000
-19.020000 14.730000 128.570007 -579.000000 -1294.000000 3837.000000
-19.000000 13.930000 128.850006 -122.000000 -1038.000000 3966.000000
-19.049999 13.390000 129.039993 -656.000000 -1164.000000 4118.000000
-19.150000 13.010000 129.160004 -1017.000000 -1549.000000 4571.000000
-19.240000 12.710000 129.270004 -778.000000 -1642.000000 5043.000000
-19.250000 12.600000 129.320007 -522.000000 -1218.000000 4528.000000
-19.240000 12.550000 129.330002 -544.000000 -961.000000 4232.000000
-19.260000 12.560000 129.309998 -499.000000 -941.000000 4164.000000
-19.330000 12.710000 129.250000 -656.000000 -1095.000000 3933.000000
-19.450001 12.980000 129.119995 -1029.000000 -1232.000000 3665.000000
-19.570000 13.250000 128.990005 -1258.000000 -1257.000000 3497.000000
-19.680000 13.450000 128.889999 -1236.000000 -1233.000000 3468.000000
-19.770000 13.590000 128.820007 -1138.000000 -1200.000000 3411.000000
-19.860001 13.680000 128.750000 -1104.000000 -1176.000000 3417.000000
-19.940001 13.740000 128.690002 -1090.000000 -1146.000000 3456.000000
-20.020000 13.760000 128.649994 -1077.000000 -1184.000000 3565.000000
-20.100000 13.760000 128.630005 -1084.000000 -1225.000000 3742.000000
-20.190001 13.770000 128.589996 -1165.000000 -1339.000000 3913.000000
-20.280001 13.780000 128.529999 -1192.000000 -1436.000000 4059.000000
-20.340000 13.830000 128.440002 -1109.000000 -1387.000000 4032.000000
-20.360001 13.920000 128.350006 -1120.000000 -1315.000000 4063.000000
-20.389999 14.040000 128.259995 -1175.000000 -1362.000000 4045.000000
-20.400000 14.200000 128.149994 -1165.000000 -1422.000000 3955.000000
-20.389999 14.350000 128.050003 -1166.000000 -1435.000000 3955.000000
-20.340000 14.470000 127.970001 -1148.000000 -1477.000000 3916.000000
-20.230000 14.550000 127.910004 -996.000000 -1382.000000 3924.000000
-20.090000 14.600000 127.830002 -898.000000 -1389.000000 3687.000000
-19.950001 14.640000 127.760002 -763.000000 -1368.000000 3760.000000
-19.820000 14.750000 127.690002 -691.000000 -1301.000000 3612.000000
-19.780001 14.960000 127.580002 -791.000000 -1472.000000 3682.000000
-19.820000 15.290000 127.449997 -670.000000 -1670.000000 3737.000000
-19.889999 15.710000 127.279999 -455.000000 -1848.000000 3971.000000
-19.969999 16.240000 127.070000 -320.000000 -1954.000000 4067.000000
-20.030001 16.879999 126.809998 -622.000000 -2108.000000 4103.000000
-20.100000 17.620001 126.540001 -1065.000000 -2282.000000 4068.000000
-20.160000 18.410000 126.269997 -1272.000000 -2514.000000 4151.000000
-20.200001 19.240000 125.989998 -1447.000000 -2700.000000 4034.000000
-20.200001 20.070000 125.699997 -1554.000000 -2784.000000 3848.000000
-20.150000 20.870001 125.440002 -1731.000000 -2817.000000 3611.000000
-20.030001 21.600000 125.230003 -1920.000000 -2970.000000 3646.000000
-19.830000 22.230000 125.070000 -1563.000000 -3060.000000 3573.000000
-19.559999 22.700001 124.970001 -1380.000000 -3161.000000 3513.000000
-19.190001 23.030001 124.930000 -1292.000000 -3097.000000 3468.000000
-18.750000 23.309999 124.919998 -1258.000000 -2972.000000 3278.000000
-18.240000 23.559999 124.959999 -1159.000000 -2850.000000 3102.000000
-17.700001 23.730000 125.029999 -906.000000 -2764.000000 3001.000000
-17.150000 23.879999 125.070000 -820.000000 -2708.000000 2839.000000
-16.620001 24.059999 125.070000 -1023.000000 -2748.000000 2701.000000
-16.110001 24.320000 125.019997 -1432.000000 -2734.000000 2614.000000
-15.590000 24.610001 124.949997 -1746.000000 -2575.000000 2615.000000
-15.020000 24.900000 124.849998 -1811.000000 -2329.000000 2263.000000
-14.380000 25.110001 124.720001 -1656.000000 -1978.000000 2369.000000
-13.660000 25.059999 124.529999 -1558.000000 -1346.000000 2364.000000
-12.940000 24.959999 124.279999 -1531.000000 -1125.000000 2401.000000
-12.260000 24.820000 123.940002 -1532.000000 -948.000000 2406.000000
-11.630000 24.670000 123.519997 -1508.000000 -817.000000 2486.000000
-11.020000 24.559999 123.029999 -1523.000000 -546.000000 2469.000000
-10.450000 24.500000 122.489998 -1506.000000 -295.000000 2561.000000
-9.930000 24.580000 121.879997 -1617.000000 -9.000000 2374.000000
-9.510000 24.730000 121.220001 -1964.000000 219.000000 2362.000000
-9.230000 24.910000 120.459999 -2348.000000 231.000000 2309.000000
-9.050000 25.080000 119.650002 -2346.000000 261.000000 2354.000000
-8.880000 25.230000 118.809998 -2338.000000 367.000000 2538.000000
-8.760000 25.330000 117.940002 -2419.000000 421.000000 2767.000000
-8.740000 25.400000 117.050003 -2355.000000 398.000000 2842.000000
-8.770000 25.480000 116.160004 -2379.000000 411.000000 2896.000000
-8.860000 25.530001 115.239998 -2565.000000 422.000000 3010.000000
-8.990000 25.520000 114.320000 -2755.000000 456.000000 2963.000000
-9.130000 25.450001 113.400002 -2756.000000 563.000000 2928.000000
-9.280000 25.320000 112.500000 -2827.000000 676.000000 3063.000000
-9.450000 25.170000 111.620003 -2829.000000 773.000000 3202.000000
-9.610000 25.040001 110.769997 -2839.000000 871.000000 3380.000000
-9.790000 24.930000 109.919998 -2921.000000 840.000000 3491.000000
-10.010000 24.820000 109.089996 -2965.000000 727.000000 3577.000000
-10.260000 24.690001 108.320000 -2884.000000 533.000000 3602.000000
-10.480000 24.570000 107.599998 -2760.000000 445.000000 3623.000000
-10.670000 24.469999 106.940002 -2826.000000 455.000000 3715.000000
-10.830000 24.389999 106.339996 -2735.000000 500.000000 3777.000000
-10.920000 24.350000 105.809998 -2510.000000 584.000000 3906.000000
-10.940000 24.299999 105.389999 -2992.000000 715.000000 4016.000000
-10.960000 24.200001 105.040001 -3344.000000 575.000000 4065.000000
-10.950000 24.020000 104.760002 -3024.000000 498.000000 4072.000000
-10.840000 23.770000 104.570000 -2569.000000 594.000000 3958.000000
-10.680000 23.490000 104.440002 -2304.000000 716.000000 3848.000000
-10.510000 23.230000 104.339996 -2084.000000 745.000000 3807.000000
-10.350000 23.010000 104.260002 -1934.000000 692.000000 3794.000000
-10.210000 22.840000 104.209999 -1851.000000 630.000000 3607.000000
-10.080000 22.709999 104.169998 -1757.000000 632.000000 3598.000000
-9.900000 22.580000 104.169998 -1872.000000 686.000000 3923.000000
-9.700000 22.440001 104.230003 -1878.000000 655.000000 4100.000000
-9.500000 22.340000 104.339996 -1800.000000 510.000000 4133.000000
-9.320000 22.200001 104.440002 -1732.000000 290.000000 4154.000000
-9.160000 22.000000 104.489998 -1820.000000 110.000000 4239.000000
-8.950000 21.740000 104.570000 -1824.000000 130.000000 4244.000000
-8.710000 21.389999 104.680000 -1677.000000 138.000000 4171.000000
-8.480000 21.000000 104.800003 -1628.000000 109.000000 4207.000000
-8.150000 20.570000 104.949997 -1272.000000 279.000000 4020.000000
-7.950000 20.110001 105.050003 -1093.000000 -2.000000 4063.000000
-7.870000 19.740000 105.110001 -977.000000 -275.000000 3981.000000
-7.860000 19.540001 105.099998 -1005.000000 -481.000000 3878.000000
-7.860000 19.480000 105.080002 -974.000000 -523.000000 3797.000000
-7.850000 19.540001 105.059998 -993.000000 -509.000000 3721.000000
-7.850000 19.680000 105.070000 -1031.000000 -522.000000 3713.000000
-7.870000 19.879999 105.089996 -1152.000000 -596.000000 3705.000000
-7.900000 20.120001 105.110001 -1352.000000 -654.000000 3734.000000
-7.930000 20.360001 105.139999 -1489.000000 -680.000000 3723.000000
-7.940000 20.600000 105.169998 -1514.000000 -686.000000 3755.000000
-7.940000 20.840000 105.220001 -1531.000000 -643.000000 3755.000000
-7.920000 21.090000 105.279999 -1564.000000 -592.000000 3723.000000
-7.890000 21.370001 105.330002 -1606.000000 -538.000000 3687.000000
-7.860000 21.639999 105.400002 -1641.000000 -526.000000 3748.000000
-7.820000 21.950001 105.449997 -1652.000000 -507.000000 3712.000000
-7.760000 22.290001 105.500000 -1672.000000 -445.000000 3689.000000
-7.700000 22.639999 105.580002 -1743.000000 -384.000000 3617.000000
-7.660000 22.969999 105.650002 -1897.000000 -366.000000 3631.000000
-7.630000 23.209999 105.720001 -1956.000000 -422.000000 3646.000000
-7.610000 23.360001 105.790001 -1933.000000 -442.000000 3684.000000
-7.590000 23.450001 105.870003 -1857.000000 -478.000000 3630.000000
-7.580000 23.500000 105.949997 -1779.000000 -495.000000 3631.000000
-7.560000 23.520000 106.010002 -1727.000000 -497.000000 3630.000000
-7.540000 23.520000 106.080002 -1701.000000 -480.000000 3638.000000
-7.520000 23.520000 106.129997 -1687.000000 -497.000000 3652.000000
-7.510000 23.520000 106.190002 -1689.000000 -500.000000 3613.000000
-7.490000 23.530001 106.239998 -1683.000000 -471.000000 3673.000000
-7.450000 23.540001 106.290001 -1674.000000 -422.000000 3653.000000
-7.420000 23.559999 106.320000 -1689.000000 -426.000000 3636.000000
-7.390000 23.580000 106.360001 -1717.000000 -410.000000 3663.000000
-7.360000 23.600000 106.410004 -1726.000000 -390.000000 3635.000000
-7.340000 23.610001 106.440002 -1771.000000 -422.000000 3622.000000
-7.320000 23.580000 106.459999 -1744.000000 -429.000000 3637.000000
-7.310000 23.540001 106.489998 -1701.000000 -454.000000 3649.000000
-7.290000 23.490000 106.529999 -1667.000000 -434.000000 3642.000000
-7.270000 23.440001 106.570000 -1652.000000 -424.000000 3646.000000
-7.250000 23.389999 106.599998 -1624.000000 -428.000000 3658.000000
-7.230000 23.350000 106.639999 -1637.000000 -414.000000 3662.000000
-7.210000 23.299999 106.669998 -1625.000000 -422.000000 3689.000000
-7.200000 23.260000 106.720001 -1604.000000 -415.000000 3672.000000
-7.180000 23.230000 106.760002 -1617.000000 -391.000000 3695.000000
-7.170000 23.209999 106.790001 -1620.000000 -403.000000 3675.000000
-7.170000 23.190001 106.830002 -1631.000000 -394.000000 3665.000000
-7.170000 23.180000 106.870003 -1649.000000 -411.000000 3682.000000
-7.180000 23.160000 106.919998 -1641.000000 -401.000000 3656.000000
-7.190000 23.150000 106.959999 -1651.000000 -420.000000 3676.000000
-7.200000 23.129999 106.989998 -1667.000000 -421.000000 3673.000000
-7.210000 23.100000 107.050003 -1630.000000 -426.000000 3657.000000
