12.924187 -13.089731 9.253214
14.095922 -13.092135 13.986578
15.20379 -13.109553 19.105468
16.149477 -12.977498 23.675045
17.058005 -12.821091 28.115145
17.954863 -12.552617 32.119614
18.926403 -12.376783 37.36643
19.978736 -12.142039 43.20467
21.060106 -11.890671 49.533673
22.273301 -11.512206 56.033307
23.370902 -10.749574 60.582243
23.858098 -9.632749 59.738483
24.234349 -8.46931 57.598325
24.474577 -7.245248 54.413056
24.490984 -5.864369 48.929002
24.291805 -4.183022 39.072428
23.795114 -2.347671 24.202164
23.080064 -0.432709 4.202921
22.283356 1.512914 -17.865017
21.594194 3.457803 -37.650607
20.945718 5.330557 -54.299947
20.225924 6.926426 -67.006294
19.432755 8.235656 -76.123606
18.663161 9.18905 -81.367325
17.805239 9.976441 -85.268829
16.987345 10.508459 -87.271638
16.155184 10.737308 -87.428197
15.250436 10.84228 -87.159348
14.191207 11.339684 -90.982785
13.755301 11.97367 -94.913016
14.615081 12.296659 -95.845772
15.55759 12.531029 -95.602576
15.948904 12.017802 -89.331104
15.556722 11.112142 -80.912511
15.388143 10.27942 -74.897653
14.372045 9.3307 -68.998962
14.061889 9.171521 -68.961206
13.906818 9.184916 -70.368723
14.042267 9.314388 -72.820922
14.33382 9.636104 -77.255665
14.816303 10.036437 -83.302335
15.560533 10.270289 -89.297958
16.61475 10.3085 -94.89606
17.886234 10.052936 -99.307227
19.180576 9.432051 -101.506629
20.377311 8.448107 -101.208357
21.429564 7.124838 -98.507664
22.323484 5.51199 -93.919888
23.015691 3.616969 -87.280132
23.501677 1.499217 -78.746899
23.784872 -0.751186 -68.448644
23.888133 -3.016273 -55.965992
23.859552 -5.245796 -41.228863
23.689948 -7.484117 -24.447559
23.399705 -9.882889 -6.688005
22.942685 -12.517529 10.544706
22.275859 -15.238724 25.849159
21.32944 -17.70817 38.249763
20.076385 -19.725748 48.045495
18.564682 -21.186654 55.377187
16.87564 -22.236708 61.617396
15.057316 -22.970264 67.17336
13.148106 -23.464156 72.332416
11.333323 -23.793868 76.983039
9.633591 -24.041147 81.332175
7.967124 -24.173858 84.760058
6.269727 -24.105244 86.157161
4.627003 -23.770691 84.916543
3.18627 -23.276662 83.133218
2.12614 -22.883571 83.929915
1.436283 -22.716988 87.392393
1.108816 -22.749306 92.299945
1.037899 -22.82104 96.75062
1.164248 -22.813943 99.866799
1.33486 -22.584241 100.449394
1.476315 -22.052326 98.33017
1.547128 -21.285381 94.200803
1.761817 -20.435862 89.353548
2.17149 -19.648173 85.046101
2.844184 -19.029665 82.321754
3.771075 -18.569385 80.710358
4.880395 -18.173288 78.599894
6.012249 -17.728066 74.379344
7.050572 -17.159674 67.195729
8.04082 -16.352348 55.836912
8.946197 -15.190464 40.567086
9.731051 -13.791681 24.873303
10.381575 -12.393291 11.448242
11.014386 -11.137155 0.415168
11.645335 -10.071688 -8.931096
12.029752 -9.075632 -16.445508
12.020961 -8.111796 -21.611078
11.637302 -7.360197 -23.354792
11.188366 -6.349936 -26.758862
10.669974 -5.458642 -28.91444
10.295146 -4.650762 -31.062282
9.987483 -3.994983 -32.591144
9.787348 -3.707172 -32.534919
9.499433 -3.782613 -30.551269
9.162089 -4.014776 -27.821066
8.865286 -4.230441 -25.307117
8.639925 -4.521814 -22.756055
8.559312 -4.722719 -21.021632
8.551316 -5.037748 -19.049314
8.594702 -5.305479 -17.552681
8.680534 -5.565612 -16.27971
8.764501 -5.81383 -15.215667
8.882831 -6.035397 -14.394108
8.986355 -6.290635 -13.405658
9.07886 -6.666116 -11.932174
9.168892 -7.220831 -9.626565
9.080162 -7.640916 -8.051415
8.516434 -7.578377 -8.222417
8.168387 -7.490019 -8.494401
8.288215 -7.4805 -8.436874
8.790074 -7.914033 -6.573607
8.960835 -8.206011 -5.578553
9.232231 -8.765911 -3.956943
9.734382 -9.195773 -2.847249
10.273397 -9.555852 -1.859666
10.609372 -9.812611 -1.098287
10.881584 -10.097785 -0.240523
11.189235 -10.389614 0.522819
11.527191 -10.656783 1.219504
11.847815 -10.88346 1.736278
12.198266 -11.278114 2.608398
12.787409 -11.818567 3.548375
13.446058 -12.133246 3.715777
13.11419 -11.95212 2.460364
12.75117 -12.27994 3.282896
12.394028 -12.580864 4.356767
11.825967 -12.750542 5.266356
10.917731 -12.489556 4.945104
9.812251 -11.681553 2.864611
8.934083 -10.494293 -0.332831
8.361029 -9.22092 -3.949093
8.171386 -8.12151 -7.498671
8.27466 -7.132786 -11.34596
8.551858 -6.327764 -15.128184
8.788751 -5.547111 -19.095551
8.966634 -4.807991 -23.1229
9.175041 -4.090868 -27.162934
9.304991 -3.29195 -31.355014
9.426039 -2.40633 -35.681095
9.629073 -1.426316 -40.307723
9.972768 -0.308647 -45.532193
10.694749 0.873745 -51.625256
11.976138 1.898609 -58.280092
13.563828 2.505087 -64.631332
15.109417 2.509038 -69.772274
16.503639 1.584177 -73.076161
17.602069 -0.23192 -73.90293
18.251897 -2.368334 -71.953491
18.858013 -4.235464 -68.865299
19.729486 -5.548916 -65.944636
20.724073 -6.455318 -62.166776
21.50593 -6.875164 -58.108641
22.046004 -6.85396 -54.238064
22.287928 -6.518312 -50.861506
22.061805 -6.239495 -47.29662
21.391422 -5.992373 -43.542596
20.534313 -5.851343 -39.988524
19.469538 -5.845639 -36.623329
18.263065 -5.973254 -33.505006
17.013154 -6.225798 -30.74246
15.729766 -6.624646 -28.223232
14.41879 -7.208829 -25.676733
13.254302 -8.063199 -23.12064
12.421984 -9.046962 -20.7911
12.063324 -9.99614 -19.003726
12.204945 -10.798788 -17.883321
12.72634 -11.346111 -17.561829
13.361596 -11.550273 -18.056819
13.888109 -11.496156 -19.135093
14.202399 -11.316883 -20.43985
14.326635 -11.117403 -21.612431
14.373069 -10.965307 -22.441747
14.479611 -10.842538 -23.012882
14.709924 -10.6671 -23.587245
14.927361 -10.329717 -24.318109
15.0631 -9.835899 -25.300891
15.047899 -9.194061 -26.623424
14.819222 -8.454799 -28.14094
14.354764 -7.599475 -29.84037
13.911609 -6.723611 -31.576604
13.704258 -5.868049 -33.287481
13.646472 -5.058069 -35.029308
14.344259 -4.666937 -35.885387
15.401307 -4.008244 -37.040947
16.846557 -5.415606 -34.842906
17.849283 -7.333867 -31.629544
17.862306 -9.201481 -28.318005
17.216803 -10.671792 -25.449553
16.634049 -11.491437 -23.776457
15.725277 -11.869801 -22.949246
14.227505 -12.086861 -22.310998
12.771932 -12.04295 -22.287244
11.506514 -11.584811 -23.065817
10.700974 -10.613386 -24.926377
10.788424 -9.548704 -27.191523
11.445159 -8.797384 -28.780537
12.024229 -8.217531 -30.058028
12.309294 -7.434747 -31.834908
12.342872 -6.6059 -33.754784
12.511662 -5.918986 -35.611347
12.756409 -5.556844 -36.910911
12.881764 -5.103577 -38.256176
13.021037 -4.790785 -39.31832
12.984672 -4.684704 -39.862094
12.511724 -4.779556 -39.88346
11.922432 -5.155083 -39.394051
11.321961 -5.584545 -38.676598
10.734799 -5.943833 -38.070813
10.305074 -6.246259 -37.573266
10.009016 -6.588515 -37.060097
9.798683 -6.902323 -36.646861
9.778143 -7.225189 -36.219453
9.832032 -7.495153 -35.803508
10.027761 -7.66774 -35.639049
10.374166 -7.72356 -35.749109
10.771438 -7.790804 -35.944044
11.193337 -7.911894 -36.068126
14.108545 -13.981126 -23.583463
14.240397 -13.888582 -23.843541
20.951089 -5.39932 -49.561055
20.93348 -5.085306 -49.751707
20.836744 -4.441826 -50.327825
20.769459 -3.657847 -51.190494
20.610509 -2.855857 -52.070086
20.319784 -2.050099 -52.845901
20.067859 -1.200952 -53.693373
19.923301 -0.260276 -54.75015
19.90098 0.657139 -55.913673
19.875097 1.383455 -56.786467
19.836499 1.80783 -57.29623
19.806081 1.879705 -57.29824
19.76482 1.619403 -56.771159
19.661092 1.170029 -55.809046
19.507563 0.656341 -54.697934
19.444425 0.317135 -53.850521
19.610641 0.096553 -53.395885
19.851125 -0.332026 -52.757903
19.654815 -0.528323 -51.932352
19.538441 -1.493705 -49.888758
18.87568 -3.184003 -45.6641
18.058564 -4.812204 -41.603893
17.099568 -6.064681 -38.539607
16.045472 -6.973666 -36.164514
14.915958 -7.745247 -33.933684
13.745866 -8.394517 -31.810929
13.101912 -8.432251 -31.007574
12.663103 -8.159824 -31.069799
12.05217 -8.197456 -30.977702
11.754476 -8.506486 -30.563507
12.184128 -8.69011 -30.751613
11.683268 -8.492744 -31.337132
11.048469 -8.336727 -31.462295
10.60681 -8.317012 -31.265939
11.158209 -7.997545 -32.084736
11.61344 -7.525194 -33.307132
11.883371 -7.063598 -34.632226
11.8936 -6.788397 -35.56313
11.79039 -6.995819 -35.255469
11.876961 -7.133666 -35.086161
12.09189 -7.250475 -35.057929
12.193687 -7.458534 -34.802439
12.247617 -7.806593 -34.267851
12.189674 -8.155127 -33.677871
12.032906 -8.523478 -33.017439
11.916216 -8.874061 -32.361735
11.869917 -9.139448 -31.889542
11.841872 -9.270817 -31.563465
14.854389 -7.540342 -35.417581
14.91045 -7.556062 -35.698582
14.973749 -7.557662 -35.978884
15.020728 -7.498695 -36.417473
14.944153 -7.398668 -36.800529
14.762578 -7.360226 -36.858498
14.518255 -7.315088 -36.82396
14.334468 -7.210724 -37.050832
14.525691 -8.167261 -35.824116
14.236309 -8.437997 -35.355119
13.805817 -8.842073 -34.61925
13.344304 -9.287404 -33.778726
