2.640000 21.820000 140.300003 -1069.000000 -104.000000 4532.000000
2.690000 22.370001 140.399994 -1748.000000 -84.000000 4295.000000
2.780000 22.940001 140.550003 -2315.000000 -279.000000 4347.000000
2.940000 23.340000 140.750000 -2015.000000 -356.000000 4557.000000
3.210000 23.530001 140.929993 -1374.000000 -87.000000 4581.000000
3.590000 23.700001 141.100006 -608.000000 114.000000 4481.000000
3.990000 24.049999 141.300003 22.000000 -91.000000 4212.000000
4.380000 24.860001 141.460007 -2088.000000 -2543.000000 6668.000000
4.440000 25.150000 140.910004 -4399.000000 -1683.000000 6028.000000
5.420000 24.959999 140.330002 -1428.000000 687.000000 4619.000000
6.350000 24.730000 140.029999 -51.000000 357.000000 4574.000000
7.060000 24.670000 139.789993 -1096.000000 -185.000000 4429.000000
7.870000 24.760000 139.490005 -1529.000000 -245.000000 4383.000000
8.720000 24.639999 138.990005 -1102.000000 -57.000000 4390.000000
9.600000 24.360001 138.320007 -757.000000 173.000000 4303.000000
10.510000 24.100000 137.619995 -377.000000 275.000000 4318.000000
11.420000 23.990000 136.850006 -338.000000 278.000000 4134.000000
12.330000 24.059999 136.029999 -474.000000 242.000000 3946.000000
13.240000 24.270000 135.149994 -598.000000 209.000000 3747.000000
14.140000 24.580000 134.169998 -855.000000 253.000000 3607.000000
15.050000 24.930000 133.100006 -1063.000000 325.000000 3428.000000
15.950000 25.270000 131.960007 -1187.000000 376.000000 3257.000000
16.860001 25.570000 130.729996 -1216.000000 499.000000 2961.000000
17.780001 25.820000 129.449997 -1221.000000 714.000000 2778.000000
18.740000 26.040001 128.149994 -1198.000000 982.000000 2644.000000
19.690001 26.240000 126.839996 -1197.000000 1215.000000 2565.000000
20.620001 26.469999 125.519997 -1257.000000 1432.000000 2455.000000
21.500000 26.750000 124.180000 -1275.000000 1611.000000 2468.000000
22.270000 27.110001 122.809998 -1510.000000 1763.000000 2709.000000
22.950001 27.530001 121.440002 -1460.000000 1874.000000 2678.000000
23.549999 27.980000 120.050003 -1317.000000 2013.000000 2475.000000
24.059999 28.490000 118.650002 -1256.000000 2182.000000 2249.000000
24.510000 29.090000 117.339996 -1226.000000 2322.000000 1907.000000
24.910000 29.820000 116.160004 -1350.000000 2401.000000 1630.000000
25.240000 30.719999 115.129997 -1769.000000 2432.000000 1362.000000
25.459999 31.700001 114.169998 -2330.000000 2371.000000 1252.000000
25.500000 32.639999 113.190002 -2886.000000 2239.000000 1349.000000
25.309999 33.450001 112.059998 -3167.000000 1994.000000 1615.000000
24.879999 34.070000 110.790001 -3155.000000 1791.000000 1738.000000
24.260000 34.500000 109.370003 -2921.000000 1624.000000 1875.000000
23.530001 34.790001 107.959999 -2670.000000 1557.000000 1905.000000
22.750000 35.049999 106.650002 -2611.000000 1469.000000 1928.000000
21.950001 35.410000 105.500000 -2715.000000 1288.000000 1945.000000
21.129999 35.930000 104.510002 -3212.000000 1099.000000 1906.000000
20.280001 36.540001 103.660004 -3709.000000 822.000000 2036.000000
19.420000 37.160000 102.900002 -3877.000000 585.000000 2040.000000
18.520000 37.750000 102.120003 -3880.000000 446.000000 2101.000000
17.610001 38.240002 101.320000 -3732.000000 335.000000 2215.000000
16.750000 38.639999 100.580002 -3469.000000 341.000000 2272.000000
16.010000 39.009998 99.980003 -3435.000000 378.000000 2346.000000
15.350000 39.389999 99.519997 -3373.000000 343.000000 2542.000000
14.740000 39.810001 99.139999 -3226.000000 176.000000 2628.000000
14.210000 40.320000 98.830002 -3104.000000 131.000000 2739.000000
13.780000 40.939999 98.589996 -3227.000000 74.000000 2784.000000
13.440000 41.639999 98.440002 -3374.000000 38.000000 2806.000000
13.220000 42.380001 98.379997 -3457.000000 22.000000 2713.000000
13.100000 43.099998 98.379997 -3543.000000 71.000000 2621.000000
13.080000 43.770000 98.410004 -3705.000000 175.000000 2497.000000
13.140000 44.360001 98.440002 -3533.000000 422.000000 2380.000000
13.120000 44.799999 98.320000 -3329.000000 443.000000 2618.000000
13.020000 45.099998 98.099998 -2990.000000 350.000000 2863.000000
12.880000 45.360001 97.889999 -2813.000000 206.000000 3001.000000
12.800000 45.669998 97.739998 -2882.000000 211.000000 2969.000000
12.780000 46.009998 97.660004 -2968.000000 255.000000 2999.000000
12.850000 46.360001 97.650002 -2996.000000 312.000000 2924.000000
12.930000 46.709999 97.650002 -3282.000000 383.000000 2835.000000
13.030000 47.070000 97.650002 -3492.000000 444.000000 2780.000000
13.090000 47.360001 97.610001 -3505.000000 526.000000 2676.000000
13.080000 47.480000 97.470001 -3175.000000 555.000000 2762.000000
13.000000 47.500000 97.250000 -2965.000000 482.000000 2849.000000
12.890000 47.490002 97.050003 -2628.000000 368.000000 3050.000000
12.810000 47.529999 96.809998 -2736.000000 419.000000 3400.000000
12.750000 47.639999 96.550003 -2864.000000 262.000000 3662.000000
12.710000 47.919998 96.349998 -3631.000000 189.000000 3220.000000
12.790000 48.220001 96.309998 -3880.000000 443.000000 3031.000000
12.920000 48.400002 96.239998 -3539.000000 687.000000 2826.000000
12.930000 48.490002 96.050003 -3419.000000 696.000000 2565.000000
12.880000 48.509998 95.839996 -3830.000000 556.000000 2560.000000
12.850000 48.419998 95.699997 -4146.000000 494.000000 2561.000000
12.820000 48.209999 95.599998 -4117.000000 461.000000 2561.000000
12.830000 47.889999 95.489998 -3635.000000 564.000000 2458.000000
12.890000 47.580002 95.480003 -3334.000000 680.000000 2270.000000
13.020000 47.360001 95.610001 -3550.000000 700.000000 2172.000000
13.260000 47.270000 95.930000 -3986.000000 831.000000 2140.000000
13.620000 47.220001 96.389999 -4125.000000 1032.000000 2112.000000
14.010000 47.139999 96.940002 -4077.000000 1243.000000 2121.000000
14.410000 47.110001 97.570000 -3911.000000 1214.000000 2066.000000
14.830000 47.180000 98.279999 -4086.000000 1179.000000 2065.000000
15.330000 47.310001 99.129997 -4280.000000 1275.000000 1916.000000
15.900000 47.439999 100.120003 -4440.000000 1381.000000 1821.000000
16.490000 47.540001 101.199997 -4410.000000 1442.000000 1747.000000
17.090000 47.570000 102.349998 -4303.000000 1487.000000 1708.000000
17.709999 47.560001 103.599998 -4150.000000 1496.000000 1671.000000
18.340000 47.500000 104.930000 -4027.000000 1517.000000 1668.000000
19.000000 47.400002 106.339996 -3915.000000 1557.000000 1667.000000
19.660000 47.279999 107.820000 -3803.000000 1539.000000 1754.000000
20.330000 47.150002 109.389999 -3746.000000 1525.000000 1748.000000
21.020000 47.020000 111.070000 -3697.000000 1554.000000 1688.000000
21.740000 46.900002 112.820000 -3631.000000 1639.000000 1686.000000
22.450001 46.790001 114.629997 -3597.000000 1706.000000 1578.000000
23.160000 46.730000 116.480003 -3509.000000 1689.000000 1590.000000
23.830000 46.700001 118.349998 -3503.000000 1612.000000 1623.000000
24.490000 46.689999 120.250000 -3378.000000 1587.000000 1596.000000
25.110001 46.689999 122.169998 -3332.000000 1572.000000 1759.000000
25.700001 46.689999 124.070000 -3240.000000 1530.000000 1846.000000
26.230000 46.660000 125.959999 -3070.000000 1454.000000 2000.000000
26.719999 46.610001 127.809998 -2911.000000 1427.000000 2089.000000
27.200001 46.549999 129.660004 -2707.000000 1378.000000 2087.000000
27.670000 46.500000 131.529999 -2623.000000 1376.000000 2021.000000
28.160000 46.480000 133.399994 -2570.000000 1375.000000 1904.000000
28.629999 46.500000 135.270004 -2582.000000 1363.000000 1781.000000
29.100000 46.560001 137.130005 -2573.000000 1337.000000 1726.000000
29.540001 46.680000 138.979996 -2563.000000 1293.000000 1732.000000
29.959999 46.849998 140.800003 -2559.000000 1256.000000 1835.000000
30.340000 47.090000 142.559998 -2607.000000 1198.000000 1985.000000
30.660000 47.389999 144.279999 -2638.000000 1141.000000 2129.000000
30.889999 47.709999 145.889999 -2598.000000 1039.000000 2189.000000
31.040001 48.049999 147.399994 -2550.000000 1037.000000 2198.000000
31.129999 48.380001 148.800003 -2477.000000 1024.000000 2075.000000
31.120001 48.700001 150.080002 -2474.000000 938.000000 1993.000000
31.040001 49.009998 151.270004 -2512.000000 860.000000 1991.000000
30.860001 49.310001 152.350006 -2517.000000 755.000000 1974.000000
30.600000 49.599998 153.320007 -2503.000000 691.000000 2066.000000
30.290001 49.919998 154.199997 -2532.000000 647.000000 2133.000000
29.900000 50.299999 154.970001 -2639.000000 543.000000 2228.000000
29.420000 50.730000 155.639999 -2749.000000 364.000000 2317.000000
28.840000 51.209999 156.199997 -2890.000000 206.000000 2457.000000
28.180000 51.709999 156.619995 -2906.000000 102.000000 2438.000000
27.459999 52.220001 156.949997 -2796.000000 -3.000000 2355.000000
26.760000 52.730000 157.240005 -2761.000000 -7.000000 2248.000000
26.100000 53.259998 157.520004 -2848.000000 -50.000000 2193.000000
25.440001 53.790001 157.779999 -2984.000000 -100.000000 2244.000000
24.750000 54.320000 157.940002 -3116.000000 -191.000000 2380.000000
24.010000 54.840000 158.020004 -3383.000000 -213.000000 2555.000000
23.240000 55.349998 158.009995 -3643.000000 -232.000000 2610.000000
22.410000 55.799999 157.919998 -3714.000000 -322.000000 2626.000000
21.520000 56.169998 157.729996 -3608.000000 -311.000000 2540.000000
20.559999 56.459999 157.429993 -3477.000000 -301.000000 2463.000000
19.540001 56.660000 157.029999 -3396.000000 -283.000000 2501.000000
18.459999 56.790001 156.559998 -3270.000000 -329.000000 2535.000000
17.360001 56.869999 156.029999 -3179.000000 -363.000000 2550.000000
16.270000 56.950001 155.490005 -3186.000000 -370.000000 2465.000000
15.170000 57.009998 154.919998 -3282.000000 -397.000000 2503.000000
14.060000 57.070000 154.320007 -3359.000000 -459.000000 2592.000000
12.950000 57.130001 153.699997 -3304.000000 -456.000000 2617.000000
11.870000 57.180000 153.080002 -3263.000000 -421.000000 2659.000000
10.790000 57.189999 152.429993 -3325.000000 -483.000000 2697.000000
9.700000 57.160000 151.740005 -3377.000000 -480.000000 2693.000000
8.670000 57.090000 151.089996 -3427.000000 -511.000000 2666.000000
7.670000 56.980000 150.460007 -3457.000000 -537.000000 2611.000000
6.750000 56.869999 149.880005 -3431.000000 -532.000000 2607.000000
5.890000 56.770000 149.330002 -3387.000000 -521.000000 2549.000000
5.090000 56.680000 148.830002 -3315.000000 -524.000000 2546.000000
4.340000 56.610001 148.330002 -3295.000000 -527.000000 2536.000000
3.670000 56.560001 147.880005 -3298.000000 -447.000000 2527.000000
3.060000 56.500000 147.470001 -3353.000000 -392.000000 2575.000000
2.500000 56.430000 147.080002 -3375.000000 -298.000000 2519.000000
2.000000 56.330002 146.699997 -3334.000000 -246.000000 2537.000000
1.490000 56.209999 146.309998 -3270.000000 -275.000000 2564.000000
1.000000 56.099998 145.929993 -3187.000000 -303.000000 2596.000000
0.530000 56.009998 145.539993 -3156.000000 -275.000000 2573.000000
0.090000 55.959999 145.149994 -3224.000000 -231.000000 2488.000000
-0.320000 55.910000 144.789993 -3301.000000 -167.000000 2454.000000
-0.760000 55.820000 144.399994 -3292.000000 -197.000000 2423.000000
-1.220000 55.680000 143.990005 -3216.000000 -218.000000 2427.000000
-1.720000 55.520000 143.539993 -3162.000000 -310.000000 2406.000000
-2.190000 55.380001 143.110001 -3204.000000 -298.000000 2366.000000
-2.640000 55.259998 142.690002 -3253.000000 -315.000000 2375.000000
-3.080000 55.139999 142.289993 -3200.000000 -325.000000 2354.000000
-3.520000 54.990002 141.880005 -3179.000000 -313.000000 2380.000000
-3.960000 54.810001 141.460007 -3092.000000 -337.000000 2378.000000
-4.390000 54.610001 141.059998 -3007.000000 -353.000000 2371.000000
-4.780000 54.450001 140.679993 -3029.000000 -340.000000 2356.000000
-5.140000 54.340000 140.360001 -3099.000000 -300.000000 2318.000000
-5.470000 54.270000 140.050003 -3200.000000 -201.000000 2201.000000
-5.800000 54.209999 139.729996 -3279.000000 -218.000000 2194.000000
-6.150000 54.160000 139.410004 -3337.000000 -278.000000 2205.000000
-6.490000 54.130001 139.089996 -3387.000000 -288.000000 2176.000000
-6.820000 54.099998 138.770004 -3392.000000 -277.000000 2213.000000
-7.150000 54.029999 138.440002 -3355.000000 -253.000000 2264.000000
-7.510000 53.889999 138.070007 -3029.000000 -561.000000 2339.000000
-7.670000 53.770000 137.869995 -4406.000000 -654.000000 2925.000000
-7.400000 53.790001 138.089996 -4368.000000 -24.000000 2487.000000
-7.190000 53.750000 138.229996 -3400.000000 194.000000 2551.000000
-7.230000 53.700001 138.059998 -3183.000000 148.000000 2200.000000
-7.360000 53.689999 137.880005 -3252.000000 -345.000000 2401.000000
-7.340000 53.750000 137.869995 -3473.000000 -183.000000 2310.000000
-7.300000 53.810001 137.839996 -3465.000000 88.000000 2197.000000
-7.350000 53.810001 137.720001 -3286.000000 -63.000000 2262.000000
-7.440000 53.750000 137.600006 -3184.000000 -196.000000 2311.000000
-7.510000 53.689999 137.490005 -3194.000000 -130.000000 2355.000000
-7.600000 53.669998 137.350006 -3208.000000 -114.000000 2353.000000
-7.730000 53.639999 137.160004 -3095.000000 -184.000000 2496.000000
-7.960000 53.650002 136.919998 -3179.000000 -229.000000 2194.000000
-8.240000 53.540001 136.660004 -3105.000000 -222.000000 2397.000000
-8.580000 53.360001 136.380005 -2811.000000 -401.000000 2605.000000
-8.970000 53.259998 136.050003 -2706.000000 -560.000000 2735.000000
-9.410000 53.320000 135.669998 -2929.000000 -755.000000 2832.000000
-9.850000 53.580002 135.300003 -3214.000000 -966.000000 2864.000000
-10.250000 54.029999 134.960007 -3427.000000 -1075.000000 2806.000000
-10.640000 54.590000 134.630005 -3762.000000 -1216.000000 2765.000000
-10.960000 55.150002 134.360001 -4062.000000 -1442.000000 2810.000000
-11.140000 55.619999 134.220001 -4279.000000 -1695.000000 2866.000000
-11.170000 55.939999 134.190002 -4293.000000 -1762.000000 2861.000000
-11.060000 56.060001 134.250000 -4063.000000 -1673.000000 2892.000000
-10.820000 55.980000 134.399994 -3846.000000 -1721.000000 2898.000000
-10.440000 55.810001 134.669998 -3611.000000 -1835.000000 2996.000000
-9.910000 55.619999 135.039993 -3421.000000 -1833.000000 3046.000000
-9.270000 55.470001 135.460007 -3429.000000 -1841.000000 3057.000000
-8.520000 55.400002 135.960007 -3498.000000 -1906.000000 2951.000000
-7.680000 55.400002 136.520004 -3586.000000 -2020.000000 2720.000000
-6.750000 55.410000 137.149994 -3645.000000 -2010.000000 2490.000000
-5.740000 55.360001 137.830002 -3665.000000 -1955.000000 2290.000000
-4.640000 55.189999 138.580002 -3591.000000 -1817.000000 2183.000000
-3.500000 54.869999 139.350006 -3457.000000 -1777.000000 2144.000000
-2.340000 54.430000 140.119995 -3253.000000 -1654.000000 2135.000000
-1.190000 53.910000 140.860001 -3105.000000 -1492.000000 1913.000000
-0.040000 53.340000 141.580002 -3157.000000 -1255.000000 1781.000000
1.140000 52.700001 142.309998 -3331.000000 -990.000000 1570.000000
2.240000 51.919998 142.990005 -3375.000000 -813.000000 1438.000000
3.140000 50.910000 143.509995 -3282.000000 -656.000000 1472.000000
3.810000 49.630001 143.770004 -2990.000000 -440.000000 1577.000000
4.250000 48.110001 143.820007 -2598.000000 -259.000000 1649.000000
4.510000 46.439999 143.690002 -2349.000000 -108.000000 1831.000000
4.660000 44.730000 143.460007 -2270.000000 13.000000 1911.000000
4.750000 43.040001 143.160004 -2398.000000 226.000000 1981.000000
4.820000 41.340000 142.789993 -2568.000000 496.000000 1929.000000
4.800000 39.580002 142.309998 -2630.000000 701.000000 1900.000000
4.630000 37.740002 141.660004 -2659.000000 705.000000 1991.000000
4.290000 35.889999 140.860001 -2511.000000 569.000000 2234.000000
3.870000 34.130001 139.979996 -2238.000000 495.000000 2515.000000
3.480000 32.549999 139.110001 -2088.000000 656.000000 2747.000000
3.150000 31.230000 138.259995 -2210.000000 958.000000 2810.000000
2.840000 30.150000 137.429993 -2353.000000 1228.000000 2911.000000
2.540000 29.280001 136.580002 -2472.000000 1514.000000 2877.000000
2.220000 28.549999 135.720001 -2396.000000 1670.000000 2675.000000
1.880000 27.900000 134.839996 -2070.000000 1752.000000 2489.000000
1.520000 27.299999 133.960007 -1963.000000 1891.000000 2345.000000
1.140000 26.760000 133.100006 -2074.000000 2068.000000 2262.000000
0.800000 26.230000 132.309998 -2157.000000 2290.000000 2282.000000
0.450000 25.670000 131.580002 -2307.000000 2315.000000 2584.000000
0.070000 25.059999 130.929993 -2268.000000 2071.000000 3501.000000
-0.300000 24.430000 130.309998 -2167.000000 1996.000000 3904.000000
-0.620000 23.809999 129.710007 -2095.000000 1991.000000 4070.000000
-0.900000 23.190001 129.139999 -1954.000000 1972.000000 4143.000000
-1.120000 22.590000 128.610001 -1809.000000 1907.000000 4094.000000
-1.310000 21.990000 128.110001 -1669.000000 1826.000000 4092.000000
-1.440000 21.440001 127.660004 -1514.000000 1772.000000 4063.000000
-1.530000 20.980000 127.250000 -1574.000000 1679.000000 3972.000000
-1.570000 20.610001 126.910004 -1631.000000 1551.000000 3956.000000
-1.580000 20.340000 126.620003 -1734.000000 1417.000000 3924.000000
-1.540000 20.110001 126.389999 -1860.000000 1379.000000 3853.000000
-1.480000 19.889999 126.180000 -1773.000000 1273.000000 3815.000000
-1.400000 19.670000 126.000000 -1636.000000 1157.000000 3774.000000
-1.290000 19.450001 125.839996 -1517.000000 1077.000000 3759.000000
-1.180000 19.240000 125.709999 -1277.000000 953.000000 3802.000000
-1.070000 19.070000 125.620003 -1017.000000 811.000000 3904.000000
-0.950000 19.010000 125.540001 -975.000000 709.000000 3988.000000
-0.850000 19.090000 125.489998 -1165.000000 601.000000 4024.000000
-0.760000 19.290001 125.470001 -1221.000000 502.000000 4025.000000
-0.680000 19.559999 125.459999 -1124.000000 400.000000 3948.000000
-0.610000 19.910000 125.440002 -1276.000000 407.000000 3851.000000
-0.530000 20.309999 125.410004 -1584.000000 380.000000 3728.000000
-0.480000 20.690001 125.389999 -1681.000000 307.000000 3679.000000
-0.460000 20.969999 125.360001 -1592.000000 216.000000 3662.000000
-0.420000 21.170000 125.309998 -1387.000000 221.000000 3586.000000
-0.340000 21.320000 125.279999 -1165.000000 313.000000 3539.000000
-0.250000 21.459999 125.279999 -1065.000000 357.000000 3474.000000
-0.200000 21.620001 125.250000 -1167.000000 314.000000 3501.000000
-0.180000 21.820000 125.199997 -1141.000000 313.000000 3436.000000
-0.200000 22.059999 125.139999 -1248.000000 263.000000 3387.000000
-0.290000 22.350000 125.050003 -1643.000000 33.000000 3521.000000
-0.410000 22.590000 124.900002 -2134.000000 31.000000 3575.000000
-0.540000 22.620001 124.739998 -2540.000000 -30.000000 3631.000000
-0.690000 22.340000 124.610001 -2813.000000 -325.000000 4620.000000
-0.750000 21.750000 124.559998 -2344.000000 -459.000000 4792.000000
-0.640000 21.110001 124.599998 -2149.000000 -181.000000 5416.000000
-0.350000 20.490000 124.660004 -1093.000000 392.000000 4923.000000
-0.040000 19.820000 124.570000 -311.000000 669.000000 4394.000000
0.140000 19.290001 124.410004 -274.000000 348.000000 4018.000000
0.230000 19.100000 124.279999 -704.000000 -73.000000 3913.000000
0.340000 19.160000 124.199997 -1066.000000 -180.000000 3844.000000
0.530000 19.370001 124.110001 -1292.000000 -5.000000 3835.000000
0.780000 19.629999 124.019997 -1456.000000 172.000000 3798.000000
1.050000 19.879999 123.930000 -1611.000000 234.000000 3740.000000
1.300000 20.129999 123.860001 -1773.000000 238.000000 3722.000000
1.520000 20.309999 123.769997 -1847.000000 222.000000 3734.000000
1.720000 20.410000 123.660004 -1746.000000 242.000000 3707.000000
1.920000 20.440001 123.529999 -1606.000000 225.000000 3716.000000
2.100000 20.410000 123.410004 -1561.000000 185.000000 3816.000000
2.270000 20.340000 123.300003 -1460.000000 209.000000 3832.000000
2.450000 20.240000 123.190002 -1316.000000 246.000000 3885.000000
2.650000 20.160000 123.099998 -1227.000000 289.000000 3874.000000
