4.399758 -21.982022 -9.566336
4.392723 -21.997073 -9.564531
4.373007 -21.9858 -9.618813
4.356856 -21.992791 -9.587294
4.33571 -21.994145 -9.585384
4.303967 -21.994634 -9.547469
4.330843 -21.999365 -9.515164
4.346502 -22.010297 -9.521651
4.331903 -22.013936 -9.526498
4.315748 -22.020919 -9.494983
4.341024 -22.023756 -9.466204
4.342577 -22.020995 -9.472573
4.372911 -22.032911 -9.46427
4.365879 -22.048539 -9.432456
4.365806 -22.043521 -9.462379
4.341094 -22.027996 -9.476288
4.305706 -22.00678 -9.474103
4.266756 -21.969265 -9.532344
4.278217 -21.883081 -9.701006
4.301923 -21.850412 -9.694182
4.340861 -21.894564 -9.600796
4.391524 -21.992329 -9.451634
4.325257 -22.093399 -9.296809
4.110861 -22.153981 -9.223715
3.846264 -22.156688 -9.32772
3.677166 -22.12086 -9.47304
3.658567 -22.06081 -9.62696
3.81804 -22.025249 -9.790732
3.957521 -21.960317 -9.94057
4.067805 -21.859356 -10.217193
4.144424 -21.585591 -10.68692
4.250606 -21.140183 -11.328206
4.406205 -20.767979 -11.689505
4.6573 -20.417882 -11.919744
5.014379 -20.08339 -12.123435
5.463746 -19.744409 -12.067723
5.734683 -19.396553 -11.793283
5.846522 -19.049258 -11.255482
6.495105 -18.558449 -11.145387
7.737512 -17.876796 -11.749311
8.650085 -17.913863 -10.957765
9.880974 -18.411639 -9.164594
9.803574 -18.185284 -9.613364
9.319887 -17.54391 -11.245133
8.283533 -17.379399 -11.859476
7.258217 -17.295478 -12.205304
6.298316 -17.294836 -12.457554
5.425455 -17.397348 -12.733452
4.723929 -17.735468 -12.705123
4.3072 -18.267774 -12.301854
4.397145 -18.922235 -11.609579
5.377139 -19.570866 -10.74383
6.812085 -19.981482 -10.041016
8.322838 -20.182921 -9.557523
9.802104 -20.208583 -9.28092
11.144945 -20.151763 -9.146451
12.37162 -20.056834 -9.163174
13.470732 -19.862049 -9.45313
14.608148 -19.532942 -9.98936
15.805394 -19.078144 -10.764782
16.997754 -18.41015 -11.844127
18.100241 -17.458217 -13.422448
19.039502 -16.258575 -15.480015
19.690889 -14.842983 -18.011022
20.07017 -13.284251 -20.961604
20.23778 -11.704473 -24.001436
20.328261 -10.212255 -26.870675
20.424317 -8.785491 -29.557882
20.526247 -7.410301 -32.057948
20.560996 -6.063743 -34.474857
20.443501 -4.756222 -36.830374
20.162671 -3.483087 -39.116288
19.678243 -2.255085 -41.287407
18.996223 -1.117634 -43.313107
18.138981 -0.131709 -45.167543
16.258625 0.874002 -47.353932
15.198427 2.151397 -49.494288
15.587545 3.154999 -50.683695
16.111973 3.826901 -51.278621
16.34651 4.377678 -51.796246
16.647627 4.416086 -51.383645
16.20462 4.585013 -51.154395
15.027896 4.387192 -50.548182
14.262753 3.727093 -49.190003
14.084998 3.193839 -47.931215
13.898155 2.83953 -46.933448
13.32045 2.407216 -46.018052
12.43001 2.331594 -45.775225
11.556841 2.153 -45.451027
11.066599 1.547072 -44.44696
10.728748 0.981039 -43.474332
10.211211 0.851908 -43.023374
9.456461 1.122726 -43.326733
8.814384 1.499371 -43.546382
8.329909 1.764484 -43.645385
8.025009 1.949626 -43.60603
7.829251 2.012558 -43.369235
7.945514 1.911707 -42.941761
8.161638 1.796996 -42.420955
7.9429 1.731569 -42.016531
7.582755 1.746794 -41.690637
6.499212 1.620366 -41.527506
5.432971 1.73255 -41.849076
5.433728 1.247369 -41.125371
5.925783 1.169205 -40.694624
5.963582 1.094686 -40.454335
5.673543 1.023121 -40.123902
5.965201 1.322066 -39.939508
6.442056 1.604419 -39.610084
6.747321 1.7085 -39.064607
6.542901 1.512483 -38.270813
6.573196 1.763154 -37.986632
6.831512 2.205715 -37.831267
7.441623 2.289368 -37.277393
6.98764 2.662633 -37.430285
7.640088 2.863141 -37.037884
7.648622 3.250197 -37.067558
7.405306 3.860516 -37.454098
8.292558 4.445173 -37.453695
8.344257 4.560475 -36.967594
8.264688 4.536991 -36.477371
8.001463 4.657941 -36.068013
8.330994 3.842564 -34.606802
7.954649 4.007451 -34.526581
8.590866 4.419323 -34.448344
8.433095 4.797013 -34.534116
9.202662 4.944165 -33.987105
8.900486 4.293327 -32.876689
9.239841 4.440897 -32.3597
10.0566 4.480512 -31.593689
10.671004 4.065414 -30.21803
11.50357 4.138356 -29.234675
11.97998 3.847164 -27.896256
12.095142 3.145397 -26.284712
12.125657 2.567835 -24.764305
12.516179 2.143667 -23.25407
12.752735 1.881589 -22.019585
12.444288 1.491851 -20.936099
12.218046 1.590319 -20.513487
12.242787 1.992056 -20.365897
12.403178 2.449639 -20.228339
12.361826 2.759687 -20.055653
12.711989 2.902154 -19.674809
13.110196 3.317826 -19.642459
13.597168 3.774242 -19.59631
14.053412 4.197898 -19.532357
14.438014 4.488892 -19.380894
14.712371 4.612157 -19.012854
14.85932 4.572287 -18.510591
14.902793 4.364759 -17.710821
14.93126 4.101206 -16.841922
14.925031 3.819949 -15.907646
14.837962 3.523406 -14.960607
14.834647 3.265285 -13.926021
14.9175 3.036495 -12.765604
15.059697 2.83759 -11.590132
15.19858 2.607564 -10.294553
15.262428 2.208082 -8.199684
15.244253 1.611759 -4.8259
15.045084 0.696358 1.845744
14.584829 -1.017644 23.529371
15.566496 -5.119603 135.802342
16.220719 -8.096285 -118.340892
11.326026 -14.199352 -118.959274
-5.249388 -17.049014 -168.341729
-17.406293 0.22264 122.971764
-11.166089 13.605769 78.963548
-3.689882 17.289563 54.891273
1.537503 17.952909 40.97392
5.407605 17.675307 31.824669
8.479426 17.108491 25.576738
11.295371 16.642556 21.520045
13.910299 16.886206 19.976374
16.274295 16.306877 17.907909
17.943628 14.716505 15.467706
19.494031 13.673566 14.173253
21.23303 13.153572 13.722148
22.725086 12.620917 13.457496
23.519383 11.207037 12.641064
24.239022 10.061069 12.179883
25.231688 9.218842 12.182561
26.463437 8.639664 12.430991
27.10105 7.448255 12.469748
27.612678 6.303316 12.622723
28.2699 5.410438 13.038544
29.114867 4.82401 13.65922
29.477965 3.907036 14.11525
29.841712 3.110481 14.626741
30.380302 2.467229 15.244391
30.735551 1.904409 15.8755
30.685557 1.168878 16.290677
30.66362 0.644601 16.715214
30.86565 0.269436 17.138608
31.034504 -0.093999 17.594924
31.006634 -0.603548 17.956951
30.989742 -0.905709 18.409643
31.141375 -1.178141 18.963927
31.200534 -1.463672 19.469176
31.206016 -1.783655 19.939537
31.262389 -2.049856 20.47772
31.371677 -2.246811 21.010492
31.502472 -2.405709 21.4405
31.321155 -2.575362 21.841919
31.24757 -2.621893 22.224235
31.380925 -2.72891 22.639077
31.39244 -3.008317 23.052047
31.200045 -3.179 23.408311
31.260322 -3.322303 23.749704
31.539032 -3.508789 24.174274
31.654329 -3.724954 24.449968
31.808513 -3.961326 24.829806
31.957409 -4.280955 25.156473
32.208894 -4.578326 25.484082
32.477127 -4.911563 25.81388
32.759399 -5.188967 26.119182
33.037928 -5.386501 26.391088
33.247862 -5.563753 26.734933
33.374148 -5.778889 27.131082
33.427819 -5.875767 27.475958
33.535802 -5.917808 27.777581
33.67609 -5.933052 27.949391
33.871055 -6.031942 28.039786
34.157839 -6.12332 28.196759
34.50768 -6.182195 28.353429
34.904133 -6.288203 28.454276
35.242221 -6.377861 28.60629
35.515433 -6.356298 28.717287
35.766737 -6.388905 28.853133
36.018945 -6.390016 28.938057
36.322956 -6.382055 28.992745
36.595333 -6.391821 29.186275
36.814244 -6.462696 29.277643
37.015018 -6.481322 29.379347
37.197946 -6.474839 29.481491
37.384897 -6.55262 29.583428
37.55265 -6.641165 29.693489
37.691784 -6.690637 29.774132
37.841543 -6.729797 29.833454
37.970091 -6.768958 29.853335
38.093183 -6.760046 29.909206
38.20189 -6.855989 30.02155
38.249675 -6.921324 30.15583
38.315837 -7.000383 30.237218
38.334939 -7.043768 30.283358
38.426555 -7.049194 30.309106
38.463633 -7.104391 30.371777
38.425151 -7.09023 30.45109
38.466205 -7.087132 30.462345
38.497586 -7.089328 30.552419
38.525005 -7.16018 30.558452
38.484245 -7.173277 30.745275
38.452409 -7.219145 30.790111
38.517756 -7.31802 30.807208
38.545249 -7.39094 30.872706
38.566692 -7.407079 30.975709
38.568171 -7.376483 31.028722
38.61019 -7.352976 31.063834
38.561169 -7.348363 31.123744
38.511782 -7.338406 31.145024
38.483484 -7.307358 31.123879
38.492935 -7.333906 31.128506
38.533565 -7.34117 31.132534
38.554674 -7.321385 31.140749
38.584782 -7.338821 31.156345
38.583268 -7.372103 31.181936
38.524377 -7.335764 31.197896
38.466361 -7.292466 31.200492
38.447569 -7.286565 31.145299
38.438931 -7.266834 31.099957
38.420198 -7.262988 31.126094
38.491574 -7.245116 31.070195
38.547556 -7.318209 31.090508
38.566232 -7.350727 31.049767
38.565743 -7.36247 31.081841
38.546481 -7.384645 31.121371
38.563704 -7.449571 31.07621
38.571888 -7.477962 31.054384
38.626478 -7.441594 31.000515
38.615098 -7.456677 30.955612
38.65869 -7.399075 30.9685
38.676954 -7.430027 31.007922
38.655436 -7.474705 30.984602
38.614278 -7.491923 30.944661
38.536217 -7.461295 30.950052
38.546718 -7.452255 30.978466
38.524718 -7.509766 31.016444
38.503676 -7.513793 30.976847
38.526708 -7.510059 31.00569
38.548799 -7.513224 31.036654
38.599218 -7.533027 31.096248
38.669744 -7.551438 31.057603
38.701841 -7.539769 31.056992
38.705149 -7.492052 31.017766
38.667748 -7.45192 30.965829
38.660543 -7.429547 30.938935
38.652087 -7.440607 30.95987
38.682954 -7.44442 30.917077
38.801148 -7.500943 30.874542
38.870519 -7.551866 30.864002
38.951183 -7.557642 30.896714
39.0096 -7.63151 30.937419
39.080479 -7.695894 30.952169
39.093179 -7.715552 30.919815
39.270257 -7.721982 30.915387
39.500831 -7.716734 30.942249
39.867229 -7.683337 31.06331
40.318293 -7.455044 31.212064
40.768054 -7.061094 31.242735
41.108103 -6.318577 31.246284
41.409965 -5.368 31.154469
41.70482 -4.298928 30.930681
42.010532 -3.190282 30.617716
42.324632 -1.979995 30.393845
42.711048 -0.659298 30.118425
43.110398 0.896675 29.819364
43.505925 2.555445 29.615987
43.853795 4.396694 29.432368
44.126861 6.5413 29.469271
44.208505 9.005494 29.645181
44.080052 11.80213 30.04938
43.598036 14.871842 30.844648
42.570858 18.214232 32.291844
40.981571 21.66894 34.515313
38.439994 25.123787 37.726602
34.536148 28.515389 42.751328
28.176908 31.852509 50.885519
17.355867 34.705267 64.377696
0.804018 36.078539 84.495369
-17.970217 34.85583 107.586503
-33.08256 30.063429 127.95375
-42.373017 20.554963 143.872724
-46.417265 6.370176 156.555343
-46.261474 -8.529062 166.858559
-43.166605 -19.991143 175.852182
-37.887886 -28.014984 -175.082926
-31.197097 -32.960961 -166.363183
-23.43236 -36.193977 -157.484053
-15.165105 -38.305713 -148.7996
-7.239934 -39.671298 -141.267833
0.066465 -40.548804 -135.052548
5.985911 -41.285491 -131.360064
10.699135 -42.038242 -130.145812
14.568957 -42.730036 -130.830272
17.509932 -43.294455 -133.819759
19.656415 -43.754825 -139.332137
21.119696 -43.600102 -147.609045
22.329833 -42.218011 -157.417744
23.305442 -39.650678 -169.072228
23.877727 -36.331175 176.665066
23.988259 -33.284069 160.149965
23.607057 -31.114258 141.800047
23.088698 -30.145048 124.218629
22.484478 -30.078977 108.547614
21.820526 -30.437984 95.202321
21.355439 -30.894642 84.096734
20.983572 -31.265663 74.574026
20.708474 -31.490091 66.269976
20.367595 -31.518962 59.012768
19.90706 -31.361211 52.765737
19.214419 -31.025672 47.41617
18.417901 -30.594975 42.84384
17.662202 -30.154028 38.805798
17.101954 -29.750165 35.251593
16.682234 -29.417606 32.247587
16.053265 -28.934988 29.446057
15.144544 -28.255065 26.862066
14.07363 -27.410304 24.409777
12.813661 -26.481921 22.227814
11.678657 -25.636254 20.201944
10.725354 -24.95663 18.349559
9.975532 -24.558146 16.91175
9.452091 -24.39922 15.773569
9.060777 -24.384097 14.875032
8.718024 -24.427407 14.223008
8.285993 -24.421616 13.675067
7.869127 -24.304791 13.087788
7.477043 -24.265124 12.6141
7.047995 -24.231448 12.243129
6.656795 -24.266333 11.919293
6.392685 -24.461812 11.738735
6.347343 -24.835306 11.689021
6.511249 -25.292334 11.721067
6.68623 -25.747475 11.837158
6.704444 -26.153736 11.987865
6.535674 -26.461418 12.152105
6.275254 -26.725911 12.355379
6.0229 -26.964946 12.534814
5.917908 -27.21305 12.674143
5.994955 -27.409514 12.736557
6.128475 -27.62466 12.762849
6.161956 -27.839579 12.776899
6.155127 -27.989545 12.742766
6.305371 -28.276681 12.652609
6.608731 -28.613217 12.472667
7.035693 -29.000854 12.301617
6.939315 -29.097092 11.920564
6.566869 -29.228383 11.796393
5.42552 -29.036048 11.624347
4.101737 -28.334563 11.038148
4.173687 -28.77459 11.483703
4.022742 -29.391 11.991665
3.507172 -29.715735 12.218774
3.477956 -29.632437 12.068305
3.366368 -29.685548 12.047383
3.173257 -29.841813 12.121726
3.177188 -29.892574 12.04263
3.190053 -29.916496 11.970085
3.019782 -29.93636 11.92861
2.802357 -29.967335 11.935464
2.656663 -30.021706 11.961111
2.59784 -30.142489 11.967392
2.658753 -30.36271 12.032072
2.78898 -30.637539 12.104816
3.005266 -30.906637 12.174893
3.232846 -31.140825 12.193432
3.391022 -31.257765 12.090531
3.516956 -31.262997 11.867041
3.611553 -31.151731 11.509187
3.659751 -30.898173 10.910972
3.737049 -30.50325 10.204473
3.767687 -29.918333 9.331299
3.655529 -29.100226 8.272772
3.450833 -28.12529 7.227852
3.327746 -27.02153 6.160858
3.39043 -25.913177 5.22427
3.401895 -24.540236 4.048484
3.637324 -23.117736 2.904786
4.24353 -21.885598 2.081847
5.099316 -20.719756 1.327664
5.809679 -19.536283 0.584351
6.484158 -18.383724 -0.220959
7.217953 -17.315698 -1.124976
8.067123 -16.280246 -2.283958
8.924922 -15.422636 -3.309493
9.59315 -14.558749 -4.411571
10.053582 -13.678736 -5.614029
10.383951 -12.849082 -6.81802
10.690706 -12.096075 -8.039715
10.983948 -11.399349 -9.174833
11.178029 -10.647695 -10.225898
11.339652 -9.798386 -11.329507
11.49905 -8.875334 -12.539217
11.739333 -7.918937 -13.847416
12.054709 -7.048439 -15.183561
12.502859 -6.37259 -16.376792
12.990103 -5.99554 -17.312282
13.516676 -5.936462 -17.832532
14.101858 -6.094279 -18.013677
14.66643 -6.395716 -17.905266
15.094772 -6.752389 -17.482625
15.385657 -7.138114 -16.848598
15.660933 -7.487611 -16.167804
15.954979 -7.667133 -15.690318
16.234971 -7.772493 -15.309143
16.377678 -7.87227 -14.773418
16.343797 -8.066401 -13.969484
16.207894 -8.391258 -12.906533
16.09838 -8.800383 -11.76186
16.133877 -9.219966 -10.683666
16.367915 -9.507616 -9.85152
16.806691 -9.673975 -9.404291
17.167173 -9.822831 -9.436068
17.784012 -10.37466 -8.673137
18.677762 -10.894302 -7.899175
19.785794 -11.256414 -7.247451
20.866708 -11.460846 -6.797817
21.607926 -11.612986 -6.445525
22.003259 -11.832639 -5.919649
22.26984 -12.123308 -5.090476
22.495307 -12.501938 -3.894872
22.811064 -12.978288 -2.453795
23.28256 -13.560544 -0.835013
23.898855 -14.197589 0.809651
24.58965 -14.83228 2.392111
11.571704 -23.585115 3.795707
11.46491 -23.502143 3.672636
11.401483 -23.400558 3.544266
11.393397 -23.286352 3.475177
11.441322 -23.202574 3.497597
11.507951 -23.133146 3.464139
11.570945 -23.058055 3.405343
11.590652 -23.002457 3.362517
11.559868 -22.965756 3.28829
11.484106 -22.944694 3.155747
11.369225 -22.964685 3.037266
11.267793 -23.018488 2.964374
11.142794 -23.046063 2.861147
11.02424 -23.067435 2.744371
10.911851 -23.073202 2.628528
10.848912 -23.113275 2.567315
10.755158 -23.124837 2.46975
10.685315 -23.130221 2.388013
10.621562 -23.089347 2.239847
10.59829 -23.039835 2.10488
10.565536 -23.01831 2.036831
10.538098 -22.984573 1.966228
10.528336 -22.972777 1.844053
10.510791 -22.956595 1.777781
10.474092 -22.928332 1.662152
10.436356 -22.910112 1.539784
10.431258 -22.891799 1.420102
10.415354 -22.873725 1.306177
10.377703 -22.871961 1.257569
10.345829 -22.850813 1.11826
10.312611 -22.824148 1.019726
10.298577 -22.831986 0.909871
10.249044 -22.830895 0.783425
10.221799 -22.821989 0.722776
10.1789 -22.859876 0.728341
10.110288 -22.882975 0.661004
10.078615 -22.890504 0.613335
10.079499 -22.898275 0.568339
10.070815 -22.896144 0.5359
10.05444 -22.886722 0.459468
10.026762 -22.90065 0.449297
10.015448 -22.917391 0.363263
9.975707 -22.93367 0.335204
9.947148 -22.933953 0.247724
9.903551 -22.936263 0.175301
9.874993 -22.938139 0.147825
9.875809 -22.945339 0.082791
9.833387 -22.944666 0.013997
9.827513 -22.950984 -0.014577
9.785392 -22.978344 -0.002594
9.755908 -23.010247 0.017048
9.713993 -23.03708 -0.07229
9.695674 -23.038834 -0.189818
9.670192 -23.056137 -0.197348
9.624676 -23.054557 -0.2433
9.617182 -23.047986 -0.322103
9.615433 -23.038086 -0.437772
9.628203 -23.041352 -0.54493
9.604759 -23.031912 -0.629142
9.58646 -23.025573 -0.692222
9.596255 -23.028264 -0.776459
