2.855575 -19.894201 -13.594923
2.839962 -19.885167 -13.655666
2.800717 -19.869391 -13.655728
2.79509 -19.877091 -13.660417
2.792035 -19.871973 -13.710268
2.804924 -19.8618 -13.72189
2.797295 -19.876771 -13.720657
2.796011 -19.855375 -13.789709
2.802678 -19.857724 -13.816818
2.816379 -19.848765 -13.863519
2.809106 -19.850216 -13.84478
2.835997 -19.871103 -13.842339
2.854966 -19.868863 -13.841847
2.848678 -19.851978 -13.867252
2.844273 -19.879305 -13.850447
2.821662 -19.882566 -13.82157
2.783098 -19.89085 -13.830923
2.730799 -19.907077 -13.7912
2.72335 -19.931351 -13.756729
2.713044 -19.929274 -13.750273
2.703725 -19.93723 -13.775624
2.742931 -19.953105 -13.775546
2.748368 -19.936251 -13.794092
2.740849 -19.898379 -13.85851
2.747727 -19.849527 -13.913654
2.798378 -19.828712 -13.892446
2.84272 -19.790695 -13.916688
2.880849 -19.796797 -13.864904
2.85637 -19.867293 -13.798571
2.73094 -19.941328 -13.674622
2.482426 -19.991356 -13.627362
2.044098 -19.98414 -13.700292
1.715557 -20.012337 -13.646386
1.667988 -20.06365 -13.647311
1.871077 -20.0254 -13.729352
1.994929 -19.882826 -14.133931
2.353569 -19.637629 -14.655215
2.969899 -19.544428 -14.994768
3.161201 -19.420442 -15.354234
3.349438 -19.334175 -15.472226
3.697876 -19.430297 -15.036823
4.127839 -19.678998 -14.018279
4.886864 -19.597225 -13.424718
6.244087 -19.171907 -13.514168
7.167178 -18.863896 -13.447788
8.051182 -18.632585 -13.329249
8.885521 -17.984516 -14.190977
9.529742 -18.20145 -12.780266
10.304034 -18.831251 -10.002013
10.065601 -18.656426 -9.660651
10.003929 -17.304946 -13.037236
8.748082 -16.696842 -15.043891
7.147456 -16.327636 -16.600814
5.591483 -16.076034 -17.85973
4.264358 -16.082147 -18.571285
3.373388 -16.319916 -19.09541
2.906346 -16.735456 -19.453437
2.852415 -17.374648 -19.50895
3.541106 -18.197385 -19.115608
4.759999 -18.796555 -18.666875
6.179346 -19.078857 -18.381466
7.522092 -19.035093 -18.441869
8.688844 -18.860956 -18.587082
9.742044 -18.67769 -18.810741
10.787383 -18.433706 -19.15435
11.854161 -18.08231 -19.709661
12.9801 -17.576522 -20.548895
14.049148 -16.865497 -21.779517
15.015883 -15.957946 -23.423277
15.884057 -14.84015 -25.535929
16.533869 -13.479146 -28.096989
16.964371 -11.905928 -31.009661
17.222607 -10.185273 -34.091791
17.336801 -8.370593 -37.218272
17.358141 -6.553935 -40.178978
17.258263 -4.775549 -42.919462
17.024818 -3.121336 -45.311473
16.604029 -1.597695 -47.563017
16.149034 -0.224224 -49.597007
15.789227 1.001799 -51.40091
15.495274 2.133152 -53.091457
15.453972 2.867244 -54.111827
15.085861 3.073773 -54.405455
13.866461 3.21761 -54.764506
12.842693 3.400782 -55.023856
12.913873 3.694348 -55.115748
13.146764 3.699753 -54.664823
13.275267 3.618775 -54.144005
13.277729 3.600962 -53.691558
13.344056 3.812533 -53.689199
13.465038 3.817963 -53.241099
13.488365 3.246343 -52.105378
13.131851 2.429886 -50.866107
12.785804 1.734105 -49.703877
12.270228 1.083288 -48.836158
11.682122 0.500001 -47.957704
10.953668 -0.001401 -47.287816
10.265817 -0.417588 -46.905978
9.496306 -0.61484 -46.766408
9.371531 -0.87937 -46.240396
9.51226 -0.822239 -45.864292
8.234712 -0.391659 -46.456811
7.13037 -0.059684 -46.942397
7.553633 0.047588 -46.625341
7.139012 0.104184 -46.268023
5.972882 0.673026 -46.69441
5.44649 1.436998 -46.889763
5.76752 2.029761 -46.781254
6.259442 2.566228 -46.608059
6.596623 2.799623 -46.034719
6.76909 3.023172 -45.444814
6.949594 3.506243 -45.214466
6.924518 4.009979 -45.049651
6.746822 4.564076 -45.00064
6.552763 4.990449 -44.753657
6.358247 5.336692 -44.408939
6.726895 5.874762 -44.241971
7.541591 6.361567 -44.069255
7.428597 6.538277 -43.728883
7.09978 6.03286 -42.86953
7.148117 5.376693 -41.830452
6.995836 5.019944 -41.154138
6.888367 4.563772 -40.347833
7.059684 4.601475 -39.831682
6.661739 4.86065 -39.817334
6.171042 4.903818 -39.565528
6.674663 4.52889 -38.624415
7.474225 4.583492 -38.072632
8.109298 5.093615 -37.968133
8.437352 5.970495 -38.513494
8.818463 6.705868 -39.055511
9.204381 7.535346 -39.790929
9.704582 8.345014 -40.553341
10.28386 9.025729 -41.190114
10.884373 9.491541 -41.608175
11.513491 9.852465 -41.934865
12.275382 10.094167 -42.040179
13.151438 10.229574 -41.905134
14.095457 10.206505 -41.496002
15.032216 10.008546 -40.738897
16.033907 9.724284 -39.662411
16.813973 9.08497 -37.91843
17.456092 8.423092 -36.297203
18.154102 7.838099 -34.848769
18.899064 7.33603 -33.679535
19.887336 7.172158 -33.565279
20.946836 7.320197 -35.081104
21.904899 7.302231 -37.376395
22.889139 7.016891 -40.840538
23.930825 6.278736 -45.606742
24.828191 5.11422 -55.074654
25.232287 4.353213 -99.996916
30.056232 -1.425303 -14.461092
28.967504 -7.436397 -42.414816
25.736091 -16.426306 -63.662282
11.187576 -26.71685 -102.310169
-22.922004 -20.595534 -175.468323
-27.706446 13.167228 121.672004
-11.03614 26.425961 78.569388
3.18103 27.708675 51.786207
12.290362 26.046466 35.216076
18.065545 23.521796 24.621468
21.763624 20.991165 17.970237
24.733921 18.595383 13.315733
26.887733 16.335367 10.318378
28.435603 14.197858 8.471459
30.313163 12.990003 7.840729
31.385014 11.645276 7.252079
30.674995 8.558499 5.865586
29.940063 6.601509 5.2559
30.725279 5.431247 5.523966
31.940236 4.707939 6.042243
32.290886 3.487925 6.18976
32.234389 2.154672 6.227987
32.575447 1.445575 6.572123
32.348171 0.366984 6.635008
32.198401 -0.412079 6.797711
32.239205 -1.015812 7.188083
32.356269 -1.488373 7.652153
32.201141 -2.140479 8.018766
32.035829 -2.80196 8.352475
32.177691 -3.214996 8.771737
32.462578 -3.531189 9.126198
32.436907 -3.936224 9.428344
32.452323 -4.297288 9.860994
32.484775 -4.565829 10.366519
32.356229 -4.939506 10.863538
32.174865 -5.420679 11.298365
32.309271 -5.754731 11.886402
32.561319 -6.229029 12.408562
32.747195 -6.717739 12.909969
33.002635 -7.003113 13.301704
33.130569 -7.251799 13.761641
33.15391 -7.606082 14.220844
33.260816 -7.853756 14.642333
33.374896 -8.14414 15.110764
33.628875 -8.531289 15.547132
33.895787 -8.995148 16.048178
34.215227 -9.441622 16.50102
34.591251 -9.753103 17.023702
34.93196 -10.091931 17.415272
35.188798 -10.465524 17.900129
35.444356 -10.760694 18.177569
35.526846 -11.047123 18.510288
35.522947 -11.287521 18.903641
35.705946 -11.542649 19.260025
35.831123 -11.770819 19.535567
35.8701 -12.022216 19.839254
36.067458 -12.250789 20.111365
36.33816 -12.492325 20.486241
36.579739 -12.731343 20.801868
36.708564 -12.947108 21.096055
36.887282 -13.023486 21.312457
37.025059 -13.205129 21.645521
37.108599 -13.389623 21.902168
37.253618 -13.514395 22.231082
37.409753 -13.65967 22.577896
37.456577 -13.844883 22.896951
37.612714 -13.958915 22.992722
37.786031 -14.115746 23.225171
37.834416 -14.176658 23.390546
37.914141 -14.241747 23.480425
38.094492 -14.328591 23.607526
38.278886 -14.398022 23.909432
38.372178 -14.446216 23.990058
38.359446 -14.46345 24.025596
38.384769 -14.484024 24.251127
38.419445 -14.49061 24.289095
38.49895 -14.460067 24.328884
38.485506 -14.417341 24.428465
38.47278 -14.388337 24.44863
38.50089 -14.3562 24.564973
38.618417 -14.332992 24.595886
38.71767 -14.298018 24.603986
38.832836 -14.292556 24.663979
38.919031 -14.259155 24.671328
38.942083 -14.241558 24.719901
38.922109 -14.242674 24.800528
38.872108 -14.23953 24.801524
38.79049 -14.245337 24.837536
38.698663 -14.235186 24.86907
38.667373 -14.276726 24.982348
38.70674 -14.234577 25.101316
38.774 -14.208775 25.141271
38.861809 -14.186074 25.197146
38.93767 -14.19116 25.386153
38.967004 -14.133931 25.534082
38.903526 -14.148783 25.640904
38.838888 -14.137773 25.612663
38.736919 -14.080081 25.595337
38.66281 -14.058471 25.580081
38.587819 -14.075218 25.552682
38.521214 -14.102087 25.559518
38.534074 -14.083687 25.516472
38.535008 -14.074745 25.544383
38.484138 -14.066495 25.525431
38.41083 -14.074728 25.464687
38.384509 -14.045781 25.439145
38.358069 -14.017674 25.42231
38.281304 -13.961672 25.457226
38.180781 -13.855471 25.390477
38.030711 -13.708316 25.320609
37.870588 -13.486313 25.163418
37.694951 -13.145796 24.999478
37.543981 -12.772876 24.653434
37.4014 -12.205774 24.308547
37.31336 -11.535948 23.919279
37.265831 -10.731651 23.503793
37.162022 -9.841816 23.044394
37.126985 -8.85039 22.585257
37.248465 -7.73118 22.200936
37.291956 -6.417537 21.810521
37.116133 -4.967326 21.480276
36.864842 -3.396208 21.217652
36.645032 -1.520364 21.217502
36.406065 0.646661 21.419518
36.082411 2.943348 21.883797
35.716247 5.682325 22.789999
35.11891 8.999825 24.514732
34.028092 12.675637 27.145315
32.166699 16.795526 31.191243
28.834722 21.407819 37.656631
23.107813 25.807619 47.222468
14.599028 29.084263 60.058287
3.858304 30.700409 75.521191
-8.144761 30.512554 93.091832
-20.222953 27.94646 112.188304
-30.101257 22.032089 130.818132
-36.194848 12.328186 147.61998
-38.370975 -1.021701 163.812329
-35.556066 -16.163749 -177.487868
-26.727377 -26.977411 -156.725733
-14.443797 -31.957277 -137.330767
-2.504772 -33.69149 -121.839951
6.893792 -33.978921 -111.656053
13.579908 -33.723527 -106.486035
18.323676 -33.418609 -105.333213
21.801487 -33.329997 -107.484027
24.100408 -33.563179 -113.836368
25.724815 -33.820027 -123.26401
26.876639 -33.414833 -135.851844
27.549326 -31.615161 -152.221441
27.884199 -28.577635 -172.391053
28.059601 -25.775627 165.095123
28.107353 -24.257481 140.749978
28.04056 -24.304136 116.383628
28.082826 -25.295101 95.8897
28.053957 -26.346637 79.034343
27.901366 -26.895482 65.4403
27.683885 -26.84086 54.250156
27.55495 -26.471521 45.360718
27.428611 -26.016205 38.337348
27.195024 -25.584623 32.657458
26.789156 -25.225552 28.041327
26.104334 -24.895228 24.029366
25.277912 -24.610462 20.607779
24.329653 -24.340353 17.729779
23.31246 -24.119484 15.271549
22.296343 -23.943526 13.182287
21.26835 -23.822616 11.342298
20.176391 -23.75744 9.837768
19.173696 -23.710254 8.393502
18.260029 -23.612121 6.970499
17.340021 -23.561009 5.7521
16.442291 -23.586673 4.715898
15.636532 -23.637958 3.705158
14.894586 -23.777516 2.920201
14.173057 -23.97463 2.190576
13.585397 -24.195912 1.527632
13.599947 -24.542478 1.137667
12.383778 -24.699031 0.610522
11.766495 -25.185126 0.397713
11.348334 -25.504519 -0.008749
10.205884 -26.004695 -0.1194
9.178105 -26.513155 -0.242575
8.379918 -26.926464 -0.378848
7.662829 -27.374985 -0.386462
7.074308 -27.696869 -0.425555
6.618601 -27.815558 -0.603094
6.210049 -27.973001 -0.766404
4.978215 -27.60174 -1.514394
4.850285 -28.065863 -1.526151
4.847553 -28.740851 -1.021538
4.744924 -29.346021 -0.571327
4.495528 -29.728252 -0.291605
4.308579 -29.91974 -0.229185
4.344212 -30.230785 0.036466
4.396444 -30.517782 0.277132
4.372115 -30.763506 0.447752
4.403726 -30.938665 0.561269
4.376396 -31.149017 0.686331
4.220782 -31.391709 0.815482
3.991107 -31.559551 0.871046
3.742337 -31.688909 0.9655
3.403766 -31.722639 0.961647
3.212835 -31.88427 1.077965
3.134689 -32.037891 1.184618
3.163218 -32.18653 1.241558
3.242342 -32.305246 1.23451
3.296323 -32.393157 1.209899
3.320059 -32.428442 1.086173
3.345041 -32.388857 0.950866
3.340105 -32.262461 0.664197
3.276963 -32.048746 0.372492
3.159143 -31.593037 -0.039005
3.048781 -30.88573 -0.58595
3.01235 -30.082711 -1.164969
3.109649 -29.233198 -1.776013
3.359006 -28.133191 -2.510738
3.814617 -26.975798 -3.236442
4.31087 -25.941713 -3.858419
4.587969 -24.854392 -4.530085
5.094069 -23.929084 -5.130432
6.07463 -23.225744 -5.423656
7.317577 -22.666719 -5.567105
8.572698 -22.095597 -5.765088
9.844857 -21.483408 -6.138903
11.11598 -20.744175 -6.855811
12.239565 -19.777531 -8.075664
12.984016 -18.744679 -9.503922
13.354162 -17.698853 -10.979339
13.505434 -16.668464 -12.422956
13.576391 -15.672563 -13.762278
13.572864 -14.685353 -15.032376
13.528771 -13.706454 -16.217986
13.611435 -12.74735 -17.451886
13.822594 -11.86263 -18.728857
14.176194 -11.087457 -20.071524
14.590055 -10.41991 -21.375436
15.063252 -9.893798 -22.448395
15.401794 -9.413538 -23.367807
15.552781 -8.979625 -24.01503
15.522598 -8.614536 -24.400222
15.47362 -8.47301 -24.426468
15.494326 -8.499052 -24.111393
15.647556 -8.67573 -23.605899
15.797813 -9.006169 -22.748566
15.959463 -9.422467 -21.697809
16.146174 -9.827037 -20.633421
16.360957 -10.171419 -19.648817
16.544282 -10.486601 -18.598496
16.67726 -10.796374 -17.443843
16.814809 -11.128749 -16.228291
17.029567 -11.500876 -14.986338
17.366477 -11.878665 -13.772966
17.892335 -12.280544 -12.601976
18.552264 -12.656608 -11.518527
19.206695 -12.991131 -10.464424
19.769419 -13.336626 -9.291036
20.240459 -13.745053 -7.91095
20.69388 -14.159997 -6.526829
21.264443 -14.527267 -5.310533
21.928775 -14.815709 -4.406204
22.601751 -15.037989 -3.793577
23.22572 -15.256008 -3.270842
23.699122 -15.932771 -1.76379
24.134396 -16.890125 0.434645
24.32296 -17.870868 2.597589
24.014705 -19.001347 4.777854
23.594066 -20.113534 6.639869
23.264252 -21.037617 8.11275
23.030414 -21.778594 9.290727
22.828763 -22.38586 10.328389
22.628263 -22.911282 11.244112
22.403066 -23.352859 12.06475
22.116902 -23.874357 12.961476
21.89748 -24.335619 13.772938
21.797803 -24.634914 14.266537
21.732262 -24.814888 14.544886
21.619851 -24.941687 14.636538
21.353857 -24.919085 13.973578
21.329295 -24.904804 13.377349
21.534301 -24.791329 12.677829
21.541285 -24.705671 11.863626
21.491368 -24.88753 11.427745
21.243007 -25.316234 11.287701
20.472427 -25.842147 11.132206
19.388111 -26.114252 10.62357
18.232433 -26.165257 9.858478
17.107318 -26.082631 9.056028
16.111437 -25.867722 8.202845
15.28507 -25.629938 7.470525
14.593274 -25.320918 6.873864
14.011261 -24.902826 6.264319
13.61386 -24.425315 5.748031
13.471829 -23.941492 5.369961
13.590058 -23.539189 5.139586
13.855374 -23.217045 5.083323
14.202804 -22.953766 5.082908
14.552958 -22.726822 5.089827
14.852556 -22.535661 5.074897
15.096578 -22.391031 5.063181
15.262979 -22.264233 4.997632
15.328882 -22.175961 4.888398
15.301148 -22.130064 4.750331
15.225825 -22.131879 4.543932
15.045686 -22.117902 4.310534
14.856661 -22.136809 4.114086
14.604612 -22.148543 3.889631
14.36989 -22.157325 3.68608
14.206396 -22.111382 3.403856
14.157021 -22.09776 3.266
14.130483 -22.064594 3.13544
14.208793 -22.035647 3.028851
14.286601 -22.057697 2.959024
14.385318 -22.067576 2.880669
14.448871 -22.066456 2.850295
14.4744 -22.06369 2.764027
14.494009 -22.055653 2.677407
14.49921 -22.033101 2.522753
14.456614 -21.987424 2.361237
14.38567 -21.943678 2.19401
14.310424 -21.904498 2.04641
14.156532 -21.859267 1.92678
13.983288 -21.800392 1.788924
13.784197 -21.747075 1.712828
13.582554 -21.664788 1.602791
13.397339 -21.583735 1.540533
13.278087 -21.485736 1.451757
13.169182 -21.404475 1.430349
13.17084 -21.338012 1.408698
13.258981 -21.257459 1.315202
12.835734 -25.026551 0.058765
12.830751 -25.053505 0.045962
12.810685 -25.047547 -0.075086
11.950456 -27.600375 -1.045161
11.788156 -27.571134 -1.207734
11.582793 -27.54956 -1.390778
11.376829 -27.537898 -1.582861
11.210642 -27.545279 -1.738579
11.133075 -27.571525 -1.810686
11.05108 -27.603224 -1.856698
10.961437 -27.57876 -1.955566
10.908826 -27.549416 -2.069543
10.917566 -27.505627 -2.191671
10.938027 -27.500825 -2.231109
10.927711 -27.500235 -2.29122
10.939404 -27.503789 -2.338351
10.944594 -27.51178 -2.391333
10.911117 -27.518183 -2.439481
10.848527 -27.530788 -2.484029
10.763648 -27.553588 -2.513587
10.691039 -27.561069 -2.618699
