-9.448495 11.699765 -74.61656
-9.131274 11.949102 -74.896165
-9.175135 11.743123 -74.676289
-9.154837 9.999475 -73.210838
-9.167745 8.917973 -72.195589
-9.128365 8.420669 -71.570633
-8.588606 7.686688 -70.891991
-8.334566 6.706845 -69.939108
-8.545521 6.048885 -69.207762
-8.392623 5.285233 -68.337347
-8.122249 4.744556 -67.554694
-7.308078 4.415261 -67.122924
-6.808898 4.230513 -66.621937
-6.870783 4.490041 -66.322502
-6.916071 5.064752 -66.315371
-6.260984 5.455048 -66.549143
-5.641344 5.994088 -66.912183
-5.524299 6.84352 -67.446044
-5.234132 7.48749 -67.939007
-5.615048 8.200114 -68.353711
-5.578753 8.376922 -68.33261
-5.57071 8.631328 -68.380765
-6.433888 8.848429 -68.245172
-6.438289 8.688158 -67.947308
-6.877629 8.418173 -67.460497
-7.270097 8.303573 -67.166855
-7.521508 8.141952 -66.883528
-7.738648 8.397803 -66.894548
-8.196967 8.779008 -66.953609
-8.797061 8.970261 -66.871849
-9.305815 9.285971 -66.86489
-9.664829 9.777645 -67.159738
-9.869314 10.57748 -67.849705
-9.398938 11.691036 -69.018653
-9.689871 12.427251 -69.809763
-9.889372 13.013314 -70.698264
-9.85697 13.675228 -71.991893
-9.075811 14.484339 -73.959702
-7.691868 15.81415 -77.195682
-6.83033 17.517442 -81.502839
-5.823481 19.250315 -86.823444
-4.944268 21.201382 -93.442297
-4.09664 22.942284 -100.908303
-3.126851 24.619909 -109.648454
-1.885681 26.464234 -120.272751
-0.052903 28.593166 -133.51738
2.37157 30.889634 -149.18357
5.708814 33.104537 -167.532541
10.633408 34.64828 170.448498
18.314965 34.136116 142.503252
30.184812 27.515276 104.088662
39.929646 -8.486952 41.839848
-32.881038 -24.957768 -115.489475
-36.193863 17.933348 171.209203
-24.59028 28.129047 132.133794
-14.968566 31.035246 104.34865
-7.350457 32.022272 83.011887
-1.331279 31.935268 66.209368
3.339241 31.103292 53.149224
7.079467 29.488171 42.777454
9.908536 27.190975 34.885737
12.044749 24.190498 28.940453
13.481998 20.609366 24.889569
14.206229 16.777635 22.529412
14.699928 13.041502 21.303687
15.000228 9.371252 20.991136
14.491742 5.836352 21.470337
13.425746 2.488892 22.07034
12.173623 -0.315467 22.616696
10.905951 -2.447946 22.989674
9.754792 -3.888821 23.281272
8.848384 -4.796312 23.622124
8.378169 -5.387004 24.118194
8.433728 -5.781206 24.735841
8.864033 -6.032235 25.388223
9.258916 -6.197458 26.099941
9.492283 -6.343965 26.835416
9.582208 -6.51966 27.596963
9.476175 -6.650818 28.279101
9.260947 -6.74932 28.909455
9.032798 -6.71931 29.520064
8.814825 -6.555267 30.069676
8.607853 -6.449659 30.591041
8.392315 -6.344518 31.033207
8.132836 -6.215749 31.398998
7.841375 -6.106096 31.732337
7.625231 -6.014736 32.044407
7.479912 -5.912648 32.419379
7.480467 -5.888556 32.805019
7.537589 -5.825053 33.253438
7.659221 -5.79374 33.617535
7.870599 -5.796597 34.041258
8.073294 -5.764443 34.396235
8.214518 -5.719593 34.811069
8.368468 -5.763064 35.216392
8.524197 -5.827823 35.626357
8.584819 -5.86485 35.991728
8.634994 -5.892314 36.271709
8.743982 -5.88987 36.549866
8.871025 -5.864223 36.923263
8.969137 -5.841494 37.271115
9.104947 -5.863205 37.65936
9.26039 -5.800803 38.021547
9.434229 -5.725963 38.322017
9.626454 -5.638826 38.680676
9.782582 -5.644541 39.027079
9.979867 -5.65467 39.298534
10.179 -5.59113 39.593192
10.377206 -5.599122 39.974478
10.609355 -5.562085 40.248864
10.827171 -5.496328 40.526011
11.099263 -5.522336 40.813513
11.331716 -5.553348 41.148736
11.505199 -5.662131 41.487736
11.586607 -5.763659 41.854686
11.737768 -5.854546 42.18017
11.918959 -5.940593 42.570513
12.047605 -6.085088 42.862686
12.144726 -6.212068 43.197099
12.185181 -6.309006 43.456239
12.152579 -6.38552 43.737129
12.164892 -6.425648 43.912661
12.282606 -6.418703 44.117853
12.436026 -6.433973 44.385704
12.551948 -6.477212 44.623627
12.588625 -6.532574 44.832878
12.518601 -6.505823 44.974766
12.390031 -6.487476 45.115836
12.179794 -6.40045 45.173663
11.94225 -6.147147 45.10708
11.603628 -5.695134 44.860964
11.107949 -5.06068 44.425862
10.522269 -4.223794 43.775987
9.852064 -3.011968 42.926319
9.107632 -1.519464 42.000408
8.242261 0.144129 41.166621
7.353312 1.884845 40.509723
6.253797 3.701497 40.210547
5.063627 5.508399 40.161199
3.792399 7.559333 40.495556
2.377555 9.883569 41.367014
0.677746 12.371891 43.00548
-1.138557 14.78554 45.438456
-3.18159 17.153686 49.036777
-5.695729 19.14267 53.900844
-8.588905 20.638888 60.128487
-11.557526 21.787755 68.013795
-14.709369 22.166373 76.915918
-18.039737 21.708481 86.569014
-21.311177 20.366739 96.936511
-24.390144 17.924336 108.028384
-27.216384 14.030779 120.345611
-29.553565 8.233568 134.993711
-30.725475 0.335234 152.799599
-29.75379 -9.281498 175.802017
-24.903369 -18.703993 -154.63941
-14.517205 -25.413991 -116.60254
0.632422 -28.143199 -68.979528
14.909444 -27.094695 -17.204717
23.900644 -22.844499 33.503589
28.299242 -15.668674 82.579709
30.190654 -8.222334 126.968618
30.532948 -2.952944 163.209451
29.991385 0.692783 -167.347292
28.707528 3.568622 -141.415553
27.339102 5.897436 -121.140783
26.551439 7.738539 -110.73036
25.995444 9.476651 -105.620145
25.50803 10.714637 -102.82361
24.960304 11.744049 -100.45052
24.314728 12.587498 -97.61438
23.551925 13.214015 -93.681229
22.417573 13.78187 -88.59788
20.953762 13.835096 -81.656334
19.708299 13.615019 -75.171612
18.639957 13.239302 -69.773981
17.712384 12.82511 -65.618333
16.839891 12.45235 -62.475232
16.004841 12.14241 -60.143845
15.181235 11.723562 -58.063112
14.378223 11.326922 -56.512318
13.567461 11.197642 -55.85419
12.720128 11.056049 -55.363379
11.756301 10.822128 -54.574205
10.679805 10.265142 -52.888474
9.858022 9.553159 -50.991598
9.17537 8.838736 -49.317933
8.522483 8.279422 -48.111805
7.780744 7.873206 -47.375429
7.139886 8.026548 -47.902189
7.131856 8.139504 -48.118349
6.135376 8.048855 -47.584277
5.99898 6.860678 -46.218253
7.323115 5.864319 -45.215029
6.822155 5.428071 -44.545863
6.648224 5.046538 -44.570536
7.034112 5.075619 -44.918872
7.147377 5.460904 -45.735186
7.292656 5.758695 -46.463879
7.331528 5.742212 -46.818887
7.012699 5.169486 -46.332217
6.745557 4.508913 -45.666659
6.336122 4.001858 -45.223469
5.823792 3.748655 -45.179912
5.66336 4.01711 -45.9856
5.938455 4.359908 -46.705503
6.228273 4.402143 -47.024185
6.003668 4.344969 -47.225941
5.878724 4.625442 -47.941815
5.985676 5.067232 -48.894665
5.888999 5.60869 -49.956886
5.404868 5.910427 -50.815437
5.24165 6.136673 -51.584378
4.983498 6.135117 -52.116834
5.010482 6.12958 -52.529379
4.333184 5.624245 -51.937178
3.506742 5.96545 -52.502503
2.950099 6.91492 -53.938353
2.265558 7.764345 -55.233255
1.679153 8.431794 -56.479851
1.301681 9.532877 -58.338264
1.0753 10.699366 -60.422078
0.871279 11.830122 -62.512425
0.673799 12.838369 -64.520331
0.809444 13.823164 -66.760052
1.194171 14.829278 -68.977549
1.766926 15.961832 -71.801358
2.534357 17.132076 -75.306751
3.451533 18.074745 -78.873704
4.473421 18.753822 -82.268452
5.684536 19.22286 -85.461093
7.078085 19.495066 -88.441913
8.605874 19.580902 -91.36461
10.50405 19.448863 -94.595042
6.647352 -0.413467 -38.424492
6.705691 -0.071438 -39.230621
6.036107 0.730736 -40.631704
4.431127 0.367805 -39.971061
5.190282 -0.343227 -39.565073
6.138213 -1.50311 -38.33877
5.921564 -2.501757 -37.233781
6.243273 -3.125189 -36.630182
6.635571 -2.909172 -37.011484
6.85255 -2.280155 -37.793628
7.086175 -1.760501 -38.568917
7.364193 -1.532005 -39.008942
7.634453 -1.777068 -38.883379
7.913693 -2.120439 -38.693879
8.005085 -2.118996 -39.145515
8.009963 -1.887774 -39.827867
7.923344 -1.825803 -40.25807
7.963822 -1.785709 -40.698122
8.165362 -1.80407 -41.03458
8.34784 -1.722106 -41.402482
8.469297 -1.644411 -41.832634
8.509928 -1.752279 -41.92793
8.010448 -2.047056 -41.905898
7.123829 -2.351491 -41.872763
6.328658 -2.648112 -41.778408
5.786157 -2.902947 -41.736248
5.675064 -3.170044 -41.589443
5.93915 -3.198421 -41.583008
6.210974 -3.117092 -41.736258
6.35936 -2.916886 -42.002656
6.479027 -2.785424 -42.299408
6.588278 -2.640599 -42.662467
6.235226 -2.312011 -43.257685
5.778453 -1.499088 -44.515235
4.967807 -0.729742 -45.793421
3.970336 0.057912 -47.037841
2.882076 1.248979 -48.593371
1.617178 2.503023 -50.170585
0.391965 3.876333 -51.838752
-0.497051 5.453249 -53.689876
-1.140489 6.87094 -55.430684
-1.381461 8.127854 -57.106848
-1.051801 9.228262 -58.59994
-0.510209 10.129075 -59.871516
0.100033 10.878912 -61.115558
0.736026 11.505184 -62.444245
1.295664 11.904932 -63.646571
1.983858 12.147269 -64.878733
2.865259 12.35545 -66.285888
4.065105 12.670497 -68.278667
6.058285 12.202489 -69.84282
8.165761 11.422148 -70.825896
10.127959 10.413961 -71.23376
11.726005 9.184143 -70.710629
13.09414 8.072757 -69.954306
14.216317 7.181765 -69.152278
15.049881 6.409977 -68.044637
15.563315 5.742145 -66.663774
15.923407 5.240043 -65.399954
16.129059 4.830771 -63.970907
16.199311 4.484497 -62.338519
16.244253 4.178413 -60.595938
16.191601 3.895747 -58.702306
16.115747 3.770398 -57.093432
16.018083 3.85476 -55.908173
15.918366 4.124748 -55.265298
15.599857 4.289611 -54.543982
15.147018 4.313634 -53.702865
14.769646 4.239908 -52.877235
14.533719 4.20226 -52.35599
14.456154 4.271201 -52.19054
14.391759 4.311825 -52.042111
14.278641 4.212514 -51.7093
14.217875 4.037133 -51.323168
14.197669 3.821872 -50.971663
14.371264 3.706961 -50.923067
13.590943 4.627934 -51.900405
13.009375 3.965378 -51.100348
12.390888 1.544264 -47.142447
11.545354 -1.455668 -42.813742
10.155604 -4.319654 -39.162517
9.132375 -6.622792 -36.698409
8.470941 -8.775336 -34.340494
8.241334 -10.701728 -32.148258
8.504333 -12.329374 -30.152178
8.997035 -13.657318 -28.330249
9.003467 -14.520912 -27.216924
8.400137 -14.945338 -26.923297
7.64148 -14.866811 -27.249702
7.042171 -13.985886 -28.420944
7.068936 -13.035889 -29.571209
7.13322 -12.540019 -30.018342
6.903496 -12.162435 -30.383104
6.690622 -11.830839 -30.793499
6.720261 -11.489572 -31.239113
6.931947 -10.993922 -31.877735
7.232989 -10.694689 -32.225134
7.449785 -10.60716 -32.326659
7.46112 -10.656141 -32.204907
7.411821 -10.711641 -32.062485
7.3855 -10.74599 -31.905598
7.454046 -10.778457 -31.76527
7.555626 -10.854801 -31.617322
7.635522 -10.940637 -31.470579
7.649058 -10.953181 -31.462052
7.703822 -10.894748 -31.570722
18.631664 13.659443 -89.57439
19.804795 13.773601 -91.534728
20.770673 13.724051 -92.68449
21.709339 13.553462 -93.473194
22.69388 13.205216 -94.027291
23.690326 12.739049 -94.394623
24.519761 12.44418 -94.763725
24.932567 12.480415 -95.057872
24.98597 12.788727 -95.445229
24.627303 13.228285 -95.685247
23.659852 12.420714 -94.315492
22.968143 11.527691 -93.460601
22.670593 10.707985 -93.516952
22.456995 10.0571 -93.822449
22.202342 9.652632 -94.147573
21.82806 9.5245 -94.345497
21.367356 9.694005 -94.604629
20.946831 10.140656 -95.195865
20.57634 10.743962 -96.035531
20.021853 11.344331 -96.388265
19.189573 11.712586 -95.763293
18.106371 11.745465 -94.052349
17.000557 11.31901 -91.442122
16.005527 10.450372 -88.105082
15.223639 9.296205 -84.419686
14.666041 8.054471 -80.762928
14.208095 6.838041 -77.164025
13.729209 5.619303 -73.272359
13.321995 4.320397 -69.160512
13.054442 3.022602 -65.191334
12.9116 1.859709 -61.72362
12.706779 0.918066 -58.683947
12.496215 0.219068 -56.186547
12.454367 -0.21786 -54.590165
12.497741 -0.436102 -53.713589
12.524426 -0.541979 -53.239197
12.4786 -0.670792 -52.740308
12.406754 -0.874784 -52.085945
12.357466 -0.874323 -52.00331
12.031973 -0.771843 -51.875623
11.249663 -0.462671 -51.917568
10.047219 -0.314766 -51.356652
7.895921 -0.53082 -49.660705
6.162929 -1.514534 -47.068459
5.879991 -3.26731 -44.068177
5.878952 -4.707349 -41.888367
5.238088 -5.535316 -40.862098
4.604569 -5.824555 -40.847237
4.193324 -5.915159 -41.004997
3.966981 -5.681186 -41.369272
3.909264 -4.97994 -42.083807
4.038706 -4.178477 -42.79231
4.13205 -3.535439 -43.332259
4.241377 -3.182949 -43.626171
4.489999 -3.3369 -43.354546
4.937747 -3.619908 -42.941044
5.485692 -3.908208 -42.456024
6.023184 -4.199931 -41.881927
6.450712 -4.599483 -41.083125
6.798536 -5.067514 -40.185357
7.060688 -5.586605 -39.211682
