18.054155 -4.947363 -74.97504
17.974395 -4.529038 -75.526044
17.607338 -4.180709 -75.598097
17.119586 -3.726998 -75.967151
16.42823 -2.842374 -77.02698
15.428244 -0.964563 -79.847346
14.712998 0.985971 -82.93303
14.338019 2.998853 -86.300382
14.098689 4.951069 -89.450217
13.741723 6.685952 -91.898898
12.922542 8.12055 -93.043708
11.607199 9.282948 -93.213676
9.994619 10.329757 -93.033558
8.290341 11.240669 -92.619513
6.461221 11.831964 -91.567684
4.658604 12.048841 -90.000728
2.916854 11.899077 -88.010945
1.125912 11.461834 -85.699763
-0.676172 10.879664 -83.358761
-2.379114 10.24086 -81.243715
-3.897454 9.595467 -79.391209
-5.162215 8.910599 -77.757552
-5.759336 8.258598 -76.663132
-5.760449 7.690622 -75.898781
-5.641026 7.102956 -75.032865
-5.627477 6.282956 -73.798514
-5.902204 5.237569 -72.267284
-6.52984 4.11193 -70.546296
-6.984373 2.928317 -68.70521
-6.836512 -1.996921 -62.680819
-6.195988 -2.431311 -61.700551
-4.928527 -2.916902 -60.927456
-3.926355 -2.949411 -60.496372
-2.733585 -3.109334 -60.011553
-1.463718 -3.168629 -59.631304
-0.529628 -3.263926 -59.151477
0.440466 -3.064525 -59.019031
1.304079 -2.519578 -59.325502
2.25875 -2.162732 -59.437934
3.195026 -2.062238 -59.267709
3.375977 -2.123622 -58.730453
3.35293 -1.823178 -58.63235
3.565135 -1.865733 -58.191841
3.692925 -0.602885 -57.902092
3.029163 -0.256937 -57.647842
2.256289 -0.013019 -57.376887
1.626111 0.386873 -57.301699
1.134924 0.89231 -57.479581
0.973223 1.486554 -57.756851
0.947719 2.115371 -58.154422
0.966292 2.644717 -58.556841
1.696115 3.214413 -59.230403
3.073091 3.87208 -60.241002
4.482958 4.557704 -61.383878
5.88953 5.292444 -62.673134
7.077548 5.147566 -62.614829
7.712031 4.79674 -61.878679
8.646569 5.349754 -62.648655
10.735524 6.359018 -64.740327
13.507809 7.433306 -67.600011
16.634253 8.914724 -72.18667
20.255903 10.878849 -79.247504
24.326059 12.993516 -89.089586
28.717923 14.889888 -102.310652
33.242151 16.139068 -119.747326
38.009762 16.61149 -142.468416
43.236732 17.218291 -171.260686
48.951622 20.01126 154.514009
55.130574 27.426681 118.612571
61.588403 30.473224 86.308091
68.024249 22.054504 60.668915
74.111695 15.462179 41.799711
79.538262 10.581102 28.407032
84.176131 5.887137 19.051064
87.925941 0.611576 12.585434
90.574903 -5.714867 8.38353
92.079946 -13.480929 5.849959
92.616318 -22.868901 4.134796
91.971227 -33.301356 2.572985
88.822569 -42.59213 -1.377654
-80.195694 -43.084878 -172.516678
-82.53722 -4.900371 178.168492
-70.083234 38.60698 161.55526
7.104634 43.798196 80.699175
46.691347 40.3407 37.426119
51.702481 35.208507 28.720115
51.113279 30.114945 25.571157
48.892664 25.604548 24.152912
46.261181 21.611446 23.423465
43.531952 18.122369 23.139895
40.883155 15.234056 23.144659
38.380363 12.963311 23.264475
36.009888 11.141787 23.484771
33.859129 9.789531 23.756038
32.024902 8.637391 24.066523
30.339923 7.56664 24.301977
28.782636 6.73477 24.508582
27.361677 6.072907 24.743608
26.034706 5.544761 25.019475
24.830072 5.067027 25.271055
23.63611 4.673185 25.588195
22.557129 4.319274 25.851872
21.60833 3.938055 26.04756
20.757113 3.552875 26.344059
20.081659 3.21737 26.617671
19.528987 2.962845 26.963312
19.016278 2.865855 27.262596
18.696771 2.877524 27.501107
18.47225 2.994465 27.700503
18.298088 3.120448 27.845342
18.138597 3.157751 28.053701
17.963268 3.099142 28.311357
17.821723 2.93371 28.580236
17.679488 2.765594 28.903545
17.586377 2.619503 29.261103
17.582375 2.490584 29.593375
17.545834 2.417952 29.871408
17.428884 2.351051 30.129658
17.217275 2.391979 30.308308
16.982821 2.50592 30.396494
16.7062 2.68267 30.468319
16.437963 2.901458 30.51945
16.211127 3.086793 30.640087
16.017473 3.173903 30.908745
15.895345 3.202427 31.142488
15.806337 3.162497 31.404107
15.747956 3.098104 31.792572
15.699647 3.034075 32.170546
15.651115 2.986391 32.423934
15.512669 2.941675 32.639616
15.361376 2.956865 32.899775
15.229276 2.992185 33.094445
15.167434 3.014388 33.312023
15.177165 3.001652 33.537991
15.276715 2.979323 33.705312
15.424558 2.991134 33.892533
15.631575 3.025243 34.091278
15.849502 3.047714 34.182339
16.066648 3.096491 34.335239
16.226989 3.088587 34.453907
16.399755 3.0533 34.497936
16.499409 3.075031 34.619046
16.570825 3.063753 34.690702
16.61072 3.059516 34.852017
16.660185 3.065293 34.92042
16.688617 3.075985 35.05908
16.745168 3.112914 35.159448
16.802638 3.137491 35.272927
16.87003 3.155891 35.397786
16.967942 3.173021 35.51137
17.037703 3.150291 35.656918
17.077004 3.128865 35.823004
17.125945 3.130979 35.981437
17.145366 3.121957 36.144303
17.175294 3.110726 36.277778
17.162232 3.141432 36.401348
17.160121 3.153654 36.520331
17.159495 3.137295 36.598382
17.167376 3.150092 36.66716
17.223712 3.20107 36.702473
17.218981 3.267659 36.765184
17.216286 3.295915 36.799057
17.1146 3.292547 36.906182
16.92616 3.239361 36.960166
16.616179 3.20072 37.044687
16.237937 3.135104 37.087967
15.645992 3.109295 37.068413
14.789477 3.150219 36.971615
13.77759 3.260574 36.757366
12.529313 3.445017 36.504493
11.005895 3.679085 36.207699
9.204168 4.001527 35.870181
7.170378 4.445869 35.447589
4.823198 5.004546 35.048619
2.028464 5.575788 34.584233
-1.261714 6.20258 34.07971
-4.906578 7.013392 33.561212
-8.804284 8.008084 33.048463
-12.892076 9.103421 32.703473
-16.925443 10.304794 32.698276
-20.904118 11.393768 32.985648
-24.790372 12.382293 33.704829
-28.435219 13.126755 34.73519
-31.90263 13.58849 36.169298
-35.148144 13.743678 37.951184
-38.106393 13.60591 39.942755
-40.812803 13.234452 42.425053
-43.186293 12.563661 45.593296
-45.118984 11.38541 49.23234
-46.540125 9.607797 53.37486
-47.398286 7.176527 58.100038
-47.762684 3.958191 63.413365
-47.743713 -0.119031 69.623712
-47.318957 -5.025857 77.657566
-46.49319 -10.601221 90.032984
-45.416861 -15.50705 115.817279
-45.357969 -15.597577 -153.044085
-42.745114 -23.889431 -8.488457
-37.264667 -26.423773 39.531646
-30.003425 -30.568659 66.03533
-19.959398 -33.571354 89.020282
-7.264602 -34.63422 111.725003
6.150845 -33.228016 134.846706
17.785044 -28.947518 156.740805
25.300285 -21.354088 176.866295
28.412719 -11.251187 -164.207584
27.720653 -1.325994 -146.080045
24.787877 6.271717 -128.951351
20.937075 10.696453 -113.128343
17.708923 12.604702 -100.227997
15.40813 13.32052 -89.999227
13.799511 13.295102 -81.429259
13.079212 12.70577 -74.73368
13.069981 12.127704 -70.141647
13.217019 11.664895 -66.806274
12.920283 11.397226 -64.087511
12.24162 11.399942 -62.010911
11.804278 11.420278 -60.68661
11.896336 11.392061 -59.809743
12.030829 11.251607 -58.73365
11.828079 10.946351 -57.339871
11.355226 10.312609 -55.416248
10.608915 9.784839 -53.707065
9.737524 9.170152 -51.977583
8.832354 8.598382 -50.425457
7.947053 8.170125 -49.318562
7.285496 8.144424 -49.121081
6.970827 8.39845 -49.555717
6.578826 8.648864 -50.063969
5.884456 8.731073 -50.272353
5.480214 8.665721 -50.498157
5.013538 8.640103 -50.523762
4.24505 8.467183 -50.371806
3.354471 7.935424 -49.642277
2.764225 7.128628 -48.826686
2.38426 6.309462 -48.130319
2.444778 5.375977 -47.442029
3.372606 4.789113 -47.349623
4.466248 4.736853 -47.717065
5.403828 4.780342 -48.129434
6.246671 4.938774 -48.563881
5.903308 4.938426 -48.317234
5.502433 3.244938 -46.50126
6.149986 1.839344 -45.222286
5.738594 1.542657 -45.020409
5.560494 0.736853 -44.298276
6.393857 -0.226387 -43.426784
7.138491 -0.683834 -43.095862
7.406747 -0.461352 -43.37649
7.555279 -0.481856 -43.317826
7.462993 -0.651621 -43.165197
7.384356 -1.107687 -42.802084
7.412002 -1.54273 -42.418245
8.17224 -1.75808 -42.390414
9.234263 -2.087928 -42.255343
9.99449 -2.283904 -42.0819
10.645794 -2.284862 -42.069232
11.2798 -2.265422 -42.104802
11.52844 -2.179572 -42.196814
11.501334 -1.99163 -42.434357
11.401808 -1.824617 -42.824723
11.285088 -1.797305 -43.017213
10.963967 -1.863794 -42.999696
10.404365 -1.890448 -43.15518
9.710049 -1.507632 -43.911844
8.877653 -1.565292 -44.159818
8.21902 -2.06942 -43.846533
7.724961 -2.563191 -43.484606
7.045393 -2.577383 -43.583615
6.367334 -2.17975 -44.233268
5.952921 -1.456826 -45.33795
6.297831 -0.407916 -46.782882
7.046001 0.875207 -48.479875
7.675747 2.380993 -50.376296
8.048878 3.800372 -52.204334
8.575815 4.974992 -53.752871
9.002909 5.934572 -54.928446
9.177161 6.664075 -55.659026
9.094851 6.963889 -55.776805
9.109518 7.24229 -55.740101
8.91794 7.234383 -55.289989
8.56843 6.76507 -54.269967
8.158151 5.935217 -52.824024
7.560847 5.139473 -51.655522
7.430226 4.584456 -51.002892
7.587303 3.92989 -50.126714
7.957575 3.089923 -48.860591
8.3967 1.921987 -47.086863
8.755521 0.649903 -44.915811
9.126141 -0.51129 -42.768339
9.449272 -1.543737 -40.851909
9.656116 -2.499576 -39.030368
9.886333 -3.377157 -37.399535
10.019891 -4.163304 -35.974661
10.067346 -4.786682 -34.978425
10.145932 -4.850408 -34.857357
10.293157 -4.606469 -35.15607
10.45013 -4.226064 -35.579812
10.631599 -3.895387 -35.870894
10.758462 -3.629072 -36.102503
10.741815 -3.489172 -36.212986
10.619906 -3.349941 -36.369279
10.466286 -3.158705 -36.533223
10.229053 -2.882168 -36.719899
10.039406 -2.579339 -36.82882
10.056893 -2.272473 -36.931902
10.382872 -2.005421 -37.059384
10.873838 -1.829022 -37.108158
11.467821 -1.635959 -37.316487
12.02194 -1.35872 -37.702923
12.531222 -1.087141 -38.175699
13.070189 -0.941703 -38.530663
13.561463 -0.855146 -38.923636
13.995293 -0.078492 -40.512519
14.582754 -1.184396 -39.253585
14.243939 -3.201837 -36.110191
12.455064 -5.940284 -32.153411
10.98853 -8.367479 -29.233623
10.356272 -10.467665 -26.767112
10.819328 -11.319251 -25.883776
10.524117 -11.674267 -25.870424
9.020874 -12.122045 -25.673817
7.489409 -12.272276 -25.808695
6.333189 -11.95067 -26.526377
5.968642 -11.959107 -26.894269
5.793159 -12.100039 -26.973935
5.738905 -12.030259 -27.363858
6.240162 -11.702685 -28.247707
7.179775 -11.622258 -28.89265
8.055017 -11.737142 -29.201037
9.282147 -11.817206 -29.348122
10.876545 -11.59869 -29.895478
11.903009 -11.307399 -30.814334
12.938452 -11.178254 -31.574225
13.915206 -11.206132 -32.024363
11.403187 8.482379 -67.994266
12.660767 10.099378 -73.229928
14.140888 11.465455 -78.253933
15.710109 12.543159 -82.815442
17.228754 13.280981 -86.63982
18.631664 13.659443 -89.57439
19.804795 13.773601 -91.534728
20.770673 13.724051 -92.68449
21.709339 13.553462 -93.473194
22.69388 13.205216 -94.027291
23.690326 12.739049 -94.394623
24.519761 12.44418 -94.763725
24.932567 12.480415 -95.057872
24.98597 12.788727 -95.445229
24.627303 13.228285 -95.685247
23.659852 12.420714 -94.315492
22.968143 11.527691 -93.460601
22.670593 10.707985 -93.516952
22.456995 10.0571 -93.822449
22.202342 9.652632 -94.147573
21.82806 9.5245 -94.345497
21.367356 9.694005 -94.604629
20.946831 10.140656 -95.195865
20.57634 10.743962 -96.035531
20.021853 11.344331 -96.388265
19.189573 11.712586 -95.763293
18.106371 11.745465 -94.052349
17.000557 11.31901 -91.442122
16.005527 10.450372 -88.105082
15.223639 9.296205 -84.419686
14.666041 8.054471 -80.762928
14.208095 6.838041 -77.164025
13.729209 5.619303 -73.272359
13.321995 4.320397 -69.160512
13.054442 3.022602 -65.191334
12.9116 1.859709 -61.72362
12.706779 0.918066 -58.683947
12.496215 0.219068 -56.186547
12.454367 -0.21786 -54.590165
12.497741 -0.436102 -53.713589
12.524426 -0.541979 -53.239197
12.4786 -0.670792 -52.740308
12.406754 -0.874784 -52.085945
12.357466 -0.874323 -52.00331
12.031973 -0.771843 -51.875623
11.249663 -0.462671 -51.917568
10.047219 -0.314766 -51.356652
7.895921 -0.53082 -49.660705
6.162929 -1.514534 -47.068459
5.879991 -3.26731 -44.068177
5.878952 -4.707349 -41.888367
5.238088 -5.535316 -40.862098
4.604569 -5.824555 -40.847237
4.193324 -5.915159 -41.004997
3.966981 -5.681186 -41.369272
3.909264 -4.97994 -42.083807
4.038706 -4.178477 -42.79231
4.13205 -3.535439 -43.332259
4.241377 -3.182949 -43.626171
4.489999 -3.3369 -43.354546
4.937747 -3.619908 -42.941044
5.485692 -3.908208 -42.456024
6.023184 -4.199931 -41.881927
6.450712 -4.599483 -41.083125
6.798536 -5.067514 -40.185357
7.060688 -5.586605 -39.211682
