7.480000 53.509998 57.200001 4.550000 -30.170000 0.000000 2038.000000 -202.000000 2209.000000 -895.000000 -1862.000000 2564.000000 
8.640000 52.540001 55.830002 3.530000 -29.639999 0.000000 1943.000000 -454.000000 2721.000000 -680.000000 -1737.000000 2327.000000 
9.630000 51.430000 54.180000 2.380000 -29.049999 0.000000 1725.000000 -533.000000 2938.000000 -432.000000 -1846.000000 2274.000000 
10.830000 49.990002 52.610001 1.150000 -28.400000 0.000000 1703.000000 -615.000000 2908.000000 -421.000000 -1858.000000 2157.000000 
11.630000 48.700001 50.660000 -0.110000 -28.360001 0.000000 1736.000000 -637.000000 2864.000000 -710.000000 -1990.000000 1645.000000 
11.770000 47.459999 48.200001 -1.430000 -28.600000 0.000000 1910.000000 -711.000000 2739.000000 -1288.000000 -2462.000000 1604.000000 
11.300000 46.220001 45.389999 -2.670000 -29.209999 0.000000 2421.000000 -761.000000 2843.000000 -1499.000000 -3071.000000 1963.000000 
10.320000 44.830002 42.360001 -4.100000 -30.070000 0.000000 2908.000000 -1113.000000 3446.000000 -1979.000000 -3748.000000 2349.000000 
9.320000 43.750000 39.369999 -5.760000 -30.959999 0.000000 3000.000000 -1556.000000 4388.000000 -2642.000000 -4223.000000 2705.000000 
8.540000 43.160000 36.660000 -7.180000 -31.760000 0.000000 2403.000000 -1851.000000 5226.000000 -3066.000000 -4316.000000 2675.000000 
8.150000 43.009998 34.320000 -8.230000 -32.290001 0.000000 1576.000000 -1996.000000 5773.000000 -3494.000000 -3922.000000 2089.000000 
8.140000 43.070000 32.360001 -8.860000 -32.540001 0.000000 646.000000 -1863.000000 5804.000000 -3288.000000 -3238.000000 1298.000000 
8.400000 43.150002 30.709999 -9.180000 -32.560001 0.000000 25.000000 -1643.000000 4987.000000 -2929.000000 -2692.000000 767.000000 
8.690000 43.110001 29.280001 -9.320000 -32.540001 0.000000 -195.000000 -1317.000000 3832.000000 -2275.000000 -2303.000000 584.000000 
8.740000 42.910000 27.850000 -9.590000 -32.650002 0.000000 5.000000 -1156.000000 2897.000000 -1583.000000 -2117.000000 460.000000 
8.420000 42.520000 26.230000 -10.150000 -32.950001 0.000000 22.000000 -1228.000000 2490.000000 -1113.000000 -2138.000000 412.000000 
7.790000 41.959999 24.500000 -11.390000 -33.349998 0.000000 55.000000 -1657.000000 2932.000000 -1079.000000 -2202.000000 347.000000 
6.760000 41.290001 22.559999 -12.960000 -33.820000 0.000000 261.000000 -1927.000000 3377.000000 -1138.000000 -2457.000000 256.000000 
4.710000 40.330002 20.139999 -14.790000 -34.480000 0.000000 538.000000 -2151.000000 4026.000000 -1192.000000 -2826.000000 291.000000 
2.340000 39.310001 17.690001 -16.680000 -35.369999 0.000000 758.000000 -2309.000000 4725.000000 -1893.000000 -3366.000000 686.000000 
-0.180000 38.360001 15.350000 -18.459999 -36.500000 0.000000 862.000000 -2384.000000 5417.000000 -2163.000000 -3870.000000 1208.000000 
-2.730000 37.470001 13.210000 -19.940001 -37.669998 0.000000 879.000000 -2280.000000 5650.000000 -2570.000000 -3846.000000 1205.000000 
-5.260000 36.680000 11.290000 -21.030001 -38.939999 0.000000 1176.000000 -2118.000000 5503.000000 -2422.000000 -4206.000000 1786.000000 
-7.710000 35.950001 9.660000 -21.719999 -40.209999 0.000000 1659.000000 -1992.000000 5212.000000 -2599.000000 -4377.000000 2087.000000 
-10.080000 35.450001 8.200000 -22.020000 -41.570000 0.000000 1945.000000 -1761.000000 4937.000000 -2257.000000 -3937.000000 1413.000000 
-12.340000 35.150002 6.890000 -22.150000 -43.110001 0.000000 1927.000000 -1732.000000 4503.000000 -1497.000000 -4078.000000 2228.000000 
-14.430000 34.990002 5.720000 -22.240000 -44.570000 0.000000 1727.000000 -1589.000000 3793.000000 -1140.000000 -4063.000000 2692.000000 
-16.260000 34.980000 4.700000 -22.510000 -45.919998 0.000000 1479.000000 -1511.000000 3133.000000 -1035.000000 -3879.000000 2591.000000 
-17.820000 34.880001 3.870000 -23.370001 -47.029999 0.000000 1284.000000 -1486.000000 2466.000000 -1137.000000 -3785.000000 2517.000000 
-19.260000 34.410000 3.180000 -24.540001 -47.980000 0.000000 1332.000000 -1659.000000 2072.000000 -751.000000 -3726.000000 2399.000000 
-20.530001 33.360001 2.560000 -25.840000 -48.919998 0.000000 1646.000000 -1804.000000 2260.000000 -756.000000 -3442.000000 1872.000000 
-21.350000 31.910000 2.220000 -27.170000 -49.759998 0.000000 1864.000000 -1952.000000 3017.000000 -169.000000 -3277.000000 1885.000000 
-21.820000 30.430000 2.050000 -27.530001 -50.360001 0.000000 2027.000000 -2007.000000 3807.000000 -180.000000 -3445.000000 2282.000000 
-22.070000 29.110001 1.960000 -27.750000 -50.660000 0.000000 2052.000000 -2027.000000 4369.000000 -226.000000 -3669.000000 2781.000000 
-22.309999 27.990000 1.860000 -27.850000 -50.900002 0.000000 2235.000000 -1959.000000 3742.000000 -346.000000 -3705.000000 2738.000000 
-22.440001 27.070000 1.790000 -28.680000 -51.259998 0.000000 2323.000000 -1948.000000 2761.000000 -664.000000 -3768.000000 2582.000000 
-22.180000 26.730000 1.920000 -29.969999 -51.759998 0.000000 2725.000000 -2961.000000 2407.000000 -547.000000 -3938.000000 2531.000000 
-22.459999 26.049999 1.920000 -31.190001 -52.139999 0.000000 2190.000000 -2110.000000 2356.000000 -590.000000 -3700.000000 2501.000000 
-23.500000 25.490000 1.690000 -32.549999 -52.849998 0.000000 1557.000000 -2305.000000 2680.000000 -264.000000 -3616.000000 1932.000000 
-23.230000 24.700001 2.040000 -33.840000 -53.570000 0.000000 2064.000000 -2274.000000 2717.000000 -162.000000 -3522.000000 1857.000000 
-24.150000 24.440001 1.850000 -34.270000 -54.160000 0.000000 2165.000000 -2467.000000 3317.000000 -163.000000 -3888.000000 2245.000000 
-24.400000 23.280001 1.880000 -34.439999 -54.919998 0.000000 1712.000000 -610.000000 6628.000000 -119.000000 -4068.000000 2307.000000 
-24.350000 22.410000 1.990000 -35.049999 -55.020000 0.000000 3596.000000 -2698.000000 2032.000000 2422.000000 -5658.000000 5383.000000 
-24.299999 22.280001 1.850000 -35.610001 -55.639999 0.000000 3592.000000 -3036.000000 2785.000000 496.000000 -3613.000000 895.000000 
-24.410000 22.040001 1.830000 -36.259998 -57.220001 0.000000 3921.000000 -3939.000000 3605.000000 -843.000000 -3820.000000 260.000000 
-24.340000 22.240000 1.690000 -37.279999 -58.820000 0.000000 1712.000000 -2746.000000 2235.000000 195.000000 -3194.000000 1658.000000 
-24.920000 23.740000 1.390000 -37.230000 -59.820000 0.000000 1569.000000 -2091.000000 2872.000000 1842.000000 -4114.000000 3963.000000 
-25.330000 24.790001 1.260000 -37.060001 -60.250000 0.000000 2555.000000 -2201.000000 2807.000000 -240.000000 -4043.000000 2470.000000 
-24.790001 24.370001 1.510000 -36.700001 -61.810001 0.000000 3290.000000 -2364.000000 3517.000000 -900.000000 -4050.000000 1401.000000 
-24.190001 24.250000 1.740000 -36.470001 -63.810001 0.000000 -1366.000000 -787.000000 2791.000000 -1193.000000 -3467.000000 969.000000 
-23.660000 25.030001 2.160000 -35.759998 -65.570000 0.000000 1980.000000 -1833.000000 2877.000000 554.000000 -3309.000000 1993.000000 
-24.629999 25.900000 1.910000 -34.930000 -66.860001 0.000000 1862.000000 -1747.000000 3258.000000 738.000000 -4942.000000 3572.000000 
-25.590000 25.959999 1.630000 -35.270000 -67.860001 0.000000 2479.000000 -2374.000000 2240.000000 267.000000 -3785.000000 1552.000000 
-24.910000 25.900000 1.960000 -35.150002 -69.089996 0.000000 2417.000000 -2380.000000 2945.000000 -372.000000 -4117.000000 1261.000000 
-24.980000 26.770000 2.010000 -34.490002 -70.290001 0.000000 2084.000000 -2202.000000 2987.000000 -582.000000 -4259.000000 1041.000000 
-25.160000 27.770000 2.050000 -34.580002 -71.339996 0.000000 3493.000000 -2595.000000 3163.000000 -624.000000 -4100.000000 1110.000000 
-25.040001 28.459999 2.560000 -34.279999 -72.550003 0.000000 2030.000000 -2456.000000 3074.000000 -400.000000 -4369.000000 1007.000000 
-25.100000 28.680000 3.210000 -33.660000 -73.800003 0.000000 2311.000000 -2453.000000 3273.000000 -436.000000 -4186.000000 937.000000 
-25.000000 29.309999 3.800000 -33.169998 -75.360001 0.000000 2186.000000 -2376.000000 3013.000000 -759.000000 -3667.000000 258.000000 
-24.809999 30.200001 4.260000 -32.799999 -76.589996 0.000000 2033.000000 -2191.000000 2736.000000 -897.000000 -3609.000000 378.000000 
-24.270000 30.520000 5.190000 -32.250000 -77.370003 0.000000 520.000000 -1809.000000 2703.000000 -89.000000 -4054.000000 687.000000 
-24.760000 30.620001 5.730000 -32.400002 -78.099998 0.000000 1825.000000 -2214.000000 2807.000000 -365.000000 -3308.000000 397.000000 
-24.500000 30.540001 6.610000 -32.529999 -78.559998 0.000000 1880.000000 -2272.000000 2932.000000 -203.000000 -3612.000000 588.000000 
-24.059999 30.709999 7.450000 -32.810001 -78.889999 0.000000 1724.000000 -2250.000000 2712.000000 -342.000000 -3761.000000 723.000000 
-24.020000 30.610001 8.170000 -33.049999 -79.440002 0.000000 1895.000000 -2238.000000 2715.000000 -665.000000 -3911.000000 512.000000 
-23.879999 30.879999 8.710000 -33.150002 -80.110001 0.000000 1842.000000 -2271.000000 2974.000000 -1742.000000 -4525.000000 586.000000 
-23.469999 30.389999 9.460000 -33.299999 -80.629997 0.000000 1959.000000 -2257.000000 2910.000000 -1358.000000 -4297.000000 426.000000 
-23.160000 30.850000 10.180000 -32.560001 -80.989998 0.000000 1901.000000 -2240.000000 3763.000000 -1743.000000 -4016.000000 318.000000 
-23.740000 31.340000 10.280000 -33.240002 -81.470001 0.000000 2126.000000 -2439.000000 -564.000000 -2577.000000 -5349.000000 -213.000000 
-23.900000 32.119999 10.570000 -34.080002 -82.330002 0.000000 875.000000 -2083.000000 2145.000000 -2121.000000 -2780.000000 -771.000000 
-24.490000 31.389999 10.720000 -33.970001 -82.129997 0.000000 3022.000000 -1904.000000 6089.000000 2482.000000 -5609.000000 1081.000000 
-24.190001 30.780001 11.240000 -34.590000 -81.959999 0.000000 3894.000000 -2814.000000 3468.000000 -977.000000 -3213.000000 57.000000 
-24.240000 31.870001 11.350000 -34.520000 -82.309998 0.000000 1140.000000 -2250.000000 3030.000000 -912.000000 -4003.000000 334.000000 
-25.100000 32.570000 11.090000 -34.919998 -82.559998 0.000000 1394.000000 -2188.000000 2645.000000 -859.000000 -3605.000000 -122.000000 
-25.799999 32.700001 11.020000 -34.840000 -82.239998 0.000000 1795.000000 -2288.000000 3205.000000 -1041.000000 -3834.000000 264.000000 
-25.930000 33.009998 11.300000 -35.270000 -82.000000 0.000000 2551.000000 -2392.000000 2717.000000 -1591.000000 -4154.000000 59.000000 
-26.139999 33.720001 11.410000 -35.740002 -81.629997 0.000000 1996.000000 -2600.000000 2807.000000 -624.000000 -3869.000000 268.000000 
-25.469999 34.310001 12.000000 -36.189999 -81.199997 0.000000 2112.000000 -2783.000000 2823.000000 -70.000000 -4343.000000 332.000000 
-25.450001 34.259998 12.210000 -36.730000 -80.690002 0.000000 1949.000000 -2701.000000 2564.000000 -1206.000000 -3833.000000 479.000000 
-24.340000 33.779999 13.380000 -37.209999 -80.199997 0.000000 2154.000000 -2640.000000 2503.000000 -687.000000 -3806.000000 370.000000 
-23.030001 32.910000 14.320000 -37.240002 -79.699997 0.000000 2325.000000 -2583.000000 3082.000000 -929.000000 -3625.000000 373.000000 
-22.290001 31.969999 14.790000 -36.799999 -79.680000 0.000000 2383.000000 -2398.000000 3349.000000 -1448.000000 -2574.000000 -672.000000 
-21.870001 32.070000 15.230000 -36.720001 -79.709999 0.000000 -1012.000000 -2402.000000 4324.000000 -1005.000000 -2929.000000 114.000000 
-22.559999 32.360001 15.100000 -36.830002 -79.879997 0.000000 2477.000000 -2646.000000 2852.000000 -481.000000 -3882.000000 277.000000 
-22.799999 33.060001 15.120000 -36.860001 -80.070000 0.000000 920.000000 -2587.000000 2901.000000 -688.000000 -4483.000000 330.000000 
-23.389999 33.389999 14.870000 -36.400002 -80.269997 0.000000 1556.000000 -2630.000000 3619.000000 -2357.000000 -4575.000000 -53.000000 
-24.030001 33.840000 14.670000 -36.400002 -80.430000 0.000000 2589.000000 -2845.000000 3425.000000 -2325.000000 -5613.000000 -215.000000 
-24.379999 34.669998 14.710000 -35.939999 -80.680000 0.000000 1854.000000 -2699.000000 3706.000000 -2304.000000 -4027.000000 -659.000000 
-24.410000 35.810001 15.060000 -35.150002 -80.839996 0.000000 2017.000000 -2766.000000 3878.000000 -3434.000000 -5681.000000 -467.000000 
-24.709999 36.869999 15.390000 -34.040001 -80.800003 0.000000 2084.000000 -2616.000000 4773.000000 -2873.000000 -5000.000000 -448.000000 
-25.049999 37.919998 15.800000 -32.689999 -80.519997 0.000000 2274.000000 -2706.000000 5010.000000 -2538.000000 -4882.000000 -212.000000 
-25.240000 39.320000 16.299999 -31.110001 -80.120003 0.000000 2378.000000 -2786.000000 5127.000000 -1619.000000 -4067.000000 -271.000000 
-25.370001 41.080002 16.860001 -29.549999 -79.470001 0.000000 2189.000000 -2764.000000 4847.000000 -2028.000000 -4325.000000 119.000000 
-25.700001 42.919998 17.280001 -27.879999 -78.519997 0.000000 2068.000000 -2650.000000 4854.000000 -2341.000000 -4180.000000 248.000000 
-25.830000 45.160000 17.790001 -26.330000 -77.250000 0.000000 1650.000000 -2479.000000 4362.000000 -2070.000000 -3610.000000 173.000000 
-25.950001 47.540001 18.350000 -25.010000 -76.180000 0.000000 2036.000000 -2184.000000 3811.000000 -1426.000000 -3894.000000 -1394.000000 
-26.120001 49.860001 18.950001 -23.629999 -73.470001 0.000000 627.000000 -1959.000000 3082.000000 -1485.000000 -3282.000000 810.000000 
-26.260000 51.959999 19.600000 -22.129999 -70.440002 0.000000 253.000000 -1740.000000 3224.000000 -2195.000000 -2663.000000 139.000000 
-26.360001 53.939999 20.250000 -20.510000 -67.279999 0.000000 845.000000 -1546.000000 3496.000000 -1744.000000 -2312.000000 -139.000000 
-26.360001 55.849998 21.020000 -18.990000 -64.300003 0.000000 1645.000000 -1575.000000 3908.000000 -2079.000000 -2470.000000 -296.000000 
-26.070000 57.840000 22.080000 -17.559999 -61.990002 0.000000 2159.000000 -1543.000000 4084.000000 -1819.000000 -2164.000000 -910.000000 
-25.750000 59.970001 23.180000 -15.940000 -60.910000 0.000000 2676.000000 -1429.000000 4405.000000 -2166.000000 -2021.000000 -345.000000 
-26.190001 62.290001 23.620001 -14.300000 -61.029999 0.000000 2415.000000 -1344.000000 4461.000000 -2601.000000 -1903.000000 -143.000000 
-26.870001 64.800003 23.870001 -12.790000 -61.840000 0.000000 1969.000000 -1206.000000 3791.000000 -2640.000000 -2308.000000 154.000000 
-27.770000 67.379997 23.889999 -11.170000 -62.980000 0.000000 1928.000000 -1048.000000 3567.000000 -3143.000000 -2343.000000 160.000000 
-29.639999 69.849998 23.049999 -9.510000 -64.379997 0.000000 1882.000000 -850.000000 2802.000000 -3002.000000 -2095.000000 70.000000 
-31.830000 72.220001 21.900000 -7.830000 -66.059998 0.000000 1868.000000 -613.000000 3108.000000 -2930.000000 -2002.000000 -235.000000 
-34.779999 74.269997 19.990000 -6.260000 -67.309998 0.000000 2119.000000 -518.000000 2983.000000 -3927.000000 -2301.000000 914.000000 
-39.189999 76.150002 16.639999 -4.580000 -68.379997 0.000000 -317.000000 -99.000000 2292.000000 315.000000 -4274.000000 3088.000000 
-43.310001 77.730003 13.500000 -3.060000 -70.080002 0.000000 2339.000000 -95.000000 3039.000000 -2973.000000 -2540.000000 1074.000000 
-46.840000 79.110001 10.940000 -2.030000 -70.930000 0.000000 1094.000000 -178.000000 2563.000000 -1750.000000 -1956.000000 1185.000000 
-52.599998 80.449997 6.180000 -1.110000 -72.940002 0.000000 1962.000000 -237.000000 3362.000000 -2886.000000 -2376.000000 583.000000 
-59.160000 81.510002 0.650000 -0.340000 -75.099998 0.000000 1718.000000 -164.000000 3858.000000 -2936.000000 -2090.000000 456.000000 
-69.040001 82.500000 -8.200000 0.430000 -77.279999 0.000000 1497.000000 -83.000000 3729.000000 -3198.000000 -2343.000000 655.000000 
-82.099998 83.260002 -20.260000 1.310000 -79.559998 0.000000 1667.000000 -115.000000 3714.000000 -2962.000000 -2039.000000 447.000000 
-99.150002 83.699997 -36.730000 2.240000 -81.440002 0.000000 1435.000000 -50.000000 3453.000000 -3246.000000 -1897.000000 567.000000 
-109.419998 83.610001 -46.259998 3.320000 -82.580002 0.000000 2828.000000 -193.000000 3033.000000 -2634.000000 -1878.000000 650.000000 
-119.940002 83.529999 -56.259998 4.150000 -82.650002 0.000000 2272.000000 -210.000000 2853.000000 -2523.000000 -2456.000000 1088.000000 
-127.970001 83.080002 -63.680000 4.670000 -82.589996 0.000000 1783.000000 -108.000000 3230.000000 -2369.000000 -3017.000000 828.000000 
-131.419998 82.279999 -66.480003 4.830000 -82.949997 0.000000 1134.000000 -48.000000 3268.000000 -3004.000000 -2978.000000 924.000000 
-131.380005 81.459999 -65.779999 5.090000 -84.040001 0.000000 1887.000000 -170.000000 3249.000000 -3441.000000 -2649.000000 445.000000 
-130.110001 80.839996 -63.889999 5.330000 -85.169998 0.000000 2114.000000 -95.000000 3616.000000 -3186.000000 -2543.000000 152.000000 
-128.970001 80.480003 -62.250000 5.520000 -86.169998 0.000000 2396.000000 -99.000000 3821.000000 -3084.000000 -2217.000000 -3.000000 
-127.820000 80.040001 -60.709999 5.630000 -86.660004 0.000000 2235.000000 -41.000000 3513.000000 -2687.000000 -2455.000000 393.000000 
-126.760002 79.629997 -59.349998 5.560000 -87.070000 0.000000 2093.000000 -23.000000 3554.000000 -2389.000000 -2717.000000 510.000000 
-125.580002 79.220001 -58.029999 5.300000 -87.660004 0.000000 2427.000000 -161.000000 3962.000000 -2632.000000 -2804.000000 519.000000 
-124.809998 78.529999 -57.310001 4.980000 -88.669998 0.000000 2791.000000 -189.000000 4511.000000 -3177.000000 -2876.000000 331.000000 
-124.900002 77.849998 -57.709999 4.640000 -89.959999 0.000000 2755.000000 -177.000000 4646.000000 -3310.000000 -2687.000000 254.000000 
-125.879997 77.199997 -59.099998 4.160000 -91.839996 0.000000 2298.000000 -193.000000 4997.000000 -3164.000000 -2393.000000 -8.000000 
-128.309998 76.809998 -62.040001 3.630000 -94.580002 0.000000 2228.000000 -287.000000 4844.000000 -3564.000000 -2001.000000 -288.000000 
-131.820007 76.330002 -65.959999 2.820000 -97.470001 0.000000 1022.000000 -349.000000 4069.000000 -3554.000000 -1869.000000 -150.000000 
-134.800003 75.760002 -69.230003 1.990000 -100.459999 0.000000 188.000000 -293.000000 3607.000000 -2999.000000 -1529.000000 -204.000000 
-137.410004 75.029999 -71.970001 1.860000 -103.180000 0.000000 -216.000000 381.000000 3369.000000 -2671.000000 -1692.000000 -164.000000 
-139.380005 74.050003 -74.059998 1.060000 -106.339996 0.000000 530.000000 -2.000000 3632.000000 -2961.000000 -1813.000000 -350.000000 
-139.809998 72.830002 -74.550003 0.370000 -109.400002 0.000000 1777.000000 -105.000000 4200.000000 -3170.000000 -2085.000000 -356.000000 
-139.490005 71.559998 -74.320000 -0.460000 -112.809998 0.000000 1283.000000 8.000000 5002.000000 -3601.000000 -2060.000000 -667.000000 
-138.729996 70.339996 -73.760002 -1.530000 -116.160004 0.000000 903.000000 -161.000000 4805.000000 -3846.000000 -2201.000000 -768.000000 
-137.309998 69.290001 -72.570000 -2.950000 -119.320000 0.000000 239.000000 -201.000000 4601.000000 -3747.000000 -2382.000000 -851.000000 
-137.830002 68.260002 -73.339996 -4.970000 -122.320000 0.000000 -470.000000 -494.000000 4039.000000 -3967.000000 -2170.000000 -963.000000 
-138.389999 67.519997 -74.220001 -6.830000 -124.970001 0.000000 -595.000000 -448.000000 4191.000000 -3891.000000 -1813.000000 -1015.000000 
-138.539993 67.029999 -74.690002 -8.300000 -127.169998 0.000000 -61.000000 -501.000000 4323.000000 -3597.000000 -1667.000000 -999.000000 
-138.460007 66.519997 -74.900002 -9.610000 -128.639999 0.000000 110.000000 -444.000000 4423.000000 -3112.000000 -1471.000000 -926.000000 
-138.740005 65.889999 -75.410004 -11.150000 -130.119995 0.000000 219.000000 -666.000000 4518.000000 -3396.000000 -1569.000000 -988.000000 
-139.190002 65.099998 -76.000000 -12.820000 -131.550003 0.000000 -629.000000 -721.000000 3693.000000 -3352.000000 -1747.000000 -900.000000 
-139.699997 64.220001 -76.629997 -14.200000 -133.690002 0.000000 -500.000000 -779.000000 3729.000000 -3150.000000 -1334.000000 -1198.000000 
-140.259995 63.520000 -77.309998 -15.210000 -136.070007 0.000000 -813.000000 -815.000000 3651.000000 -3370.000000 -1115.000000 -1585.000000 
-140.429993 62.980000 -77.660004 -16.629999 -138.229996 0.000000 -1486.000000 -1200.000000 4056.000000 -3828.000000 -1258.000000 -1620.000000 
-139.929993 62.490002 -77.330002 -17.360001 -140.000000 0.000000 -1055.000000 -1106.000000 3913.000000 -3737.000000 -1411.000000 -1510.000000 
-139.410004 61.980000 -76.989998 -18.219999 -140.929993 0.000000 -646.000000 -1203.000000 3913.000000 -3301.000000 -1738.000000 -1254.000000 
-139.100006 61.560001 -76.739998 -18.969999 -141.380005 0.000000 -164.000000 -1337.000000 4043.000000 -3482.000000 -2095.000000 -1223.000000 
-139.229996 60.910000 -76.930000 -19.570000 -142.419998 0.000000 -264.000000 -1491.000000 4259.000000 -3586.000000 -1602.000000 -1572.000000 
-139.350006 60.169998 -77.160004 -19.860001 -144.000000 0.000000 -752.000000 -1425.000000 4210.000000 -3476.000000 -1098.000000 -1802.000000 
-139.589996 59.529999 -77.540001 -20.160000 -145.690002 0.000000 -861.000000 -1485.000000 3957.000000 -3241.000000 -873.000000 -1927.000000 
-139.740005 58.970001 -77.839996 -20.420000 -147.300003 0.000000 -948.000000 -1419.000000 3659.000000 -3248.000000 -804.000000 -2010.000000 
-139.779999 58.419998 -77.949997 -20.900000 -148.639999 0.000000 -1104.000000 -1507.000000 3698.000000 -3487.000000 -901.000000 -2030.000000 
-139.699997 57.930000 -77.889999 -21.910000 -149.710007 0.000000 -1179.000000 -1682.000000 3467.000000 -3225.000000 -959.000000 -2107.000000 
-139.460007 57.410000 -77.599998 -22.730000 -150.139999 0.000000 -1241.000000 -1761.000000 3654.000000 -3365.000000 -1413.000000 -2142.000000 
-138.770004 56.810001 -76.900002 -23.389999 -150.529999 0.000000 -1053.000000 -1912.000000 3782.000000 -3444.000000 -1395.000000 -2349.000000 
-137.910004 56.230000 -76.080002 -23.420000 -150.919998 0.000000 -1240.000000 -1929.000000 4082.000000 -3650.000000 -1351.000000 -2454.000000 
-137.169998 55.950001 -75.339996 -23.370001 -151.330002 0.000000 -1321.000000 -1920.000000 4150.000000 -3959.000000 -1235.000000 -2535.000000 
-136.720001 55.939999 -74.889999 -23.889999 -151.619995 0.000000 -1266.000000 -1996.000000 3881.000000 -4113.000000 -1164.000000 -2478.000000 
-136.369995 56.230000 -74.550003 -23.780001 -151.860001 0.000000 -1454.000000 -2037.000000 4184.000000 -3742.000000 -873.000000 -2473.000000 
-136.190002 56.520000 -74.290001 -23.320000 -151.419998 0.000000 -1220.000000 -1823.000000 3803.000000 -3301.000000 -1333.000000 -2041.000000 
-135.899994 56.680000 -73.940002 -23.010000 -150.800003 0.000000 -694.000000 -1616.000000 3314.000000 -2996.000000 -1243.000000 -1927.000000 
-135.669998 56.709999 -73.720001 -22.290001 -150.199997 0.000000 -684.000000 -1564.000000 3837.000000 -2456.000000 -1049.000000 -1929.000000 
-135.460007 56.799999 -73.489998 -21.430000 -149.669998 0.000000 -895.000000 -1528.000000 3983.000000 -2691.000000 -1018.000000 -1814.000000 
-135.139999 56.860001 -73.129997 -20.680000 -149.210007 0.000000 -716.000000 -1376.000000 3645.000000 -2419.000000 -1068.000000 -1811.000000 
-134.889999 56.770000 -72.830002 -20.750000 -148.679993 0.000000 -467.000000 -1514.000000 3613.000000 -2769.000000 -1174.000000 -1881.000000 
-134.729996 56.549999 -72.660004 -21.209999 -148.149994 0.000000 -138.000000 -1740.000000 3500.000000 -3064.000000 -1301.000000 -1932.000000 
-134.639999 56.299999 -72.650002 -21.080000 -148.020004 0.000000 -377.000000 -1681.000000 4126.000000 -3259.000000 -1058.000000 -2140.000000 
-134.630005 56.169998 -72.730003 -21.010000 -148.000000 0.000000 -859.000000 -1673.000000 4158.000000 -3134.000000 -1049.000000 -2169.000000 
-134.479996 56.150002 -72.690002 -21.049999 -147.949997 0.000000 -913.000000 -1641.000000 3896.000000 -3179.000000 -1123.000000 -2197.000000 
-134.270004 56.160000 -72.620003 -21.400000 -147.720001 0.000000 -776.000000 -1685.000000 3614.000000 -3204.000000 -1218.000000 -2121.000000 
-133.970001 56.310001 -72.470001 -21.500000 -147.529999 0.000000 -878.000000 -1671.000000 3757.000000 -3188.000000 -1039.000000 -2240.000000 
-133.740005 56.480000 -72.389999 -21.440001 -147.080002 0.000000 -999.000000 -1650.000000 3787.000000 -3234.000000 -1163.000000 -2173.000000 
-133.589996 56.619999 -72.339996 -21.440001 -146.559998 0.000000 -802.000000 -1765.000000 4070.000000 -3292.000000 -1147.000000 -2220.000000 
-133.339996 56.700001 -72.209999 -21.070000 -146.039993 0.000000 -692.000000 -1769.000000 4303.000000 -3103.000000 -1200.000000 -2108.000000 
-133.130005 56.770000 -72.139999 -20.799999 -145.720001 0.000000 -540.000000 -1669.000000 4071.000000 -2893.000000 -1113.000000 -2109.000000 
-133.139999 56.840000 -72.279999 -20.830000 -145.539993 0.000000 -568.000000 -1679.000000 4005.000000 -3025.000000 -1081.000000 -2076.000000 
-133.339996 56.849998 -72.570000 -21.030001 -145.520004 0.000000 -553.000000 -1633.000000 3737.000000 -2938.000000 -941.000000 -2119.000000 
-133.710007 56.880001 -73.059998 -21.129999 -145.699997 0.000000 -697.000000 -1660.000000 3734.000000 -3009.000000 -686.000000 -2169.000000 
-134.050003 56.869999 -73.480003 -20.860001 -145.899994 0.000000 -878.000000 -1574.000000 3987.000000 -3070.000000 -667.000000 -2217.000000 
-134.270004 56.820000 -73.769997 -20.770000 -146.050003 0.000000 -995.000000 -1574.000000 3895.000000 -3068.000000 -770.000000 -2188.000000 
-134.429993 56.759998 -73.930000 -20.660000 -146.000000 0.000000 -824.000000 -1540.000000 3719.000000 -2935.000000 -1002.000000 -2085.000000 
-134.490005 56.689999 -74.010002 -20.450001 -145.850006 0.000000 -761.000000 -1581.000000 3768.000000 -3047.000000 -1077.000000 -2030.000000 
-134.520004 56.630001 -74.059998 -20.230000 -145.729996 0.000000 -816.000000 -1509.000000 3802.000000 -3123.000000 -1013.000000 -2121.000000 
-134.740005 56.630001 -74.290001 -20.670000 -145.419998 0.000000 -663.000000 -1640.000000 3586.000000 -3089.000000 -1146.000000 -2027.000000 
-135.029999 56.610001 -74.570000 -20.150000 -145.350006 0.000000 -610.000000 -1640.000000 4188.000000 -3341.000000 -823.000000 -2115.000000 
-135.250000 56.450001 -74.830002 -19.760000 -145.199997 0.000000 -580.000000 -1640.000000 4261.000000 -2985.000000 -986.000000 -2069.000000 
-135.470001 56.340000 -75.089996 -19.020000 -145.240005 0.000000 -453.000000 -1336.000000 4439.000000 -2976.000000 -906.000000 -2030.000000 
-135.610001 56.310001 -75.260002 -19.150000 -145.380005 0.000000 -843.000000 -1487.000000 3816.000000 -3025.000000 -840.000000 -2134.000000 
-135.729996 56.290001 -75.339996 -19.580000 -145.210007 0.000000 -686.000000 -1619.000000 3816.000000 -3287.000000 -1245.000000 -2047.000000 
-135.759995 56.310001 -75.339996 -19.959999 -144.929993 0.000000 -625.000000 -1632.000000 3944.000000 -3166.000000 -1213.000000 -2064.000000 
-135.679993 56.169998 -75.239998 -20.070000 -144.610001 0.000000 -393.000000 -1746.000000 4381.000000 -3360.000000 -1311.000000 -2045.000000 
-135.630005 56.040001 -75.199997 -19.959999 -144.509995 0.000000 -303.000000 -1713.000000 4552.000000 -3450.000000 -1190.000000 -2016.000000 
-135.839996 56.040001 -75.440002 -20.309999 -144.610001 0.000000 -539.000000 -1703.000000 4162.000000 -3365.000000 -1042.000000 -2087.000000 
-136.029999 56.090000 -75.650002 -20.540001 -144.649994 0.000000 -664.000000 -1712.000000 4136.000000 -3249.000000 -1151.000000 -2010.000000 
-136.050003 56.110001 -75.690002 -20.850000 -144.619995 0.000000 -538.000000 -1700.000000 4054.000000 -3184.000000 -1284.000000 -1937.000000 
-136.059998 56.090000 -75.739998 -21.090000 -144.550003 0.000000 -399.000000 -1711.000000 4002.000000 -3248.000000 -1398.000000 -1889.000000 
-136.369995 56.090000 -76.019997 -21.420000 -145.029999 0.000000 -204.000000 -1809.000000 3863.000000 -3843.000000 -930.000000 -2118.000000 
-136.729996 56.299999 -76.370003 -21.690001 -145.279999 0.000000 -754.000000 -1905.000000 3928.000000 -3220.000000 -1107.000000 -2008.000000 
-136.960007 56.430000 -76.550003 -21.610001 -145.419998 0.000000 -628.000000 -1719.000000 3734.000000 -3260.000000 -1207.000000 -2016.000000 
-137.009995 56.369999 -76.660004 -20.959999 -145.429993 0.000000 -452.000000 -1710.000000 4108.000000 -3126.000000 -1303.000000 -1879.000000 
-137.139999 56.340000 -76.820000 -20.379999 -145.639999 0.000000 -230.000000 -1649.000000 4101.000000 -3074.000000 -1178.000000 -1851.000000 
-137.470001 56.389999 -77.160004 -19.879999 -146.139999 0.000000 -415.000000 -1615.000000 3972.000000 -3140.000000 -1051.000000 -1949.000000 
-137.830002 56.450001 -77.550003 -19.639999 -146.529999 0.000000 -504.000000 -1592.000000 3837.000000 -3242.000000 -1175.000000 -1873.000000 
-138.089996 56.450001 -77.830002 -19.240000 -146.779999 0.000000 -449.000000 -1582.000000 3916.000000 -3321.000000 -1305.000000 -1906.000000 
-138.229996 56.430000 -78.019997 -18.680000 -147.039993 0.000000 -471.000000 -1516.000000 3997.000000 -3244.000000 -1193.000000 -1941.000000 
-138.389999 56.470001 -78.209999 -18.180000 -147.250000 0.000000 -530.000000 -1507.000000 4042.000000 -3352.000000 -1093.000000 -1974.000000 
-138.600006 56.630001 -78.430000 -17.700001 -147.509995 0.000000 -690.000000 -1468.000000 4098.000000 -3325.000000 -921.000000 -2038.000000 
-138.809998 56.869999 -78.570000 -17.360001 -147.779999 0.000000 -802.000000 -1470.000000 4099.000000 -3142.000000 -799.000000 -2131.000000 
-138.880005 57.040001 -78.550003 -17.250000 -148.440002 0.000000 -910.000000 -1524.000000 4043.000000 -2864.000000 -60.000000 -2934.000000 
-138.820007 57.070000 -78.400002 -17.620001 -148.600006 0.000000 -980.000000 -2446.000000 5173.000000 -2653.000000 -946.000000 -1864.000000 
-138.860001 56.860001 -78.290001 -17.299999 -149.130005 0.000000 -150.000000 -1449.000000 4218.000000 -2794.000000 -974.000000 -1950.000000 
-139.130005 56.709999 -78.410004 -17.020000 -149.589996 0.000000 -307.000000 -1443.000000 4196.000000 -2931.000000 -1219.000000 -1911.000000 
-139.429993 56.500000 -78.550003 -17.280001 -150.130005 0.000000 -433.000000 -1442.000000 3714.000000 -3175.000000 -1205.000000 -1937.000000 
-139.479996 56.470001 -78.529999 -17.190001 -150.690002 0.000000 -866.000000 -1358.000000 3684.000000 -3310.000000 -999.000000 -2075.000000 
-139.619995 56.439999 -78.540001 -16.940001 -150.850006 0.000000 -873.000000 -1356.000000 3942.000000 -3478.000000 -1240.000000 -2041.000000 
-139.699997 56.419998 -78.519997 -16.660000 -150.610001 0.000000 -543.000000 -1449.000000 4139.000000 -3491.000000 -1451.000000 -1928.000000 
-139.580002 56.470001 -78.339996 -16.200001 -150.289993 0.000000 -464.000000 -1340.000000 4197.000000 -3394.000000 -1378.000000 -1885.000000 
-139.429993 56.660000 -78.160004 -15.660000 -149.970001 0.000000 -470.000000 -1286.000000 4176.000000 -3416.000000 -1321.000000 -1940.000000 
-139.479996 56.919998 -78.169998 -15.280000 -149.539993 0.000000 -483.000000 -1245.000000 4020.000000 -3449.000000 -1297.000000 -1924.000000 
-139.619995 57.169998 -78.309998 -15.110000 -149.130005 0.000000 -490.000000 -1247.000000 3976.000000 -3421.000000 -1182.000000 -1949.000000 
-139.789993 57.439999 -78.489998 -14.580000 -148.789993 0.000000 -613.000000 -1153.000000 4104.000000 -3309.000000 -1092.000000 -2007.000000 
-139.970001 57.709999 -78.680000 -14.130000 -148.550003 0.000000 -638.000000 -1137.000000 4138.000000 -3344.000000 -975.000000 -1963.000000 
-140.139999 58.009998 -78.870003 -13.690000 -148.389999 0.000000 -667.000000 -1100.000000 4050.000000 -3320.000000 -879.000000 -1943.000000 
-140.289993 58.290001 -79.000000 -13.450000 -147.970001 0.000000 -630.000000 -1116.000000 3954.000000 -3355.000000 -1026.000000 -1879.000000 
-140.449997 58.459999 -79.129997 -13.210000 -147.619995 0.000000 -606.000000 -1111.000000 4076.000000 -3336.000000 -911.000000 -1989.000000 
-140.520004 58.619999 -79.139999 -13.120000 -147.330002 0.000000 -689.000000 -1135.000000 4134.000000 -3259.000000 -824.000000 -1984.000000 
-140.669998 58.770000 -79.199997 -13.080000 -147.009995 0.000000 -768.000000 -1130.000000 4092.000000 -3349.000000 -842.000000 -1998.000000 
-140.720001 58.990002 -79.129997 -13.020000 -146.830002 0.000000 -844.000000 -1111.000000 4016.000000 -3172.000000 -595.000000 -2078.000000 
-140.750000 59.220001 -79.010002 -13.040000 -146.600006 0.000000 -1007.000000 -1134.000000 3962.000000 -3766.000000 -519.000000 -2101.000000 
-140.889999 59.470001 -78.930000 -12.760000 -145.460007 0.000000 -1125.000000 -954.000000 3957.000000 -4268.000000 -957.000000 -2011.000000 
-141.119995 59.790001 -78.860001 -12.660000 -144.440002 0.000000 -1272.000000 -1040.000000 3869.000000 -2823.000000 255.000000 -2263.000000 
-141.210007 60.090000 -78.620003 -12.620000 -142.740005 0.000000 -2009.000000 -1248.000000 4463.000000 -4226.000000 -902.000000 -1388.000000 
-140.179993 61.369999 -77.309998 -12.200000 -141.509995 0.000000 -1677.000000 -766.000000 3689.000000 -6012.000000 578.000000 -2637.000000 
-140.179993 61.889999 -76.800003 -11.840000 -139.669998 0.000000 -1728.000000 -953.000000 3801.000000 -2107.000000 1542.000000 -2925.000000 
-140.270004 62.490002 -76.260002 -11.320000 -138.699997 0.000000 -1999.000000 -1011.000000 4357.000000 1314.000000 2461.000000 -3078.000000 
-140.300003 63.150002 -75.500000 -10.580000 -139.979996 0.000000 -2162.000000 -774.000000 4366.000000 -4885.000000 -209.000000 -2134.000000 
-140.039993 63.639999 -74.400002 -9.650000 -139.240005 0.000000 -1330.000000 -693.000000 3874.000000 -4159.000000 -1831.000000 -1647.000000 
-139.949997 64.230003 -73.500000 -8.600000 -136.149994 0.000000 -301.000000 -644.000000 4186.000000 -3042.000000 -2445.000000 -1297.000000 
-140.240005 64.589996 -72.970001 -7.850000 -132.839996 0.000000 -176.000000 -582.000000 4212.000000 -4068.000000 -2285.000000 -1071.000000 
-140.509995 64.839996 -72.379997 -7.510000 -131.509995 0.000000 -313.000000 -706.000000 5036.000000 -4020.000000 -849.000000 -1943.000000 
-140.740005 65.099998 -71.760002 -7.340000 -130.029999 0.000000 -728.000000 -793.000000 5368.000000 -3279.000000 -991.000000 -1902.000000 
-141.119995 65.339996 -71.349998 -6.820000 -129.070007 0.000000 -821.000000 -607.000000 4744.000000 -3681.000000 -1424.000000 -1873.000000 
-141.559998 65.620003 -70.980003 -6.000000 -128.419998 0.000000 -860.000000 -431.000000 4448.000000 -3906.000000 -1063.000000 -1941.000000 
-141.970001 66.099998 -70.570000 -5.380000 -127.139999 0.000000 -1211.000000 -399.000000 4099.000000 -3501.000000 -701.000000 -1783.000000 
-142.100006 66.800003 -69.900002 -5.010000 -125.529999 0.000000 -867.000000 -564.000000 4427.000000 -3661.000000 -682.000000 -2532.000000 
-142.250000 67.529999 -69.239998 -4.420000 -124.419998 0.000000 -1111.000000 -310.000000 4694.000000 -3784.000000 -483.000000 -2183.000000 
-142.610001 68.510002 -68.709999 -3.850000 -123.120003 0.000000 -1065.000000 -290.000000 3975.000000 -3530.000000 -662.000000 -1929.000000 
-143.210007 69.690002 -68.330002 -3.180000 -120.900002 0.000000 -621.000000 -218.000000 4441.000000 -3471.000000 -1131.000000 -1155.000000 
-143.320007 70.849998 -67.330002 -2.410000 -118.250000 0.000000 -453.000000 -200.000000 4539.000000 -2938.000000 -1275.000000 -910.000000 
-143.100006 71.949997 -65.959999 -1.380000 -114.379997 0.000000 269.000000 -71.000000 4889.000000 -2677.000000 -1722.000000 -494.000000 
-143.089996 72.889999 -64.809998 -0.730000 -109.669998 0.000000 718.000000 -403.000000 4727.000000 -2465.000000 -1763.000000 116.000000 
-143.059998 73.449997 -63.580002 0.020000 -106.489998 0.000000 821.000000 -226.000000 4048.000000 -3785.000000 -2081.000000 7.000000 
-143.110001 73.760002 -62.470001 0.930000 -104.559998 0.000000 1348.000000 51.000000 3586.000000 -3383.000000 -1801.000000 -280.000000 
-143.110001 74.089996 -61.310001 1.680000 -103.199997 0.000000 942.000000 141.000000 4092.000000 -3327.000000 -1679.000000 -443.000000 
-143.110001 74.269997 -60.080002 2.090000 -102.570000 0.000000 1265.000000 147.000000 3156.000000 -3399.000000 -1488.000000 -775.000000 
-143.330002 74.410004 -59.060001 2.390000 -102.019997 0.000000 199.000000 355.000000 3821.000000 -3513.000000 -1539.000000 -844.000000 
-142.830002 74.889999 -57.150002 2.360000 -101.599998 0.000000 -165.000000 175.000000 3675.000000 -3382.000000 -1424.000000 -891.000000 
-141.089996 75.620003 -54.009998 2.280000 -101.230003 0.000000 -383.000000 184.000000 3540.000000 -3082.000000 -1243.000000 -1111.000000 
-139.160004 76.599998 -50.660000 1.970000 -101.019997 0.000000 -116.000000 -30.000000 3638.000000 -3491.000000 -1070.000000 -1325.000000 
-134.820007 77.489998 -44.849998 1.450000 -101.089996 0.000000 508.000000 -177.000000 3933.000000 -3372.000000 -1077.000000 -1577.000000 
-127.639999 78.070000 -36.209999 0.770000 -101.309998 0.000000 915.000000 -379.000000 3986.000000 -2980.000000 -1320.000000 -1163.000000 
-119.209999 78.510002 -26.219999 0.140000 -101.589996 0.000000 1324.000000 -470.000000 4140.000000 -2067.000000 -1791.000000 -707.000000 
-109.050003 78.500000 -14.470000 -0.530000 -101.739998 0.000000 1143.000000 -606.000000 4021.000000 -1529.000000 -2282.000000 -406.000000 
-100.580002 78.160004 -4.720000 -1.210000 -102.720001 0.000000 532.000000 -728.000000 3531.000000 -2018.000000 -2619.000000 -957.000000 
-93.699997 77.620003 3.300000 -1.850000 -104.260002 0.000000 305.000000 -785.000000 3433.000000 -2650.000000 -2450.000000 -1230.000000 
-87.660004 76.940002 10.370000 -2.480000 -104.610001 0.000000 -251.000000 -854.000000 3564.000000 -2624.000000 -3196.000000 1077.000000 
-82.089996 76.029999 16.920000 -3.490000 -105.379997 0.000000 347.000000 -1175.000000 3210.000000 -3022.000000 -2338.000000 -1821.000000 
-76.199997 74.940002 23.760000 -4.600000 -105.459999 0.000000 481.000000 -1315.000000 3623.000000 -2948.000000 -2126.000000 -1293.000000 
-70.269997 73.629997 30.620001 -5.830000 -105.339996 0.000000 867.000000 -1549.000000 3772.000000 -2545.000000 -2332.000000 -1242.000000 
-65.620003 72.199997 36.160000 -7.010000 -105.029999 0.000000 1391.000000 -1588.000000 4194.000000 -2121.000000 -2424.000000 -1338.000000 
-61.689999 70.820000 40.900002 -8.210000 -104.779999 0.000000 1326.000000 -1737.000000 4339.000000 -2234.000000 -2531.000000 -1162.000000 
-59.060001 69.519997 44.389999 -9.310000 -104.510002 0.000000 1149.000000 -1749.000000 4416.000000 -2096.000000 -3238.000000 -990.000000 
-57.200001 68.300003 47.130001 -10.300000 -104.470001 0.000000 892.000000 -1798.000000 4131.000000 -2490.000000 -3003.000000 -1125.000000 
-55.529999 67.190002 49.660000 -11.230000 -104.519997 0.000000 656.000000 -1836.000000 3914.000000 -2539.000000 -2816.000000 -1441.000000 
-53.799999 66.120003 52.250000 -12.100000 -104.370003 0.000000 577.000000 -1866.000000 3601.000000 -2349.000000 -2947.000000 -1312.000000 
-52.209999 65.029999 54.730000 -12.990000 -104.010002 0.000000 947.000000 -2047.000000 3346.000000 -1491.000000 -3374.000000 -1095.000000 
-50.820000 63.919998 57.119999 -13.860000 -103.529999 0.000000 1254.000000 -2126.000000 3493.000000 -1184.000000 -3636.000000 -880.000000 
-49.599998 62.860001 59.290001 -14.770000 -103.099998 0.000000 1531.000000 -2354.000000 3510.000000 -1053.000000 -3799.000000 -674.000000 
-49.009998 61.820000 60.799999 -15.660000 -102.739998 0.000000 1571.000000 -2390.000000 3836.000000 -418.000000 -3687.000000 -673.000000 
-48.770000 60.779999 61.860001 -16.570000 -102.650002 0.000000 1351.000000 -2453.000000 3763.000000 -713.000000 -3707.000000 -928.000000 
-49.060001 59.700001 62.320000 -17.450001 -102.809998 0.000000 1213.000000 -2416.000000 3840.000000 -1252.000000 -4040.000000 -1123.000000 
-49.549999 58.580002 62.529999 -18.299999 -103.000000 0.000000 1091.000000 -2433.000000 3982.000000 -1794.000000 -4370.000000 -1120.000000 
-49.910000 57.459999 62.770000 -19.070000 -103.230003 0.000000 1042.000000 -2381.000000 4168.000000 -2224.000000 -4362.000000 -1236.000000 
-49.840000 56.500000 63.320000 -19.770000 -103.430000 0.000000 945.000000 -2326.000000 4197.000000 -2208.000000 -4181.000000 -1237.000000 
-49.619999 55.520000 63.959999 -20.420000 -103.570000 0.000000 878.000000 -2334.000000 4067.000000 -2073.000000 -3984.000000 -1267.000000 
-49.060001 54.529999 64.910004 -20.930000 -103.800003 0.000000 717.000000 -2240.000000 4172.000000 -2113.000000 -3545.000000 -1500.000000 
-48.750000 53.599998 65.669998 -21.430000 -103.889999 0.000000 747.000000 -2254.000000 3967.000000 -1992.000000 -3640.000000 -1434.000000 
-48.470001 52.630001 66.400002 -21.840000 -104.040001 0.000000 599.000000 -2258.000000 4013.000000 -2063.000000 -3390.000000 -1585.000000 
-48.290001 51.709999 67.010002 -22.170000 -104.269997 0.000000 649.000000 -2183.000000 4037.000000 -2118.000000 -3151.000000 -1674.000000 
-48.200001 50.959999 67.550003 -22.410000 -104.430000 0.000000 514.000000 -2106.000000 4086.000000 -1670.000000 -3131.000000 -1482.000000 
-48.070000 50.169998 68.110001 -22.670000 -104.660004 0.000000 525.000000 -2104.000000 3973.000000 -1726.000000 -3075.000000 -1413.000000 
-48.029999 49.490002 68.529999 -22.910000 -104.820000 0.000000 700.000000 -2076.000000 3836.000000 -1693.000000 -3269.000000 -1355.000000 
-47.900002 48.990002 69.050003 -23.209999 -104.889999 0.000000 559.000000 -2050.000000 3591.000000 -2009.000000 -3359.000000 -1239.000000 
-47.720001 48.590000 69.559998 -23.570000 -104.959999 0.000000 659.000000 -1967.000000 3241.000000 -1953.000000 -3312.000000 -1291.000000 
-47.169998 48.040001 70.379997 -23.959999 -104.949997 0.000000 813.000000 -1909.000000 3219.000000 -1633.000000 -2903.000000 -1144.000000 
-46.259998 47.470001 71.430000 -24.410000 -104.680000 0.000000 787.000000 -1918.000000 3383.000000 -723.000000 -2907.000000 -1008.000000 
-45.490002 46.840000 72.389999 -24.860001 -104.309998 0.000000 1089.000000 -1926.000000 3520.000000 -1621.000000 -3428.000000 -881.000000 
-44.580002 46.070000 73.349998 -25.309999 -104.110001 0.000000 1209.000000 -1967.000000 3576.000000 -2642.000000 -3332.000000 -852.000000 
-43.340000 45.560001 74.519997 -25.750000 -103.989998 0.000000 -2623.000000 -2477.000000 4542.000000 -2998.000000 -2491.000000 -1418.000000 
-42.360001 45.430000 75.400002 -25.750000 -103.330002 0.000000 973.000000 -1868.000000 4108.000000 -2181.000000 -3381.000000 -1028.000000 
-41.310001 45.180000 76.339996 -25.910000 -102.599998 0.000000 1389.000000 -1965.000000 3895.000000 -3059.000000 -3597.000000 -862.000000 
-40.529999 44.990002 77.099998 -25.930000 -101.500000 0.000000 1513.000000 -1889.000000 3946.000000 -2194.000000 -3644.000000 -560.000000 
-39.570000 44.540001 77.930000 -25.930000 -100.010002 0.000000 1608.000000 -1871.000000 3818.000000 -910.000000 -3628.000000 -316.000000 
-39.110001 44.209999 78.320000 -26.000000 -98.730003 0.000000 1765.000000 -1872.000000 3520.000000 -705.000000 -3390.000000 -257.000000 
-38.709999 43.200001 78.620003 -25.959999 -97.559998 0.000000 6792.000000 -1587.000000 5991.000000 -2361.000000 -7156.000000 2016.000000 
-37.919998 43.169998 78.910004 -26.230000 -96.470001 0.000000 1718.000000 -2207.000000 3739.000000 -1633.000000 -3545.000000 -577.000000 
-37.270000 43.360001 79.080002 -26.340000 -95.349998 0.000000 1194.000000 -2116.000000 3732.000000 -1183.000000 -3049.000000 -701.000000 
-36.770000 43.320000 79.120003 -26.110001 -93.970001 0.000000 1354.000000 -1811.000000 3605.000000 -1623.000000 -3388.000000 -367.000000 
-36.139999 43.349998 79.239998 -25.969999 -92.440002 0.000000 1419.000000 -1847.000000 3482.000000 -2901.000000 -3906.000000 -320.000000 
-35.590000 43.330002 79.389999 -25.549999 -90.480003 0.000000 1225.000000 -1631.000000 3684.000000 -2277.000000 -3048.000000 -605.000000 
-35.110001 43.070000 79.529999 -25.040001 -88.410004 0.000000 1127.000000 -1591.000000 3983.000000 -603.000000 -3163.000000 -487.000000 
-34.810001 42.660000 79.459999 -24.510000 -87.059998 0.000000 1443.000000 -1683.000000 4159.000000 -1596.000000 -4483.000000 -278.000000 
-34.310001 42.470001 79.400002 -24.250000 -86.400002 0.000000 1733.000000 -1831.000000 3807.000000 -2498.000000 -3758.000000 -321.000000 
-33.849998 42.700001 79.300003 -23.719999 -85.760002 0.000000 1651.000000 -1564.000000 3795.000000 -2502.000000 -3573.000000 -184.000000 
-33.459999 42.700001 79.029999 -23.290001 -84.889999 0.000000 1805.000000 -1662.000000 3867.000000 -2319.000000 -3502.000000 319.000000 
-33.180000 43.160000 78.680000 -22.350000 -84.989998 0.000000 1079.000000 -1159.000000 5245.000000 -2789.000000 -3147.000000 -790.000000 
-33.310001 43.889999 78.320000 -21.290001 -85.550003 0.000000 203.000000 -1025.000000 4344.000000 -2618.000000 -2692.000000 -490.000000 
-33.930000 44.310001 77.669998 -19.990000 -86.239998 0.000000 1464.000000 -1217.000000 4163.000000 -2318.000000 -3099.000000 -322.000000 
-34.580002 44.910000 77.080002 -19.100000 -86.419998 0.000000 1374.000000 -1336.000000 4083.000000 -3473.000000 -4734.000000 218.000000 
-35.070000 45.529999 76.699997 -18.160000 -87.110001 0.000000 801.000000 -1059.000000 4041.000000 -2140.000000 -2989.000000 -863.000000 
-35.419998 45.720001 76.440002 -17.510000 -86.980003 0.000000 1121.000000 -1253.000000 3954.000000 -2477.000000 -3715.000000 -6.000000 
-35.599998 45.689999 76.209999 -17.230000 -85.769997 0.000000 1742.000000 -1371.000000 3844.000000 -1592.000000 -4735.000000 1568.000000 
-35.330002 45.900002 76.199997 -17.080000 -84.000000 0.000000 1759.000000 -1477.000000 3829.000000 -1963.000000 -4320.000000 765.000000 
-34.650002 46.130001 76.360001 -16.910000 -82.919998 0.000000 1726.000000 -1484.000000 3904.000000 -2870.000000 -4137.000000 -67.000000 
-33.849998 46.320000 76.599998 -16.750000 -82.040001 0.000000 1748.000000 -1504.000000 3976.000000 -2601.000000 -3828.000000 -244.000000 
-33.220001 46.310001 76.779999 -16.600000 -81.290001 0.000000 1769.000000 -1569.000000 4228.000000 -2596.000000 -3656.000000 -414.000000 
-32.709999 45.980000 76.959999 -16.639999 -80.709999 0.000000 3196.000000 -2267.000000 3747.000000 -2279.000000 -4187.000000 -319.000000 
-32.240002 45.779999 76.970001 -16.719999 -79.930000 0.000000 1866.000000 -2104.000000 5284.000000 -1760.000000 -4638.000000 331.000000 
-32.029999 45.790001 76.769997 -16.570000 -79.139999 0.000000 1911.000000 -2389.000000 5957.000000 -1840.000000 -5027.000000 509.000000 
-32.040001 46.070000 76.349998 -16.160000 -78.470001 0.000000 1751.000000 -2758.000000 5611.000000 -1565.000000 -5114.000000 267.000000 
-32.209999 46.680000 75.769997 -15.440000 -77.910004 0.000000 1552.000000 -2824.000000 4783.000000 -1632.000000 -4987.000000 63.000000 
-32.450001 47.369999 75.110001 -14.610000 -77.570000 0.000000 1023.000000 -2715.000000 3817.000000 -1674.000000 -4522.000000 -753.000000 
-32.730000 47.910000 74.400002 -13.970000 -77.550003 0.000000 1101.000000 -2546.000000 3656.000000 -1903.000000 -4057.000000 -1290.000000 
-33.090000 48.320000 73.699997 -13.560000 -77.769997 0.000000 1157.000000 -2390.000000 4212.000000 -1850.000000 -3824.000000 -1266.000000 
-33.439999 48.630001 73.029999 -13.250000 -78.089996 0.000000 1006.000000 -2259.000000 4550.000000 -1668.000000 -3889.000000 -851.000000 
-33.759998 48.840000 72.419998 -13.030000 -78.419998 0.000000 950.000000 -2176.000000 4344.000000 -1638.000000 -3999.000000 -578.000000 
-34.029999 48.980000 71.940002 -12.890000 -78.709999 0.000000 1021.000000 -2178.000000 4179.000000 -1615.000000 -4077.000000 -450.000000 
-34.330002 48.980000 71.489998 -12.870000 -78.910004 0.000000 1052.000000 -2247.000000 4159.000000 -1585.000000 -4143.000000 -399.000000 
-34.619999 48.860001 71.120003 -12.970000 -79.059998 0.000000 1055.000000 -2298.000000 4078.000000 -1659.000000 -4134.000000 -491.000000 
-34.900002 48.630001 70.790001 -13.240000 -79.199997 0.000000 1037.000000 -2373.000000 4015.000000 -1667.000000 -4104.000000 -561.000000 
-35.279999 48.369999 70.440002 -13.700000 -79.330002 0.000000 1027.000000 -2439.000000 3882.000000 -1549.000000 -3994.000000 -631.000000 
-35.820000 48.189999 70.089996 -14.320000 -79.510002 0.000000 1026.000000 -2389.000000 3709.000000 -1296.000000 -3762.000000 -749.000000 
-36.540001 48.009998 69.610001 -15.080000 -79.820000 0.000000 874.000000 -2312.000000 3746.000000 -1152.000000 -3510.000000 -794.000000 
-37.259998 47.820000 69.120003 -15.930000 -80.330002 0.000000 934.000000 -2178.000000 3724.000000 -1217.000000 -3334.000000 -699.000000 
-38.000000 47.669998 68.570000 -16.799999 -80.959999 0.000000 1062.000000 -2058.000000 3649.000000 -1289.000000 -3341.000000 -365.000000 
-38.680000 47.590000 68.080002 -17.650000 -81.550003 0.000000 1017.000000 -1974.000000 3534.000000 -1227.000000 -3467.000000 -3.000000 
-39.400002 47.590000 67.540001 -18.379999 -81.889999 0.000000 924.000000 -1891.000000 3540.000000 -1321.000000 -3663.000000 326.000000 
-39.980000 47.540001 67.120003 -18.900000 -81.820000 0.000000 948.000000 -1871.000000 3576.000000 -1334.000000 -3872.000000 681.000000 
-40.459999 47.520000 66.779999 -19.080000 -81.309998 0.000000 1117.000000 -2007.000000 4051.000000 -1222.000000 -4165.000000 1211.000000 
-40.619999 47.490002 66.720001 -18.580000 -80.309998 0.000000 1539.000000 -1614.000000 3905.000000 -1518.000000 -4325.000000 1414.000000 
-40.490002 47.430000 66.839996 -17.799999 -78.760002 0.000000 2329.000000 -1343.000000 3407.000000 -1801.000000 -4332.000000 1288.000000 
-39.990002 47.230000 67.120003 -17.010000 -76.830002 0.000000 2500.000000 -1151.000000 2618.000000 -1634.000000 -3941.000000 1118.000000 
-39.110001 47.279999 67.540001 -16.240000 -74.919998 0.000000 2774.000000 -535.000000 1759.000000 -1473.000000 -3133.000000 769.000000 
-37.619999 47.610001 68.150002 -15.690000 -72.940002 0.000000 2388.000000 -241.000000 1576.000000 -1444.000000 -2676.000000 760.000000 
-35.599998 47.770000 68.820000 -15.430000 -70.839996 0.000000 1732.000000 -331.000000 1920.000000 -654.000000 -2659.000000 1508.000000 
-33.790001 48.259998 69.150002 -14.670000 -68.570000 0.000000 1144.000000 868.000000 2040.000000 126.000000 -2503.000000 1682.000000 
-31.639999 48.500000 69.639999 -14.180000 -66.110001 0.000000 715.000000 -470.000000 3103.000000 -675.000000 -2712.000000 1464.000000 
-29.490000 48.540001 70.139999 -13.680000 -63.720001 0.000000 188.000000 -165.000000 3114.000000 -1636.000000 -2758.000000 1308.000000 
-27.209999 48.360001 70.760002 -13.220000 -62.169998 0.000000 654.000000 -353.000000 2874.000000 -2052.000000 -2581.000000 1150.000000 
-24.889999 48.029999 71.480003 -12.720000 -60.009998 0.000000 1105.000000 -282.000000 3030.000000 -2356.000000 -2157.000000 1614.000000 
-22.360001 47.580002 72.379997 -12.040000 -57.590000 0.000000 1275.000000 55.000000 3094.000000 -1968.000000 -1777.000000 1700.000000 
-19.700001 47.020000 73.360001 -11.270000 -55.040001 0.000000 1319.000000 245.000000 3024.000000 -1492.000000 -1512.000000 1773.000000 
-17.309999 46.419998 74.089996 -10.430000 -52.480000 0.000000 1437.000000 408.000000 2882.000000 -1242.000000 -1282.000000 1774.000000 
-15.390000 45.770000 74.410004 -9.660000 -49.939999 0.000000 1815.000000 525.000000 2632.000000 -1120.000000 -913.000000 1467.000000 
-13.820000 45.040001 74.309998 -9.080000 -48.029999 0.000000 1219.000000 595.000000 3409.000000 -1538.000000 -1429.000000 1376.000000 
-12.470000 44.259998 73.900002 -8.720000 -46.840000 0.000000 967.000000 411.000000 3760.000000 -2314.000000 -1926.000000 1506.000000 
-11.360000 43.459999 73.279999 -8.510000 -45.730000 0.000000 1215.000000 239.000000 4132.000000 -3081.000000 -2058.000000 1958.000000 
-10.520000 42.720001 72.489998 -8.210000 -44.680000 0.000000 1616.000000 488.000000 4429.000000 -3552.000000 -2198.000000 2218.000000 
-9.870000 42.099998 71.620003 -7.810000 -43.619999 0.000000 1791.000000 820.000000 4488.000000 -3604.000000 -2020.000000 2030.000000 
-9.300000 41.639999 70.709999 -7.410000 -42.580002 0.000000 1805.000000 980.000000 4409.000000 -3585.000000 -1710.000000 1674.000000 
-8.890000 41.369999 69.709999 -7.070000 -41.660000 0.000000 1630.000000 992.000000 4231.000000 -3379.000000 -1454.000000 1733.000000 
-8.710000 41.290001 68.599998 -6.850000 -41.119999 0.000000 1383.000000 934.000000 4309.000000 -3384.000000 -1736.000000 1943.000000 
-8.790000 41.340000 67.370003 -6.810000 -40.810001 0.000000 999.000000 863.000000 4465.000000 -3499.000000 -1774.000000 2068.000000 
-9.120000 41.480000 66.019997 -6.880000 -40.650002 0.000000 834.000000 875.000000 4605.000000 -3671.000000 -1913.000000 2256.000000 
-9.570000 41.630001 64.650002 -7.050000 -40.650002 0.000000 1075.000000 726.000000 4967.000000 -4051.000000 -2182.000000 2427.000000 
-10.030000 41.779999 63.290001 -7.230000 -40.689999 0.000000 1264.000000 563.000000 5204.000000 -4090.000000 -2322.000000 2736.000000 
-10.490000 41.919998 61.970001 -7.320000 -40.700001 0.000000 1328.000000 502.000000 5284.000000 -4189.000000 -2417.000000 2897.000000 
-10.880000 42.040001 60.779999 -7.340000 -40.580002 0.000000 1031.000000 455.000000 5193.000000 -4222.000000 -2492.000000 3081.000000 
-11.170000 42.180000 59.680000 -7.390000 -40.320000 0.000000 498.000000 447.000000 5409.000000 -4213.000000 -2335.000000 3036.000000 
-11.370000 42.340000 58.740002 -7.440000 -40.040001 0.000000 436.000000 381.000000 5244.000000 -4043.000000 -2146.000000 2764.000000 
-11.420000 42.549999 58.040001 -7.450000 -39.700001 0.000000 786.000000 325.000000 5312.000000 -3815.000000 -1868.000000 2574.000000 
-11.330000 42.799999 57.590000 -7.340000 -39.419998 0.000000 1244.000000 305.000000 5173.000000 -3477.000000 -1802.000000 2495.000000 
-11.230000 43.090000 57.270000 -7.110000 -39.189999 0.000000 1590.000000 249.000000 4882.000000 -2830.000000 -1709.000000 2487.000000 
-11.260000 43.410000 56.950001 -6.770000 -38.950001 0.000000 1859.000000 260.000000 4733.000000 -2578.000000 -1621.000000 2666.000000 
-11.310000 43.759998 56.610001 -6.390000 -38.900002 0.000000 1937.000000 207.000000 4657.000000 -2611.000000 -1812.000000 2962.000000 
-11.280000 44.160000 56.290001 -6.060000 -39.070000 0.000000 1858.000000 65.000000 4624.000000 -2744.000000 -1845.000000 3051.000000 
-11.060000 44.549999 56.169998 -5.780000 -39.299999 0.000000 1857.000000 -78.000000 4847.000000 -2821.000000 -1913.000000 3354.000000 
-10.730000 44.939999 56.160000 -5.470000 -39.500000 0.000000 1885.000000 -143.000000 5190.000000 -2822.000000 -1951.000000 3527.000000 
-10.320000 45.439999 56.209999 -5.030000 -39.680000 0.000000 1822.000000 -139.000000 5120.000000 -2727.000000 -1814.000000 3305.000000 
-9.820000 45.939999 56.470001 -4.520000 -39.840000 0.000000 1754.000000 -92.000000 4501.000000 -2598.000000 -1793.000000 3194.000000 
-9.490000 46.480000 56.700001 -3.990000 -39.770000 0.000000 1429.000000 -10.000000 3976.000000 -2275.000000 -1811.000000 3419.000000 
-9.600000 46.810001 56.560001 -3.570000 -39.560001 0.000000 1431.000000 -14.000000 3436.000000 -1601.000000 -1971.000000 3723.000000 
-9.830000 46.720001 56.369999 -3.410000 -39.259998 0.000000 1619.000000 -154.000000 3023.000000 -1537.000000 -2123.000000 3860.000000 
-10.070000 46.340000 56.150002 -3.470000 -38.930000 0.000000 1588.000000 -322.000000 3151.000000 -1842.000000 -2278.000000 4084.000000 
-10.270000 45.590000 55.849998 -3.580000 -38.570000 0.000000 1743.000000 -390.000000 3438.000000 -1884.000000 -2259.000000 4011.000000 
-9.790000 44.349998 56.099998 -3.810000 -38.169998 0.000000 1839.000000 -486.000000 3950.000000 -1898.000000 -2164.000000 3968.000000 
-8.750000 42.669998 56.680000 -4.130000 -37.750000 0.000000 1712.000000 -626.000000 4320.000000 -1770.000000 -2071.000000 3781.000000 
-7.700000 41.040001 57.150002 -4.460000 -37.410000 0.000000 1740.000000 -699.000000 4195.000000 -1647.000000 -1847.000000 3256.000000 
-6.850000 39.470001 57.549999 -4.840000 -37.259998 0.000000 1506.000000 -764.000000 3681.000000 -1512.000000 -1617.000000 2578.000000 
-6.090000 38.119999 57.830002 -5.290000 -36.980000 0.000000 1096.000000 -716.000000 3311.000000 -1214.000000 -1924.000000 3165.000000 
-5.730000 36.970001 57.930000 -5.900000 -35.820000 0.000000 896.000000 -749.000000 2885.000000 -1007.000000 -1957.000000 4828.000000 
-5.740000 35.889999 57.900002 -6.360000 -34.230000 0.000000 1140.000000 -459.000000 2163.000000 -1695.000000 -2022.000000 4808.000000 
-5.970000 34.360001 57.740002 -6.860000 -32.849998 0.000000 1654.000000 -339.000000 1783.000000 -1157.000000 -1814.000000 3695.000000 
-5.520000 32.270000 57.939999 -5.480000 -31.190001 0.000000 -1186.000000 3535.000000 1630.000000 -1451.000000 -1709.000000 5069.000000 
-4.400000 30.809999 58.400002 -5.390000 -29.760000 0.000000 4931.000000 -1910.000000 4786.000000 -760.000000 -1155.000000 4249.000000 
-3.080000 28.990000 58.900002 -5.210000 -28.980000 0.000000 1168.000000 -380.000000 3332.000000 -878.000000 -1219.000000 4123.000000 
-1.930000 27.680000 59.299999 -5.180000 -28.480000 0.000000 2424.000000 -791.000000 3995.000000 -1112.000000 -1234.000000 3920.000000 
0.060000 26.389999 60.000000 -4.900000 -28.180000 0.000000 2408.000000 -393.000000 3686.000000 -948.000000 -2402.000000 4678.000000 
2.000000 25.049999 60.610001 -4.850000 -27.500000 0.000000 2659.000000 -531.000000 3643.000000 -1013.000000 -1050.000000 4648.000000 
3.640000 23.930000 61.049999 -5.040000 -27.620001 0.000000 2087.000000 -726.000000 3684.000000 -1036.000000 -1201.000000 4349.000000 
4.790000 23.219999 61.400002 -5.230000 -28.219999 0.000000 2834.000000 -701.000000 3483.000000 -1208.000000 -1219.000000 4089.000000 
5.500000 22.910000 61.750000 -5.450000 -29.030001 0.000000 2463.000000 -734.000000 3597.000000 -1189.000000 -1263.000000 3885.000000 
5.760000 23.110001 61.959999 -5.640000 -29.820000 0.000000 2121.000000 -674.000000 3633.000000 -1248.000000 -1339.000000 3925.000000 
5.430000 23.480000 61.959999 -5.870000 -30.580000 0.000000 2086.000000 -675.000000 3629.000000 -1276.000000 -1404.000000 3877.000000 
4.800000 23.770000 61.779999 -6.150000 -31.219999 0.000000 2071.000000 -734.000000 3682.000000 -1110.000000 -1443.000000 3860.000000 
4.260000 23.959999 61.619999 -6.440000 -31.730000 0.000000 2135.000000 -775.000000 3667.000000 -1208.000000 -1481.000000 3929.000000 
3.910000 23.879999 61.560001 -6.720000 -32.230000 0.000000 2308.000000 -832.000000 3641.000000 -1231.000000 -1447.000000 3856.000000 
3.950000 23.600000 61.680000 -6.970000 -32.570000 0.000000 2368.000000 -825.000000 3577.000000 -1231.000000 -1419.000000 3909.000000 
4.100000 23.309999 61.860001 -7.200000 -32.759998 0.000000 2408.000000 -795.000000 3561.000000 -1229.000000 -1365.000000 3991.000000 
4.280000 23.090000 62.090000 -7.420000 -32.849998 0.000000 2330.000000 -824.000000 3585.000000 -1234.000000 -1345.000000 3991.000000 
4.320000 22.900000 62.180000 -7.640000 -32.980000 0.000000 2325.000000 -827.000000 3561.000000 -1218.000000 -1359.000000 3974.000000 
4.240000 22.760000 62.279999 -7.840000 -32.980000 0.000000 2265.000000 -812.000000 3571.000000 -1085.000000 -1331.000000 3995.000000 
4.100000 22.790001 62.340000 -8.020000 -33.099998 0.000000 2288.000000 -804.000000 3558.000000 -1192.000000 -1373.000000 3991.000000 
3.980000 22.930000 62.400002 -8.190000 -33.290001 0.000000 2236.000000 -831.000000 3578.000000 -1264.000000 -1409.000000 3890.000000 
3.860000 23.070000 62.450001 -8.340000 -33.349998 0.000000 2165.000000 -867.000000 3595.000000 -1263.000000 -1409.000000 3933.000000 
3.780000 23.240000 62.480000 -8.470000 -33.439999 0.000000 2004.000000 -856.000000 3642.000000 -1302.000000 -1407.000000 3944.000000 
3.690000 23.200001 62.599998 -8.550000 -33.570000 0.000000 2167.000000 -815.000000 3639.000000 -1218.000000 -1427.000000 3947.000000 
3.530000 23.059999 62.639999 -8.660000 -33.619999 0.000000 2232.000000 -877.000000 3619.000000 -1158.000000 -1420.000000 3955.000000 
3.380000 23.010000 62.650002 -8.760000 -33.610001 0.000000 2262.000000 -871.000000 3589.000000 -1180.000000 -1407.000000 3975.000000 
3.270000 23.010000 62.759998 -8.830000 -33.570000 0.000000 2315.000000 -865.000000 3585.000000 -1173.000000 -1414.000000 3947.000000 
3.190000 23.059999 62.840000 -8.910000 -33.590000 0.000000 2229.000000 -886.000000 3592.000000 -1166.000000 -1419.000000 3943.000000 
3.140000 23.120001 62.930000 -8.970000 -33.610001 0.000000 2268.000000 -900.000000 3574.000000 -1236.000000 -1438.000000 3884.000000 
