-7.150000 23.990000 109.739998 -1652.000000 -368.000000 3678.000000
-7.150000 24.000000 109.769997 -1655.000000 -386.000000 3653.000000
-7.150000 24.020000 109.800003 -1669.000000 -380.000000 3654.000000
-7.150000 24.040001 109.830002 -1648.000000 -373.000000 3637.000000
-7.150000 24.049999 109.870003 -1648.000000 -377.000000 3633.000000
-7.150000 24.070000 109.910004 -1647.000000 -361.000000 3669.000000
-7.150000 24.070000 109.959999 -1652.000000 -375.000000 3665.000000
-7.140000 24.090000 110.000000 -1656.000000 -371.000000 3650.000000
-7.140000 24.090000 110.059998 -1646.000000 -380.000000 3677.000000
-7.130000 24.100000 110.089996 -1674.000000 -367.000000 3648.000000
-7.120000 24.120001 110.129997 -1658.000000 -379.000000 3643.000000
-7.120000 24.129999 110.180000 -1665.000000 -380.000000 3665.000000
-7.120000 24.139999 110.230003 -1669.000000 -381.000000 3651.000000
-7.110000 24.160000 110.279999 -1671.000000 -362.000000 3658.000000
-7.110000 24.170000 110.330002 -1677.000000 -380.000000 3646.000000
-7.110000 24.190001 110.370003 -1676.000000 -399.000000 3633.000000
-7.110000 24.200001 110.419998 -1677.000000 -389.000000 3642.000000
-7.110000 24.200001 110.470001 -1663.000000 -377.000000 3658.000000
-7.110000 24.209999 110.510002 -1668.000000 -378.000000 3642.000000
-7.090000 24.219999 110.540001 -1659.000000 -350.000000 3655.000000
-7.080000 24.230000 110.580002 -1649.000000 -359.000000 3670.000000
-7.070000 24.240000 110.620003 -1660.000000 -361.000000 3677.000000
-7.060000 24.240000 110.669998 -1657.000000 -378.000000 3655.000000
-7.050000 24.260000 110.720001 -1673.000000 -378.000000 3655.000000
-7.040000 24.260000 110.760002 -1654.000000 -360.000000 3646.000000
-7.030000 24.280001 110.790001 -1683.000000 -377.000000 3649.000000
-7.020000 24.299999 110.809998 -1670.000000 -369.000000 3649.000000
-7.000000 24.320000 110.839996 -1674.000000 -380.000000 3662.000000
-6.990000 24.320000 110.870003 -1652.000000 -376.000000 3692.000000
-6.990000 24.330000 110.910004 -1688.000000 -394.000000 3677.000000
-6.990000 24.330000 110.949997 -1655.000000 -399.000000 3676.000000
-6.980000 24.330000 110.989998 -1635.000000 -385.000000 3666.000000
-6.970000 24.320000 111.029999 -1603.000000 -370.000000 3716.000000
-6.960000 24.299999 111.080002 -1593.000000 -373.000000 3743.000000
-6.950000 24.290001 111.110001 -1543.000000 -391.000000 3772.000000
-6.940000 24.270000 111.169998 -1487.000000 -361.000000 3854.000000
-6.930000 24.240000 111.220001 -1429.000000 -376.000000 4059.000000
-6.940000 24.250000 111.279999 -1359.000000 -380.000000 4218.000000
-6.970000 24.320000 111.309998 -1283.000000 -428.000000 4344.000000
-7.000000 24.480000 111.370003 -1270.000000 -368.000000 4521.000000
-7.050000 24.660000 111.419998 -1043.000000 -430.000000 4669.000000
-7.120000 24.990000 111.459999 -620.000000 -480.000000 4524.000000
-7.200000 25.600000 111.440002 -227.000000 -585.000000 4265.000000
-7.300000 26.490000 111.379997 -180.000000 -668.000000 3945.000000
-7.420000 27.559999 111.260002 -657.000000 -745.000000 4064.000000
-7.580000 28.830000 111.080002 -1226.000000 -963.000000 4118.000000
-7.690000 30.270000 110.860001 -1318.000000 -1000.000000 4202.000000
-7.690000 31.980000 110.639999 -1411.000000 -876.000000 3755.000000
-7.730000 33.950001 110.290001 -1614.000000 -810.000000 3496.000000
-7.730000 36.200001 109.900002 -1715.000000 -596.000000 3066.000000
-7.900000 38.730000 109.389999 -2156.000000 -794.000000 2792.000000
-8.100000 41.470001 108.739998 -2497.000000 -649.000000 2746.000000
-8.130000 44.290001 108.070000 -2415.000000 -271.000000 2743.000000
-8.210000 47.119999 107.209999 -2501.000000 -224.000000 2670.000000
-9.300000 49.669998 105.559998 -4150.000000 -3627.000000 4156.000000
-11.010000 51.439999 102.779999 -4759.000000 -2845.000000 3783.000000
-9.930000 52.459999 101.709999 -3340.000000 939.000000 3683.000000
-8.430000 53.320000 101.489998 -2172.000000 1415.000000 1782.000000
-7.640000 54.020000 101.000000 -1752.000000 241.000000 2407.000000
-7.670000 54.660000 99.750000 -2384.000000 -627.000000 2523.000000
-8.050000 55.610001 97.959999 -3101.000000 -866.000000 2072.000000
-8.300000 56.650002 96.250000 -3157.000000 -609.000000 1947.000000
-8.210000 57.680000 94.900002 -2759.000000 -192.000000 1869.000000
-8.120000 58.830002 93.570000 -2685.000000 -22.000000 1724.000000
-8.260000 60.090000 92.029999 -2803.000000 9.000000 1577.000000
-8.730000 61.459999 90.239998 -3098.000000 -217.000000 1445.000000
-9.450000 62.860001 88.260002 -3671.000000 -438.000000 1409.000000
-10.260000 64.239998 86.199997 -3969.000000 -478.000000 1257.000000
-11.150000 65.519997 84.040001 -4322.000000 -411.000000 1072.000000
-12.040000 66.639999 81.910004 -4524.000000 -242.000000 903.000000
-12.860000 67.559998 79.849998 -4539.000000 -187.000000 718.000000
-13.540000 68.260002 77.940002 -4389.000000 -157.000000 612.000000
-14.090000 68.769997 76.169998 -4149.000000 -147.000000 479.000000
-14.590000 69.129997 74.459999 -4058.000000 -44.000000 292.000000
-15.010000 69.370003 72.849998 -4081.000000 50.000000 347.000000
-15.390000 69.510002 71.309998 -4068.000000 101.000000 376.000000
-15.710000 69.570000 69.870003 -4006.000000 132.000000 526.000000
-15.970000 69.589996 68.529999 -3660.000000 97.000000 681.000000
-16.370001 69.660004 67.129997 -3490.000000 64.000000 674.000000
-16.930000 69.790001 65.690002 -3543.000000 45.000000 754.000000
-17.690001 70.019997 64.190002 -3742.000000 -60.000000 675.000000
-18.670000 70.320000 62.619999 -3886.000000 -200.000000 744.000000
-19.799999 70.680000 61.009998 -4035.000000 -318.000000 686.000000
-21.080000 71.089996 59.369999 -4198.000000 -392.000000 594.000000
-22.520000 71.540001 57.689999 -4260.000000 -416.000000 504.000000
-24.070000 72.019997 56.009998 -4481.000000 -492.000000 193.000000
-25.660000 72.529999 54.410000 -4386.000000 -560.000000 57.000000
-27.240000 73.080002 52.830002 -4216.000000 -567.000000 -86.000000
-28.790001 73.610001 51.320000 -4389.000000 -711.000000 27.000000
-30.219999 74.099998 49.950001 -4487.000000 -777.000000 82.000000
-31.450001 74.529999 48.790001 -4630.000000 -854.000000 61.000000
-32.240002 74.900002 48.029999 -4722.000000 -728.000000 29.000000
-32.740002 75.190002 47.540001 -4747.000000 -652.000000 84.000000
-32.910000 75.339996 47.330002 -4510.000000 -544.000000 120.000000
-32.779999 75.349998 47.340000 -4068.000000 -419.000000 367.000000
-32.570000 75.279999 47.380001 -3783.000000 -316.000000 436.000000
-32.299999 75.160004 47.459999 -3644.000000 -310.000000 607.000000
-32.240002 75.040001 47.330002 -3602.000000 -400.000000 742.000000
-32.360001 74.940002 47.040001 -3498.000000 -366.000000 695.000000
-32.689999 74.879997 46.580002 -3465.000000 -418.000000 682.000000
-33.090000 74.839996 46.060001 -3580.000000 -552.000000 628.000000
-33.650002 74.809998 45.410000 -3605.000000 -679.000000 662.000000
-34.299999 74.830002 44.669998 -3568.000000 -755.000000 658.000000
-35.000000 74.910004 43.900002 -3537.000000 -692.000000 677.000000
-35.740002 75.059998 43.099998 -3605.000000 -595.000000 613.000000
-36.669998 75.250000 42.130001 -3735.000000 -647.000000 703.000000
-37.630001 75.449997 41.110001 -3917.000000 -609.000000 759.000000
-38.560001 75.639999 40.080002 -3943.000000 -549.000000 825.000000
-39.590000 75.820000 38.910000 -3913.000000 -566.000000 822.000000
-40.660000 75.980003 37.730000 -3845.000000 -642.000000 863.000000
-41.779999 76.139999 36.490002 -3923.000000 -690.000000 829.000000
-42.849998 76.269997 35.299999 -4130.000000 -776.000000 799.000000
-43.660000 76.349998 34.320000 -4307.000000 -762.000000 858.000000
-44.299999 76.440002 33.500000 -4235.000000 -651.000000 730.000000
-44.759998 76.510002 32.849998 -4146.000000 -590.000000 760.000000
-45.310001 76.559998 32.130001 -4026.000000 -681.000000 676.000000
-45.830002 76.580002 31.450001 -3948.000000 -707.000000 735.000000
-46.450001 76.620003 30.680000 -3801.000000 -634.000000 582.000000
-47.049999 76.669998 29.930000 -3676.000000 -567.000000 512.000000
-47.639999 76.720001 29.219999 -3844.000000 -574.000000 501.000000
-48.259998 76.709999 28.480000 -4108.000000 -696.000000 545.000000
-48.689999 76.629997 27.870001 -4188.000000 -797.000000 627.000000
-48.720001 76.459999 27.590000 -4086.000000 -730.000000 809.000000
-48.500000 76.269997 27.500000 -3770.000000 -644.000000 769.000000
-48.150002 76.050003 27.540001 -3553.000000 -631.000000 922.000000
-48.060001 75.940002 27.309999 -3402.000000 -634.000000 697.000000
-48.259998 75.919998 26.840000 -3599.000000 -606.000000 727.000000
-49.000000 76.000000 25.870001 -3902.000000 -611.000000 572.000000
-50.029999 76.089996 24.629999 -3946.000000 -731.000000 567.000000
-51.029999 76.180000 23.420000 -3888.000000 -707.000000 481.000000
-51.860001 76.239998 22.389999 -3846.000000 -728.000000 527.000000
-52.520000 76.269997 21.559999 -3967.000000 -762.000000 541.000000
-52.910000 76.269997 21.000000 -4034.000000 -797.000000 553.000000
-53.040001 76.250000 20.680000 -3835.000000 -744.000000 620.000000
-53.020000 76.239998 20.480000 -3837.000000 -654.000000 789.000000
-53.070000 76.279999 20.219999 -3914.000000 -459.000000 708.000000
-53.330002 76.360001 19.750000 -3766.000000 -370.000000 664.000000
-53.930000 76.489998 18.959999 -3523.000000 -387.000000 549.000000
-54.669998 76.589996 18.030001 -3717.000000 -539.000000 701.000000
-55.770000 76.720001 16.730000 -3952.000000 -565.000000 611.000000
-56.900002 76.830002 15.430000 -3930.000000 -593.000000 468.000000
-57.990002 76.940002 14.180000 -3680.000000 -596.000000 313.000000
-59.020000 77.070000 13.020000 -3642.000000 -616.000000 196.000000
-60.119999 77.180000 11.770000 -3786.000000 -625.000000 131.000000
-61.099998 77.250000 10.650000 -3879.000000 -684.000000 146.000000
-61.570000 77.239998 9.990000 -3902.000000 -739.000000 433.000000
-61.540001 77.209999 9.800000 -3853.000000 -647.000000 499.000000
-61.369999 77.160004 9.740000 -3776.000000 -626.000000 535.000000
-61.340000 77.099998 9.540000 -3688.000000 -739.000000 552.000000
-61.509998 77.070000 9.170000 -3750.000000 -759.000000 487.000000
-61.910000 77.070000 8.570000 -3740.000000 -741.000000 466.000000
-62.590000 77.099998 7.720000 -3778.000000 -725.000000 537.000000
-63.419998 77.169998 6.700000 -3920.000000 -689.000000 360.000000
-64.040001 77.230003 5.870000 -3936.000000 -663.000000 407.000000
-64.529999 77.279999 5.180000 -3958.000000 -650.000000 418.000000
-64.849998 77.309998 4.660000 -4152.000000 -735.000000 406.000000
-64.870003 77.360001 4.430000 -3985.000000 -589.000000 480.000000
-65.029999 77.430000 4.090000 -3939.000000 -521.000000 263.000000
-65.019997 77.500000 3.910000 -3942.000000 -484.000000 364.000000
-65.029999 77.559998 3.680000 -4120.000000 -533.000000 469.000000
-64.860001 77.580002 3.630000 -4246.000000 -669.000000 482.000000
-64.279999 77.580002 3.980000 -4169.000000 -666.000000 579.000000
-63.490002 77.589996 4.550000 -4068.000000 -573.000000 499.000000
-62.619999 77.610001 5.210000 -3894.000000 -526.000000 527.000000
-62.119999 77.660004 5.540000 -3963.000000 -549.000000 405.000000
-61.810001 77.730003 5.700000 -4014.000000 -550.000000 370.000000
-61.430000 77.809998 5.930000 -4023.000000 -515.000000 418.000000
-60.970001 77.889999 6.250000 -4000.000000 -491.000000 392.000000
-60.590000 77.970001 6.510000 -4019.000000 -520.000000 419.000000
-60.189999 78.040001 6.780000 -3933.000000 -524.000000 485.000000
-59.869999 78.089996 6.960000 -4013.000000 -563.000000 546.000000
-59.389999 78.150002 7.310000 -3978.000000 -527.000000 636.000000
-59.000000 78.209999 7.580000 -3974.000000 -520.000000 606.000000
-58.700001 78.290001 7.770000 -3993.000000 -564.000000 611.000000
-58.490002 78.389999 7.880000 -4098.000000 -574.000000 607.000000
-58.560001 78.519997 7.720000 -4162.000000 -593.000000 528.000000
-58.720001 78.680000 7.460000 -4162.000000 -566.000000 580.000000
-59.240002 78.870003 6.870000 -4257.000000 -547.000000 461.000000
-59.790001 79.089996 6.270000 -4319.000000 -539.000000 435.000000
-60.400002 79.320000 5.610000 -4394.000000 -552.000000 314.000000
-60.970001 79.559998 5.030000 -4439.000000 -527.000000 269.000000
-61.389999 79.800003 4.620000 -4388.000000 -510.000000 145.000000
-61.549999 80.040001 4.480000 -4347.000000 -545.000000 148.000000
-61.520000 80.279999 4.540000 -4423.000000 -547.000000 209.000000
-61.400002 80.529999 4.710000 -4469.000000 -476.000000 192.000000
-61.119999 80.790001 5.050000 -4442.000000 -442.000000 248.000000
-60.389999 81.040001 5.860000 -4493.000000 -450.000000 204.000000
-59.299999 81.290001 7.050000 -4429.000000 -356.000000 212.000000
-57.950001 81.559998 8.500000 -4319.000000 -308.000000 197.000000
-56.509998 81.830002 10.090000 -4360.000000 -257.000000 162.000000
-54.869999 82.110001 11.910000 -4338.000000 -196.000000 116.000000
-52.790001 82.370003 14.200000 -4233.000000 -129.000000 84.000000
-50.240002 82.629997 17.000000 -4169.000000 -79.000000 61.000000
-47.299999 82.870003 20.219999 -4109.000000 -34.000000 34.000000
-43.799999 83.089996 24.030001 -4133.000000 24.000000 36.000000
-39.820000 83.290001 28.360001 -4135.000000 39.000000 51.000000
-35.349998 83.470001 33.189999 -4153.000000 55.000000 22.000000
-29.990000 83.610001 38.889999 -4124.000000 135.000000 64.000000
-23.850000 83.699997 45.310001 -4009.000000 241.000000 38.000000
-17.330000 83.760002 52.040001 -3898.000000 284.000000 76.000000
-10.690000 83.779999 58.840000 -3825.000000 325.000000 96.000000
-4.190000 83.769997 65.440002 -3770.000000 366.000000 195.000000
1.940000 83.750000 71.639999 -3780.000000 354.000000 248.000000
7.750000 83.709999 77.510002 -3833.000000 360.000000 238.000000
13.200000 83.639999 83.040001 -3846.000000 373.000000 277.000000
18.139999 83.550003 88.080002 -3825.000000 367.000000 267.000000
22.730000 83.430000 92.800003 -3761.000000 400.000000 273.000000
27.030001 83.330002 97.269997 -3733.000000 432.000000 161.000000
31.010000 83.220001 101.470001 -3759.000000 444.000000 199.000000
34.840000 83.139999 105.559998 -3754.000000 455.000000 127.000000
38.500000 83.050003 109.500000 -3782.000000 498.000000 142.000000
41.950001 82.959999 113.269997 -3834.000000 551.000000 98.000000
44.970001 82.860001 116.629997 -3848.000000 546.000000 107.000000
47.520000 82.739998 119.550003 -3747.000000 539.000000 125.000000
49.700001 82.610001 122.110001 -3696.000000 520.000000 148.000000
51.549999 82.489998 124.400002 -3644.000000 504.000000 169.000000
53.220001 82.360001 126.529999 -3700.000000 537.000000 137.000000
54.599998 82.220001 128.410004 -3670.000000 606.000000 190.000000
55.830002 82.080002 130.119995 -3620.000000 632.000000 202.000000
56.820000 81.949997 131.630005 -3570.000000 623.000000 261.000000
57.820000 81.830002 133.149994 -3601.000000 636.000000 248.000000
58.790001 81.750000 134.699997 -3644.000000 631.000000 216.000000
59.779999 81.690002 136.279999 -3675.000000 598.000000 151.000000
60.730000 81.639999 137.820007 -3691.000000 625.000000 137.000000
61.520000 81.610001 139.229996 -3725.000000 655.000000 167.000000
62.290001 81.589996 140.639999 -3730.000000 646.000000 133.000000
62.970001 81.580002 141.979996 -3740.000000 614.000000 149.000000
63.610001 81.610001 143.300003 -3803.000000 553.000000 116.000000
63.990002 81.639999 144.389999 -3850.000000 505.000000 204.000000
64.339996 81.690002 145.470001 -3843.000000 498.000000 165.000000
64.440002 81.720001 146.330002 -3808.000000 493.000000 222.000000
64.589996 81.769997 147.240005 -3870.000000 491.000000 194.000000
64.650002 81.820000 148.070007 -3835.000000 523.000000 228.000000
64.690002 81.860001 148.919998 -3886.000000 577.000000 240.000000
64.650002 81.910004 149.690002 -3872.000000 611.000000 226.000000
64.239998 81.940002 150.149994 -3769.000000 598.000000 278.000000
63.520000 81.959999 150.320007 -3730.000000 618.000000 346.000000
62.590000 81.970001 150.309998 -3701.000000 620.000000 379.000000
61.669998 82.040001 150.309998 -3780.000000 524.000000 307.000000
60.540001 82.139999 150.169998 -3838.000000 415.000000 335.000000
59.680000 82.300003 150.270004 -3852.000000 336.000000 311.000000
58.720001 82.489998 150.279999 -3913.000000 259.000000 333.000000
57.540001 82.699997 150.110001 -3949.000000 194.000000 353.000000
56.349998 82.910004 149.910004 -4015.000000 172.000000 215.000000
54.310001 83.080002 148.929993 -4046.000000 144.000000 322.000000
52.270000 83.279999 147.899994 -4072.000000 44.000000 168.000000
49.160000 83.440002 145.869995 -4024.000000 -15.000000 248.000000
44.919998 83.570000 142.839996 -3945.000000 -87.000000 329.000000
39.520000 83.660004 138.740005 -3919.000000 -124.000000 414.000000
33.750000 83.730003 134.300003 -3944.000000 -172.000000 444.000000
27.780001 83.779999 129.740005 -4053.000000 -230.000000 468.000000
21.620001 83.820000 124.959999 -4095.000000 -257.000000 471.000000
15.460000 83.849998 120.160004 -4054.000000 -217.000000 452.000000
9.110000 83.870003 115.209999 -4008.000000 -272.000000 497.000000
2.800000 83.879997 110.269997 -4024.000000 -283.000000 489.000000
-3.610000 83.900002 105.190002 -4095.000000 -372.000000 446.000000
-10.270000 83.889999 99.820000 -4193.000000 -482.000000 428.000000
-16.420000 83.830002 94.790001 -4101.000000 -477.000000 362.000000
-21.719999 83.720001 90.389999 -4068.000000 -456.000000 325.000000
-25.990000 83.510002 86.879997 -3945.000000 -519.000000 383.000000
-29.360001 83.250000 84.150002 -3963.000000 -576.000000 397.000000
-32.080002 82.959999 82.050003 -3915.000000 -625.000000 410.000000
-34.509998 82.669998 80.239998 -3811.000000 -635.000000 482.000000
-36.970001 82.410004 78.419998 -3758.000000 -623.000000 448.000000
-39.570000 82.190002 76.500000 -3811.000000 -688.000000 425.000000
-42.279999 81.989998 74.470001 -3828.000000 -747.000000 446.000000
-44.860001 81.769997 72.570000 -3880.000000 -796.000000 479.000000
-47.080002 81.550003 70.980003 -3929.000000 -805.000000 433.000000
-48.880001 81.300003 69.790001 -4011.000000 -853.000000 433.000000
-50.310001 81.040001 68.940002 -3994.000000 -859.000000 319.000000
-51.189999 80.720001 68.589996 -3918.000000 -893.000000 432.000000
-51.880001 80.379997 68.410004 -3778.000000 -908.000000 476.000000
-52.590000 80.040001 68.220001 -3644.000000 -952.000000 467.000000
-53.290001 79.690002 68.050003 -3588.000000 -983.000000 576.000000
-54.220001 79.370003 67.639999 -3560.000000 -996.000000 505.000000
-54.950001 79.040001 67.440002 -3510.000000 -976.000000 669.000000
-55.639999 78.709999 67.260002 -3544.000000 -975.000000 706.000000
-56.340000 78.379997 67.089996 -3640.000000 -1005.000000 719.000000
-57.220001 78.070000 66.750000 -3868.000000 -1184.000000 683.000000
-58.380001 77.779999 66.129997 -3985.000000 -1325.000000 607.000000
-59.630001 77.500000 65.370003 -4031.000000 -1361.000000 558.000000
-60.610001 77.199997 64.839996 -3986.000000 -1338.000000 589.000000
-61.259998 76.879997 64.599998 -3900.000000 -1312.000000 656.000000
-61.599998 76.519997 64.650002 -3839.000000 -1302.000000 637.000000
-61.759998 76.129997 64.849998 -3821.000000 -1351.000000 582.000000
-61.730000 75.730003 65.209999 -3821.000000 -1362.000000 618.000000
-61.630001 75.320000 65.639999 -3798.000000 -1380.000000 699.000000
-61.660000 74.930000 65.930000 -3843.000000 -1469.000000 733.000000
-61.730000 74.559998 66.150002 -3776.000000 -1463.000000 798.000000
-61.930000 74.230003 66.250000 -3713.000000 -1439.000000 732.000000
-62.250000 73.940002 66.190002 -3771.000000 -1441.000000 664.000000
-62.689999 73.669998 66.000000 -3846.000000 -1467.000000 628.000000
-63.070000 73.419998 65.839996 -3902.000000 -1430.000000 679.000000
-63.250000 73.169998 65.860001 -3909.000000 -1427.000000 691.000000
-63.310001 72.900002 65.970001 -3809.000000 -1400.000000 689.000000
-63.290001 72.660004 66.129997 -3789.000000 -1359.000000 672.000000
-63.240002 72.430000 66.330002 -3783.000000 -1301.000000 677.000000
-63.189999 72.199997 66.489998 -3756.000000 -1270.000000 720.000000
-63.240002 72.019997 66.550003 -3749.000000 -1230.000000 636.000000
-63.389999 71.870003 66.489998 -3755.000000 -1177.000000 613.000000
-63.630001 71.750000 66.339996 -3783.000000 -1162.000000 576.000000
-63.910000 71.639999 66.129997 -3863.000000 -1164.000000 545.000000
-64.220001 71.540001 65.900002 -3927.000000 -1186.000000 507.000000
-64.430000 71.430000 65.750000 -3942.000000 -1184.000000 556.000000
-64.550003 71.320000 65.669998 -3915.000000 -1161.000000 569.000000
-64.580002 71.199997 65.669998 -3885.000000 -1139.000000 551.000000
-64.610001 71.089996 65.669998 -3905.000000 -1145.000000 495.000000
-64.589996 70.989998 65.730003 -3963.000000 -1126.000000 547.000000
-64.589996 70.879997 65.760002 -3939.000000 -1106.000000 526.000000
-64.629997 70.779999 65.730003 -3844.000000 -1123.000000 510.000000
-64.730003 70.699997 65.669998 -3858.000000 -1117.000000 489.000000
-64.970001 70.650002 65.480003 -3763.000000 -1060.000000 454.000000
-65.330002 70.629997 65.160004 -3963.000000 -1077.000000 305.000000
-65.599998 70.570000 64.970001 -4056.000000 -1106.000000 453.000000
-66.019997 70.559998 64.610001 -3984.000000 -1104.000000 224.000000
-66.209999 70.500000 64.510002 -4044.000000 -1174.000000 445.000000
-66.230003 70.430000 64.559998 -4236.000000 -1185.000000 456.000000
-66.019997 70.330002 64.879997 -4255.000000 -1211.000000 437.000000
-65.559998 70.209999 65.430000 -4303.000000 -1226.000000 518.000000
-64.989998 70.089996 66.099998 -4032.000000 -1205.000000 543.000000
-64.379997 69.970001 66.800003 -4056.000000 -1230.000000 653.000000
-63.750000 69.839996 67.550003 -3991.000000 -1223.000000 718.000000
-63.180000 69.750000 68.190002 -3790.000000 -1101.000000 758.000000
-62.820000 69.690002 68.650002 -3657.000000 -1058.000000 603.000000
-62.619999 69.650002 68.949997 -3741.000000 -1079.000000 616.000000
-62.529999 69.610001 69.139999 -3856.000000 -1223.000000 656.000000
-62.410000 69.540001 69.349998 -3484.000000 -1214.000000 734.000000
-62.240002 69.540001 69.610001 -3826.000000 -1059.000000 631.000000
-62.040001 69.500000 69.919998 -3920.000000 -1116.000000 743.000000
-61.990002 69.419998 70.040001 -3761.000000 -1259.000000 538.000000
-61.570000 69.320000 70.580002 -3596.000000 -1152.000000 730.000000
-61.240002 69.220001 70.989998 -3624.000000 -1121.000000 553.000000
-60.830002 69.080002 71.510002 -3747.000000 -1142.000000 634.000000
-60.430000 68.940002 72.010002 -3778.000000 -1148.000000 637.000000
-60.139999 68.809998 72.400002 -3683.000000 -1158.000000 559.000000
-59.900002 68.690002 72.769997 -3677.000000 -1163.000000 665.000000
-59.720001 68.559998 73.059998 -3791.000000 -1227.000000 648.000000
-59.549999 68.430000 73.339996 -3880.000000 -1208.000000 695.000000
-59.410000 68.309998 73.589996 -3939.000000 -1208.000000 704.000000
-59.279999 68.209999 73.820000 -3978.000000 -1230.000000 730.000000
-59.080002 68.089996 74.089996 -3936.000000 -1199.000000 753.000000
-58.830002 67.970001 74.410004 -3849.000000 -1168.000000 645.000000
-58.549999 67.860001 74.760002 -3757.000000 -1108.000000 577.000000
-58.209999 67.720001 75.150002 -3805.000000 -1101.000000 685.000000
-57.799999 67.559998 75.610001 -3811.000000 -1161.000000 747.000000
-57.340000 67.370003 76.120003 -3692.000000 -1188.000000 828.000000
-56.919998 67.199997 76.580002 -3568.000000 -1163.000000 785.000000
-56.549999 67.010002 76.989998 -3589.000000 -1224.000000 899.000000
-56.240002 66.820000 77.330002 -3692.000000 -1269.000000 976.000000
-55.990002 66.650002 77.589996 -3675.000000 -1245.000000 889.000000
-55.740002 66.489998 77.860001 -3726.000000 -1225.000000 851.000000
-55.419998 66.320000 78.209999 -3779.000000 -1219.000000 929.000000
-54.990002 66.110001 78.639999 -3771.000000 -1228.000000 979.000000
-54.459999 65.870003 79.169998 -3744.000000 -1278.000000 989.000000
-53.840000 65.599998 79.800003 -3794.000000 -1393.000000 1059.000000
-53.139999 65.320000 80.519997 -3838.000000 -1413.000000 1141.000000
-52.419998 65.029999 81.220001 -3671.000000 -1379.000000 1162.000000
-51.630001 64.750000 81.959999 -3466.000000 -1233.000000 1213.000000
-50.900002 64.500000 82.639999 -3342.000000 -1198.000000 1214.000000
-50.250000 64.269997 83.220001 -3382.000000 -1210.000000 1276.000000
-49.740002 64.070000 83.680000 -3398.000000 -1243.000000 1310.000000
-49.320000 63.880001 84.059998 -3463.000000 -1302.000000 1343.000000
-48.910000 63.689999 84.440002 -3445.000000 -1281.000000 1330.000000
-48.500000 63.490002 84.779999 -3632.000000 -1422.000000 1326.000000
-48.060001 63.259998 85.150002 -3627.000000 -1430.000000 1284.000000
-47.639999 63.020000 85.489998 -3532.000000 -1470.000000 1175.000000
-47.080002 62.700001 85.989998 -3601.000000 -1551.000000 1474.000000
-46.619999 62.340000 86.379997 -3439.000000 -1907.000000 1690.000000
-46.330002 62.040001 86.620003 -3509.000000 -2195.000000 1700.000000
-46.119999 61.820000 86.760002 -3711.000000 -2417.000000 1617.000000
-45.889999 61.639999 86.889999 -3776.000000 -2521.000000 1649.000000
-45.630001 61.490002 87.010002 -3737.000000 -2567.000000 1626.000000
-45.299999 61.349998 87.220001 -3740.000000 -2635.000000 1653.000000
-44.880001 61.220001 87.470001 -3799.000000 -2683.000000 1576.000000
-44.330002 61.070000 87.830002 -3838.000000 -2760.000000 1530.000000
-43.560001 60.860001 88.349998 -3805.000000 -2853.000000 1574.000000
-42.580002 60.560001 89.070000 -3627.000000 -2932.000000 1615.000000
-41.400002 60.169998 89.930000 -3385.000000 -2993.000000 1593.000000
-40.049999 59.709999 90.919998 -3223.000000 -3039.000000 1567.000000
-38.570000 59.200001 92.000000 -2970.000000 -3055.000000 1477.000000
-37.029999 58.660000 93.110001 -2756.000000 -2944.000000 1318.000000
-35.450001 58.070000 94.220001 -2627.000000 -2801.000000 1276.000000
-33.889999 57.450001 95.290001 -2515.000000 -2622.000000 1155.000000
-32.360001 56.810001 96.290001 -2439.000000 -2444.000000 1100.000000
-30.860001 56.099998 97.250000 -2431.000000 -2282.000000 1188.000000
-29.420000 55.330002 98.129997 -2399.000000 -2098.000000 1250.000000
-27.990000 54.509998 98.959999 -2441.000000 -1869.000000 1219.000000
-26.590000 53.650002 99.739998 -2522.000000 -1639.000000 1215.000000
-25.230000 52.750000 100.459999 -2673.000000 -1425.000000 1183.000000
-23.879999 51.790001 101.129997 -2757.000000 -1152.000000 1322.000000
-22.549999 50.820000 101.730003 -2710.000000 -907.000000 1426.000000
-21.320000 49.880001 102.190002 -2723.000000 -726.000000 1454.000000
-20.190001 48.990002 102.500000 -2636.000000 -444.000000 1529.000000
-19.150000 48.169998 102.730003 -2588.000000 -211.000000 1644.000000
-18.219999 47.410000 102.839996 -2657.000000 19.000000 1623.000000
-17.410000 46.700001 102.839996 -2756.000000 107.000000 1788.000000
-16.700001 46.020000 102.739998 -2897.000000 197.000000 1963.000000
-16.110001 45.389999 102.540001 -3094.000000 302.000000 2145.000000
-15.620000 44.830002 102.260002 -3253.000000 375.000000 2199.000000
-15.210000 44.259998 101.949997 -3356.000000 457.000000 2210.000000
-14.830000 43.619999 101.620003 -3392.000000 528.000000 2293.000000
-14.440000 42.900002 101.279999 -3312.000000 588.000000 2290.000000
-14.050000 42.160000 100.930000 -3237.000000 636.000000 2304.000000
-13.670000 41.410000 100.580002 -3243.000000 725.000000 2325.000000
-13.340000 40.619999 100.260002 -3228.000000 690.000000 2588.000000
-12.980000 39.830002 99.940002 -3230.000000 740.000000 2813.000000
-12.590000 39.009998 99.639999 -3148.000000 740.000000 3117.000000
-12.240000 38.189999 99.370003 -3025.000000 671.000000 3379.000000
-11.920000 37.380001 99.129997 -2922.000000 608.000000 3487.000000
-11.630000 36.619999 98.900002 -2932.000000 541.000000 3495.000000
-11.360000 35.860001 98.720001 -2930.000000 482.000000 3490.000000
-11.080000 35.119999 98.559998 -2836.000000 477.000000 3445.000000
-10.790000 34.389999 98.430000 -2710.000000 503.000000 3407.000000
-10.480000 33.700001 98.309998 -2573.000000 520.000000 3374.000000
-10.170000 33.060001 98.199997 -2592.000000 550.000000 3310.000000
-9.910000 32.439999 98.089996 -2659.000000 457.000000 3378.000000
-9.690000 31.809999 97.980003 -2612.000000 361.000000 3416.000000
-9.470000 31.129999 97.889999 -2470.000000 307.000000 3526.000000
-9.210000 30.420000 97.830002 -2291.000000 331.000000 3647.000000
-8.930000 29.670000 97.790001 -2127.000000 317.000000 3745.000000
-8.670000 28.900000 97.769997 -1998.000000 249.000000 3755.000000
-8.430000 28.120001 97.760002 -1803.000000 230.000000 3591.000000
-8.180000 27.350000 97.750000 -1758.000000 246.000000 3492.000000
-7.950000 26.559999 97.760002 -1731.000000 289.000000 3465.000000
-7.720000 25.750000 97.790001 -1632.000000 318.000000 3461.000000
-7.520000 24.990000 97.830002 -1591.000000 305.000000 3552.000000
-7.370000 24.280001 97.870003 -1699.000000 228.000000 3668.000000
-7.290000 23.639999 97.900002 -1703.000000 110.000000 3762.000000
-7.240000 23.080000 97.930000 -1667.000000 60.000000 3740.000000
-7.220000 22.540001 97.959999 -1607.000000 -9.000000 3802.000000
-7.170000 22.059999 98.019997 -1501.000000 41.000000 3819.000000
-7.120000 21.650000 98.129997 -1613.000000 72.000000 3958.000000
-7.040000 21.350000 98.269997 -1842.000000 126.000000 3830.000000
-6.930000 21.139999 98.470001 -2201.000000 245.000000 3935.000000
-6.750000 20.900000 98.750000 -2149.000000 233.000000 4231.000000
-6.590000 20.660000 99.029999 -1644.000000 24.000000 4354.000000
-6.520000 20.500000 99.230003 -1501.000000 -174.000000 4405.000000
-6.260000 20.459999 99.449997 -1391.000000 396.000000 4090.000000
-6.070000 20.490000 99.650002 -1447.000000 211.000000 4150.000000
-5.960000 20.580000 99.830002 -1345.000000 9.000000 4028.000000
-5.910000 20.719999 99.980003 -1319.000000 -148.000000 3781.000000
-5.890000 20.860001 100.080002 -1227.000000 -232.000000 3677.000000
-5.880000 21.030001 100.180000 -1121.000000 -264.000000 3579.000000
-5.890000 21.250000 100.269997 -1112.000000 -280.000000 3525.000000
-5.920000 21.540001 100.339996 -1196.000000 -311.000000 3476.000000
-5.960000 21.920000 100.400002 -1374.000000 -381.000000 3521.000000
-6.020000 22.340000 100.440002 -1551.000000 -462.000000 3592.000000
-6.080000 22.799999 100.480003 -1825.000000 -549.000000 3655.000000
-6.120000 23.240000 100.510002 -2052.000000 -627.000000 3778.000000
-6.140000 23.620001 100.589996 -2225.000000 -662.000000 3860.000000
-6.130000 23.930000 100.699997 -2253.000000 -629.000000 3813.000000
-6.100000 24.150000 100.849998 -2176.000000 -553.000000 3692.000000
-6.050000 24.240000 101.040001 -2024.000000 -477.000000 3690.000000
-6.000000 24.219999 101.250000 -1810.000000 -412.000000 3680.000000
-5.940000 24.139999 101.470001 -1640.000000 -352.000000 3667.000000
-5.890000 24.059999 101.690002 -1575.000000 -367.000000 3710.000000
-5.850000 23.980000 101.910004 -1590.000000 -370.000000 3724.000000
-5.790000 23.930000 102.110001 -1604.000000 -326.000000 3751.000000
-5.750000 23.879999 102.300003 -1586.000000 -319.000000 3751.000000
-5.710000 23.830000 102.500000 -1568.000000 -312.000000 3786.000000
-5.680000 23.799999 102.669998 -1609.000000 -301.000000 3778.000000
-5.660000 23.790001 102.839996 -1603.000000 -301.000000 3728.000000
-5.660000 23.799999 103.000000 -1650.000000 -316.000000 3732.000000
-5.660000 23.820000 103.139999 -1687.000000 -313.000000 3698.000000
-5.670000 23.860001 103.290001 -1748.000000 -328.000000 3650.000000
-5.690000 23.889999 103.430000 -1764.000000 -343.000000 3611.000000
-5.690000 23.900000 103.570000 -1756.000000 -335.000000 3651.000000
-5.700000 23.900000 103.720001 -1768.000000 -325.000000 3647.000000
-5.710000 23.889999 103.860001 -1736.000000 -319.000000 3669.000000
-5.720000 23.870001 103.989998 -1706.000000 -346.000000 3654.000000
-5.740000 23.840000 104.099998 -1677.000000 -348.000000 3646.000000
-5.750000 23.809999 104.220001 -1686.000000 -337.000000 3684.000000
-5.770000 23.790001 104.320000 -1681.000000 -359.000000 3699.000000
-5.780000 23.770000 104.419998 -1680.000000 -341.000000 3644.000000
-5.800000 23.760000 104.510002 -1651.000000 -316.000000 3670.000000
-5.810000 23.760000 104.610001 -1666.000000 -322.000000 3655.000000
-5.820000 23.780001 104.680000 -1698.000000 -317.000000 3649.000000
-5.830000 23.799999 104.760002 -1702.000000 -297.000000 3624.000000
-5.840000 23.840000 104.839996 -1735.000000 -297.000000 3597.000000
-5.850000 23.870001 104.910004 -1748.000000 -293.000000 3606.000000
-5.860000 23.889999 104.980003 -1764.000000 -314.000000 3602.000000
-5.870000 23.900000 105.040001 -1757.000000 -327.000000 3596.000000
-5.880000 23.900000 105.099998 -1756.000000 -327.000000 3590.000000
-5.890000 23.879999 105.160004 -1716.000000 -321.000000 3619.000000
-5.890000 23.850000 105.199997 -1676.000000 -322.000000 3647.000000
-5.900000 23.809999 105.260002 -1682.000000 -352.000000 3660.000000
-5.910000 23.780001 105.309998 -1666.000000 -333.000000 3672.000000
-5.910000 23.740000 105.360001 -1653.000000 -322.000000 3663.000000
-5.920000 23.700001 105.410004 -1645.000000 -329.000000 3690.000000
