-7.110000 45.930000 110.680000 -2205.000000 -152.000000 3197.000000
-6.700000 46.779999 109.760002 -2123.000000 -452.000000 3007.000000
-6.390000 47.639999 108.639999 -2407.000000 -553.000000 2885.000000
-6.050000 48.549999 107.440002 -2651.000000 -421.000000 2749.000000
-5.630000 49.419998 106.269997 -2637.000000 -268.000000 2704.000000
-5.200000 50.270000 105.110001 -2626.000000 -207.000000 2714.000000
-4.810000 51.160000 103.900002 -2582.000000 -185.000000 2590.000000
-4.470000 52.049999 102.660004 -2559.000000 -141.000000 2489.000000
-4.180000 52.990002 101.400002 -2572.000000 -95.000000 2263.000000
-3.950000 54.060001 100.150002 -2748.000000 -34.000000 1833.000000
-3.810000 55.080002 98.889999 -3014.000000 24.000000 1913.000000
-3.750000 56.110001 97.610001 -3247.000000 8.000000 1563.000000
-3.790000 57.040001 96.279999 -3452.000000 -16.000000 1634.000000
-3.890000 57.919998 94.900002 -3549.000000 -99.000000 1449.000000
-4.050000 58.709999 93.519997 -3649.000000 -145.000000 1434.000000
-4.190000 59.459999 92.150002 -3497.000000 -71.000000 1208.000000
-4.320000 60.139999 90.809998 -3482.000000 7.000000 1178.000000
-4.470000 60.750000 89.489998 -3558.000000 75.000000 1083.000000
-4.640000 61.270000 88.220001 -3796.000000 44.000000 1071.000000
-4.830000 61.689999 86.989998 -3887.000000 -13.000000 1006.000000
-5.030000 62.009998 85.760002 -3898.000000 -2.000000 976.000000
-5.230000 62.209999 84.580002 -3926.000000 43.000000 977.000000
-5.450000 62.279999 83.419998 -3899.000000 55.000000 1012.000000
-5.650000 62.270000 82.269997 -3740.000000 56.000000 1075.000000
-5.900000 62.200001 81.110001 -3635.000000 37.000000 1183.000000
-6.190000 62.119999 79.980003 -3591.000000 12.000000 1220.000000
-6.580000 62.099998 78.839996 -3771.000000 -76.000000 1315.000000
-7.100000 62.169998 77.660004 -3997.000000 -235.000000 1235.000000
-7.700000 62.349998 76.470001 -3912.000000 -309.000000 1297.000000
-8.380000 62.639999 75.279999 -3838.000000 -335.000000 1322.000000
-9.120000 63.040001 74.120003 -3739.000000 -351.000000 1344.000000
-9.910000 63.529999 72.970001 -3719.000000 -335.000000 1343.000000
-10.770000 64.070000 71.839996 -3716.000000 -348.000000 1300.000000
-11.700000 64.690002 70.750000 -3700.000000 -391.000000 1117.000000
-12.660000 65.400002 69.709999 -3560.000000 -403.000000 950.000000
-13.720000 66.169998 68.639999 -3693.000000 -485.000000 815.000000
-14.860000 66.959999 67.540001 -4060.000000 -659.000000 582.000000
-15.980000 67.699997 66.459999 -4691.000000 -879.000000 658.000000
-16.920000 68.290001 65.500000 -4841.000000 -881.000000 672.000000
-17.580000 68.730003 64.760002 -4649.000000 -780.000000 728.000000
-17.969999 68.980003 64.239998 -4437.000000 -705.000000 753.000000
-18.100000 69.070000 63.939999 -4331.000000 -574.000000 872.000000
-18.030001 69.050003 63.820000 -4256.000000 -487.000000 1040.000000
-17.860001 68.949997 63.770000 -4078.000000 -442.000000 1119.000000
-17.680000 68.800003 63.740002 -3885.000000 -435.000000 1231.000000
-17.500000 68.620003 63.689999 -3827.000000 -437.000000 1303.000000
-17.379999 68.419998 63.610001 -3769.000000 -404.000000 1351.000000
-17.270000 68.239998 63.509998 -3634.000000 -335.000000 1298.000000
-17.240000 68.089996 63.369999 -3400.000000 -353.000000 1253.000000
-17.280001 68.000000 63.180000 -3438.000000 -388.000000 1166.000000
-17.420000 67.970001 62.950001 -3821.000000 -463.000000 1146.000000
-17.620001 67.949997 62.630001 -3995.000000 -555.000000 1198.000000
-17.820000 67.900002 62.279999 -3963.000000 -632.000000 1248.000000
-17.950001 67.779999 61.990002 -3802.000000 -600.000000 1444.000000
-17.950001 67.620003 61.759998 -3697.000000 -560.000000 1573.000000
-17.940001 67.440002 61.570000 -3695.000000 -568.000000 1667.000000
-17.910000 67.239998 61.380001 -3684.000000 -590.000000 1761.000000
-17.840000 67.040001 61.220001 -3644.000000 -552.000000 1749.000000
-17.799999 66.830002 61.020000 -3547.000000 -531.000000 1771.000000
-17.770000 66.629997 60.790001 -3567.000000 -534.000000 1810.000000
-17.770000 66.419998 60.549999 -3620.000000 -571.000000 1786.000000
-17.780001 66.239998 60.279999 -3840.000000 -616.000000 1801.000000
-17.790001 66.029999 60.020000 -3750.000000 -649.000000 1839.000000
-17.799999 65.870003 59.770000 -3589.000000 -676.000000 1750.000000
-17.820000 65.750000 59.529999 -3576.000000 -652.000000 1644.000000
-17.830000 65.690002 59.310001 -3435.000000 -598.000000 1667.000000
-17.900000 65.709999 59.000000 -3316.000000 -567.000000 1633.000000
-17.969999 65.750000 58.680000 -3347.000000 -526.000000 1754.000000
-18.120001 65.860001 58.279999 -3366.000000 -566.000000 1712.000000
-18.290001 66.010002 57.860001 -3409.000000 -515.000000 1588.000000
-18.520000 66.239998 57.400002 -3554.000000 -469.000000 1517.000000
-18.760000 66.470001 56.939999 -3752.000000 -469.000000 1493.000000
-19.049999 66.660004 56.410000 -3886.000000 -534.000000 1609.000000
-19.250000 66.830002 55.959999 -3705.000000 -410.000000 1603.000000
-19.440001 67.040001 55.529999 -3579.000000 -300.000000 1439.000000
-19.660000 67.279999 55.090000 -3656.000000 -309.000000 1328.000000
-19.930000 67.529999 54.610001 -3621.000000 -321.000000 1205.000000
-20.150000 67.750000 54.150002 -3546.000000 -226.000000 1173.000000
-20.360001 67.949997 53.689999 -3464.000000 -201.000000 1212.000000
-20.620001 68.160004 53.180000 -3602.000000 -262.000000 1208.000000
-20.910000 68.330002 52.650002 -3673.000000 -329.000000 1319.000000
-21.049999 68.470001 52.220001 -3633.000000 -220.000000 1333.000000
-21.160000 68.570000 51.840000 -3363.000000 -234.000000 1323.000000
-21.370001 68.690002 51.369999 -3296.000000 -376.000000 1265.000000
-21.740000 68.860001 50.799999 -3511.000000 -507.000000 1241.000000
-22.139999 69.110001 50.209999 -3782.000000 -509.000000 1120.000000
-22.540001 69.410004 49.639999 -3951.000000 -544.000000 1039.000000
-22.940001 69.720001 49.090000 -3952.000000 -542.000000 967.000000
-23.280001 70.000000 48.590000 -3950.000000 -579.000000 977.000000
-23.520000 70.209999 48.169998 -4030.000000 -556.000000 1233.000000
-23.730000 70.379997 47.770000 -4130.000000 -563.000000 1068.000000
-23.760000 70.449997 47.560001 -4079.000000 -529.000000 1200.000000
-23.660000 70.480003 47.480000 -3972.000000 -441.000000 1037.000000
-23.549999 70.470001 47.410000 -3776.000000 -493.000000 1009.000000
-23.190001 70.480003 47.580002 -3518.000000 -262.000000 1128.000000
-22.959999 70.510002 47.660000 -3859.000000 -377.000000 1037.000000
-22.740000 70.510002 47.770000 -4031.000000 -396.000000 1221.000000
-22.520000 70.540001 47.889999 -3962.000000 -329.000000 1154.000000
-22.290001 70.580002 48.029999 -3966.000000 -301.000000 1092.000000
-22.129999 70.650002 48.169998 -3942.000000 -282.000000 926.000000
-22.040001 70.730003 48.290001 -4121.000000 -360.000000 826.000000
-21.959999 70.830002 48.439999 -4282.000000 -414.000000 946.000000
-21.860001 70.940002 48.619999 -4482.000000 -398.000000 909.000000
-21.690001 71.029999 48.860001 -4381.000000 -324.000000 999.000000
-21.430000 71.110001 49.209999 -4111.000000 -222.000000 934.000000
-21.090000 71.190002 49.700001 -4051.000000 -166.000000 912.000000
-20.680000 71.260002 50.259998 -4120.000000 -127.000000 927.000000
-20.270000 71.349998 50.880001 -4222.000000 -104.000000 813.000000
-19.770000 71.430000 51.630001 -4171.000000 -73.000000 882.000000
-19.250000 71.540001 52.430000 -4119.000000 -46.000000 742.000000
-18.680000 71.660004 53.299999 -4164.000000 -35.000000 836.000000
-18.120001 71.820000 54.200001 -4229.000000 -20.000000 855.000000
-17.520000 72.010002 55.180000 -4216.000000 9.000000 864.000000
-16.860001 72.209999 56.240002 -4148.000000 46.000000 927.000000
-16.219999 72.440002 57.299999 -4159.000000 48.000000 816.000000
-15.540000 72.650002 58.430000 -4108.000000 76.000000 874.000000
-14.810000 72.870003 59.639999 -4128.000000 89.000000 790.000000
-14.040000 73.059998 60.910000 -4117.000000 89.000000 843.000000
-13.210000 73.230003 62.240002 -4051.000000 87.000000 899.000000
-12.350000 73.400002 63.639999 -4023.000000 102.000000 841.000000
-11.420000 73.540001 65.110001 -3939.000000 137.000000 977.000000
-10.470000 73.699997 66.610001 -3877.000000 140.000000 981.000000
-9.510000 73.879997 68.169998 -3832.000000 137.000000 998.000000
-8.570000 74.089996 69.720001 -3844.000000 142.000000 984.000000
-7.610000 74.300003 71.320000 -3916.000000 154.000000 1025.000000
-6.620000 74.519997 72.959999 -3888.000000 182.000000 1091.000000
-5.640000 74.769997 74.610001 -3922.000000 171.000000 1013.000000
-4.680000 75.019997 76.279999 -3960.000000 172.000000 1017.000000
-3.730000 75.250000 77.930000 -3960.000000 160.000000 1077.000000
-2.760000 75.470001 79.629997 -3909.000000 160.000000 1019.000000
-1.780000 75.680000 81.339996 -3888.000000 172.000000 1047.000000
-0.790000 75.879997 83.089996 -3887.000000 190.000000 989.000000
0.180000 76.059998 84.830002 -3905.000000 167.000000 990.000000
1.130000 76.209999 86.540001 -3826.000000 155.000000 990.000000
2.100000 76.330002 88.300003 -3744.000000 153.000000 1018.000000
3.000000 76.449997 89.989998 -3755.000000 146.000000 1041.000000
3.810000 76.599998 91.620003 -3802.000000 135.000000 994.000000
4.580000 76.750000 93.220001 -3825.000000 137.000000 999.000000
5.330000 76.910004 94.790001 -3832.000000 146.000000 996.000000
5.940000 77.099998 96.269997 -3871.000000 61.000000 937.000000
6.480000 77.290001 97.690002 -3865.000000 38.000000 933.000000
6.950000 77.480003 99.050003 -3915.000000 -5.000000 906.000000
7.340000 77.660004 100.330002 -3989.000000 -63.000000 824.000000
7.660000 77.809998 101.550003 -3980.000000 -101.000000 832.000000
7.940000 77.900002 102.690002 -3944.000000 -97.000000 793.000000
8.150000 77.940002 103.750000 -3929.000000 -100.000000 890.000000
8.370000 77.959999 104.830002 -3833.000000 -88.000000 816.000000
8.560000 77.980003 105.879997 -3750.000000 -89.000000 815.000000
8.650000 78.000000 106.830002 -3727.000000 -119.000000 799.000000
8.680000 78.019997 107.750000 -3725.000000 -120.000000 813.000000
8.560000 78.029999 108.510002 -3754.000000 -159.000000 837.000000
8.400000 78.029999 109.239998 -3730.000000 -165.000000 839.000000
8.050000 78.000000 109.769997 -3691.000000 -224.000000 848.000000
7.580000 77.940002 110.190002 -3692.000000 -227.000000 872.000000
7.020000 77.839996 110.500000 -3647.000000 -243.000000 929.000000
6.400000 77.750000 110.739998 -3581.000000 -233.000000 847.000000
5.680000 77.629997 110.860001 -3519.000000 -254.000000 871.000000
4.870000 77.540001 110.910004 -3535.000000 -276.000000 859.000000
3.970000 77.470001 110.889999 -3588.000000 -324.000000 875.000000
3.000000 77.410004 110.779999 -3638.000000 -386.000000 875.000000
1.950000 77.370003 110.610001 -3632.000000 -437.000000 866.000000
0.820000 77.309998 110.320000 -3595.000000 -477.000000 854.000000
-0.460000 77.220001 109.910004 -3593.000000 -503.000000 955.000000
-1.770000 77.089996 109.449997 -3605.000000 -520.000000 992.000000
-3.100000 76.959999 108.949997 -3590.000000 -542.000000 981.000000
-4.520000 76.790001 108.330002 -3611.000000 -598.000000 1073.000000
-5.980000 76.629997 107.660004 -3580.000000 -665.000000 1018.000000
-7.440000 76.459999 107.000000 -3596.000000 -700.000000 1080.000000
-8.930000 76.279999 106.279999 -3578.000000 -733.000000 1055.000000
-10.370000 76.089996 105.610001 -3538.000000 -726.000000 1077.000000
-11.760000 75.879997 104.970001 -3546.000000 -724.000000 1077.000000
-13.100000 75.650002 104.349998 -3585.000000 -703.000000 1080.000000
-14.410000 75.410004 103.730003 -3624.000000 -729.000000 1120.000000
-15.710000 75.129997 103.120003 -3623.000000 -765.000000 1242.000000
-17.000000 74.870003 102.500000 -3508.000000 -793.000000 1268.000000
-18.299999 74.669998 101.849998 -3397.000000 -790.000000 1204.000000
-19.610001 74.489998 101.180000 -3430.000000 -781.000000 1210.000000
-21.030001 74.360001 100.389999 -3528.000000 -861.000000 1201.000000
-22.469999 74.220001 99.589996 -3576.000000 -878.000000 1228.000000
-23.860001 74.099998 98.809998 -3627.000000 -938.000000 1193.000000
-25.219999 73.959999 98.010002 -3629.000000 -980.000000 1177.000000
-26.490000 73.830002 97.290001 -3727.000000 -961.000000 1153.000000
-27.740000 73.720001 96.559998 -3724.000000 -947.000000 1102.000000
-29.010000 73.620003 95.790001 -3679.000000 -936.000000 1053.000000
-30.260000 73.529999 95.050003 -3781.000000 -931.000000 1064.000000
-31.540001 73.440002 94.279999 -3875.000000 -978.000000 1131.000000
-32.799999 73.330002 93.480003 -3825.000000 -1012.000000 1144.000000
-33.980000 73.220001 92.750000 -3794.000000 -996.000000 1070.000000
-35.099998 73.080002 92.070000 -3808.000000 -1061.000000 1148.000000
-36.200001 72.949997 91.379997 -3871.000000 -1074.000000 1143.000000
-37.230000 72.790001 90.750000 -3877.000000 -1077.000000 1143.000000
-38.099998 72.580002 90.220001 -3831.000000 -1064.000000 1185.000000
-38.880001 72.349998 89.779999 -3819.000000 -1065.000000 1099.000000
-39.580002 72.080002 89.389999 -4148.000000 -1261.000000 1085.000000
-39.970001 71.750000 89.300003 -4063.000000 -1246.000000 1183.000000
-40.209999 71.410004 89.320000 -3762.000000 -1175.000000 1140.000000
-40.340000 71.029999 89.410004 -3648.000000 -1156.000000 1256.000000
-40.549999 70.660004 89.410004 -3638.000000 -1212.000000 1302.000000
-40.810001 70.339996 89.339996 -3701.000000 -1204.000000 1281.000000
-41.119999 70.070000 89.220001 -3663.000000 -1198.000000 1307.000000
-41.450001 69.839996 89.059998 -3656.000000 -1134.000000 1234.000000
-41.840000 69.650002 88.849998 -3665.000000 -1168.000000 1196.000000
-42.250000 69.459999 88.610001 -3741.000000 -1238.000000 1279.000000
-42.689999 69.290001 88.320000 -3821.000000 -1288.000000 1272.000000
-43.080002 69.120003 88.070000 -3851.000000 -1278.000000 1296.000000
-43.369999 68.970001 87.910004 -3848.000000 -1219.000000 1230.000000
-43.560001 68.790001 87.820000 -3857.000000 -1197.000000 1230.000000
-43.680000 68.610001 87.790001 -3758.000000 -1153.000000 1184.000000
-43.799999 68.440002 87.769997 -3617.000000 -1134.000000 1143.000000
-43.919998 68.279999 87.709999 -3630.000000 -1140.000000 1189.000000
-44.090000 68.129997 87.610001 -3690.000000 -1138.000000 1228.000000
-44.270000 68.010002 87.489998 -3716.000000 -1111.000000 1188.000000
-44.490002 67.910004 87.349998 -3715.000000 -1129.000000 1102.000000
-44.689999 67.800003 87.220001 -3726.000000 -1111.000000 1064.000000
-44.840000 67.680000 87.129997 -3770.000000 -1112.000000 1140.000000
-44.959999 67.550003 87.070000 -3761.000000 -1159.000000 1187.000000
-45.040001 67.400002 87.050003 -3674.000000 -1140.000000 1183.000000
-45.090000 67.260002 87.040001 -3632.000000 -1099.000000 1179.000000
-45.130001 67.129997 87.040001 -3644.000000 -1031.000000 1153.000000
-45.150002 66.980003 87.050003 -3842.000000 -1102.000000 1239.000000
-45.110001 66.820000 87.129997 -4243.000000 -1244.000000 1387.000000
-44.880001 66.610001 87.370003 -4289.000000 -1288.000000 1722.000000
-44.730000 66.459999 87.529999 -3760.000000 -1312.000000 1199.000000
-44.459999 66.360001 87.820000 -3720.000000 -1083.000000 1349.000000
-44.189999 66.339996 88.070000 -3787.000000 -811.000000 1316.000000
-44.349998 66.389999 87.910004 -3824.000000 -987.000000 862.000000
-44.320000 66.360001 87.980003 -3753.000000 -1002.000000 1360.000000
-44.360001 66.349998 87.930000 -3796.000000 -1026.000000 1024.000000
-44.299999 66.269997 88.029999 -3827.000000 -1011.000000 1258.000000
-44.230000 66.180000 88.120003 -3946.000000 -1022.000000 1110.000000
-44.130001 66.059998 88.269997 -3868.000000 -1049.000000 1021.000000
-43.970001 65.910004 88.480003 -3968.000000 -1116.000000 1177.000000
-43.750000 65.750000 88.730003 -3875.000000 -1158.000000 1102.000000
-43.439999 65.540001 89.099998 -3717.000000 -1142.000000 1227.000000
-43.119999 65.339996 89.470001 -3653.000000 -1099.000000 1202.000000
-42.840000 65.139999 89.809998 -3652.000000 -1060.000000 994.000000
-42.480000 64.910004 90.230003 -3583.000000 -971.000000 1233.000000
-42.150002 64.669998 90.580002 -3475.000000 -901.000000 1078.000000
-41.770000 64.370003 91.010002 -3579.000000 -1083.000000 1374.000000
-41.480000 64.080002 91.360001 -3660.000000 -1235.000000 1348.000000
-41.110001 63.770000 91.779999 -3690.000000 -1134.000000 1361.000000
-40.650002 63.430000 92.239998 -3613.000000 -1049.000000 1332.000000
-40.090000 63.040001 92.800003 -3455.000000 -1019.000000 1390.000000
-39.580002 62.660000 93.320000 -3304.000000 -1027.000000 1339.000000
-39.150002 62.320000 93.760002 -3283.000000 -1069.000000 1420.000000
-38.860001 62.049999 94.070000 -3301.000000 -1076.000000 1424.000000
-38.740002 61.880001 94.190002 -3297.000000 -1034.000000 1332.000000
-38.740002 61.759998 94.199997 -3361.000000 -1053.000000 1294.000000
-38.799999 61.660000 94.129997 -3510.000000 -1146.000000 1292.000000
-38.880001 61.540001 94.059998 -3595.000000 -1253.000000 1394.000000
-38.959999 61.389999 93.980003 -3626.000000 -1341.000000 1365.000000
-38.980000 61.189999 93.949997 -3626.000000 -1418.000000 1463.000000
-38.910000 60.930000 94.019997 -3566.000000 -1519.000000 1576.000000
-38.779999 60.630001 94.120003 -3490.000000 -1535.000000 1539.000000
-38.590000 60.310001 94.260002 -3434.000000 -1686.000000 1789.000000
-38.430000 60.009998 94.379997 -3397.000000 -1899.000000 2078.000000
-38.450001 59.810001 94.320000 -3326.000000 -2081.000000 1979.000000
-38.509998 59.660000 94.220001 -3336.000000 -2104.000000 2070.000000
-38.560001 59.549999 94.070000 -3271.000000 -2015.000000 1842.000000
-38.610001 59.470001 93.889999 -3186.000000 -2034.000000 1835.000000
-38.689999 59.419998 93.699997 -3269.000000 -2191.000000 1812.000000
-38.790001 59.389999 93.480003 -3359.000000 -2351.000000 1850.000000
-38.860001 59.380001 93.269997 -3455.000000 -2461.000000 1797.000000
-38.860001 59.349998 93.099998 -3430.000000 -2533.000000 1785.000000
-38.720001 59.259998 93.029999 -3306.000000 -2518.000000 1716.000000
-38.430000 59.110001 93.059998 -3320.000000 -2501.000000 1675.000000
-37.990002 58.889999 93.230003 -3328.000000 -2478.000000 1617.000000
-37.430000 58.590000 93.489998 -3276.000000 -2487.000000 1559.000000
-36.750000 58.200001 93.820000 -3157.000000 -2476.000000 1529.000000
-35.970001 57.750000 94.220001 -3060.000000 -2394.000000 1473.000000
-35.119999 57.240002 94.639999 -2988.000000 -2319.000000 1467.000000
-34.240002 56.680000 95.089996 -2878.000000 -2215.000000 1504.000000
-33.349998 56.090000 95.519997 -2835.000000 -2086.000000 1479.000000
-32.439999 55.459999 95.949997 -2890.000000 -2021.000000 1475.000000
-31.540001 54.790001 96.370003 -2955.000000 -1978.000000 1581.000000
-30.629999 54.080002 96.760002 -2973.000000 -1907.000000 1589.000000
-29.709999 53.310001 97.139999 -2995.000000 -1798.000000 1591.000000
-28.760000 52.480000 97.540001 -2985.000000 -1716.000000 1609.000000
-27.790001 51.590000 97.940002 -2985.000000 -1647.000000 1542.000000
-26.799999 50.650002 98.320000 -2878.000000 -1479.000000 1531.000000
-25.780001 49.700001 98.669998 -2785.000000 -1226.000000 1541.000000
-24.750000 48.759998 99.000000 -2793.000000 -1012.000000 1654.000000
-23.770000 47.820000 99.269997 -3004.000000 -883.000000 1810.000000
-22.879999 46.919998 99.430000 -3137.000000 -765.000000 1888.000000
-22.059999 46.049999 99.519997 -3118.000000 -675.000000 1951.000000
-21.280001 45.169998 99.589996 -2955.000000 -612.000000 2067.000000
-20.540001 44.290001 99.610001 -2867.000000 -588.000000 2184.000000
-19.820000 43.400002 99.620003 -2727.000000 -493.000000 2318.000000
-19.110001 42.560001 99.580002 -2680.000000 -327.000000 2292.000000
-18.450001 41.750000 99.510002 -2889.000000 -186.000000 2298.000000
-17.870001 40.900002 99.400002 -3132.000000 -109.000000 2278.000000
-17.350000 40.020000 99.260002 -3294.000000 -41.000000 2156.000000
-16.809999 39.029999 99.150002 -3335.000000 40.000000 2285.000000
-16.260000 37.959999 99.040001 -3124.000000 172.000000 2485.000000
-15.680000 36.840000 98.940002 -2842.000000 282.000000 2727.000000
-15.100000 35.700001 98.849998 -2609.000000 399.000000 2987.000000
-14.570000 34.560001 98.760002 -2451.000000 423.000000 3057.000000
-14.100000 33.450001 98.660004 -2447.000000 421.000000 3076.000000
-13.700000 32.369999 98.540001 -2515.000000 449.000000 2974.000000
-13.340000 31.290001 98.430000 -2441.000000 532.000000 3116.000000
-12.960000 30.250000 98.320000 -2433.000000 610.000000 3256.000000
-12.610000 29.260000 98.220001 -2472.000000 646.000000 3455.000000
-12.270000 28.320000 98.129997 -2360.000000 647.000000 3668.000000
-11.970000 27.450001 98.029999 -2273.000000 623.000000 3723.000000
-11.720000 26.690001 97.930000 -2235.000000 644.000000 3673.000000
-11.510000 26.040001 97.849998 -2281.000000 580.000000 3705.000000
-11.340000 25.469999 97.769997 -2282.000000 486.000000 3798.000000
-11.170000 24.950001 97.709999 -2203.000000 429.000000 3890.000000
-10.990000 24.480000 97.709999 -1971.000000 455.000000 3850.000000
-10.790000 24.059999 97.750000 -1766.000000 426.000000 3921.000000
-10.560000 23.730000 97.800003 -1720.000000 562.000000 3945.000000
-10.310000 23.480000 97.900002 -1833.000000 665.000000 3890.000000
-10.070000 23.260000 98.029999 -2030.000000 579.000000 3899.000000
-9.860000 23.010000 98.199997 -2150.000000 445.000000 4007.000000
-9.630000 22.680000 98.389999 -2195.000000 314.000000 4160.000000
-9.360000 22.320000 98.620003 -1975.000000 298.000000 4214.000000
-9.060000 21.920000 98.870003 -1731.000000 258.000000 4277.000000
-8.700000 21.559999 99.120003 -1634.000000 447.000000 4258.000000
-8.350000 21.290001 99.370003 -1581.000000 500.000000 4273.000000
-8.030000 21.170000 99.650002 -1409.000000 515.000000 4034.000000
-7.710000 21.170000 99.910004 -1367.000000 542.000000 3936.000000
-7.410000 21.240000 100.150002 -1311.000000 454.000000 3939.000000
-7.180000 21.370001 100.360001 -1311.000000 306.000000 3808.000000
-7.040000 21.580000 100.519997 -1367.000000 84.000000 3673.000000
-6.980000 21.840000 100.629997 -1422.000000 -109.000000 3622.000000
-6.980000 22.190001 100.680000 -1653.000000 -400.000000 3701.000000
-6.980000 22.559999 100.739998 -1879.000000 -504.000000 3777.000000
-6.980000 22.889999 100.820000 -1988.000000 -593.000000 3776.000000
-6.950000 23.190001 100.940002 -1998.000000 -607.000000 3705.000000
-6.890000 23.459999 101.080002 -1879.000000 -570.000000 3599.000000
-6.820000 23.700001 101.250000 -1823.000000 -545.000000 3569.000000
-6.760000 23.920000 101.430000 -1763.000000 -569.000000 3549.000000
-6.700000 24.139999 101.610001 -1775.000000 -608.000000 3553.000000
-6.650000 24.340000 101.790001 -1806.000000 -628.000000 3543.000000
-6.580000 24.490000 101.980003 -1814.000000 -580.000000 3560.000000
-6.500000 24.580000 102.169998 -1828.000000 -575.000000 3596.000000
-6.400000 24.590000 102.389999 -1772.000000 -492.000000 3641.000000
-6.290000 24.559999 102.610001 -1717.000000 -434.000000 3621.000000
-6.170000 24.530001 102.839996 -1714.000000 -388.000000 3685.000000
-6.040000 24.490000 103.070000 -1713.000000 -310.000000 3682.000000
-5.920000 24.459999 103.300003 -1709.000000 -287.000000 3678.000000
-5.800000 24.440001 103.489998 -1726.000000 -289.000000 3705.000000
-5.690000 24.430000 103.690002 -1716.000000 -275.000000 3754.000000
-5.590000 24.430000 103.860001 -1719.000000 -259.000000 3734.000000
-5.490000 24.450001 104.029999 -1706.000000 -272.000000 3762.000000
-5.410000 24.480000 104.190002 -1724.000000 -272.000000 3708.000000
-5.330000 24.520000 104.339996 -1713.000000 -262.000000 3722.000000
-5.270000 24.580000 104.480003 -1710.000000 -286.000000 3704.000000
-5.210000 24.650000 104.629997 -1728.000000 -257.000000 3640.000000
-5.150000 24.740000 104.760002 -1741.000000 -260.000000 3608.000000
-5.100000 24.820000 104.870003 -1777.000000 -287.000000 3606.000000
-5.050000 24.889999 105.000000 -1761.000000 -291.000000 3605.000000
-5.010000 24.940001 105.110001 -1773.000000 -281.000000 3624.000000
-4.960000 24.990000 105.220001 -1777.000000 -303.000000 3595.000000
-4.920000 25.020000 105.320000 -1764.000000 -282.000000 3614.000000
-4.890000 25.049999 105.419998 -1759.000000 -291.000000 3629.000000
-4.850000 25.080000 105.529999 -1779.000000 -268.000000 3624.000000
-4.820000 25.100000 105.629997 -1773.000000 -256.000000 3623.000000
-4.780000 25.120001 105.739998 -1798.000000 -218.000000 3589.000000
-4.740000 25.150000 105.830002 -1797.000000 -222.000000 3594.000000
-4.710000 25.160000 105.930000 -1784.000000 -210.000000 3632.000000
-4.680000 25.170000 106.029999 -1780.000000 -199.000000 3640.000000
-4.650000 25.190001 106.120003 -1791.000000 -206.000000 3630.000000
-4.630000 25.200001 106.220001 -1783.000000 -212.000000 3607.000000
-4.610000 25.209999 106.309998 -1754.000000 -207.000000 3603.000000
-4.590000 25.209999 106.410004 -1782.000000 -205.000000 3650.000000
-4.580000 25.219999 106.489998 -1769.000000 -227.000000 3606.000000
-4.560000 25.230000 106.589996 -1772.000000 -206.000000 3651.000000
-4.550000 25.240000 106.680000 -1757.000000 -217.000000 3651.000000
-4.540000 25.250000 106.779999 -1759.000000 -216.000000 3612.000000
-4.520000 25.270000 106.860001 -1773.000000 -191.000000 3622.000000
-4.520000 25.290001 106.959999 -1769.000000 -199.000000 3612.000000
