15.600000 25.990000 75.190002 -10.990000 -51.540001 0.000000 3156.000000 -768.000000 3426.000000 -1666.000000 -3077.000000 2432.000000 
15.840000 25.549999 75.440002 -10.980000 -51.169998 0.000000 3161.000000 -801.000000 3410.000000 -1045.000000 -2964.000000 2622.000000 
16.080000 25.270000 75.720001 -10.920000 -50.759998 0.000000 3190.000000 -639.000000 3163.000000 -962.000000 -2931.000000 2820.000000 
16.170000 25.190001 75.910004 -10.910000 -50.540001 0.000000 3337.000000 -482.000000 3197.000000 -991.000000 -3118.000000 2873.000000 
15.950000 25.350000 76.010002 -11.020000 -50.730000 0.000000 3698.000000 -471.000000 3228.000000 -1062.000000 -3407.000000 2905.000000 
15.330000 25.750000 75.860001 -11.180000 -50.810001 0.000000 3844.000000 -523.000000 3378.000000 -1612.000000 -3962.000000 3470.000000 
14.290000 26.660000 75.620003 -11.310000 -50.950001 0.000000 3974.000000 -624.000000 3667.000000 -1109.000000 -4388.000000 3622.000000 
13.320000 27.820000 75.470001 -11.400000 -51.509998 0.000000 4274.000000 -695.000000 4034.000000 -1637.000000 -4511.000000 3126.000000 
12.510000 29.150000 75.279999 -11.610000 -52.459999 0.000000 5314.000000 -1018.000000 4672.000000 -2051.000000 -4433.000000 2968.000000 
11.800000 30.760000 75.029999 -12.150000 -53.590000 0.000000 4585.000000 -1959.000000 5673.000000 -1872.000000 -4484.000000 2784.000000 
10.990000 32.740002 74.809998 -12.480000 -54.639999 0.000000 4825.000000 -1751.000000 5662.000000 -1848.000000 -4499.000000 2929.000000 
10.040000 35.480000 74.449997 -12.480000 -55.240002 0.000000 3812.000000 -1228.000000 4444.000000 -1987.000000 -4447.000000 3371.000000 
9.140000 38.470001 74.120003 -12.170000 -55.790001 0.000000 3683.000000 -437.000000 3148.000000 -1308.000000 -4365.000000 3404.000000 
8.080000 41.549999 73.589996 -11.960000 -55.939999 0.000000 3412.000000 -514.000000 3423.000000 -1399.000000 -3714.000000 3388.000000 
6.880000 44.590000 72.900002 -11.720000 -55.919998 0.000000 2905.000000 -638.000000 3608.000000 -1707.000000 -3397.000000 2963.000000 
7.660000 46.509998 72.989998 -11.110000 -55.730000 0.000000 2540.000000 -269.000000 3338.000000 -980.000000 -3092.000000 3320.000000 
11.100000 45.599998 74.250000 -9.710000 -54.669998 0.000000 1377.000000 453.000000 2642.000000 -2227.000000 -3244.000000 2954.000000 
10.870000 44.330002 73.260002 -7.830000 -53.270000 0.000000 2346.000000 1806.000000 375.000000 315.000000 -2915.000000 3270.000000 
10.500000 42.130001 71.550003 -5.960000 -52.110001 0.000000 3736.000000 2271.000000 -172.000000 -711.000000 -3494.000000 3947.000000 
12.140000 39.419998 70.849998 -4.580000 -50.750000 0.000000 3852.000000 1402.000000 1591.000000 -160.000000 -3498.000000 4444.000000 
13.960000 36.639999 70.080002 -3.530000 -49.090000 0.000000 4012.000000 708.000000 2860.000000 101.000000 -3453.000000 4243.000000 
15.610000 33.810001 69.059998 -2.310000 -47.529999 0.000000 4379.000000 711.000000 2853.000000 -149.000000 -3512.000000 3771.000000 
17.330000 31.020000 68.000000 -0.960000 -46.000000 0.000000 4533.000000 613.000000 2793.000000 -580.000000 -3333.000000 3473.000000 
19.209999 28.420000 66.970001 0.350000 -44.360001 0.000000 4224.000000 301.000000 3067.000000 -995.000000 -3005.000000 3242.000000 
21.080000 26.180000 65.860001 1.540000 -42.590000 0.000000 3717.000000 32.000000 3228.000000 -1053.000000 -2587.000000 2970.000000 
22.840000 24.340000 64.669998 2.570000 -40.840000 0.000000 3258.000000 -45.000000 3220.000000 -819.000000 -2129.000000 2687.000000 
24.440001 22.879999 63.450001 3.440000 -39.139999 0.000000 2891.000000 -11.000000 3005.000000 -440.000000 -1634.000000 2488.000000 
25.870001 21.840000 62.189999 4.110000 -37.580002 0.000000 2471.000000 -1.000000 2596.000000 -154.000000 -1200.000000 2284.000000 
27.040001 21.280001 60.900002 4.580000 -36.119999 0.000000 1725.000000 10.000000 2122.000000 -175.000000 -998.000000 2041.000000 
27.910000 21.100000 59.560001 4.740000 -34.680000 0.000000 977.000000 -43.000000 1797.000000 -484.000000 -984.000000 1858.000000 
28.450001 21.170000 58.130001 4.510000 -34.270000 0.000000 758.000000 -73.000000 1708.000000 -768.000000 -1277.000000 1727.000000 
28.670000 21.350000 56.650002 3.930000 -34.209999 0.000000 821.000000 -108.000000 1829.000000 -1177.000000 -1629.000000 1695.000000 
28.440001 21.709999 55.119999 3.080000 -34.279999 0.000000 1292.000000 -112.000000 1960.000000 -1322.000000 -1921.000000 1750.000000 
27.340000 22.400000 53.320000 1.850000 -34.470001 0.000000 1699.000000 -260.000000 2145.000000 -1166.000000 -2224.000000 1682.000000 
25.910000 23.190001 51.430000 0.360000 -34.680000 0.000000 1781.000000 -450.000000 2312.000000 -1200.000000 -2575.000000 1746.000000 
24.389999 24.000000 49.520000 -1.240000 -34.910000 0.000000 1790.000000 -667.000000 2556.000000 -1196.000000 -2778.000000 1740.000000 
22.840000 24.760000 47.549999 -2.860000 -35.139999 0.000000 1679.000000 -905.000000 2784.000000 -1152.000000 -2861.000000 1682.000000 
21.290001 25.410000 45.509998 -4.370000 -35.330002 0.000000 1359.000000 -1247.000000 3006.000000 -1369.000000 -2934.000000 1640.000000 
19.790001 25.930000 43.439999 -5.690000 -35.439999 0.000000 845.000000 -1551.000000 3350.000000 -1607.000000 -3037.000000 1437.000000 
18.309999 26.230000 41.369999 -6.920000 -35.410000 0.000000 577.000000 -1838.000000 3521.000000 -2060.000000 -3068.000000 1012.000000 
16.790001 26.280001 39.290001 -8.080000 -35.290001 0.000000 647.000000 -1834.000000 3323.000000 -2468.000000 -3151.000000 607.000000 
15.030000 26.030001 37.250000 -9.300000 -35.189999 0.000000 1092.000000 -1814.000000 3278.000000 -2736.000000 -3482.000000 308.000000 
13.130000 25.549999 35.330002 -10.740000 -35.240002 0.000000 1830.000000 -1974.000000 3695.000000 -3123.000000 -4131.000000 773.000000 
11.280000 25.049999 33.650002 -12.320000 -35.529999 0.000000 2516.000000 -2165.000000 4483.000000 -3190.000000 -4683.000000 1581.000000 
9.550000 24.690001 32.209999 -13.870000 -35.970001 0.000000 2855.000000 -2287.000000 5138.000000 -2898.000000 -4863.000000 2148.000000 
8.030000 24.530001 30.980000 -15.060000 -36.459999 0.000000 2577.000000 -2309.000000 5410.000000 -2411.000000 -4664.000000 2408.000000 
6.770000 24.530001 29.950001 -16.100000 -36.880001 0.000000 2019.000000 -2308.000000 5131.000000 -2005.000000 -4261.000000 2334.000000 
5.720000 24.580000 29.049999 -16.910000 -37.209999 0.000000 1320.000000 -2165.000000 4251.000000 -1877.000000 -3832.000000 2041.000000 
4.800000 24.590000 28.209999 -17.690001 -37.400002 0.000000 778.000000 -2068.000000 3369.000000 -1961.000000 -3375.000000 1576.000000 
3.870000 24.420000 27.459999 -18.530001 -37.470001 0.000000 594.000000 -1972.000000 2857.000000 -2040.000000 -2965.000000 1200.000000 
2.760000 23.940001 26.700001 -19.639999 -37.560001 0.000000 961.000000 -2131.000000 2777.000000 -1849.000000 -2901.000000 1100.000000 
1.420000 23.049999 25.910000 -20.959999 -37.779999 0.000000 1293.000000 -2241.000000 2764.000000 -1410.000000 -3000.000000 1219.000000 
-0.100000 22.080000 25.150000 -22.440001 -38.139999 0.000000 1956.000000 -2298.000000 3089.000000 -772.000000 -2957.000000 1511.000000 
-1.750000 21.200001 24.379999 -23.940001 -38.580002 0.000000 2289.000000 -2316.000000 3866.000000 -328.000000 -3198.000000 1819.000000 
-3.450000 20.379999 23.639999 -25.180000 -39.189999 0.000000 2654.000000 -2237.000000 4451.000000 -469.000000 -3614.000000 2611.000000 
-5.020000 19.500000 23.040001 -25.540001 -39.970001 0.000000 3161.000000 -2130.000000 4863.000000 -643.000000 -4055.000000 3500.000000 
-6.370000 18.559999 22.450001 -25.590000 -40.730000 0.000000 3233.000000 -1929.000000 4714.000000 -788.000000 -4243.000000 3990.000000 
-7.580000 17.719999 21.990000 -25.750000 -41.360001 0.000000 3400.000000 -1712.000000 4243.000000 -715.000000 -4065.000000 3979.000000 
-8.800000 17.200001 21.540001 -25.740000 -41.759998 0.000000 3188.000000 -1466.000000 3636.000000 -601.000000 -3660.000000 3769.000000 
-9.850000 17.020000 21.100000 -25.830000 -42.070000 0.000000 3055.000000 -1429.000000 3114.000000 -608.000000 -3302.000000 3390.000000 
-10.350000 17.320000 20.620001 -26.170000 -42.310001 0.000000 2341.000000 -1498.000000 2547.000000 -395.000000 -2962.000000 2876.000000 
-10.670000 17.459999 20.459999 -26.920000 -42.520000 0.000000 1980.000000 -1632.000000 2221.000000 -477.000000 -2785.000000 2530.000000 
-10.520000 16.320000 20.219999 -27.740000 -42.759998 0.000000 2140.000000 -1741.000000 2298.000000 -405.000000 -2687.000000 2310.000000 
-10.660000 14.960000 20.059999 -28.430000 -43.029999 0.000000 2585.000000 -1768.000000 2587.000000 -162.000000 -2741.000000 2416.000000 
-10.920000 13.590000 19.860001 -29.350000 -43.410000 0.000000 3581.000000 -2567.000000 3033.000000 -32.000000 -2900.000000 2599.000000 
-11.220000 12.290000 19.639999 -29.450001 -43.900002 0.000000 3108.000000 -1856.000000 3501.000000 65.000000 -3119.000000 2823.000000 
-11.810000 11.110000 19.400000 -29.590000 -44.509998 0.000000 3079.000000 -5480.000000 14204.000000 -867.000000 -5218.000000 4840.000000 
-12.640000 10.190000 19.020000 -30.000000 -44.900002 0.000000 3962.000000 -1641.000000 1592.000000 -2100.000000 -7249.000000 6888.000000 
-13.680000 10.690000 18.629999 -30.139999 -45.310001 0.000000 3173.000000 -1874.000000 3150.000000 419.000000 -3057.000000 2508.000000 
-14.150000 11.870000 18.559999 -30.350000 -45.880001 0.000000 2493.000000 -1787.000000 2605.000000 -81.000000 -2221.000000 1785.000000 
-14.470000 12.690000 18.500000 -30.459999 -46.200001 0.000000 1335.000000 -1853.000000 2531.000000 -1094.000000 -3423.000000 2905.000000 
-14.360000 13.130000 18.420000 -30.520000 -46.360001 0.000000 2600.000000 -2245.000000 3427.000000 -506.000000 -3456.000000 2749.000000 
-14.210000 11.800000 18.360001 -30.750000 -46.330002 0.000000 2584.000000 -1950.000000 2907.000000 117.000000 -2986.000000 2663.000000 
-13.530000 10.560000 18.600000 -31.260000 -46.279999 0.000000 2495.000000 -2092.000000 2913.000000 -82.000000 -3091.000000 2943.000000 
-12.960000 9.560000 18.760000 -31.180000 -46.230000 0.000000 2994.000000 -1803.000000 2725.000000 338.000000 -3046.000000 2884.000000 
-12.320000 9.240000 18.900000 -30.389999 -46.130001 0.000000 2682.000000 -1715.000000 2862.000000 -349.000000 -2928.000000 3102.000000 
-11.820000 9.470000 19.170000 -29.260000 -46.049999 0.000000 2722.000000 -1536.000000 2931.000000 -233.000000 -2753.000000 2856.000000 
-12.690000 9.250000 19.040001 -28.389999 -45.650002 0.000000 2980.000000 -1433.000000 2725.000000 205.000000 -2731.000000 3392.000000 
-12.050000 8.930000 19.219999 -27.230000 -45.320000 0.000000 2772.000000 -1562.000000 2970.000000 167.000000 -2845.000000 3343.000000 
-11.460000 8.210000 19.139999 -26.420000 -45.160000 0.000000 3376.000000 -1235.000000 2648.000000 322.000000 -3102.000000 3329.000000 
-10.810000 7.600000 19.230000 -25.480000 -45.009998 0.000000 2940.000000 -1294.000000 2741.000000 -72.000000 -2917.000000 3352.000000 
-10.110000 7.370000 19.230000 -24.639999 -45.009998 0.000000 3030.000000 -1325.000000 2791.000000 -281.000000 -2857.000000 3065.000000 
-9.530000 7.490000 19.410000 -23.860001 -44.959999 0.000000 2910.000000 -1271.000000 2803.000000 -166.000000 -2786.000000 3141.000000 
-9.010000 7.740000 19.410000 -22.870001 -44.990002 0.000000 2702.000000 -1259.000000 2917.000000 -329.000000 -2816.000000 3042.000000 
-8.480000 7.200000 19.610001 -22.790001 -44.970001 0.000000 3248.000000 -1272.000000 2715.000000 -72.000000 -2896.000000 3157.000000 
-8.000000 6.580000 19.820000 -23.260000 -45.029999 0.000000 2771.000000 -1460.000000 2861.000000 155.000000 -3016.000000 3153.000000 
-8.040000 6.600000 20.180000 -23.219999 -45.200001 0.000000 3127.000000 -1251.000000 2708.000000 -106.000000 -3044.000000 3069.000000 
-8.650000 6.630000 19.809999 -23.590000 -45.380001 0.000000 2756.000000 -1359.000000 2804.000000 -98.000000 -2939.000000 3028.000000 
-9.470000 7.240000 19.830000 -23.240000 -45.580002 0.000000 2822.000000 -1205.000000 2871.000000 -186.000000 -2976.000000 3016.000000 
-10.140000 7.810000 19.799999 -23.709999 -45.669998 0.000000 3202.000000 -1295.000000 2731.000000 523.000000 -3075.000000 3259.000000 
-9.480000 7.790000 19.959999 -24.420000 -45.959999 0.000000 3009.000000 -1389.000000 2660.000000 306.000000 -3348.000000 3100.000000 
-10.310000 7.810000 19.959999 -25.559999 -46.139999 0.000000 2581.000000 -1581.000000 2727.000000 -234.000000 -2704.000000 2895.000000 
-10.910000 7.900000 19.969999 -25.629999 -46.410000 0.000000 2844.000000 -1380.000000 2843.000000 0.000000 -3000.000000 2801.000000 
-10.780000 8.280000 19.740000 -26.400000 -46.459999 0.000000 2972.000000 -1507.000000 2713.000000 434.000000 -3143.000000 3283.000000 
-10.310000 7.590000 19.840000 -26.850000 -46.639999 0.000000 2836.000000 -1377.000000 2587.000000 250.000000 -3028.000000 2958.000000 
-10.150000 6.930000 19.730000 -27.129999 -46.919998 0.000000 2808.000000 -1365.000000 2670.000000 49.000000 -2989.000000 2684.000000 
-10.350000 7.690000 19.870001 -28.129999 -47.110001 0.000000 2949.000000 -1420.000000 2463.000000 298.000000 -3298.000000 3114.000000 
-10.490000 8.410000 20.100000 -29.250000 -47.299999 0.000000 3005.000000 -1505.000000 2513.000000 396.000000 -3134.000000 2947.000000 
-10.840000 7.880000 20.260000 -30.510000 -47.520000 0.000000 3190.000000 -1506.000000 2369.000000 88.000000 -2999.000000 2824.000000 
-11.300000 7.390000 20.510000 -31.790001 -47.730000 0.000000 2959.000000 -1721.000000 2620.000000 299.000000 -3030.000000 2876.000000 
-11.800000 7.580000 20.670000 -33.270000 -47.980000 0.000000 2677.000000 -1841.000000 2571.000000 281.000000 -3150.000000 2819.000000 
-12.250000 7.030000 20.930000 -34.759998 -48.259998 0.000000 2832.000000 -2036.000000 2650.000000 420.000000 -3174.000000 2741.000000 
-13.160000 7.090000 21.190001 -36.340000 -48.540001 0.000000 2763.000000 -2138.000000 2517.000000 701.000000 -3211.000000 2698.000000 
-13.910000 7.730000 21.410000 -37.630001 -48.799999 0.000000 3149.000000 -1843.000000 2068.000000 637.000000 -3198.000000 2544.000000 
-14.750000 8.180000 21.520000 -38.619999 -48.939999 0.000000 2996.000000 -2213.000000 2492.000000 412.000000 -3255.000000 2860.000000 
-15.410000 7.940000 21.940001 -39.939999 -49.070000 0.000000 2656.000000 -2238.000000 2317.000000 567.000000 -3176.000000 2692.000000 
-15.600000 7.170000 22.180000 -41.490002 -49.160000 0.000000 3050.000000 -2287.000000 2198.000000 660.000000 -3134.000000 2624.000000 
-15.610000 6.560000 22.700001 -42.970001 -49.189999 0.000000 2551.000000 -2379.000000 2186.000000 746.000000 -3186.000000 2756.000000 
-15.770000 5.930000 23.100000 -44.560001 -49.230000 0.000000 2905.000000 -2225.000000 1682.000000 836.000000 -3179.000000 2644.000000 
-16.309999 6.070000 23.500000 -45.700001 -49.209999 0.000000 2683.000000 -2526.000000 2145.000000 941.000000 -3124.000000 2554.000000 
-16.059999 6.000000 24.080000 -46.779999 -49.110001 0.000000 3079.000000 -2317.000000 1755.000000 723.000000 -3177.000000 2721.000000 
-16.080000 5.610000 24.559999 -47.770000 -48.770000 0.000000 3332.000000 -2380.000000 1698.000000 1197.000000 -3140.000000 3139.000000 
-15.380000 5.120000 24.840000 -48.130001 -48.500000 0.000000 3075.000000 -2285.000000 1820.000000 794.000000 -3332.000000 3074.000000 
-14.780000 4.450000 25.040001 -48.849998 -48.450001 0.000000 3310.000000 -2537.000000 1713.000000 343.000000 -3342.000000 2737.000000 
-14.220000 3.820000 25.270000 -49.320000 -48.520000 0.000000 4929.000000 -2597.000000 1791.000000 817.000000 -3391.000000 2543.000000 
-14.260000 3.190000 25.580000 -49.700001 -48.290001 0.000000 3572.000000 -2528.000000 1605.000000 1249.000000 -2807.000000 3029.000000 
-14.270000 2.650000 25.570000 -49.549999 -48.290001 0.000000 3796.000000 -2682.000000 1881.000000 1193.000000 -3214.000000 2931.000000 
-14.370000 2.290000 25.650000 -49.099998 -48.320000 0.000000 3832.000000 -2750.000000 2004.000000 1232.000000 -3469.000000 3117.000000 
-14.740000 2.590000 25.719999 -48.720001 -48.389999 0.000000 3932.000000 -2746.000000 1930.000000 1262.000000 -3493.000000 3038.000000 
-15.240000 3.350000 25.799999 -48.470001 -48.560001 0.000000 3704.000000 -3007.000000 1967.000000 1180.000000 -3540.000000 2861.000000 
-15.850000 4.330000 25.719999 -48.330002 -48.869999 0.000000 3604.000000 -3130.000000 1804.000000 1136.000000 -3669.000000 2662.000000 
-16.500000 5.460000 25.620001 -47.980000 -49.320000 0.000000 3491.000000 -3391.000000 2051.000000 626.000000 -3846.000000 2413.000000 
-17.110001 6.920000 25.469999 -47.430000 -49.849998 0.000000 3528.000000 -3407.000000 2211.000000 700.000000 -4010.000000 2061.000000 
-17.750000 8.490000 25.260000 -46.840000 -50.330002 0.000000 3460.000000 -3418.000000 2348.000000 615.000000 -4130.000000 2393.000000 
-18.389999 10.130000 25.040001 -45.930000 -50.840000 0.000000 3558.000000 -3397.000000 2623.000000 338.000000 -4122.000000 2357.000000 
-18.879999 11.980000 24.820000 -45.299999 -51.419998 0.000000 3222.000000 -3460.000000 2612.000000 -16.000000 -4143.000000 2281.000000 
-19.400000 14.000000 24.559999 -44.849998 -52.090000 0.000000 3032.000000 -3473.000000 2528.000000 -605.000000 -4311.000000 2287.000000 
-19.920000 16.150000 24.340000 -44.270000 -52.860001 0.000000 2767.000000 -3486.000000 2576.000000 -1064.000000 -4325.000000 2102.000000 
-20.420000 18.430000 24.120001 -43.740002 -53.680000 0.000000 2569.000000 -3524.000000 2528.000000 -1306.000000 -4315.000000 2019.000000 
-21.040001 20.799999 23.980000 -43.119999 -54.599998 0.000000 2436.000000 -3530.000000 2593.000000 -1356.000000 -4228.000000 1837.000000 
-21.820000 23.270000 23.900000 -42.290001 -55.630001 0.000000 2405.000000 -3406.000000 2718.000000 -1326.000000 -4122.000000 1699.000000 
-22.730000 25.850000 23.809999 -41.080002 -56.759998 0.000000 2430.000000 -3240.000000 2838.000000 -1108.000000 -3927.000000 1612.000000 
-23.799999 28.549999 23.670000 -39.230000 -57.939999 0.000000 2488.000000 -3059.000000 2959.000000 -1024.000000 -3722.000000 1644.000000 
-25.100000 31.340000 23.430000 -37.869999 -59.259998 0.000000 2483.000000 -2925.000000 3056.000000 -1230.000000 -3630.000000 1466.000000 
-26.570000 34.240002 23.020000 -36.310001 -60.660000 0.000000 2313.000000 -2810.000000 3091.000000 -1570.000000 -3553.000000 1191.000000 
-28.190001 37.220001 22.530001 -35.139999 -62.090000 0.000000 2060.000000 -2692.000000 3174.000000 -1814.000000 -3453.000000 1124.000000 
-30.000000 40.270000 21.860001 -34.270000 -63.549999 0.000000 1949.000000 -2660.000000 3261.000000 -2101.000000 -3358.000000 964.000000 
-32.070000 43.410000 20.959999 -33.290001 -65.080002 0.000000 1519.000000 -2597.000000 3228.000000 -2280.000000 -3313.000000 756.000000 
-34.450001 46.639999 19.820000 -32.630001 -66.720001 0.000000 1224.000000 -2490.000000 3214.000000 -2509.000000 -3199.000000 602.000000 
-37.189999 49.939999 18.379999 -31.790001 -68.510002 0.000000 909.000000 -2338.000000 3063.000000 -2764.000000 -3056.000000 322.000000 
-40.400002 53.259998 16.570000 -30.590000 -70.459999 0.000000 549.000000 -2112.000000 3040.000000 -3069.000000 -2958.000000 41.000000 
-44.139999 56.549999 14.310000 -29.020000 -72.480003 0.000000 164.000000 -1898.000000 2971.000000 -3148.000000 -2711.000000 74.000000 
-48.439999 59.740002 11.550000 -27.049999 -74.580002 0.000000 115.000000 -1727.000000 2998.000000 -3041.000000 -2477.000000 -17.000000 
-53.619999 62.759998 7.980000 -24.969999 -76.800003 0.000000 -188.000000 -1558.000000 2857.000000 -2971.000000 -2403.000000 -50.000000 
-60.009998 65.570000 3.230000 -23.200001 -79.250000 0.000000 308.000000 -1407.000000 2972.000000 -2989.000000 -2289.000000 -165.000000 
-68.029999 68.059998 -3.070000 -21.459999 -81.980003 0.000000 436.000000 -1175.000000 3089.000000 -3141.000000 -2275.000000 -225.000000 
-77.879997 70.070000 -11.240000 -19.940001 -84.930000 0.000000 333.000000 -1044.000000 3078.000000 -2952.000000 -2159.000000 -175.000000 
-89.519997 71.449997 -21.219999 -18.570000 -88.309998 0.000000 335.000000 -843.000000 3080.000000 -2976.000000 -2007.000000 -260.000000 
-101.839996 71.949997 -32.000000 -17.350000 -92.199997 0.000000 859.000000 -602.000000 3185.000000 -3027.000000 -1907.000000 -259.000000 
-114.320000 71.790001 -43.090000 -16.290001 -96.760002 0.000000 -223.000000 -718.000000 3148.000000 -3440.000000 -1740.000000 -454.000000 
-125.820000 71.000000 -53.209999 -15.430000 -101.410004 0.000000 -402.000000 -797.000000 3331.000000 -3220.000000 -1869.000000 -94.000000 
-135.720001 69.650002 -61.730000 -14.620000 -106.839996 0.000000 -348.000000 -831.000000 3506.000000 -3474.000000 -1867.000000 -192.000000 
-143.750000 67.870003 -68.480003 -13.680000 -112.820000 0.000000 -348.000000 -804.000000 3563.000000 -3307.000000 -1820.000000 -307.000000 
-150.179993 65.699997 -73.680000 -12.550000 -119.449997 0.000000 -331.000000 -787.000000 3636.000000 -3248.000000 -1705.000000 -334.000000 
-155.330002 63.259998 -77.660004 -11.320000 -127.169998 0.000000 -269.000000 -1019.000000 3758.000000 -3199.000000 -1557.000000 -446.000000 
-159.490005 60.680000 -80.650002 -9.880000 -135.570007 0.000000 -1075.000000 -793.000000 3484.000000 -3151.000000 -1514.000000 -364.000000 
-162.929993 58.130001 -82.900002 -8.170000 -145.440002 0.000000 -1343.000000 -652.000000 3402.000000 -3455.000000 -1190.000000 -741.000000 
-165.589996 55.860001 -84.300003 -6.160000 -154.470001 0.000000 -1337.000000 -530.000000 3242.000000 -3638.000000 -1169.000000 -931.000000 
-167.610001 53.520000 -85.010002 -4.000000 -162.039993 0.000000 -1539.000000 -830.000000 4040.000000 -3871.000000 -1203.000000 -1052.000000 
-169.110001 51.430000 -85.190002 -1.800000 -168.380005 0.000000 -1485.000000 -409.000000 3191.000000 -4266.000000 -1225.000000 -1301.000000 
-170.389999 49.360001 -85.150002 0.400000 -173.600006 0.000000 -1866.000000 -134.000000 3127.000000 -4605.000000 -1268.000000 -1399.000000 
-171.429993 47.380001 -84.910004 2.410000 -177.850006 0.000000 -2283.000000 -68.000000 3115.000000 -4781.000000 -1329.000000 -1198.000000 
-172.309998 45.520000 -84.570000 3.990000 178.389999 0.000000 -2727.000000 -283.000000 3406.000000 -4664.000000 -1190.000000 -1223.000000 
-173.029999 43.990002 -84.150002 5.250000 174.869995 0.000000 -3107.000000 -492.000000 3697.000000 -4888.000000 -980.000000 -1564.000000 
-173.720001 42.730000 -83.720001 6.370000 171.800003 0.000000 -2890.000000 -522.000000 4087.000000 -4284.000000 -896.000000 -1619.000000 
-174.419998 41.740002 -83.430000 7.430000 168.990005 0.000000 -2710.000000 -704.000000 3926.000000 -4202.000000 -605.000000 -1980.000000 
-174.940002 40.950001 -83.099998 8.490000 166.589996 0.000000 -2688.000000 -653.000000 3924.000000 -4018.000000 -451.000000 -1939.000000 
-175.179993 40.139999 -82.610001 9.530000 164.539993 0.000000 -3232.000000 -646.000000 3703.000000 -3796.000000 -427.000000 -1890.000000 
-175.429993 39.240002 -82.089996 10.620000 162.539993 0.000000 -2743.000000 -552.000000 3606.000000 -4056.000000 -230.000000 -2335.000000 
-175.750000 38.299999 -81.610001 11.770000 160.729996 0.000000 -2542.000000 -528.000000 3546.000000 -3919.000000 -188.000000 -2427.000000 
-176.059998 37.290001 -81.029999 12.980000 159.029999 0.000000 -2888.000000 -328.000000 3425.000000 -4230.000000 -193.000000 -2314.000000 
-176.460007 36.209999 -80.559998 14.100000 157.429993 0.000000 -2992.000000 -602.000000 3363.000000 -4557.000000 -323.000000 -2396.000000 
-176.869995 35.230000 -80.029999 15.310000 155.750000 0.000000 -5250.000000 -551.000000 2891.000000 -4191.000000 -404.000000 -1952.000000 
-177.289993 34.360001 -79.480003 16.760000 153.919998 0.000000 -4449.000000 -485.000000 2480.000000 -4454.000000 -238.000000 -2020.000000 
-177.770004 33.360001 -79.040001 18.650000 152.220001 0.000000 -4617.000000 -559.000000 2095.000000 -4348.000000 -102.000000 -2127.000000 
-178.300003 32.580002 -78.629997 21.270000 150.699997 0.000000 -4575.000000 -486.000000 2179.000000 -4183.000000 93.000000 -2247.000000 
-178.809998 32.040001 -78.269997 24.110001 149.300003 0.000000 -4164.000000 -414.000000 2490.000000 -3902.000000 294.000000 -2201.000000 
-179.279999 31.590000 -78.000000 26.719999 147.880005 0.000000 -4175.000000 -334.000000 2639.000000 -3616.000000 530.000000 -2290.000000 
-179.940002 30.940001 -77.830002 28.940001 146.429993 0.000000 -3651.000000 -262.000000 2636.000000 -3486.000000 766.000000 -2427.000000 
179.259995 30.100000 -77.750000 31.129999 145.039993 0.000000 -3457.000000 -170.000000 2446.000000 -3443.000000 795.000000 -2284.000000 
178.440002 29.280001 -77.629997 33.570000 143.630005 0.000000 -3818.000000 -4.000000 2171.000000 -3360.000000 882.000000 -2143.000000 
177.800003 28.570000 -77.339996 36.130001 142.229996 0.000000 -3749.000000 153.000000 1929.000000 -3160.000000 976.000000 -2116.000000 
177.240005 27.840000 -76.970001 38.790001 140.940002 0.000000 -3920.000000 244.000000 1666.000000 -3258.000000 1060.000000 -2196.000000 
176.580002 27.030001 -76.730003 41.430000 139.779999 0.000000 -4139.000000 259.000000 1462.000000 -3334.000000 1101.000000 -2238.000000 
175.850006 26.219999 -76.540001 43.779999 138.669998 0.000000 -4207.000000 167.000000 1385.000000 -3375.000000 1156.000000 -2280.000000 
175.070007 25.480000 -76.410004 45.869999 137.600006 0.000000 -4329.000000 116.000000 1373.000000 -3530.000000 1195.000000 -2371.000000 
174.289993 24.870001 -76.320000 47.959999 136.500000 0.000000 -4268.000000 98.000000 1365.000000 -3641.000000 1205.000000 -2354.000000 
173.490005 24.459999 -76.279999 50.130001 135.169998 0.000000 -4089.000000 140.000000 1423.000000 -3279.000000 1306.000000 -2070.000000 
172.699997 24.110001 -76.370003 52.480000 133.729996 0.000000 -3914.000000 305.000000 1340.000000 -3136.000000 1371.000000 -1921.000000 
171.970001 23.940001 -76.459999 54.799999 132.080002 0.000000 -3759.000000 544.000000 1137.000000 -2809.000000 1497.000000 -1661.000000 
171.169998 23.820000 -76.660004 56.869999 130.279999 0.000000 -3809.000000 786.000000 915.000000 -2411.000000 1629.000000 -1448.000000 
170.410004 23.600000 -76.870003 58.759998 128.539993 0.000000 -3382.000000 1816.000000 780.000000 -2100.000000 1841.000000 -1408.000000 
169.660004 23.129999 -77.099998 60.049999 126.900002 0.000000 -3237.000000 1185.000000 850.000000 -1915.000000 1942.000000 -1290.000000 
168.919998 22.570000 -77.320000 61.209999 125.440002 0.000000 -3175.000000 1238.000000 904.000000 -2105.000000 1955.000000 -1275.000000 
168.179993 22.020000 -77.510002 62.250000 124.169998 0.000000 -3125.000000 1243.000000 873.000000 -2031.000000 2002.000000 -1292.000000 
167.470001 21.500000 -77.650002 63.189999 123.040001 0.000000 -3243.000000 1191.000000 742.000000 -2191.000000 2051.000000 -1316.000000 
166.789993 20.920000 -77.779999 64.120003 122.160004 0.000000 -3400.000000 1144.000000 702.000000 -2383.000000 2111.000000 -1464.000000 
166.070007 20.379999 -77.919998 65.050003 121.370003 0.000000 -3525.000000 1128.000000 653.000000 -2412.000000 2193.000000 -1542.000000 
165.350006 19.990000 -77.989998 65.889999 120.510002 0.000000 -3515.000000 1132.000000 655.000000 -2433.000000 2233.000000 -1480.000000 
164.740005 19.629999 -78.129997 66.669998 119.580002 0.000000 -3621.000000 1227.000000 639.000000 -2137.000000 2358.000000 -1432.000000 
164.199997 19.410000 -78.199997 67.339996 118.570000 0.000000 -3512.000000 1384.000000 576.000000 -2052.000000 2418.000000 -1327.000000 
163.649994 19.250000 -78.339996 67.940002 117.639999 0.000000 -3408.000000 1545.000000 452.000000 -1924.000000 2481.000000 -1314.000000 
163.130005 19.190001 -78.529999 68.440002 116.629997 0.000000 -3279.000000 1684.000000 396.000000 -1834.000000 2521.000000 -1163.000000 
162.669998 19.180000 -78.690002 68.860001 115.559998 0.000000 -3165.000000 1752.000000 398.000000 -1770.000000 2569.000000 -1023.000000 
162.320007 19.139999 -78.790001 69.050003 114.699997 0.000000 -3218.000000 1782.000000 403.000000 -1904.000000 2623.000000 -1116.000000 
162.029999 19.139999 -78.860001 69.089996 114.019997 0.000000 -3194.000000 1850.000000 429.000000 -1872.000000 2694.000000 -1143.000000 
161.669998 19.129999 -78.970001 69.000000 113.389999 0.000000 -3229.000000 1818.000000 551.000000 -2039.000000 2710.000000 -1113.000000 
161.229996 19.110001 -79.070000 68.820000 112.790001 0.000000 -3234.000000 1780.000000 683.000000 -2101.000000 2695.000000 -1068.000000 
160.770004 19.100000 -79.120003 68.669998 112.209999 0.000000 -3213.000000 1757.000000 779.000000 -2117.000000 2699.000000 -1043.000000 
160.320007 19.150000 -79.160004 68.419998 111.610001 0.000000 -3223.000000 1786.000000 861.000000 -2159.000000 2722.000000 -1005.000000 
159.850006 19.180000 -79.120003 68.220001 110.980003 0.000000 -3152.000000 1844.000000 866.000000 -2307.000000 2704.000000 -940.000000 
159.389999 19.250000 -79.099998 67.970001 110.389999 0.000000 -3161.000000 1875.000000 862.000000 -2243.000000 2745.000000 -933.000000 
158.960007 19.340000 -79.050003 67.760002 110.010002 0.000000 -3147.000000 1889.000000 802.000000 -2310.000000 2684.000000 -992.000000 
158.600006 19.500000 -78.919998 67.489998 109.779999 0.000000 -3245.000000 1875.000000 849.000000 -2528.000000 2599.000000 -1008.000000 
158.279999 19.570000 -78.849998 67.180000 109.500000 0.000000 -3259.000000 1818.000000 884.000000 -2537.000000 2623.000000 -977.000000 
157.970001 19.490000 -78.849998 66.769997 109.150002 0.000000 -3277.000000 1742.000000 933.000000 -2513.000000 2674.000000 -954.000000 
157.610001 19.400000 -78.800003 66.370003 108.709999 0.000000 -3256.000000 1776.000000 984.000000 -2397.000000 2709.000000 -889.000000 
157.289993 19.270000 -78.809998 65.959999 108.160004 0.000000 -3136.000000 1842.000000 1001.000000 -2313.000000 2764.000000 -809.000000 
156.979996 19.080000 -78.769997 65.669998 107.699997 0.000000 -3101.000000 1876.000000 1020.000000 -2286.000000 2797.000000 -816.000000 
156.720001 18.900000 -78.709999 65.519997 107.360001 0.000000 -3122.000000 1940.000000 981.000000 -2180.000000 2848.000000 -846.000000 
156.500000 18.760000 -78.620003 65.480003 107.279999 0.000000 -3178.000000 1957.000000 864.000000 -2205.000000 2911.000000 -988.000000 
156.360001 18.730000 -78.449997 65.570000 107.379997 0.000000 -3245.000000 2002.000000 769.000000 -2180.000000 2927.000000 -1126.000000 
156.300003 18.830000 -78.199997 65.699997 107.510002 0.000000 -3325.000000 1990.000000 735.000000 -2275.000000 2911.000000 -1135.000000 
156.320007 18.830000 -77.980003 65.760002 107.690002 0.000000 -3450.000000 1944.000000 766.000000 -2325.000000 2829.000000 -1167.000000 
156.479996 18.820000 -77.739998 65.669998 107.849998 0.000000 -3514.000000 1927.000000 744.000000 -2374.000000 2752.000000 -1115.000000 
156.720001 18.740000 -77.480003 65.470001 108.080002 0.000000 -3532.000000 1870.000000 778.000000 -2408.000000 2724.000000 -1147.000000 
156.990005 18.570000 -77.279999 65.190002 108.379997 0.000000 -3508.000000 1799.000000 841.000000 -2636.000000 2678.000000 -1192.000000 
157.250000 18.340000 -77.089996 64.900002 108.720001 0.000000 -3570.000000 1716.000000 905.000000 -2577.000000 2747.000000 -1262.000000 
157.509995 18.090000 -76.910004 64.730003 109.099998 0.000000 -3597.000000 1673.000000 850.000000 -2610.000000 2837.000000 -1367.000000 
157.699997 17.820000 -76.739998 64.660004 109.550003 0.000000 -3723.000000 1637.000000 837.000000 -2737.000000 2917.000000 -1522.000000 
157.789993 17.610001 -76.629997 64.730003 109.970001 0.000000 -3650.000000 1658.000000 798.000000 -2527.000000 3022.000000 -1629.000000 
157.779999 17.490000 -76.550003 64.889999 110.309998 0.000000 -3702.000000 1736.000000 748.000000 -2414.000000 3068.000000 -1594.000000 
157.850006 17.350000 -76.419998 65.089996 110.570000 0.000000 -3750.000000 1794.000000 703.000000 -2332.000000 3098.000000 -1590.000000 
157.960007 17.120001 -76.269997 65.269997 110.769997 0.000000 -3769.000000 1838.000000 683.000000 -2295.000000 3033.000000 -1537.000000 
158.050003 16.930000 -76.050003 65.459999 110.910004 0.000000 -3729.000000 1850.000000 680.000000 -2305.000000 3017.000000 -1451.000000 
158.179993 16.760000 -75.839996 65.660004 111.029999 0.000000 -3731.000000 1859.000000 603.000000 -2326.000000 2951.000000 -1383.000000 
158.320007 16.610001 -75.599998 65.790001 111.180000 0.000000 -3778.000000 1846.000000 565.000000 -2375.000000 2940.000000 -1424.000000 
158.470001 16.430000 -75.370003 65.930000 111.379997 0.000000 -3794.000000 1801.000000 586.000000 -2465.000000 2927.000000 -1454.000000 
158.619995 16.309999 -75.120003 66.010002 111.660004 0.000000 -3864.000000 1755.000000 579.000000 -2517.000000 2891.000000 -1560.000000 
158.740005 16.260000 -74.930000 66.059998 111.949997 0.000000 -3841.000000 1716.000000 580.000000 -2658.000000 2916.000000 -1609.000000 
158.820007 16.209999 -74.750000 66.099998 112.180000 0.000000 -3811.000000 1666.000000 617.000000 -2564.000000 2931.000000 -1604.000000 
158.869995 16.100000 -74.650002 66.129997 112.330002 0.000000 -3906.000000 1663.000000 616.000000 -2474.000000 2997.000000 -1568.000000 
158.860001 16.020000 -74.589996 66.129997 112.410004 0.000000 -3825.000000 1723.000000 643.000000 -2376.000000 3013.000000 -1524.000000 
158.830002 15.890000 -74.540001 66.120003 112.379997 0.000000 -3679.000000 1793.000000 704.000000 -2301.000000 3026.000000 -1429.000000 
158.759995 15.770000 -74.489998 66.190002 112.300003 0.000000 -3628.000000 1829.000000 685.000000 -2240.000000 3003.000000 -1367.000000 
158.710007 15.620000 -74.430000 66.239998 112.209999 0.000000 -3562.000000 1844.000000 673.000000 -2322.000000 2974.000000 -1334.000000 
158.720001 15.500000 -74.269997 66.339996 112.169998 0.000000 -3594.000000 1874.000000 644.000000 -2294.000000 2985.000000 -1366.000000 
158.740005 15.400000 -74.070000 66.489998 112.150002 0.000000 -3612.000000 1859.000000 616.000000 -2275.000000 2992.000000 -1371.000000 
158.770004 15.330000 -73.860001 66.639999 112.230003 0.000000 -3655.000000 1847.000000 616.000000 -2344.000000 2962.000000 -1434.000000 
158.789993 15.290000 -73.610001 66.809998 112.320000 0.000000 -3801.000000 1788.000000 567.000000 -2358.000000 2976.000000 -1436.000000 
158.789993 15.260000 -73.400002 66.949997 112.459999 0.000000 -3742.000000 1781.000000 565.000000 -2424.000000 2954.000000 -1510.000000 
158.789993 15.230000 -73.230003 67.040001 112.529999 0.000000 -3764.000000 1761.000000 606.000000 -2415.000000 2939.000000 -1443.000000 
158.789993 15.230000 -73.080002 67.129997 112.589996 0.000000 -3779.000000 1760.000000 622.000000 -2355.000000 2931.000000 -1448.000000 
158.789993 15.250000 -72.919998 67.209999 112.629997 0.000000 -3761.000000 1749.000000 570.000000 -2363.000000 2921.000000 -1437.000000 
158.809998 15.280000 -72.769997 67.180000 112.639999 0.000000 -3727.000000 1759.000000 581.000000 -2340.000000 2919.000000 -1412.000000 
158.869995 15.380000 -72.599998 67.139999 112.660004 0.000000 -3654.000000 1786.000000 577.000000 -2346.000000 2922.000000 -1418.000000 
158.929993 15.460000 -72.480003 67.010002 112.680000 0.000000 -3651.000000 1756.000000 603.000000 -2345.000000 2894.000000 -1396.000000 
158.960007 15.520000 -72.349998 66.839996 112.720001 0.000000 -3644.000000 1706.000000 624.000000 -2326.000000 2880.000000 -1413.000000 
158.960007 15.560000 -72.269997 66.639999 112.720001 0.000000 -3614.000000 1693.000000 692.000000 -2379.000000 2848.000000 -1357.000000 
158.970001 15.600000 -72.150002 66.349998 112.699997 0.000000 -3590.000000 1694.000000 720.000000 -2382.000000 2846.000000 -1339.000000 
158.949997 15.490000 -72.080002 66.139999 112.669998 0.000000 -3529.000000 1727.000000 750.000000 -2374.000000 2897.000000 -1343.000000 
158.889999 15.390000 -72.000000 66.050003 112.650002 0.000000 -3557.000000 1736.000000 728.000000 -2338.000000 2919.000000 -1367.000000 
158.789993 15.230000 -71.940002 66.070000 112.580002 0.000000 -3552.000000 1756.000000 708.000000 -2360.000000 2926.000000 -1321.000000 
158.690002 15.110000 -71.820000 66.190002 112.570000 0.000000 -3580.000000 1783.000000 663.000000 -2306.000000 2943.000000 -1378.000000 
158.589996 15.010000 -71.690002 66.330002 112.540001 0.000000 -3534.000000 1790.000000 638.000000 -2289.000000 2944.000000 -1362.000000 
158.509995 14.890000 -71.589996 66.529999 112.519997 0.000000 -3580.000000 1820.000000 598.000000 -2284.000000 2928.000000 -1362.000000 
158.440002 14.850000 -71.470001 66.790001 112.440002 0.000000 -3637.000000 1815.000000 584.000000 -2338.000000 2867.000000 -1278.000000 
158.470001 14.840000 -71.360001 66.959999 112.339996 0.000000 -3646.000000 1813.000000 534.000000 -2278.000000 2897.000000 -1263.000000 
158.490005 14.840000 -71.279999 67.050003 112.290001 0.000000 -3645.000000 1851.000000 556.000000 -2278.000000 2913.000000 -1290.000000 
158.490005 14.860000 -71.260002 67.129997 112.230003 0.000000 -3656.000000 1861.000000 559.000000 -2262.000000 2935.000000 -1278.000000 
158.490005 14.940000 -71.209999 67.169998 112.209999 0.000000 -3636.000000 1867.000000 556.000000 -2324.000000 2939.000000 -1289.000000 
158.460007 14.960000 -71.169998 67.190002 112.239998 0.000000 -3596.000000 1894.000000 541.000000 -2303.000000 2982.000000 -1349.000000 
158.360001 14.980000 -71.150002 67.169998 112.260002 0.000000 -3623.000000 1889.000000 577.000000 -2247.000000 3057.000000 -1359.000000 
158.250000 15.030000 -71.110001 67.120003 112.290001 0.000000 -3568.000000 1892.000000 583.000000 -2249.000000 3064.000000 -1375.000000 
158.160004 15.070000 -71.040001 67.080002 112.279999 0.000000 -3582.000000 1925.000000 608.000000 -2213.000000 3047.000000 -1340.000000 
157.979996 15.040000 -71.010002 67.000000 112.220001 0.000000 -3500.000000 1924.000000 609.000000 -2215.000000 3041.000000 -1314.000000 
157.850006 15.010000 -70.870003 66.910004 112.150002 0.000000 -3408.000000 1915.000000 633.000000 -2285.000000 2998.000000 -1303.000000 
157.789993 14.890000 -70.760002 66.800003 112.000000 0.000000 -3478.000000 1886.000000 657.000000 -2282.000000 2959.000000 -1214.000000 
157.779999 14.740000 -70.639999 66.730003 111.849998 0.000000 -3506.000000 1918.000000 614.000000 -2245.000000 2985.000000 -1211.000000 
157.740005 14.580000 -70.529999 66.720001 111.779999 0.000000 -3561.000000 1973.000000 575.000000 -2257.000000 3065.000000 -1277.000000 
157.660004 14.460000 -70.430000 66.760002 111.690002 0.000000 -3639.000000 2017.000000 536.000000 -2228.000000 3161.000000 -1264.000000 
157.509995 14.460000 -70.339996 66.900002 111.709999 0.000000 -3757.000000 2141.000000 387.000000 -2187.000000 3317.000000 -1393.000000 
157.320007 14.480000 -70.290001 67.040001 111.750000 0.000000 -3814.000000 2239.000000 362.000000 -2125.000000 3452.000000 -1445.000000 
157.100006 14.640000 -70.199997 67.190002 111.800003 0.000000 -3910.000000 2297.000000 268.000000 -2118.000000 3547.000000 -1510.000000 
156.880005 14.900000 -70.099998 67.190002 111.800003 0.000000 -3959.000000 2359.000000 270.000000 -2110.000000 3628.000000 -1504.000000 
156.639999 15.210000 -70.010002 67.010002 111.769997 0.000000 -3944.000000 2375.000000 271.000000 -2041.000000 3669.000000 -1516.000000 
156.330002 15.540000 -69.970001 66.669998 111.690002 0.000000 -3934.000000 2413.000000 300.000000 -2049.000000 3659.000000 -1485.000000 
156.029999 15.930000 -69.900002 66.190002 111.540001 0.000000 -3847.000000 2417.000000 309.000000 -2072.000000 3615.000000 -1416.000000 
155.839996 16.330000 -69.760002 65.769997 111.209999 0.000000 -4735.000000 2581.000000 -57.000000 -1544.000000 3543.000000 -1182.000000 
155.289993 16.389999 -69.720001 64.980003 111.190002 0.000000 -3809.000000 2450.000000 457.000000 -2353.000000 3657.000000 -1646.000000 
154.830002 16.780001 -69.620003 63.889999 110.580002 0.000000 -4147.000000 2446.000000 365.000000 -2293.000000 3514.000000 -1033.000000 
154.600006 17.520000 -69.430000 62.709999 110.190002 0.000000 -4028.000000 2502.000000 240.000000 -1965.000000 3448.000000 -1210.000000 
154.410004 18.559999 -69.339996 61.490002 110.019997 0.000000 -3908.000000 2413.000000 280.000000 -2933.000000 3180.000000 -1198.000000 
154.110001 19.709999 -69.449997 60.029999 109.839996 0.000000 -3772.000000 2338.000000 462.000000 -2653.000000 3178.000000 -1181.000000 
153.830002 20.900000 -69.730003 58.080002 109.540001 0.000000 -3391.000000 2325.000000 728.000000 -2597.000000 3117.000000 -1087.000000 
153.690002 22.090000 -70.070000 55.779999 109.209999 0.000000 -3430.000000 2330.000000 864.000000 -2288.000000 3223.000000 -1066.000000 
153.619995 23.350000 -70.430000 53.259998 108.879997 0.000000 -3246.000000 2273.000000 997.000000 -2319.000000 3088.000000 -991.000000 
153.559998 24.610001 -70.790001 50.540001 108.519997 0.000000 -3346.000000 2156.000000 1207.000000 -2696.000000 2840.000000 -862.000000 
153.470001 25.860001 -71.190002 47.660000 108.220001 0.000000 -3242.000000 1984.000000 1448.000000 -2775.000000 2744.000000 -867.000000 
153.460007 27.129999 -71.599998 44.650002 107.790001 0.000000 -3333.000000 1822.000000 1554.000000 -2888.000000 2637.000000 -783.000000 
153.460007 28.459999 -72.010002 41.590000 107.349998 0.000000 -3364.000000 1765.000000 1723.000000 -2973.000000 2503.000000 -750.000000 
153.389999 29.799999 -72.529999 38.730000 107.000000 0.000000 -3311.000000 1764.000000 1713.000000 -3124.000000 2393.000000 -777.000000 
153.309998 31.230000 -73.099998 36.040001 106.680000 0.000000 -3302.000000 1675.000000 1781.000000 -3204.000000 2302.000000 -783.000000 
153.240005 32.840000 -73.669998 33.610001 106.410004 0.000000 -3358.000000 1639.000000 1844.000000 -3330.000000 2141.000000 -782.000000 
153.080002 34.590000 -74.370003 31.410000 106.139999 0.000000 -3285.000000 1593.000000 1885.000000 -3534.000000 2050.000000 -806.000000 
152.850006 36.330002 -75.160004 29.290001 105.650002 0.000000 -3135.000000 1444.000000 2054.000000 -3468.000000 1956.000000 -729.000000 
152.690002 38.009998 -75.980003 27.330000 104.889999 0.000000 -3045.000000 1357.000000 2227.000000 -3381.000000 1889.000000 -671.000000 
152.449997 39.700001 -76.879997 25.540001 104.040001 0.000000 -2947.000000 1275.000000 2356.000000 -3457.000000 1795.000000 -658.000000 
152.080002 41.430000 -77.900002 23.900000 102.970001 0.000000 -2922.000000 1204.000000 2422.000000 -3504.000000 1690.000000 -588.000000 
151.610001 43.290001 -79.019997 22.430000 101.650002 0.000000 -2819.000000 1144.000000 2456.000000 -3650.000000 1581.000000 -538.000000 
151.050003 45.250000 -80.260002 21.080000 99.959999 0.000000 -2780.000000 1084.000000 2444.000000 -3776.000000 1510.000000 -486.000000 
150.270004 47.259998 -81.800003 19.879999 97.660004 0.000000 -2866.000000 1061.000000 2357.000000 -3711.000000 1491.000000 -483.000000 
149.169998 49.330002 -83.639999 18.840000 94.470001 0.000000 -2756.000000 1098.000000 2271.000000 -3567.000000 1536.000000 -452.000000 
147.770004 51.470001 -85.809998 18.020000 90.120003 0.000000 -2443.000000 1204.000000 2241.000000 -3284.000000 1508.000000 -409.000000 
146.240005 53.599998 -88.110001 17.320000 84.489998 0.000000 -2031.000000 1161.000000 2383.000000 -3077.000000 1342.000000 -274.000000 
144.550003 55.709999 -90.570000 16.610001 77.349998 0.000000 -1715.000000 1046.000000 2572.000000 -2937.000000 1064.000000 -60.000000 
142.639999 57.790001 -93.209999 15.830000 67.680000 0.000000 -1484.000000 912.000000 2796.000000 -3152.000000 670.000000 395.000000 
140.500000 59.820000 -96.099998 14.950000 55.480000 0.000000 -1176.000000 793.000000 2972.000000 -3335.000000 385.000000 666.000000 
138.029999 61.849998 -99.389999 14.190000 42.189999 0.000000 -1001.000000 757.000000 2902.000000 -3477.000000 197.000000 750.000000 
134.970001 63.880001 -103.349998 13.650000 29.709999 0.000000 -1028.000000 870.000000 2786.000000 -3295.000000 241.000000 774.000000 
130.960007 65.879997 -108.360001 13.160000 18.570000 0.000000 -1039.000000 775.000000 2544.000000 -3394.000000 160.000000 754.000000 
125.449997 67.709999 -114.980003 12.850000 8.970000 0.000000 -908.000000 780.000000 2357.000000 -3499.000000 90.000000 823.000000 
118.459999 69.279999 -123.120003 12.680000 1.400000 0.000000 -772.000000 704.000000 2271.000000 -3364.000000 112.000000 870.000000 
109.879997 70.449997 -132.860001 12.840000 -4.270000 0.000000 332.000000 715.000000 2262.000000 -2996.000000 9.000000 868.000000 
99.930000 71.059998 -143.919998 13.090000 -8.360000 0.000000 524.000000 679.000000 2323.000000 -2487.000000 -166.000000 1093.000000 
89.720001 70.959999 -155.210007 13.250000 -11.190000 0.000000 1148.000000 632.000000 2576.000000 -2194.000000 -350.000000 1636.000000 
80.250000 70.269997 -165.720001 13.350000 -13.380000 0.000000 1610.000000 604.000000 2766.000000 -1963.000000 -566.000000 1969.000000 
72.000000 69.160004 -175.000000 13.400000 -15.150000 0.000000 2314.000000 589.000000 2882.000000 -1803.000000 -783.000000 2200.000000 
64.930000 67.849998 176.899994 13.340000 -16.719999 0.000000 2273.000000 423.000000 3048.000000 -1915.000000 -1001.000000 2277.000000 
58.930000 66.360001 169.809998 13.250000 -18.030001 0.000000 2277.000000 307.000000 3068.000000 -2129.000000 -1110.000000 2321.000000 
53.560001 64.470001 163.279999 13.000000 -19.139999 0.000000 2253.000000 -9.000000 2987.000000 -2125.000000 -1175.000000 2202.000000 
48.980000 62.580002 157.550003 12.940000 -20.209999 0.000000 2242.000000 185.000000 3009.000000 -2164.000000 -1455.000000 2243.000000 
45.020000 60.560001 152.449997 12.730000 -21.150000 0.000000 2413.000000 -74.000000 3190.000000 -2285.000000 -1633.000000 2430.000000 
41.490002 58.540001 147.860001 12.400000 -22.030001 0.000000 2545.000000 -282.000000 3290.000000 -2307.000000 -1893.000000 2602.000000 
38.709999 56.639999 144.070007 12.100000 -22.760000 0.000000 2776.000000 -273.000000 3218.000000 -2295.000000 -2141.000000 2844.000000 
36.150002 54.740002 140.639999 11.940000 -23.309999 0.000000 2840.000000 -227.000000 2850.000000 -2229.000000 -2231.000000 2934.000000 
33.939999 52.770000 137.630005 12.070000 -23.650000 0.000000 2525.000000 -235.000000 2855.000000 -2160.000000 -2256.000000 2942.000000 
31.950001 50.490002 134.770004 12.580000 -23.730000 0.000000 2470.000000 -184.000000 2644.000000 -1719.000000 -1898.000000 2577.000000 
30.270000 47.700001 132.179993 13.430000 -23.540001 0.000000 2567.000000 -139.000000 2463.000000 -1470.000000 -1666.000000 2525.000000 
29.020000 44.549999 130.050003 14.500000 -23.320000 0.000000 2639.000000 -101.000000 2354.000000 -1680.000000 -1787.000000 2590.000000 
27.930000 41.250000 128.309998 15.610000 -23.120001 0.000000 2982.000000 -101.000000 2310.000000 -1367.000000 -1886.000000 2731.000000 
26.870001 38.009998 126.830002 16.520000 -23.030001 0.000000 3545.000000 -205.000000 2433.000000 -804.000000 -1992.000000 3083.000000 
25.850000 34.900002 125.629997 17.260000 -23.120001 0.000000 4327.000000 -166.000000 2566.000000 -506.000000 -2266.000000 3442.000000 
24.870001 32.029999 124.720001 17.660000 -23.370001 0.000000 4767.000000 -231.000000 2642.000000 -357.000000 -2509.000000 3831.000000 
23.740000 29.580000 123.910004 17.730000 -23.740000 0.000000 4722.000000 -230.000000 2493.000000 -303.000000 -2730.000000 4080.000000 
22.500000 27.590000 123.150002 17.730000 -24.110001 0.000000 4645.000000 -178.000000 2217.000000 -390.000000 -2683.000000 4011.000000 
21.360001 26.080000 122.419998 17.940001 -24.430000 0.000000 4394.000000 -101.000000 1964.000000 -446.000000 -2682.000000 3923.000000 
20.370001 24.559999 121.769997 18.420000 -24.690001 0.000000 3935.000000 -52.000000 1674.000000 -231.000000 -2375.000000 3540.000000 
19.480000 22.799999 121.129997 19.150000 -24.870001 0.000000 3666.000000 2.000000 1447.000000 14.000000 -2124.000000 3279.000000 
18.600000 20.850000 120.650002 20.020000 -24.990000 0.000000 3855.000000 74.000000 1376.000000 542.000000 -2004.000000 3280.000000 
17.709999 18.920000 120.139999 20.010000 -25.129999 0.000000 4923.000000 -330.000000 1930.000000 1164.000000 -1988.000000 3531.000000 
16.730000 17.100000 119.580002 20.190001 -25.389999 0.000000 4787.000000 321.000000 1254.000000 1368.000000 -2256.000000 4046.000000 
15.740000 15.400000 119.010002 19.930000 -25.770000 0.000000 4949.000000 312.000000 1148.000000 1484.000000 -2480.000000 4332.000000 
14.750000 13.870000 118.410004 19.370001 -26.200001 0.000000 4941.000000 265.000000 1005.000000 1409.000000 -2602.000000 4401.000000 
13.820000 12.440000 117.769997 18.760000 -26.660000 0.000000 4953.000000 169.000000 937.000000 1243.000000 -2873.000000 4234.000000 
13.050000 11.010000 117.160004 17.590000 -27.090000 0.000000 5219.000000 -182.000000 1152.000000 945.000000 -3027.000000 4325.000000 
12.420000 9.670000 116.639999 15.660000 -27.510000 0.000000 5197.000000 -519.000000 1342.000000 736.000000 -3202.000000 4230.000000 
11.790000 8.490000 116.190002 13.280000 -27.930000 0.000000 5221.000000 -749.000000 1546.000000 532.000000 -3434.000000 4259.000000 
11.190000 7.510000 115.879997 10.760000 -28.320000 0.000000 5257.000000 -904.000000 1621.000000 616.000000 -3302.000000 4288.000000 
10.610000 6.840000 115.699997 8.490000 -28.690001 0.000000 5166.000000 -910.000000 1491.000000 1022.000000 -3130.000000 4047.000000 
10.010000 6.450000 115.559998 6.850000 -29.020000 0.000000 5052.000000 -778.000000 1255.000000 1066.000000 -3009.000000 3834.000000 
9.360000 6.200000 115.419998 5.660000 -29.330000 0.000000 4731.000000 -666.000000 985.000000 717.000000 -3008.000000 3765.000000 
8.720000 6.110000 115.269997 4.860000 -29.610001 0.000000 4613.000000 -575.000000 788.000000 939.000000 -3010.000000 3740.000000 
8.130000 5.880000 115.110001 3.990000 -29.879999 0.000000 4416.000000 -553.000000 739.000000 998.000000 -3080.000000 3813.000000 
7.590000 5.360000 114.970001 2.770000 -30.160000 0.000000 4533.000000 -616.000000 885.000000 1027.000000 -3193.000000 3959.000000 
7.140000 4.650000 114.820000 0.950000 -30.440001 0.000000 4714.000000 -728.000000 1069.000000 981.000000 -3248.000000 4118.000000 
6.830000 3.930000 114.730003 -1.300000 -30.740000 0.000000 5007.000000 -826.000000 1313.000000 1014.000000 -3258.000000 4146.000000 
6.590000 3.360000 114.680000 -3.620000 -31.070000 0.000000 5222.000000 -858.000000 1446.000000 993.000000 -3154.000000 4130.000000 
6.360000 3.000000 114.570000 -5.860000 -31.410000 0.000000 5196.000000 -846.000000 1382.000000 1001.000000 -3022.000000 3995.000000 
6.110000 2.980000 114.510002 -7.570000 -31.750000 0.000000 4945.000000 -750.000000 1256.000000 1046.000000 -2893.000000 3895.000000 
5.840000 3.230000 114.400002 -8.480000 -32.060001 0.000000 4740.000000 -598.000000 1137.000000 1046.000000 -2624.000000 3666.000000 
5.630000 3.590000 114.290001 -8.740000 -32.330002 0.000000 4514.000000 -444.000000 942.000000 1139.000000 -2380.000000 3397.000000 
5.510000 3.930000 114.080002 -8.640000 -32.570000 0.000000 4216.000000 -395.000000 877.000000 1042.000000 -2304.000000 3396.000000 
5.440000 4.150000 113.860001 -8.460000 -32.830002 0.000000 3821.000000 -359.000000 749.000000 700.000000 -2363.000000 3395.000000 
5.320000 4.120000 113.599998 -8.440000 -33.080002 0.000000 3769.000000 -332.000000 710.000000 987.000000 -2294.000000 3320.000000 
5.210000 3.910000 113.279999 -8.610000 -33.349998 0.000000 3842.000000 -321.000000 789.000000 845.000000 -2371.000000 3395.000000 
5.130000 3.720000 113.000000 -9.330000 -33.669998 0.000000 3826.000000 -425.000000 889.000000 767.000000 -2384.000000 3350.000000 
5.020000 3.630000 112.709999 -10.280000 -33.980000 0.000000 3865.000000 -436.000000 942.000000 780.000000 -2486.000000 3561.000000 
4.830000 3.700000 112.430000 -11.270000 -34.279999 0.000000 3830.000000 -397.000000 935.000000 714.000000 -2443.000000 3596.000000 
4.630000 3.940000 112.169998 -12.240000 -34.509998 0.000000 3767.000000 -360.000000 819.000000 579.000000 -2627.000000 3869.000000 
4.280000 3.910000 111.910004 -14.620000 -34.680000 0.000000 24110.000000 -7148.000000 7830.000000 529.000000 -3522.000000 4869.000000 
4.490000 3.590000 111.720001 -11.570000 -34.509998 0.000000 4568.000000 -49.000000 1047.000000 1351.000000 -4651.000000 7861.000000 
4.680000 3.790000 111.550003 -8.980000 -34.279999 0.000000 4052.000000 -127.000000 1086.000000 363.000000 -2641.000000 4082.000000 
5.260000 4.050000 111.470001 -7.300000 -33.939999 0.000000 4209.000000 4.000000 1014.000000 301.000000 -1645.000000 2974.000000 
5.930000 4.010000 111.349998 -6.170000 -33.400002 0.000000 4095.000000 -8.000000 1112.000000 1139.000000 -1486.000000 3080.000000 
6.350000 3.850000 111.190002 -5.440000 -33.070000 0.000000 4187.000000 64.000000 1109.000000 778.000000 -1611.000000 3142.000000 
6.510000 3.710000 110.970001 -5.280000 -32.900002 0.000000 4235.000000 72.000000 1109.000000 860.000000 -1687.000000 3368.000000 
6.590000 3.820000 110.680000 -5.630000 -32.869999 0.000000 4158.000000 4.000000 1189.000000 868.000000 -1866.000000 3669.000000 
6.580000 4.210000 110.330002 -6.390000 -32.970001 0.000000 4283.000000 -65.000000 1185.000000 763.000000 -2262.000000 4080.000000 
6.490000 4.770000 109.930000 -7.470000 -33.090000 0.000000 4067.000000 -291.000000 1343.000000 493.000000 -2451.000000 4173.000000 
6.400000 5.340000 109.529999 -8.250000 -33.169998 0.000000 4232.000000 -354.000000 1381.000000 171.000000 -2548.000000 4037.000000 
6.250000 5.980000 109.059998 -8.800000 -33.259998 0.000000 3976.000000 -380.000000 1539.000000 -19.000000 -2445.000000 3382.000000 
6.160000 6.620000 108.610001 -9.110000 -33.259998 0.000000 3599.000000 -417.000000 1835.000000 -233.000000 -2422.000000 3309.000000 
6.100000 7.000000 108.209999 -9.710000 -33.240002 0.000000 1725.000000 -1230.000000 2752.000000 -215.000000 -2424.000000 3300.000000 
5.940000 7.150000 107.900002 -9.510000 -33.240002 0.000000 3561.000000 -566.000000 1967.000000 -301.000000 -2351.000000 3358.000000 
5.960000 7.210000 107.720001 -8.750000 -33.189999 0.000000 3399.000000 -512.000000 2265.000000 -23.000000 -2542.000000 3889.000000 
6.050000 7.020000 107.580002 -7.620000 -33.040001 0.000000 3408.000000 -412.000000 2537.000000 328.000000 -2263.000000 3806.000000 
6.300000 6.670000 107.489998 -6.350000 -32.830002 0.000000 3675.000000 -114.000000 2206.000000 591.000000 -2103.000000 3936.000000 
6.720000 6.340000 107.389999 -5.440000 -32.529999 0.000000 3626.000000 -131.000000 2192.000000 822.000000 -1949.000000 4047.000000 
7.120000 5.960000 107.239998 -4.810000 -32.290001 0.000000 3762.000000 -59.000000 2148.000000 701.000000 -2070.000000 4170.000000 
7.410000 5.900000 107.099998 -4.510000 -32.110001 0.000000 3888.000000 -68.000000 2119.000000 493.000000 -1909.000000 3801.000000 
7.620000 6.040000 106.900002 -4.580000 -31.990000 0.000000 3648.000000 -185.000000 2244.000000 275.000000 -1815.000000 3624.000000 
7.700000 6.160000 106.680000 -4.950000 -31.950001 0.000000 3730.000000 -284.000000 2240.000000 426.000000 -1876.000000 3536.000000 
7.650000 6.240000 106.410004 -5.430000 -32.049999 0.000000 3610.000000 -374.000000 2284.000000 235.000000 -1994.000000 3364.000000 
7.340000 6.520000 106.110001 -5.690000 -32.220001 0.000000 4076.000000 -579.000000 4972.000000 -6.000000 -2052.000000 3310.000000 
6.910000 7.010000 105.839996 -5.910000 -32.430000 0.000000 3133.000000 -494.000000 2158.000000 -173.000000 -3239.000000 4317.000000 
6.330000 7.270000 105.529999 -5.910000 -32.430000 0.000000 3193.000000 -558.000000 2680.000000 118.000000 -2037.000000 3227.000000 
5.900000 7.520000 105.290001 -5.910000 -32.360001 0.000000 3387.000000 -603.000000 2722.000000 382.000000 -1971.000000 3241.000000 
5.550000 7.640000 105.000000 -6.740000 -32.139999 0.000000 2879.000000 -2445.000000 3056.000000 286.000000 -1982.000000 3758.000000 
5.450000 7.380000 104.629997 -6.450000 -32.099998 0.000000 3435.000000 -564.000000 2603.000000 -145.000000 -2296.000000 3463.000000 
5.410000 6.970000 104.360001 -5.930000 -31.920000 0.000000 3374.000000 -430.000000 2584.000000 409.000000 -2007.000000 3501.000000 
5.320000 6.790000 104.160004 -5.590000 -31.770000 0.000000 3251.000000 -543.000000 2735.000000 513.000000 -2274.000000 3935.000000 
5.060000 6.560000 103.970001 -5.170000 -31.580000 0.000000 3588.000000 -527.000000 2489.000000 464.000000 -2143.000000 3934.000000 
4.600000 6.190000 103.790001 -4.370000 -31.480000 0.000000 3818.000000 -273.000000 2815.000000 736.000000 -2578.000000 4134.000000 
4.080000 5.670000 103.589996 -4.300000 -31.090000 0.000000 3012.000000 -847.000000 2777.000000 1408.000000 -1844.000000 3684.000000 
3.560000 5.470000 103.279999 -4.120000 -31.030001 0.000000 3920.000000 -668.000000 2934.000000 569.000000 -2670.000000 4154.000000 
2.340000 5.960000 102.790001 -4.710000 -31.200001 0.000000 3665.000000 -1421.000000 3071.000000 389.000000 -2862.000000 4073.000000 
1.280000 6.060000 102.370003 -5.710000 -31.510000 0.000000 4060.000000 -2713.000000 5901.000000 -12.000000 -3507.000000 4565.000000 
0.540000 5.620000 102.029999 -5.230000 -31.790001 0.000000 5620.000000 -1667.000000 6821.000000 -159.000000 -4276.000000 5654.000000 
0.010000 5.370000 101.750000 -3.900000 -31.660000 0.000000 4565.000000 -1278.000000 4757.000000 -997.000000 -5325.000000 7057.000000 
-0.700000 5.830000 101.599998 -2.250000 -31.200001 0.000000 4666.000000 -815.000000 3809.000000 97.000000 -4551.000000 6028.000000 
-1.390000 6.620000 101.489998 -0.830000 -30.840000 0.000000 5204.000000 -882.000000 4127.000000 645.000000 -3980.000000 5273.000000 
-2.010000 7.550000 101.309998 0.350000 -30.650000 0.000000 5069.000000 -1105.000000 4363.000000 934.000000 -3647.000000 4635.000000 
-2.510000 8.500000 101.059998 1.250000 -30.559999 0.000000 4283.000000 -1344.000000 4468.000000 1116.000000 -3539.000000 4378.000000 
-2.910000 9.320000 100.769997 1.920000 -30.639999 0.000000 3688.000000 -1489.000000 4606.000000 898.000000 -3738.000000 4362.000000 
-3.180000 10.030000 100.459999 2.450000 -30.940001 0.000000 3451.000000 -1546.000000 4626.000000 498.000000 -4042.000000 4465.000000 
-3.330000 10.630000 100.160004 2.890000 -31.360001 0.000000 3300.000000 -1583.000000 4408.000000 106.000000 -4161.000000 4241.000000 
-3.370000 11.180000 99.910004 3.270000 -31.879999 0.000000 3191.000000 -1632.000000 4224.000000 -99.000000 -3962.000000 3584.000000 
-3.360000 11.640000 99.650002 3.590000 -32.540001 0.000000 3124.000000 -1519.000000 4113.000000 -112.000000 -3575.000000 2940.000000 
-3.340000 12.120000 99.430000 3.860000 -33.459999 0.000000 3071.000000 -1389.000000 4004.000000 56.000000 -3257.000000 2487.000000 
-3.360000 12.660000 99.209999 4.080000 -34.689999 0.000000 2990.000000 -1301.000000 3791.000000 200.000000 -3091.000000 2204.000000 
-3.520000 13.350000 98.970001 4.190000 -36.270000 0.000000 2858.000000 -1143.000000 3400.000000 324.000000 -2953.000000 1957.000000 
-3.820000 14.180000 98.709999 4.080000 -38.220001 0.000000 2655.000000 -993.000000 2891.000000 485.000000 -2785.000000 1714.000000 
-4.120000 14.890000 98.360001 3.640000 -40.549999 0.000000 2555.000000 -934.000000 2559.000000 462.000000 -2735.000000 1625.000000 
-4.280000 15.460000 97.980003 2.870000 -43.230000 0.000000 2609.000000 -1079.000000 2284.000000 330.000000 -2765.000000 1563.000000 
-4.510000 16.040001 97.529999 1.920000 -46.130001 0.000000 2758.000000 -1131.000000 1915.000000 299.000000 -2906.000000 1410.000000 
-5.150000 16.840000 96.910004 0.770000 -49.160000 0.000000 2632.000000 -1186.000000 1727.000000 160.000000 -3031.000000 1296.000000 
-6.160000 17.830000 96.169998 -0.640000 -52.200001 0.000000 2197.000000 -1130.000000 1838.000000 47.000000 -3057.000000 1236.000000 
-7.310000 18.790001 95.279999 -2.300000 -55.209999 0.000000 2049.000000 -1081.000000 2178.000000 -68.000000 -3042.000000 1300.000000 
-8.310000 19.570000 94.300003 -4.030000 -58.090000 0.000000 2159.000000 -979.000000 2527.000000 -257.000000 -2982.000000 1503.000000 
-9.060000 20.290001 93.250000 -5.650000 -60.709999 0.000000 2359.000000 -875.000000 2805.000000 -463.000000 -3027.000000 1706.000000 
-9.600000 21.180000 92.120003 -6.940000 -63.000000 0.000000 2502.000000 -678.000000 2890.000000 -732.000000 -3197.000000 1868.000000 
-10.220000 22.320000 90.779999 -7.960000 -65.010002 0.000000 2388.000000 -692.000000 2999.000000 -1000.000000 -3394.000000 2027.000000 
-10.920000 23.520000 89.449997 -8.740000 -66.860001 0.000000 2166.000000 -706.000000 3055.000000 -1320.000000 -3541.000000 2119.000000 
-11.800000 25.030001 88.059998 -9.290000 -68.610001 0.000000 2174.000000 -678.000000 3278.000000 -1566.000000 -3654.000000 2187.000000 
-12.770000 26.930000 86.519997 -9.650000 -70.160004 0.000000 2275.000000 -686.000000 3448.000000 -1756.000000 -3575.000000 2303.000000 
-13.620000 29.309999 84.849998 -9.830000 -71.620003 0.000000 2221.000000 -684.000000 3466.000000 -1805.000000 -3404.000000 2382.000000 
-13.940000 32.389999 83.349998 -9.850000 -72.889999 0.000000 1793.000000 -762.000000 3221.000000 -1656.000000 -3162.000000 2430.000000 
-13.800000 35.810001 82.050003 -9.600000 -73.980003 0.000000 1985.000000 -556.000000 2905.000000 -1392.000000 -2836.000000 2334.000000 
-13.500000 39.410000 80.779999 -9.060000 -74.930000 0.000000 1780.000000 -206.000000 2482.000000 -1165.000000 -2342.000000 2079.000000 
-13.200000 43.200001 79.449997 -8.410000 -75.830002 0.000000 1425.000000 -54.000000 2180.000000 -1085.000000 -1780.000000 1691.000000 
-13.010000 47.139999 78.029999 -7.570000 -76.849998 0.000000 925.000000 252.000000 1744.000000 -1106.000000 -1292.000000 1140.000000 
-12.920000 51.240002 76.510002 -6.850000 -78.410004 0.000000 669.000000 410.000000 1719.000000 -1559.000000 -921.000000 572.000000 
-13.080000 55.529999 74.870003 -6.520000 -80.760002 0.000000 656.000000 288.000000 2001.000000 -1944.000000 -713.000000 280.000000 
-13.820000 60.009998 72.900002 -6.490000 -83.760002 0.000000 571.000000 103.000000 2137.000000 -2211.000000 -494.000000 291.000000 
-15.410000 64.519997 70.360001 -6.390000 -87.209999 0.000000 207.000000 144.000000 1970.000000 -1974.000000 -394.000000 359.000000 
-18.090000 68.820000 66.970001 -6.410000 -90.769997 0.000000 -755.000000 240.000000 1523.000000 -1697.000000 -309.000000 494.000000 
-22.049999 72.669998 62.380001 -6.520000 -94.199997 0.000000 -1133.000000 306.000000 1297.000000 -1430.000000 -290.000000 745.000000 
-27.170000 75.839996 56.540001 -6.750000 -97.190002 0.000000 -1888.000000 598.000000 1045.000000 -1355.000000 -150.000000 995.000000 
-32.349998 78.129997 50.250000 -7.230000 -99.180000 0.000000 -2985.000000 640.000000 881.000000 -1525.000000 235.000000 1355.000000 
-35.189999 79.419998 45.639999 -7.920000 -99.580002 0.000000 -4849.000000 688.000000 702.000000 -1733.000000 624.000000 1344.000000 
-32.990002 79.690002 45.279999 -8.580000 -98.290001 0.000000 -6686.000000 949.000000 403.000000 -2170.000000 904.000000 721.000000 
-25.910000 78.839996 49.060001 -9.060000 -96.239998 0.000000 -7650.000000 1371.000000 224.000000 -2951.000000 817.000000 -459.000000 
-17.290001 76.879997 54.009998 -9.320000 -93.459999 0.000000 -7036.000000 1660.000000 449.000000 -5659.000000 220.000000 -2319.000000 
-9.930000 73.940002 57.720001 -9.340000 -90.459999 0.000000 -5101.000000 1850.000000 885.000000 -6415.000000 53.000000 -2455.000000 
-4.550000 70.330002 59.700001 -9.130000 -87.050003 0.000000 -2964.000000 1820.000000 1447.000000 -6193.000000 -41.000000 -2198.000000 
-0.730000 66.410004 60.389999 -8.820000 -83.330002 0.000000 -1129.000000 1451.000000 2261.000000 -5499.000000 -201.000000 -1543.000000 
2.140000 62.450001 60.349998 -8.710000 -79.769997 0.000000 148.000000 923.000000 3339.000000 -5123.000000 -576.000000 -828.000000 
4.530000 58.680000 59.980000 -8.840000 -76.639999 0.000000 757.000000 319.000000 4335.000000 -5375.000000 -1251.000000 -227.000000 
6.790000 55.270000 59.560001 -9.580000 -74.000000 0.000000 -476.000000 -912.000000 5014.000000 -5917.000000 -2006.000000 211.000000 
8.930000 52.250000 59.259998 -10.390000 -71.690002 0.000000 819.000000 -1292.000000 6161.000000 -6513.000000 -2296.000000 549.000000 
10.710000 49.560001 59.090000 -11.270000 -69.379997 0.000000 932.000000 -1916.000000 6856.000000 -6399.000000 -2416.000000 572.000000 
12.110000 47.290001 59.029999 -11.950000 -67.059998 0.000000 738.000000 -2167.000000 7267.000000 -5962.000000 -2402.000000 477.000000 
13.220000 45.380001 59.119999 -12.410000 -64.940002 0.000000 765.000000 -2216.000000 7472.000000 -5623.000000 -2374.000000 525.000000 
14.220000 43.840000 59.419998 -12.660000 -63.099998 0.000000 1088.000000 -2133.000000 7597.000000 -5278.000000 -2411.000000 734.000000 
15.230000 42.639999 60.009998 -12.700000 -61.590000 0.000000 1492.000000 -1915.000000 7481.000000 -4903.000000 -2416.000000 1089.000000 
16.230000 41.779999 60.860001 -12.540000 -60.310001 0.000000 1880.000000 -1683.000000 7292.000000 -4439.000000 -2408.000000 1515.000000 
17.139999 41.330002 61.900002 -12.160000 -59.209999 0.000000 2079.000000 -1344.000000 6928.000000 -3827.000000 -2493.000000 2051.000000 
17.860001 41.259998 63.090000 -11.600000 -58.250000 0.000000 2193.000000 -947.000000 6370.000000 -3155.000000 -2519.000000 2432.000000 
18.360001 41.560001 64.279999 -10.870000 -57.410000 0.000000 2393.000000 -503.000000 5652.000000 -2616.000000 -2521.000000 2709.000000 
18.629999 42.080002 65.410004 -9.980000 -56.720001 0.000000 2504.000000 -72.000000 4900.000000 -2327.000000 -2502.000000 2892.000000 
18.850000 42.639999 66.440002 -9.020000 -56.169998 0.000000 2420.000000 234.000000 4266.000000 -2251.000000 -2498.000000 2920.000000 
19.170000 43.090000 67.419998 -8.050000 -55.680000 0.000000 2250.000000 427.000000 3750.000000 -2289.000000 -2462.000000 2915.000000 
19.500000 43.200001 68.330002 -7.100000 -55.200001 0.000000 2098.000000 437.000000 3311.000000 -2502.000000 -2320.000000 2724.000000 
19.740000 43.119999 68.970001 -6.160000 -54.680000 0.000000 1941.000000 504.000000 3183.000000 -2226.000000 -2461.000000 2554.000000 
20.320000 42.540001 69.660004 -5.280000 -54.139999 0.000000 1964.000000 531.000000 3049.000000 -2295.000000 -2470.000000 2587.000000 
20.980000 41.400002 70.389999 -4.400000 -53.520000 0.000000 2206.000000 536.000000 2874.000000 -2115.000000 -2423.000000 2677.000000 
21.670000 39.830002 71.040001 -3.540000 -52.880001 0.000000 2451.000000 537.000000 2802.000000 -1824.000000 -2539.000000 2674.000000 
22.219999 37.959999 71.500000 -2.730000 -52.240002 0.000000 2660.000000 510.000000 2904.000000 -1608.000000 -2658.000000 2828.000000 
22.650000 36.049999 71.889999 -2.020000 -51.549999 0.000000 3023.000000 449.000000 3131.000000 -1455.000000 -2620.000000 2956.000000 
22.950001 34.259998 72.230003 -1.290000 -50.820000 0.000000 3137.000000 348.000000 3102.000000 -1154.000000 -2593.000000 2948.000000 
23.250000 32.540001 72.570000 -0.350000 -50.139999 0.000000 2935.000000 447.000000 2788.000000 -968.000000 -2663.000000 2873.000000 
23.650000 30.920000 72.919998 0.570000 -49.509998 0.000000 2760.000000 276.000000 2659.000000 -1377.000000 -2568.000000 2910.000000 
23.590000 29.440001 73.110001 1.290000 -48.930000 0.000000 2467.000000 -71.000000 2917.000000 -1359.000000 -2588.000000 2706.000000 
23.250000 27.940001 73.089996 1.790000 -48.459999 0.000000 2376.000000 -336.000000 3106.000000 -1223.000000 -2818.000000 2381.000000 
22.799999 26.270000 72.940002 2.020000 -48.299999 0.000000 2796.000000 -550.000000 3487.000000 -1323.000000 -3140.000000 2195.000000 
22.299999 24.450001 72.709999 1.700000 -48.590000 0.000000 3810.000000 -981.000000 4564.000000 -1446.000000 -3737.000000 2237.000000 
21.719999 22.950001 72.510002 1.050000 -49.259998 0.000000 4722.000000 -1181.000000 5506.000000 -2038.000000 -4140.000000 2630.000000 
20.680000 22.110001 72.250000 0.350000 -49.990002 0.000000 5149.000000 -1228.000000 5820.000000 -1847.000000 -4616.000000 3049.000000 
19.680000 21.540001 72.059998 0.040000 -50.439999 0.000000 4962.000000 -825.000000 5234.000000 -1581.000000 -4420.000000 3834.000000 
19.120001 21.059999 72.050003 0.320000 -50.509998 0.000000 4380.000000 -204.000000 3754.000000 -1114.000000 -4670.000000 5288.000000 
19.070000 20.910000 72.129997 0.860000 -50.049999 0.000000 3557.000000 75.000000 2665.000000 -462.000000 -3174.000000 3314.000000 
19.400000 21.020000 72.260002 1.330000 -49.610001 0.000000 2450.000000 88.000000 2314.000000 -1758.000000 -2503.000000 2558.000000 
19.870001 21.129999 72.360001 1.630000 -49.150002 0.000000 2065.000000 111.000000 2292.000000 -1284.000000 -2331.000000 1981.000000 
20.299999 21.250000 72.410004 1.700000 -48.779999 0.000000 2246.000000 74.000000 2547.000000 -1119.000000 -2290.000000 1770.000000 
20.559999 21.260000 72.419998 1.600000 -48.810001 0.000000 2459.000000 -8.000000 3020.000000 -2210.000000 -2843.000000 2002.000000 
20.639999 21.219999 72.400002 1.390000 -48.970001 0.000000 2771.000000 -121.000000 3399.000000 -2753.000000 -3702.000000 2823.000000 
20.620001 21.240000 72.349998 1.130000 -48.910000 0.000000 3008.000000 -236.000000 3753.000000 -1836.000000 -3404.000000 2815.000000 
20.590000 21.410000 72.370003 0.890000 -48.750000 0.000000 2977.000000 -301.000000 3933.000000 -1379.000000 -2896.000000 2560.000000 
20.620001 21.680000 72.389999 0.780000 -48.639999 0.000000 2887.000000 -240.000000 3894.000000 -1479.000000 -2750.000000 2527.000000 
20.780001 21.959999 72.400002 0.800000 -48.639999 0.000000 2801.000000 -125.000000 3635.000000 -1706.000000 -2869.000000 2531.000000 
20.950001 22.190001 72.430000 0.940000 -48.730000 0.000000 2645.000000 18.000000 3359.000000 -1766.000000 -2909.000000 2471.000000 
21.070000 22.469999 72.449997 1.120000 -48.860001 0.000000 2531.000000 119.000000 3188.000000 -1741.000000 -2937.000000 2459.000000 
