16.840000 23.850000 75.290001 -8.290000 -52.380001 0.000000 2591.000000 -645.000000 3410.000000 -1565.000000 -3138.000000 2297.000000 
16.870001 23.850000 75.290001 -8.280000 -52.430000 0.000000 2551.000000 -626.000000 3402.000000 -1559.000000 -3143.000000 2290.000000 
16.910000 23.840000 75.309998 -8.260000 -52.430000 0.000000 2545.000000 -618.000000 3385.000000 -1556.000000 -3130.000000 2284.000000 
16.940001 23.840000 75.360001 -8.250000 -52.299999 0.000000 2572.000000 -613.000000 3374.000000 -1554.000000 -3146.000000 2292.000000 
16.959999 23.840000 75.430000 -8.230000 -52.450001 0.000000 2579.000000 -609.000000 3395.000000 -1554.000000 -3135.000000 2282.000000 
16.969999 23.830000 75.419998 -8.250000 -52.450001 0.000000 2555.000000 -653.000000 3421.000000 -1553.000000 -3140.000000 2284.000000 
16.980000 23.830000 75.459999 -8.260000 -52.540001 0.000000 2575.000000 -646.000000 3409.000000 -1561.000000 -3155.000000 2275.000000 
16.959999 23.840000 75.430000 -8.260000 -52.450001 0.000000 2566.000000 -635.000000 3389.000000 -1546.000000 -3148.000000 2278.000000 
16.959999 23.850000 75.459999 -8.280000 -52.450001 0.000000 2551.000000 -661.000000 3405.000000 -1569.000000 -3142.000000 2289.000000 
16.950001 23.850000 75.470001 -8.280000 -52.430000 0.000000 2581.000000 -657.000000 3407.000000 -1551.000000 -3162.000000 2290.000000 
16.950001 23.850000 75.480003 -8.290000 -52.430000 0.000000 2580.000000 -644.000000 3408.000000 -1553.000000 -3153.000000 2264.000000 
16.930000 23.830000 75.430000 -8.280000 -52.529999 0.000000 2577.000000 -633.000000 3385.000000 -1537.000000 -3141.000000 2278.000000 
16.950001 23.830000 75.419998 -8.270000 -52.490002 0.000000 2583.000000 -631.000000 3374.000000 -1545.000000 -3140.000000 2276.000000 
16.940001 23.820000 75.410004 -8.280000 -52.529999 0.000000 2594.000000 -649.000000 3405.000000 -1532.000000 -3151.000000 2277.000000 
16.920000 23.750000 75.440002 -8.310000 -52.529999 0.000000 2641.000000 -693.000000 3359.000000 -1507.000000 -3172.000000 2264.000000 
16.840000 23.580000 75.449997 -8.350000 -52.570000 0.000000 2663.000000 -677.000000 3365.000000 -1451.000000 -3182.000000 2277.000000 
16.840000 23.309999 75.449997 -8.370000 -52.590000 0.000000 2782.000000 -667.000000 3404.000000 -1383.000000 -3159.000000 2307.000000 
16.910000 23.080000 75.540001 -8.450000 -52.560001 0.000000 2695.000000 -719.000000 3461.000000 -1538.000000 -3139.000000 2266.000000 
16.990000 22.959999 75.620003 -8.470000 -52.880001 0.000000 2736.000000 -647.000000 3681.000000 -1529.000000 -3197.000000 2110.000000 
16.969999 23.000000 75.699997 -8.460000 -52.910000 0.000000 2693.000000 -616.000000 3671.000000 -1580.000000 -3143.000000 2316.000000 
17.020000 23.100000 75.849998 -8.560000 -52.439999 0.000000 2849.000000 -704.000000 3727.000000 -1405.000000 -3051.000000 2508.000000 
17.160000 23.090000 76.019997 -8.770000 -52.209999 0.000000 2787.000000 -847.000000 3290.000000 -944.000000 -2981.000000 2697.000000 
17.200001 22.990000 76.129997 -8.840000 -52.299999 0.000000 2878.000000 -458.000000 2845.000000 -265.000000 -2889.000000 2578.000000 
16.950001 23.040001 76.180000 -8.970000 -52.580002 0.000000 3525.000000 -242.000000 2970.000000 -322.000000 -3000.000000 2576.000000 
16.350000 23.309999 76.040001 -9.230000 -53.360001 0.000000 3951.000000 -337.000000 3115.000000 -699.000000 -3145.000000 2291.000000 
15.310000 23.870001 75.699997 -9.700000 -53.700001 0.000000 3655.000000 -871.000000 3722.000000 -1372.000000 -3130.000000 2870.000000 
13.700000 24.889999 75.050003 -10.140000 -53.570000 0.000000 3739.000000 -1105.000000 4457.000000 136.000000 -5417.000000 5411.000000 
12.080000 27.000000 74.370003 -10.230000 -51.110001 0.000000 3351.000000 -773.000000 3994.000000 2671.000000 -4373.000000 4668.000000 
10.380000 28.340000 73.449997 -9.890000 -49.529999 0.000000 3322.000000 -31.000000 3570.000000 -374.000000 -4382.000000 4046.000000 
8.740000 28.990000 72.279999 -9.780000 -48.970001 0.000000 5633.000000 374.000000 3017.000000 -1607.000000 -4392.000000 3566.000000 
7.080000 29.370001 70.839996 -9.370000 -48.459999 0.000000 5057.000000 692.000000 2202.000000 -1294.000000 -4247.000000 3437.000000 
5.970000 29.650000 69.400002 -9.120000 -48.250000 0.000000 4360.000000 263.000000 3146.000000 -1866.000000 -4198.000000 3541.000000 
5.590000 30.580000 68.180000 -9.150000 -47.779999 0.000000 3414.000000 -169.000000 4359.000000 -2089.000000 -4303.000000 4132.000000 
6.450000 31.100000 67.620003 -9.330000 -47.209999 0.000000 2689.000000 -749.000000 4370.000000 -2627.000000 -3853.000000 4016.000000 
6.170000 30.610001 66.400002 -8.910000 -46.139999 0.000000 3001.000000 -244.000000 3426.000000 -1354.000000 -3268.000000 3936.000000 
6.350000 29.240000 65.190002 -8.050000 -44.799999 0.000000 3079.000000 429.000000 2381.000000 -941.000000 -2940.000000 3891.000000 
7.570000 27.830000 64.480003 -7.200000 -43.360001 0.000000 3562.000000 721.000000 2099.000000 -484.000000 -2609.000000 4040.000000 
8.920000 26.430000 63.799999 -6.370000 -41.840000 0.000000 3730.000000 754.000000 2087.000000 190.000000 -2138.000000 3902.000000 
10.290000 24.879999 63.029999 -5.490000 -40.299999 0.000000 3769.000000 752.000000 1951.000000 743.000000 -1852.000000 3743.000000 
11.690000 23.270000 62.220001 -4.610000 -38.830002 0.000000 3787.000000 699.000000 1915.000000 747.000000 -1771.000000 3711.000000 
13.160000 21.750000 61.419998 -3.780000 -37.470001 0.000000 3759.000000 575.000000 2172.000000 392.000000 -1765.000000 3634.000000 
14.630000 20.410000 60.610001 -3.080000 -36.189999 0.000000 3572.000000 331.000000 2467.000000 48.000000 -1727.000000 3383.000000 
15.980000 19.250000 59.759998 -2.540000 -35.040001 0.000000 3299.000000 88.000000 2643.000000 -65.000000 -1582.000000 3014.000000 
17.160000 18.299999 58.799999 -2.150000 -34.029999 0.000000 3113.000000 -65.000000 2513.000000 24.000000 -1517.000000 2709.000000 
18.070000 17.540001 57.720001 -1.940000 -33.279999 0.000000 2915.000000 -162.000000 2276.000000 130.000000 -1578.000000 2626.000000 
18.480000 16.950001 56.380001 -1.900000 -32.799999 0.000000 2720.000000 -202.000000 1928.000000 154.000000 -1781.000000 2671.000000 
18.450001 16.780001 54.869999 -2.050000 -32.639999 0.000000 2598.000000 -211.000000 1437.000000 -27.000000 -2004.000000 2667.000000 
18.139999 17.090000 53.240002 -2.580000 -32.709999 0.000000 2467.000000 -272.000000 1112.000000 -218.000000 -2113.000000 2424.000000 
17.520000 17.490000 51.509998 -3.850000 -32.830002 0.000000 2301.000000 -674.000000 1270.000000 -477.000000 -2173.000000 2088.000000 
16.650000 17.879999 49.650002 -5.380000 -32.860001 0.000000 2268.000000 -822.000000 1178.000000 -869.000000 -2274.000000 1675.000000 
15.600000 18.170000 47.669998 -7.260000 -32.779999 0.000000 1964.000000 -1055.000000 1354.000000 -1518.000000 -2457.000000 1457.000000 
14.420000 18.389999 45.590000 -9.460000 -32.709999 0.000000 2009.000000 -1293.000000 1755.000000 -2021.000000 -2727.000000 1501.000000 
13.120000 18.469999 43.500000 -11.820000 -32.750000 0.000000 2142.000000 -1782.000000 2341.000000 -2178.000000 -3222.000000 1871.000000 
11.690000 18.379999 41.389999 -14.180000 -32.900002 0.000000 2096.000000 -2303.000000 3046.000000 -1992.000000 -3625.000000 2393.000000 
10.240000 18.309999 39.320000 -16.320000 -33.110001 0.000000 1981.000000 -2613.000000 3614.000000 -1757.000000 -3803.000000 2830.000000 
8.830000 18.299999 37.410000 -18.270000 -33.320000 0.000000 2171.000000 -2636.000000 3907.000000 -1330.000000 -3674.000000 3016.000000 
7.500000 18.260000 35.669998 -20.000000 -33.439999 0.000000 2336.000000 -2573.000000 4080.000000 -1098.000000 -3389.000000 2877.000000 
6.280000 18.160000 34.029999 -21.490000 -33.509998 0.000000 2473.000000 -2461.000000 3995.000000 -872.000000 -3091.000000 2581.000000 
5.180000 18.020000 32.520000 -22.809999 -33.590000 0.000000 2259.000000 -2495.000000 3610.000000 -954.000000 -3133.000000 2365.000000 
4.110000 17.809999 31.100000 -24.090000 -33.680000 0.000000 1860.000000 -2718.000000 3165.000000 -1216.000000 -3360.000000 2295.000000 
3.000000 17.639999 29.730000 -25.320000 -33.779999 0.000000 1459.000000 -2862.000000 2880.000000 -1477.000000 -3535.000000 2244.000000 
1.800000 17.580000 28.469999 -26.540001 -33.869999 0.000000 1255.000000 -2993.000000 2932.000000 -1704.000000 -3633.000000 2244.000000 
0.490000 17.570000 27.219999 -27.760000 -33.990002 0.000000 1281.000000 -3371.000000 3224.000000 -1907.000000 -3681.000000 1970.000000 
-0.870000 17.500000 26.059999 -28.799999 -34.130001 0.000000 1324.000000 -3587.000000 3512.000000 -1949.000000 -3366.000000 1423.000000 
-2.230000 17.360001 24.990000 -29.570000 -34.430000 0.000000 1416.000000 -3582.000000 3726.000000 -1944.000000 -3135.000000 1269.000000 
-3.580000 17.139999 24.049999 -30.049999 -34.950001 0.000000 1647.000000 -3572.000000 4190.000000 -2056.000000 -3388.000000 1691.000000 
-4.910000 16.930000 23.190001 -30.190001 -35.619999 0.000000 1708.000000 -3474.000000 4577.000000 -2307.000000 -3689.000000 2234.000000 
-6.210000 16.820000 22.450001 -29.959999 -36.380001 0.000000 1838.000000 -3151.000000 4773.000000 -2457.000000 -4032.000000 2918.000000 
-7.570000 16.760000 21.840000 -29.530001 -37.189999 0.000000 2165.000000 -3007.000000 4831.000000 -2246.000000 -4151.000000 3205.000000 
-9.060000 17.059999 21.379999 -28.860001 -37.990002 0.000000 2480.000000 -2640.000000 4499.000000 -1854.000000 -3954.000000 3182.000000 
-10.510000 17.690001 20.879999 -28.120001 -38.779999 0.000000 2662.000000 -2346.000000 3939.000000 -1456.000000 -3658.000000 3033.000000 
-11.790000 18.540001 20.370001 -27.610001 -39.529999 0.000000 2534.000000 -2091.000000 3418.000000 -1202.000000 -3357.000000 2889.000000 
-12.870000 19.400000 19.889999 -27.250000 -40.189999 0.000000 1884.000000 -1984.000000 2925.000000 -1148.000000 -3026.000000 2651.000000 
-13.750000 20.150000 19.480000 -26.740000 -40.770000 0.000000 1007.000000 -1885.000000 2535.000000 -1216.000000 -2878.000000 2382.000000 
-14.660000 20.590000 19.059999 -26.590000 -41.290001 0.000000 1178.000000 -1900.000000 2339.000000 -1347.000000 -2739.000000 2130.000000 
-15.550000 20.520000 18.410000 -26.590000 -41.779999 0.000000 1319.000000 -1782.000000 2490.000000 -1332.000000 -2671.000000 2124.000000 
-16.180000 19.520000 18.020000 -26.350000 -42.290001 0.000000 2043.000000 -1627.000000 2800.000000 -1232.000000 -2829.000000 2430.000000 
-16.959999 18.490000 17.750000 -26.010000 -42.810001 0.000000 2720.000000 -1471.000000 3042.000000 -863.000000 -3031.000000 2898.000000 
-17.870001 17.580000 17.400000 -25.770000 -43.180000 0.000000 3238.000000 -1355.000000 3153.000000 -348.000000 -3163.000000 3314.000000 
-18.820000 16.879999 16.850000 -25.660000 -43.500000 0.000000 3261.000000 -1441.000000 3244.000000 21.000000 -3283.000000 3592.000000 
-19.620001 16.680000 16.180000 -25.650000 -43.779999 0.000000 2863.000000 -1549.000000 3203.000000 69.000000 -3280.000000 3616.000000 
-19.920000 16.799999 15.590000 -25.850000 -44.090000 0.000000 2377.000000 -1665.000000 3167.000000 -178.000000 -3165.000000 3314.000000 
-19.709999 16.840000 15.120000 -26.379999 -44.500000 0.000000 2059.000000 -1747.000000 3119.000000 -523.000000 -3027.000000 2869.000000 
-19.139999 16.620001 14.820000 -26.940001 -44.959999 0.000000 1913.000000 -1805.000000 3144.000000 -970.000000 -2888.000000 2503.000000 
-18.490000 16.120001 14.720000 -27.350000 -45.490002 0.000000 1423.000000 -1915.000000 3225.000000 -1259.000000 -2881.000000 2318.000000 
-17.940001 15.310000 14.860000 -27.750000 -45.980000 0.000000 1628.000000 -1821.000000 3196.000000 -1410.000000 -2839.000000 2387.000000 
-17.629999 14.390000 14.940000 -27.230000 -46.349998 0.000000 1278.000000 -453.000000 2935.000000 -937.000000 -3075.000000 3031.000000 
-17.700001 13.170000 14.950000 -27.639999 -46.450001 0.000000 2835.000000 -1612.000000 2564.000000 -240.000000 -3746.000000 4588.000000 
-18.420000 12.420000 14.750000 -28.059999 -46.080002 0.000000 3110.000000 -1404.000000 2251.000000 1344.000000 -3885.000000 5557.000000 
-18.090000 10.890000 14.740000 -28.590000 -45.720001 0.000000 3116.000000 -1347.000000 1539.000000 -40.000000 -3791.000000 4521.000000 
-17.820000 9.410000 14.760000 -29.190001 -46.060001 0.000000 3258.000000 -1287.000000 1111.000000 -132.000000 -3292.000000 2734.000000 
-17.180000 8.210000 14.780000 -28.830000 -46.310001 0.000000 4305.000000 1029.000000 5478.000000 -108.000000 -2795.000000 2422.000000 
-16.340000 7.870000 14.670000 -29.500000 -46.509998 0.000000 3331.000000 -2591.000000 -48.000000 951.000000 -3385.000000 3301.000000 
-16.330000 8.450000 14.540000 -29.910000 -46.869999 0.000000 1326.000000 -2264.000000 2917.000000 -285.000000 -2985.000000 2683.000000 
-15.710000 7.630000 14.450000 -30.629999 -47.259998 0.000000 2356.000000 -2193.000000 2885.000000 -462.000000 -3080.000000 2577.000000 
-15.030000 7.750000 14.500000 -31.230000 -47.599998 0.000000 2467.000000 -2097.000000 2689.000000 -101.000000 -3293.000000 2740.000000 
-15.770000 7.720000 14.480000 -32.099998 -47.860001 0.000000 2620.000000 -2261.000000 2135.000000 -596.000000 -3104.000000 2955.000000 
-15.170000 6.740000 14.660000 -32.360001 -48.020000 0.000000 3237.000000 -1829.000000 2705.000000 595.000000 -2931.000000 2907.000000 
-14.380000 6.650000 14.780000 -32.439999 -48.410000 0.000000 1341.000000 -2011.000000 4118.000000 248.000000 -3479.000000 2711.000000 
-15.200000 6.610000 14.890000 -33.139999 -48.720001 0.000000 2613.000000 -1876.000000 2370.000000 -931.000000 -3066.000000 2897.000000 
-15.160000 5.450000 14.900000 -32.970001 -48.849998 0.000000 2748.000000 -1773.000000 3091.000000 554.000000 -2830.000000 2888.000000 
-14.430000 5.360000 15.030000 -33.450001 -49.099998 0.000000 3144.000000 -1750.000000 2608.000000 619.000000 -3484.000000 2937.000000 
-15.280000 5.980000 15.110000 -33.990002 -49.380001 0.000000 2972.000000 -1774.000000 2509.000000 -619.000000 -3154.000000 3052.000000 
-16.010000 6.520000 15.170000 -34.230000 -49.790001 0.000000 2285.000000 -1740.000000 3091.000000 -89.000000 -2903.000000 2330.000000 
-15.750000 5.700000 14.950000 -34.619999 -49.860001 0.000000 2457.000000 -2021.000000 2786.000000 -30.000000 -3303.000000 3061.000000 
-15.340000 4.700000 15.060000 -35.380001 -49.759998 0.000000 3005.000000 -1899.000000 2474.000000 1539.000000 -3031.000000 3129.000000 
-14.750000 4.200000 15.060000 -36.340000 -49.759998 0.000000 3395.000000 -1964.000000 2257.000000 1230.000000 -3059.000000 3052.000000 
-14.350000 4.710000 15.260000 -37.549999 -50.070000 0.000000 2375.000000 -2360.000000 2711.000000 -725.000000 -3122.000000 2433.000000 
-14.530000 3.920000 15.260000 -38.810001 -50.169998 0.000000 2903.000000 -2249.000000 2083.000000 332.000000 -3158.000000 2850.000000 
-14.400000 3.190000 15.340000 -39.840000 -50.130001 0.000000 3032.000000 -2194.000000 2031.000000 1187.000000 -3140.000000 2987.000000 
-13.920000 2.820000 15.440000 -40.700001 -50.070000 0.000000 76.000000 -4534.000000 5774.000000 595.000000 -3073.000000 2932.000000 
-14.090000 2.150000 15.700000 -41.840000 -50.130001 0.000000 3901.000000 -2181.000000 1836.000000 464.000000 -3261.000000 2935.000000 
-13.880000 1.920000 16.230000 -42.750000 -50.220001 0.000000 1232.000000 -4014.000000 5199.000000 219.000000 -3023.000000 2840.000000 
-14.830000 1.700000 16.450001 -44.169998 -50.410000 0.000000 2559.000000 -2172.000000 1521.000000 920.000000 -3381.000000 2855.000000 
-15.700000 1.540000 16.700001 -44.939999 -50.599998 0.000000 2948.000000 -2272.000000 1899.000000 248.000000 -3237.000000 2610.000000 
-16.480000 2.240000 16.950001 -45.299999 -50.610001 0.000000 2261.000000 -2931.000000 3256.000000 749.000000 -3000.000000 2732.000000 
-17.389999 2.460000 16.900000 -45.279999 -50.650002 0.000000 2848.000000 -2164.000000 2107.000000 738.000000 -3196.000000 2596.000000 
-18.160000 3.100000 17.030001 -45.799999 -50.520000 0.000000 3132.000000 -2264.000000 1854.000000 1089.000000 -3104.000000 2855.000000 
-18.940001 3.180000 17.000000 -46.570000 -50.180000 0.000000 3960.000000 -1990.000000 1290.000000 1175.000000 -3078.000000 3032.000000 
-18.290001 3.450000 16.799999 -46.740002 -50.080002 0.000000 3110.000000 -2907.000000 2220.000000 362.000000 -3639.000000 2784.000000 
-18.799999 3.390000 16.940001 -47.709999 -50.040001 0.000000 2877.000000 -2741.000000 1754.000000 568.000000 -3491.000000 2569.000000 
-19.360001 3.200000 16.860001 -48.689999 -50.029999 0.000000 3088.000000 -2755.000000 1667.000000 600.000000 -3230.000000 2212.000000 
-19.379999 2.600000 16.990000 -49.509998 -49.939999 0.000000 3037.000000 -2739.000000 1556.000000 786.000000 -3201.000000 2403.000000 
-18.980000 2.040000 17.100000 -50.230000 -49.830002 0.000000 3242.000000 -2700.000000 1407.000000 1144.000000 -3153.000000 2569.000000 
-18.690001 1.540000 17.139999 -50.820000 -49.790001 0.000000 3634.000000 -2848.000000 1462.000000 1116.000000 -3316.000000 2636.000000 
-19.190001 1.290000 17.129999 -51.189999 -49.880001 0.000000 3738.000000 -3009.000000 1509.000000 962.000000 -3653.000000 2732.000000 
-19.840000 1.390000 17.030001 -51.369999 -50.040001 0.000000 3773.000000 -3273.000000 1616.000000 987.000000 -3945.000000 2792.000000 
-20.500000 1.780000 16.920000 -51.000000 -50.270000 0.000000 4002.000000 -3449.000000 1811.000000 1119.000000 -4161.000000 2686.000000 
-20.980000 1.860000 16.740000 -50.730000 -50.520000 0.000000 4053.000000 -3693.000000 1919.000000 1466.000000 -4316.000000 2898.000000 
-21.530001 2.160000 16.559999 -49.660000 -50.869999 0.000000 3908.000000 -4062.000000 2541.000000 1201.000000 -4372.000000 2745.000000 
-22.090000 2.650000 16.280001 -48.549999 -51.360001 0.000000 3941.000000 -4086.000000 2525.000000 1100.000000 -4293.000000 2456.000000 
-22.850000 4.090000 15.850000 -47.320000 -51.970001 0.000000 3771.000000 -3987.000000 2483.000000 376.000000 -4497.000000 2328.000000 
-23.510000 6.060000 15.420000 -46.439999 -52.619999 0.000000 3216.000000 -3808.000000 2346.000000 -195.000000 -4665.000000 2423.000000 
-24.120001 8.250000 14.950000 -45.080002 -53.320000 0.000000 3388.000000 -3794.000000 2601.000000 -433.000000 -4287.000000 1914.000000 
-24.709999 10.550000 14.460000 -44.419998 -54.009998 0.000000 2922.000000 -3811.000000 2411.000000 -406.000000 -4512.000000 2233.000000 
-25.299999 13.020000 14.030000 -43.750000 -54.750000 0.000000 2557.000000 -3760.000000 2318.000000 -714.000000 -4369.000000 1982.000000 
-25.950001 15.640000 13.590000 -42.959999 -55.599998 0.000000 2305.000000 -3754.000000 2332.000000 -1300.000000 -4216.000000 1616.000000 
-26.610001 18.400000 13.250000 -42.130001 -56.540001 0.000000 2165.000000 -3713.000000 2349.000000 -1606.000000 -4047.000000 1346.000000 
-27.410000 21.260000 12.890000 -40.980000 -57.580002 0.000000 2050.000000 -3476.000000 2484.000000 -1618.000000 -3799.000000 1189.000000 
-28.350000 24.250000 12.560000 -39.840000 -58.700001 0.000000 1965.000000 -3243.000000 2622.000000 -1451.000000 -3574.000000 1093.000000 
-29.520000 27.320000 12.200000 -38.459999 -59.919998 0.000000 1822.000000 -3042.000000 2706.000000 -1509.000000 -3435.000000 1108.000000 
-30.950001 30.430000 11.780000 -36.930000 -61.220001 0.000000 1790.000000 -2881.000000 2819.000000 -1632.000000 -3368.000000 1120.000000 
-32.619999 33.549999 11.230000 -34.910000 -62.590000 0.000000 1753.000000 -2492.000000 2819.000000 -1761.000000 -3312.000000 1077.000000 
-34.459999 36.700001 10.560000 -33.360001 -63.990002 0.000000 1579.000000 -2317.000000 2923.000000 -2095.000000 -3314.000000 1017.000000 
-36.450001 39.849998 9.750000 -31.900000 -65.430000 0.000000 1261.000000 -2195.000000 3049.000000 -2417.000000 -3244.000000 904.000000 
-38.520000 43.000000 8.800000 -30.500000 -66.870003 0.000000 992.000000 -2131.000000 3169.000000 -2930.000000 -3218.000000 791.000000 
-40.680000 46.160000 7.770000 -29.219999 -68.269997 0.000000 658.000000 -2119.000000 3294.000000 -3304.000000 -3076.000000 684.000000 
-42.930000 49.290001 6.650000 -27.959999 -69.629997 0.000000 799.000000 -2069.000000 3316.000000 -3389.000000 -2893.000000 321.000000 
-45.459999 52.419998 5.320000 -27.070000 -70.919998 0.000000 -54.000000 -2140.000000 3449.000000 -3134.000000 -2559.000000 185.000000 
-48.410000 55.520000 3.690000 -25.290001 -72.250000 0.000000 18.000000 -1714.000000 3210.000000 -2881.000000 -2076.000000 12.000000 
-51.849998 58.509998 1.650000 -24.160000 -73.769997 0.000000 29.000000 -1559.000000 3100.000000 -2517.000000 -1696.000000 -327.000000 
-55.980000 61.340000 -0.940000 -22.940001 -75.519997 0.000000 190.000000 -1396.000000 3058.000000 -2369.000000 -1512.000000 -415.000000 
-61.119999 63.970001 -4.480000 -21.700001 -77.589996 0.000000 312.000000 -1273.000000 3160.000000 -2376.000000 -1534.000000 -273.000000 
-67.510002 66.360001 -9.240000 -20.490000 -80.070000 0.000000 336.000000 -1226.000000 3320.000000 -2743.000000 -1686.000000 -178.000000 
-75.489998 68.419998 -15.570000 -19.350000 -83.050003 0.000000 418.000000 -1300.000000 3546.000000 -3166.000000 -1904.000000 -90.000000 
-85.339996 70.029999 -23.760000 -18.200001 -86.519997 0.000000 307.000000 -1412.000000 3748.000000 -3576.000000 -2090.000000 7.000000 
-96.930000 71.059998 -33.700001 -16.900000 -90.610001 0.000000 423.000000 -1386.000000 3872.000000 -4019.000000 -2370.000000 -34.000000 
-109.709999 71.360001 -44.869999 -15.560000 -95.269997 0.000000 84.000000 -1405.000000 3720.000000 -4022.000000 -2309.000000 15.000000 
-122.550003 70.949997 -56.009998 -14.270000 -100.760002 0.000000 112.000000 -1140.000000 3544.000000 -4234.000000 -2179.000000 -143.000000 
-134.279999 69.839996 -65.989998 -13.220000 -106.980003 0.000000 186.000000 -977.000000 3626.000000 -3873.000000 -1951.000000 -270.000000 
-144.119995 68.120003 -74.029999 -12.400000 -114.349998 0.000000 -261.000000 -554.000000 3140.000000 -3514.000000 -1544.000000 -491.000000 
-152.029999 66.010002 -80.070000 -11.840000 -123.099998 0.000000 -485.000000 -398.000000 3096.000000 -3294.000000 -1292.000000 -582.000000 
-158.369995 63.669998 -84.500000 -11.390000 -133.539993 0.000000 -973.000000 -255.000000 3008.000000 -3128.000000 -998.000000 -783.000000 
-163.460007 61.230000 -87.510002 -11.020000 -144.899994 0.000000 -1114.000000 -266.000000 3064.000000 -2924.000000 -892.000000 -897.000000 
-167.199997 58.810001 -89.110001 -10.650000 -155.899994 0.000000 -805.000000 -347.000000 3195.000000 -3232.000000 -1002.000000 -858.000000 
-169.940002 56.410000 -89.779999 -10.140000 -165.449997 0.000000 -1104.000000 -445.000000 3384.000000 -3731.000000 -1312.000000 -719.000000 
-171.789993 54.119999 -89.769997 -9.520000 -173.380005 0.000000 -1215.000000 -573.000000 3579.000000 -4050.000000 -1586.000000 -359.000000 
-173.039993 52.080002 -89.360001 -8.930000 179.919998 0.000000 -1520.000000 -736.000000 3683.000000 -4216.000000 -1651.000000 -231.000000 
-174.119995 50.320000 -88.800003 -8.470000 174.259995 0.000000 -1889.000000 -980.000000 3679.000000 -4533.000000 -1671.000000 -190.000000 
-175.389999 48.900002 -88.650002 -8.140000 169.580002 0.000000 -2368.000000 -1091.000000 3501.000000 -4876.000000 -1578.000000 -475.000000 
-176.320007 47.799999 -88.269997 -7.870000 165.710007 0.000000 -3389.000000 -1223.000000 3330.000000 -5122.000000 -1434.000000 -813.000000 
-177.029999 46.889999 -87.940002 -7.500000 162.330002 0.000000 -3605.000000 -1149.000000 3219.000000 -4735.000000 -1187.000000 -989.000000 
-177.720001 46.060001 -87.720001 -7.010000 159.089996 0.000000 -3924.000000 -1003.000000 3068.000000 -4585.000000 -623.000000 -1418.000000 
-178.429993 45.480000 -87.610001 -6.310000 156.110001 0.000000 -3936.000000 -811.000000 2919.000000 -4489.000000 -199.000000 -1906.000000 
-179.119995 45.049999 -87.459999 -5.290000 153.649994 0.000000 -4077.000000 -690.000000 2646.000000 -4120.000000 -453.000000 -1402.000000 
-179.630005 44.669998 -87.180000 -3.920000 151.559998 0.000000 -3693.000000 -728.000000 2532.000000 -4151.000000 -824.000000 -977.000000 
-179.919998 44.299999 -86.720001 -2.250000 149.860001 0.000000 -3331.000000 -903.000000 2908.000000 -4609.000000 -462.000000 -1511.000000 
179.820007 44.060001 -86.290001 -0.650000 148.529999 0.000000 -2850.000000 -1296.000000 3356.000000 -4341.000000 -298.000000 -1569.000000 
179.389999 43.820000 -86.059998 0.650000 147.250000 0.000000 -3021.000000 -1326.000000 3497.000000 -4155.000000 -168.000000 -1472.000000 
178.899994 43.509998 -85.910004 1.750000 145.970001 0.000000 -3053.000000 -1593.000000 3389.000000 -4197.000000 -62.000000 -1547.000000 
178.300003 42.840000 -85.900002 2.990000 144.660004 0.000000 -3403.000000 -1151.000000 3054.000000 -4451.000000 -37.000000 -1602.000000 
177.649994 42.090000 -85.910004 4.470000 143.240005 0.000000 -3488.000000 -904.000000 2830.000000 -4495.000000 107.000000 -1630.000000 
177.080002 41.570000 -85.760002 6.110000 141.720001 0.000000 -3814.000000 -717.000000 2550.000000 -4167.000000 312.000000 -1645.000000 
176.619995 41.020000 -85.620003 7.810000 140.210007 0.000000 -3904.000000 -441.000000 2380.000000 -3836.000000 540.000000 -1752.000000 
176.110001 40.520000 -85.459999 9.500000 138.740005 0.000000 -3870.000000 -310.000000 2339.000000 -3768.000000 782.000000 -1875.000000 
175.490005 40.020000 -85.290001 11.180000 137.339996 0.000000 -3987.000000 -325.000000 2335.000000 -3699.000000 962.000000 -1971.000000 
174.710007 39.419998 -85.230003 12.900000 136.119995 0.000000 -4021.000000 -330.000000 2344.000000 -4124.000000 839.000000 -1910.000000 
173.860001 38.799999 -85.120003 14.650000 134.919998 0.000000 -3886.000000 -397.000000 2366.000000 -4248.000000 717.000000 -1743.000000 
173.050003 38.150002 -85.000000 16.520000 133.679993 0.000000 -3935.000000 -411.000000 2263.000000 -4244.000000 670.000000 -1608.000000 
172.210007 37.410000 -84.919998 18.480000 132.429993 0.000000 -3782.000000 -313.000000 2121.000000 -4400.000000 753.000000 -1645.000000 
171.229996 36.619999 -84.980003 20.530001 131.089996 0.000000 -3918.000000 -179.000000 1977.000000 -4044.000000 984.000000 -1606.000000 
170.240005 35.840000 -85.080002 22.709999 129.539993 0.000000 -3986.000000 76.000000 1834.000000 -3432.000000 1267.000000 -1540.000000 
169.289993 35.119999 -85.160004 24.830000 127.849998 0.000000 -3880.000000 346.000000 1693.000000 -2990.000000 1599.000000 -1485.000000 
168.470001 34.349998 -85.230003 26.969999 126.180000 0.000000 -3743.000000 644.000000 1581.000000 -2622.000000 1804.000000 -1389.000000 
167.720001 33.529999 -85.260002 28.990000 124.669998 0.000000 -3683.000000 956.000000 1415.000000 -2395.000000 1948.000000 -1380.000000 
167.050003 32.740002 -85.169998 30.719999 123.389999 0.000000 -3700.000000 1066.000000 1220.000000 -2418.000000 2017.000000 -1385.000000 
166.470001 31.900000 -85.019997 32.299999 122.410004 0.000000 -3775.000000 1157.000000 1126.000000 -2626.000000 2123.000000 -1558.000000 
165.970001 31.190001 -84.750000 33.669998 121.650002 0.000000 -3837.000000 1219.000000 1096.000000 -2746.000000 2181.000000 -1652.000000 
165.490005 30.780001 -84.400002 34.849998 121.110001 0.000000 -4031.000000 1134.000000 990.000000 -3046.000000 2091.000000 -1698.000000 
165.020004 30.520000 -84.080002 35.779999 120.699997 0.000000 -4142.000000 1050.000000 996.000000 -3295.000000 2020.000000 -1718.000000 
164.509995 30.240000 -83.830002 36.439999 120.250000 0.000000 -4162.000000 877.000000 1054.000000 -3408.000000 1916.000000 -1588.000000 
163.919998 29.930000 -83.650002 36.900002 119.709999 0.000000 -3985.000000 780.000000 1153.000000 -3360.000000 1838.000000 -1439.000000 
163.250000 29.690001 -83.610001 37.299999 118.959999 0.000000 -3906.000000 796.000000 1218.000000 -3253.000000 1825.000000 -1234.000000 
162.589996 29.440001 -83.650002 37.529999 117.970001 0.000000 -3635.000000 837.000000 1320.000000 -3068.000000 1879.000000 -1063.000000 
161.960007 29.129999 -83.730003 37.759998 116.820000 0.000000 -3447.000000 993.000000 1366.000000 -2736.000000 2041.000000 -986.000000 
161.330002 28.809999 -83.849998 38.060001 115.760002 0.000000 -3271.000000 1161.000000 1363.000000 -2387.000000 2242.000000 -987.000000 
160.720001 28.500000 -83.970001 38.369999 114.839996 0.000000 -3182.000000 1337.000000 1278.000000 -2270.000000 2368.000000 -990.000000 
160.199997 28.200001 -84.050003 38.709999 114.059998 0.000000 -3246.000000 1450.000000 1238.000000 -2223.000000 2476.000000 -1029.000000 
159.750000 27.950001 -84.019997 39.049999 113.419998 0.000000 -3366.000000 1516.000000 1155.000000 -2382.000000 2520.000000 -1071.000000 
159.229996 27.760000 -83.959999 39.250000 112.949997 0.000000 -3418.000000 1492.000000 1159.000000 -2568.000000 2456.000000 -1110.000000 
158.740005 27.620001 -83.870003 39.389999 112.599998 0.000000 -3514.000000 1440.000000 1136.000000 -2693.000000 2336.000000 -1124.000000 
158.330002 27.580000 -83.680000 39.459999 112.260002 0.000000 -3563.000000 1375.000000 1166.000000 -2850.000000 2144.000000 -1032.000000 
157.919998 27.500000 -83.550003 39.340000 111.930000 0.000000 -3550.000000 1220.000000 1221.000000 -3086.000000 1944.000000 -944.000000 
157.500000 27.410000 -83.410004 39.099998 111.510002 0.000000 -3491.000000 1051.000000 1313.000000 -3281.000000 1799.000000 -802.000000 
157.000000 27.200001 -83.480003 38.849998 110.970001 0.000000 -3289.000000 958.000000 1362.000000 -3233.000000 1833.000000 -701.000000 
156.559998 27.010000 -83.570000 38.700001 110.160004 0.000000 -3186.000000 1067.000000 1370.000000 -2806.000000 2010.000000 -597.000000 
156.169998 26.799999 -83.790001 38.619999 109.360001 0.000000 -3038.000000 1239.000000 1389.000000 -2498.000000 2249.000000 -617.000000 
155.740005 26.490000 -84.099998 38.669998 108.779999 0.000000 -3069.000000 1441.000000 1372.000000 -2372.000000 2503.000000 -717.000000 
155.279999 26.129999 -84.459999 38.820000 108.279999 0.000000 -3005.000000 1633.000000 1291.000000 -2086.000000 2686.000000 -759.000000 
154.869995 25.740000 -84.650002 39.099998 107.769997 0.000000 -3005.000000 1761.000000 1234.000000 -2003.000000 2774.000000 -711.000000 
154.449997 25.330000 -84.769997 39.340000 107.300003 0.000000 -3012.000000 1877.000000 1175.000000 -1954.000000 2818.000000 -695.000000 
154.070007 24.959999 -84.820000 39.610001 106.769997 0.000000 -2991.000000 1924.000000 1153.000000 -2025.000000 2757.000000 -594.000000 
153.740005 24.639999 -84.779999 39.820000 106.209999 0.000000 -3045.000000 1934.000000 1154.000000 -2168.000000 2712.000000 -571.000000 
153.419998 24.420000 -84.699997 40.000000 105.820000 0.000000 -3093.000000 1934.000000 1085.000000 -2274.000000 2646.000000 -593.000000 
153.130005 24.270000 -84.639999 40.110001 105.540001 0.000000 -3122.000000 1915.000000 1070.000000 -2442.000000 2580.000000 -610.000000 
152.869995 24.180000 -84.589996 40.139999 105.379997 0.000000 -3165.000000 1847.000000 1044.000000 -2608.000000 2509.000000 -614.000000 
152.630005 24.180000 -84.589996 40.090000 105.279999 0.000000 -3243.000000 1794.000000 1066.000000 -2715.000000 2476.000000 -636.000000 
152.399994 24.129999 -84.690002 39.950001 105.050003 0.000000 -3237.000000 1770.000000 1091.000000 -2638.000000 2493.000000 -547.000000 
152.229996 24.010000 -84.910004 39.759998 104.750000 0.000000 -3254.000000 1756.000000 1100.000000 -2515.000000 2550.000000 -505.000000 
152.050003 23.860001 -85.160004 39.529999 104.389999 0.000000 -3117.000000 1832.000000 1179.000000 -2301.000000 2678.000000 -454.000000 
151.899994 23.639999 -85.440002 39.290001 104.019997 0.000000 -2969.000000 1910.000000 1293.000000 -2134.000000 2803.000000 -428.000000 
151.759995 23.379999 -85.660004 39.080002 103.720001 0.000000 -2873.000000 1972.000000 1333.000000 -2137.000000 2878.000000 -434.000000 
151.630005 23.160000 -85.800003 38.919998 103.599998 0.000000 -2900.000000 2036.000000 1330.000000 -2133.000000 2983.000000 -521.000000 
151.470001 23.080000 -85.830002 38.820000 103.599998 0.000000 -2931.000000 2108.000000 1334.000000 -2176.000000 3063.000000 -593.000000 
151.350006 23.049999 -85.739998 38.740002 103.620003 0.000000 -3006.000000 2143.000000 1313.000000 -2173.000000 3074.000000 -614.000000 
151.380005 23.090000 -85.470001 38.660000 103.720001 0.000000 -3152.000000 2132.000000 1258.000000 -2271.000000 3050.000000 -673.000000 
151.419998 23.040001 -85.269997 38.549999 103.970001 0.000000 -3268.000000 2151.000000 1232.000000 -2452.000000 2937.000000 -790.000000 
151.470001 22.980000 -85.050003 38.360001 104.199997 0.000000 -3293.000000 2023.000000 1230.000000 -2710.000000 2752.000000 -727.000000 
151.610001 22.959999 -84.769997 38.090000 104.449997 0.000000 -3375.000000 1840.000000 1237.000000 -2924.000000 2663.000000 -746.000000 
151.690002 22.900000 -84.610001 37.759998 104.720001 0.000000 -3429.000000 1726.000000 1220.000000 -2894.000000 2737.000000 -781.000000 
151.710007 22.830000 -84.500000 37.500000 104.940002 0.000000 -3455.000000 1718.000000 1276.000000 -2794.000000 2795.000000 -779.000000 
151.759995 22.780001 -84.349998 37.259998 105.160004 0.000000 -3421.000000 1769.000000 1333.000000 -2713.000000 2861.000000 -794.000000 
151.800003 22.709999 -84.279999 37.150002 105.300003 0.000000 -3337.000000 1959.000000 1306.000000 -2695.000000 2941.000000 -779.000000 
151.850006 22.629999 -84.239998 37.040001 105.389999 0.000000 -3420.000000 2027.000000 1304.000000 -2559.000000 2981.000000 -733.000000 
151.910004 22.510000 -84.139999 36.959999 105.470001 0.000000 -3381.000000 2052.000000 1313.000000 -2421.000000 3078.000000 -762.000000 
152.000000 22.360001 -84.000000 36.880001 105.599998 0.000000 -3460.000000 2051.000000 1296.000000 -2477.000000 3078.000000 -814.000000 
152.119995 22.250000 -83.800003 36.799999 105.760002 0.000000 -3482.000000 2024.000000 1239.000000 -2544.000000 3086.000000 -845.000000 
152.229996 22.139999 -83.580002 36.689999 105.989998 0.000000 -3537.000000 1974.000000 1270.000000 -2615.000000 3050.000000 -896.000000 
152.350006 22.049999 -83.339996 36.590000 106.209999 0.000000 -3591.000000 1927.000000 1227.000000 -2732.000000 3003.000000 -901.000000 
152.470001 22.020000 -83.080002 36.490002 106.470001 0.000000 -3654.000000 1902.000000 1175.000000 -2830.000000 2977.000000 -970.000000 
152.570007 22.040001 -82.830002 36.380001 106.750000 0.000000 -3706.000000 1859.000000 1170.000000 -2879.000000 2946.000000 -983.000000 
152.660004 22.070000 -82.610001 36.189999 107.040001 0.000000 -3760.000000 1820.000000 1171.000000 -2948.000000 2941.000000 -1027.000000 
152.740005 22.139999 -82.379997 35.959999 107.279999 0.000000 -3757.000000 1799.000000 1237.000000 -2970.000000 2939.000000 -1012.000000 
152.789993 22.170000 -82.220001 35.750000 107.459999 0.000000 -3693.000000 1858.000000 1258.000000 -2913.000000 2975.000000 -1010.000000 
152.789993 22.240000 -82.089996 35.580002 107.599998 0.000000 -3612.000000 1899.000000 1258.000000 -2830.000000 3005.000000 -994.000000 
152.759995 22.320000 -81.949997 35.430000 107.629997 0.000000 -3628.000000 1899.000000 1264.000000 -2730.000000 3023.000000 -916.000000 
152.759995 22.320000 -81.830002 35.299999 107.660004 0.000000 -3563.000000 1956.000000 1295.000000 -2699.000000 3020.000000 -913.000000 
152.750000 22.299999 -81.739998 35.169998 107.629997 0.000000 -3516.000000 1979.000000 1278.000000 -2640.000000 3028.000000 -880.000000 
152.750000 22.290001 -81.620003 35.060001 107.570000 0.000000 -3522.000000 1980.000000 1290.000000 -2600.000000 2994.000000 -837.000000 
152.759995 22.320000 -81.449997 34.930000 107.589996 0.000000 -3528.000000 1956.000000 1283.000000 -2650.000000 2980.000000 -866.000000 
152.720001 22.350000 -81.300003 34.770000 107.610001 0.000000 -3571.000000 1911.000000 1312.000000 -2741.000000 2974.000000 -874.000000 
152.619995 22.400000 -81.099998 34.599998 107.669998 0.000000 -3563.000000 1829.000000 1299.000000 -2851.000000 2947.000000 -918.000000 
152.539993 22.410000 -80.970001 34.430000 107.739998 0.000000 -3601.000000 1809.000000 1306.000000 -2899.000000 2891.000000 -901.000000 
152.520004 22.500000 -80.779999 34.320000 107.750000 0.000000 -3611.000000 1799.000000 1275.000000 -2822.000000 2849.000000 -880.000000 
152.479996 22.510000 -80.620003 34.189999 107.699997 0.000000 -3555.000000 1809.000000 1351.000000 -2808.000000 2821.000000 -812.000000 
152.449997 22.510000 -80.480003 34.040001 107.620003 0.000000 -3471.000000 1823.000000 1334.000000 -2766.000000 2828.000000 -799.000000 
152.399994 22.469999 -80.400002 33.930000 107.500000 0.000000 -3420.000000 1824.000000 1305.000000 -2747.000000 2805.000000 -760.000000 
152.360001 22.500000 -80.269997 33.849998 107.349998 0.000000 -3302.000000 1887.000000 1345.000000 -2674.000000 2838.000000 -700.000000 
152.350006 22.520000 -80.169998 33.820000 107.230003 0.000000 -3367.000000 1922.000000 1355.000000 -2584.000000 2871.000000 -723.000000 
152.339996 22.459999 -80.019997 33.770000 107.180000 0.000000 -3461.000000 1919.000000 1287.000000 -2655.000000 2887.000000 -782.000000 
152.330002 22.370001 -79.930000 33.750000 107.260002 0.000000 -3473.000000 1926.000000 1253.000000 -2668.000000 2950.000000 -855.000000 
152.339996 22.469999 -79.709999 33.720001 107.379997 0.000000 -3548.000000 1910.000000 1233.000000 -2671.000000 2952.000000 -902.000000 
152.330002 22.540001 -79.599998 33.669998 107.500000 0.000000 -3555.000000 1885.000000 1183.000000 -2654.000000 2901.000000 -919.000000 
152.320007 22.570000 -79.500000 33.590000 107.559998 0.000000 -3504.000000 1877.000000 1216.000000 -2681.000000 2906.000000 -882.000000 
152.289993 22.570000 -79.389999 33.450001 107.540001 0.000000 -3468.000000 1838.000000 1255.000000 -2665.000000 2865.000000 -808.000000 
152.210007 22.530001 -79.360001 33.310001 107.489998 0.000000 -3393.000000 1794.000000 1299.000000 -2689.000000 2787.000000 -793.000000 
152.160004 22.480000 -79.290001 33.169998 107.410004 0.000000 -3295.000000 1747.000000 1366.000000 -2746.000000 2739.000000 -740.000000 
152.130005 22.420000 -79.180000 33.060001 107.330002 0.000000 -3334.000000 1727.000000 1361.000000 -2783.000000 2692.000000 -716.000000 
152.100006 22.309999 -79.120003 32.990002 107.300003 0.000000 -3336.000000 1743.000000 1391.000000 -2717.000000 2720.000000 -747.000000 
152.089996 22.200001 -79.050003 32.959999 107.260002 0.000000 -3384.000000 1750.000000 1363.000000 -2679.000000 2773.000000 -743.000000 
152.100006 22.129999 -78.940002 32.970001 107.250000 0.000000 -3443.000000 1815.000000 1319.000000 -2711.000000 2833.000000 -776.000000 
152.059998 22.110001 -78.889999 33.020000 107.250000 0.000000 -3438.000000 1887.000000 1292.000000 -2647.000000 2890.000000 -807.000000 
152.000000 22.170000 -78.809998 33.040001 107.239998 0.000000 -3420.000000 1915.000000 1322.000000 -2608.000000 2931.000000 -797.000000 
151.919998 22.139999 -78.779999 33.080002 107.129997 0.000000 -3399.000000 1919.000000 1322.000000 -2572.000000 2923.000000 -720.000000 
151.880005 22.080000 -78.730003 33.119999 107.029999 0.000000 -3370.000000 1927.000000 1330.000000 -2554.000000 2901.000000 -716.000000 
151.839996 22.049999 -78.610001 33.150002 106.940002 0.000000 -3334.000000 1940.000000 1345.000000 -2546.000000 2886.000000 -715.000000 
151.789993 22.000000 -78.540001 33.169998 106.800003 0.000000 -3286.000000 1920.000000 1334.000000 -2588.000000 2860.000000 -661.000000 
151.789993 21.920000 -78.449997 33.189999 106.790001 0.000000 -3342.000000 1873.000000 1299.000000 -2672.000000 2803.000000 -717.000000 
151.789993 21.860001 -78.330002 33.209999 106.820000 0.000000 -3397.000000 1839.000000 1289.000000 -2674.000000 2830.000000 -737.000000 
151.789993 21.850000 -78.169998 33.220001 106.849998 0.000000 -3396.000000 1863.000000 1314.000000 -2678.000000 2833.000000 -748.000000 
151.770004 21.840000 -78.080002 33.230000 106.820000 0.000000 -3407.000000 1874.000000 1301.000000 -2635.000000 2846.000000 -706.000000 
151.759995 21.830000 -78.000000 33.230000 106.820000 0.000000 -3426.000000 1897.000000 1303.000000 -2571.000000 2858.000000 -725.000000 
151.830002 21.830000 -77.900002 33.220001 106.760002 0.000000 -3359.000000 1904.000000 1308.000000 -2506.000000 2877.000000 -675.000000 
151.880005 21.760000 -77.820000 33.180000 106.680000 0.000000 -3260.000000 1899.000000 1364.000000 -2527.000000 2874.000000 -650.000000 
151.910004 21.690001 -77.769997 33.169998 106.690002 0.000000 -3322.000000 1922.000000 1352.000000 -2513.000000 2911.000000 -695.000000 
151.949997 21.690001 -77.650002 33.160000 106.750000 0.000000 -3404.000000 1931.000000 1310.000000 -2591.000000 2919.000000 -727.000000 
151.970001 21.740000 -77.489998 33.150002 106.919998 0.000000 -3423.000000 1951.000000 1328.000000 -2670.000000 2973.000000 -828.000000 
151.990005 21.820000 -77.349998 33.130001 107.050003 0.000000 -3523.000000 1930.000000 1315.000000 -2717.000000 3016.000000 -810.000000 
151.990005 21.920000 -77.199997 33.110001 107.209999 0.000000 -3528.000000 1966.000000 1300.000000 -2738.000000 3007.000000 -856.000000 
151.979996 22.040001 -77.050003 33.070000 107.330002 0.000000 -3569.000000 1999.000000 1320.000000 -2858.000000 3016.000000 -835.000000 
151.929993 22.190001 -76.970001 33.060001 107.440002 0.000000 -3558.000000 2022.000000 1284.000000 -2891.000000 3032.000000 -848.000000 
151.880005 22.350000 -76.889999 33.020000 107.440002 0.000000 -3583.000000 2084.000000 1311.000000 -2646.000000 3095.000000 -798.000000 
151.820007 22.510000 -76.849998 32.939999 107.339996 0.000000 -3586.000000 2123.000000 1298.000000 -2609.000000 3120.000000 -723.000000 
151.809998 22.680000 -76.830002 32.810001 107.209999 0.000000 -3578.000000 2165.000000 1349.000000 -2669.000000 3122.000000 -691.000000 
151.789993 22.879999 -76.839996 32.669998 107.070000 0.000000 -3558.000000 2202.000000 1319.000000 -2629.000000 3134.000000 -657.000000 
151.759995 23.219999 -76.790001 32.450001 106.940002 0.000000 -3602.000000 2232.000000 1330.000000 -2680.000000 3159.000000 -646.000000 
151.679993 23.650000 -76.760002 32.160000 106.809998 0.000000 -3637.000000 2256.000000 1322.000000 -2699.000000 3228.000000 -637.000000 
151.539993 24.110001 -76.830002 31.820000 106.720001 0.000000 -3659.000000 2318.000000 1311.000000 -2697.000000 3353.000000 -672.000000 
151.369995 24.610001 -76.900002 31.400000 106.629997 0.000000 -3752.000000 2396.000000 1320.000000 -2709.000000 3422.000000 -662.000000 
151.130005 25.180000 -77.070000 30.910000 106.620003 0.000000 -3701.000000 2482.000000 1302.000000 -2764.000000 3502.000000 -734.000000 
150.779999 25.990000 -77.250000 30.360001 106.540001 0.000000 -3791.000000 2529.000000 1337.000000 -2796.000000 3501.000000 -702.000000 
150.320007 26.930000 -77.510002 29.680000 106.430000 0.000000 -3773.000000 2514.000000 1397.000000 -2856.000000 3416.000000 -666.000000 
149.880005 28.010000 -77.830002 28.860001 106.190002 0.000000 -3826.000000 2479.000000 1427.000000 -2946.000000 3313.000000 -554.000000 
149.429993 29.190001 -78.230003 27.850000 105.800003 0.000000 -3695.000000 2376.000000 1567.000000 -2986.000000 3155.000000 -421.000000 
149.039993 30.440001 -78.699997 26.700001 105.199997 0.000000 -3588.000000 2276.000000 1669.000000 -3027.000000 3013.000000 -292.000000 
148.720001 31.709999 -79.269997 25.469999 104.419998 0.000000 -3511.000000 2193.000000 1748.000000 -3008.000000 2869.000000 -129.000000 
148.330002 33.139999 -79.900002 24.170000 103.669998 0.000000 -3362.000000 2118.000000 1812.000000 -3136.000000 2718.000000 -68.000000 
147.970001 34.630001 -80.650002 22.940001 103.139999 0.000000 -3547.000000 2404.000000 1837.000000 -3130.000000 2658.000000 -87.000000 
147.699997 36.150002 -81.400002 21.510000 102.629997 0.000000 -3306.000000 1966.000000 1955.000000 -3092.000000 2651.000000 -90.000000 
147.410004 37.680000 -82.260002 20.080000 102.169998 0.000000 -3339.000000 1906.000000 1948.000000 -2897.000000 2652.000000 -91.000000 
147.089996 39.230000 -83.220001 18.700001 101.879997 0.000000 -3141.000000 1875.000000 1984.000000 -2873.000000 2724.000000 -154.000000 
146.690002 40.799999 -84.290001 17.420000 101.760002 0.000000 -3191.000000 1874.000000 1970.000000 -3099.000000 2610.000000 -216.000000 
146.240005 42.419998 -85.339996 16.250000 101.449997 0.000000 -3018.000000 1861.000000 1971.000000 -2519.000000 2686.000000 -117.000000 
145.690002 44.189999 -86.379997 15.180000 101.330002 0.000000 -2897.000000 1782.000000 1958.000000 -2507.000000 2594.000000 -282.000000 
145.199997 46.029999 -87.419998 14.180000 101.470001 0.000000 -2829.000000 1728.000000 2042.000000 -3180.000000 2136.000000 -274.000000 
144.710007 47.990002 -88.540001 13.160000 101.279999 0.000000 -2750.000000 1520.000000 2101.000000 -2945.000000 1994.000000 -143.000000 
144.199997 49.990002 -89.730003 12.080000 100.650002 0.000000 -2580.000000 1263.000000 2198.000000 -3099.000000 1624.000000 101.000000 
143.610001 52.020000 -91.040001 10.950000 99.879997 0.000000 -2468.000000 1107.000000 2304.000000 -3022.000000 1425.000000 144.000000 
142.899994 54.090000 -92.480003 9.770000 98.900002 0.000000 -2361.000000 963.000000 2392.000000 -3367.000000 1013.000000 280.000000 
142.100006 56.169998 -94.070000 8.650000 97.180000 0.000000 -2017.000000 860.000000 2383.000000 -3295.000000 826.000000 411.000000 
141.190002 58.310001 -95.769997 7.520000 94.480003 0.000000 -1848.000000 724.000000 2295.000000 -3141.000000 675.000000 437.000000 
140.149994 60.450001 -97.660004 6.250000 90.620003 0.000000 -1845.000000 538.000000 2394.000000 -3026.000000 627.000000 439.000000 
138.820007 62.580002 -99.870003 4.780000 86.449997 0.000000 -1816.000000 301.000000 2424.000000 -2876.000000 802.000000 35.000000 
137.080002 64.699997 -102.500000 3.300000 80.570000 0.000000 -1667.000000 140.000000 2575.000000 -3679.000000 366.000000 126.000000 
135.029999 66.830002 -105.419998 1.870000 70.510002 0.000000 -1525.000000 -5.000000 2700.000000 -3389.000000 230.000000 180.000000 
132.559998 68.900002 -108.739998 0.410000 52.990002 0.000000 -1224.000000 -163.000000 2890.000000 -3036.000000 83.000000 306.000000 
129.600006 70.889999 -112.510002 -1.130000 27.150000 0.000000 -988.000000 -345.000000 3031.000000 -3126.000000 -227.000000 465.000000 
126.199997 72.790001 -116.660004 -2.620000 0.550000 0.000000 -784.000000 -487.000000 3155.000000 -3194.000000 -541.000000 544.000000 
122.309998 74.610001 -121.300003 -4.100000 -18.670000 0.000000 -672.000000 -617.000000 3223.000000 -3316.000000 -893.000000 735.000000 
117.739998 76.349998 -126.650002 -5.500000 -30.410000 0.000000 -654.000000 -813.000000 3234.000000 -3589.000000 -1250.000000 899.000000 
111.879997 77.970001 -133.360001 -6.750000 -36.950001 0.000000 -785.000000 -905.000000 3069.000000 -2656.000000 -1208.000000 1086.000000 
103.440002 79.449997 -142.750000 -7.790000 -40.980000 0.000000 -773.000000 -949.000000 2917.000000 -3249.000000 -1333.000000 1012.000000 
91.139999 80.449997 -155.919998 -8.720000 -43.959999 0.000000 -181.000000 -1066.000000 3245.000000 -3952.000000 -1674.000000 941.000000 
75.129997 80.820000 -172.639999 -9.370000 -45.349998 0.000000 -379.000000 -1032.000000 2951.000000 -3452.000000 -1297.000000 671.000000 
58.320000 80.389999 170.029999 -9.980000 -45.930000 0.000000 -295.000000 -1235.000000 3002.000000 -3319.000000 -1223.000000 627.000000 
44.410000 79.290001 155.550003 -10.590000 -46.130001 0.000000 -40.000000 -1421.000000 3112.000000 -2612.000000 -957.000000 474.000000 
33.419998 77.669998 143.830002 -11.140000 -46.369999 0.000000 284.000000 -1504.000000 3199.000000 -2976.000000 -1446.000000 760.000000 
25.360001 75.820000 135.000000 -11.570000 -46.660000 0.000000 514.000000 -1460.000000 3209.000000 -2580.000000 -1674.000000 985.000000 
18.730000 73.669998 127.629997 -12.010000 -46.840000 0.000000 1050.000000 -1492.000000 3273.000000 -2489.000000 -2165.000000 1489.000000 
13.590000 71.300003 121.800003 -12.480000 -46.939999 0.000000 1526.000000 -1586.000000 3481.000000 -2529.000000 -2740.000000 2123.000000 
9.780000 68.910004 117.339996 -12.950000 -46.910000 0.000000 1963.000000 -1698.000000 3666.000000 -2500.000000 -3055.000000 2562.000000 
7.030000 66.410004 114.019997 -13.440000 -46.700001 0.000000 2377.000000 -1896.000000 3801.000000 -2345.000000 -3247.000000 2903.000000 
5.040000 64.010002 111.430000 -13.850000 -46.419998 0.000000 2705.000000 -1887.000000 3917.000000 -2362.000000 -3263.000000 2852.000000 
3.790000 61.700001 109.470001 -14.220000 -46.000000 0.000000 2884.000000 -1868.000000 3802.000000 -2010.000000 -2889.000000 2604.000000 
2.820000 59.580002 107.730003 -14.450000 -45.570000 0.000000 2297.000000 -1799.000000 3549.000000 -1853.000000 -2594.000000 1993.000000 
2.130000 57.259998 106.309998 -14.520000 -45.299999 0.000000 2142.000000 -1692.000000 3363.000000 -2972.000000 -3118.000000 2067.000000 
1.580000 54.860001 105.110001 -14.440000 -45.139999 0.000000 1901.000000 -1400.000000 3095.000000 -2996.000000 -3748.000000 2478.000000 
0.780000 52.869999 103.809998 -14.720000 -44.709999 0.000000 1585.000000 -1867.000000 2918.000000 -2708.000000 -3283.000000 2254.000000 
0.110000 50.740002 102.800003 -15.000000 -44.169998 0.000000 1928.000000 -2014.000000 3108.000000 -2274.000000 -2890.000000 1862.000000 
-0.230000 48.279999 102.099998 -15.200000 -43.560001 0.000000 2300.000000 -1874.000000 3154.000000 -1522.000000 -2994.000000 2353.000000 
-0.460000 45.799999 101.580002 -15.340000 -42.939999 0.000000 2928.000000 -1878.000000 3139.000000 -1310.000000 -3161.000000 2836.000000 
-0.780000 43.430000 101.139999 -15.410000 -42.380001 0.000000 3221.000000 -1761.000000 3104.000000 -1201.000000 -3350.000000 3113.000000 
-1.140000 41.160000 100.750000 -15.280000 -41.709999 0.000000 3553.000000 -1542.000000 3047.000000 -808.000000 -3245.000000 3234.000000 
-1.360000 38.880001 100.470001 -15.040000 -41.139999 0.000000 3728.000000 -1413.000000 2935.000000 -952.000000 -3419.000000 3341.000000 
-1.580000 36.810001 100.120003 -14.800000 -40.639999 0.000000 3803.000000 -1378.000000 2783.000000 -1186.000000 -3506.000000 3256.000000 
-1.790000 35.020000 99.800003 -14.530000 -40.099998 0.000000 3635.000000 -1395.000000 2660.000000 -970.000000 -3331.000000 2973.000000 
-1.930000 33.279999 99.489998 -14.290000 -39.490002 0.000000 3374.000000 -1514.000000 2480.000000 -946.000000 -3166.000000 2927.000000 
-1.910000 31.400000 99.309998 -13.920000 -38.840000 0.000000 3207.000000 -1534.000000 2389.000000 -1085.000000 -3139.000000 2903.000000 
-1.730000 29.309999 99.250000 -13.340000 -38.119999 0.000000 3228.000000 -1448.000000 2271.000000 -569.000000 -2977.000000 2936.000000 
-1.310000 26.900000 99.379997 -12.590000 -37.330002 0.000000 3523.000000 -1327.000000 2241.000000 -39.000000 -2729.000000 3097.000000 
-0.930000 24.549999 99.529999 -11.820000 -36.639999 0.000000 3828.000000 -1253.000000 2249.000000 5.000000 -2908.000000 3402.000000 
-0.620000 22.309999 99.690002 -11.140000 -36.060001 0.000000 4032.000000 -1152.000000 2142.000000 -110.000000 -2996.000000 3462.000000 
-0.390000 20.299999 99.769997 -10.620000 -35.549999 0.000000 4215.000000 -1137.000000 2065.000000 128.000000 -2945.000000 3399.000000 
-0.290000 18.530001 99.790001 -10.240000 -35.139999 0.000000 4275.000000 -1136.000000 1987.000000 -31.000000 -2970.000000 3359.000000 
-0.120000 16.820000 99.940002 -9.950000 -34.810001 0.000000 4169.000000 -1116.000000 1880.000000 -278.000000 -2992.000000 3238.000000 
0.230000 15.140000 100.169998 -9.630000 -34.529999 0.000000 4131.000000 -1141.000000 1803.000000 -357.000000 -2987.000000 3242.000000 
0.640000 13.540000 100.459999 -9.130000 -34.259998 0.000000 3795.000000 -1172.000000 1642.000000 -333.000000 -2995.000000 3457.000000 
1.040000 11.910000 100.800003 -8.580000 -33.990002 0.000000 3860.000000 -1125.000000 1635.000000 -108.000000 -2874.000000 3321.000000 
1.360000 10.400000 101.199997 -8.240000 -33.750000 0.000000 4051.000000 -1068.000000 1561.000000 131.000000 -2649.000000 3097.000000 
1.470000 9.080000 101.580002 -8.180000 -33.610001 0.000000 4102.000000 -971.000000 1424.000000 446.000000 -2590.000000 3292.000000 
1.330000 8.010000 101.919998 -8.190000 -33.320000 0.000000 4234.000000 -730.000000 1321.000000 2052.000000 -1657.000000 2888.000000 
1.110000 7.150000 102.230003 -8.310000 -33.099998 0.000000 4205.000000 -521.000000 1123.000000 1853.000000 -2043.000000 3143.000000 
0.730000 6.360000 102.440002 -8.550000 -33.049999 0.000000 4174.000000 -404.000000 993.000000 1162.000000 -2702.000000 3683.000000 
0.410000 5.530000 102.589996 -8.920000 -33.060001 0.000000 4236.000000 -455.000000 992.000000 832.000000 -3100.000000 3976.000000 
0.290000 4.730000 102.779999 -9.540000 -33.000000 0.000000 4434.000000 -673.000000 1144.000000 895.000000 -3166.000000 4033.000000 
0.340000 3.950000 103.040001 -10.230000 -32.869999 0.000000 4502.000000 -829.000000 1261.000000 618.000000 -3197.000000 3979.000000 
0.550000 3.080000 103.309998 -10.890000 -32.689999 0.000000 4513.000000 -1007.000000 1317.000000 310.000000 -3008.000000 3744.000000 
0.900000 2.270000 103.580002 -11.180000 -32.480000 0.000000 4528.000000 -1007.000000 1284.000000 407.000000 -2777.000000 3507.000000 
1.250000 1.460000 103.849998 -11.150000 -32.320000 0.000000 4527.000000 -946.000000 1271.000000 395.000000 -2663.000000 3470.000000 
1.500000 0.620000 104.129997 -10.890000 -32.259998 0.000000 4504.000000 -818.000000 1174.000000 524.000000 -2696.000000 3625.000000 
1.650000 -0.160000 104.430000 -10.710000 -32.299999 0.000000 4527.000000 -745.000000 1203.000000 728.000000 -2679.000000 3700.000000 
1.720000 -0.760000 104.699997 -10.650000 -32.310001 0.000000 4569.000000 -605.000000 1229.000000 1539.000000 -2508.000000 3921.000000 
1.750000 -1.250000 104.940002 -10.810000 -32.279999 0.000000 4920.000000 -451.000000 1223.000000 1948.000000 -2205.000000 3810.000000 
1.800000 -1.580000 105.129997 -11.400000 -32.349998 0.000000 5025.000000 -398.000000 1225.000000 1681.000000 -2237.000000 3836.000000 
1.760000 -1.690000 105.250000 -12.260000 -32.529999 0.000000 5057.000000 -443.000000 1176.000000 1733.000000 -2433.000000 4008.000000 
1.630000 -1.610000 105.360001 -13.150000 -32.730000 0.000000 4848.000000 -522.000000 1192.000000 1659.000000 -2510.000000 4063.000000 
1.530000 -1.450000 105.379997 -13.830000 -32.930000 0.000000 4586.000000 -585.000000 1208.000000 1501.000000 -2558.000000 4038.000000 
1.520000 -1.240000 105.389999 -14.200000 -33.070000 0.000000 4303.000000 -574.000000 1229.000000 1154.000000 -2578.000000 3983.000000 
1.560000 -0.990000 105.360001 -14.230000 -33.180000 0.000000 4192.000000 -452.000000 1177.000000 787.000000 -2619.000000 3936.000000 
1.650000 -0.690000 105.339996 -14.250000 -33.230000 0.000000 4039.000000 -421.000000 1136.000000 760.000000 -2540.000000 3850.000000 
1.810000 -0.460000 105.290001 -14.430000 -33.230000 0.000000 4041.000000 -476.000000 1239.000000 822.000000 -2437.000000 3838.000000 
2.010000 -0.280000 105.250000 -14.930000 -33.220001 0.000000 4070.000000 -581.000000 1350.000000 783.000000 -2399.000000 3745.000000 
2.140000 -0.020000 105.220001 -15.710000 -33.250000 0.000000 4048.000000 -698.000000 1408.000000 606.000000 -2421.000000 3662.000000 
2.190000 0.360000 105.190002 -16.549999 -33.320000 0.000000 4006.000000 -758.000000 1441.000000 510.000000 -2432.000000 3579.000000 
2.160000 0.940000 105.150002 -17.299999 -33.430000 0.000000 3700.000000 -721.000000 1395.000000 348.000000 -2538.000000 3517.000000 
2.090000 1.620000 105.099998 -17.760000 -33.549999 0.000000 3541.000000 -690.000000 1351.000000 65.000000 -2556.000000 3482.000000 
2.100000 2.130000 105.089996 -18.049999 -33.610001 0.000000 3323.000000 -711.000000 1398.000000 -59.000000 -2450.000000 3295.000000 
2.210000 2.420000 105.110001 -18.280001 -33.599998 0.000000 3347.000000 -776.000000 1477.000000 -72.000000 -2356.000000 3237.000000 
2.390000 2.520000 105.160004 -18.620001 -33.560001 0.000000 3456.000000 -855.000000 1559.000000 -35.000000 -2298.000000 3148.000000 
2.380000 2.220000 105.199997 -17.139999 -33.570000 0.000000 5003.000000 7458.000000 -600.000000 -37.000000 -2326.000000 3072.000000 
2.710000 1.750000 105.269997 -18.629999 -33.650002 0.000000 2911.000000 -1246.000000 1909.000000 455.000000 -3398.000000 4689.000000 
2.150000 2.010000 105.360001 -19.180000 -33.790001 0.000000 4391.000000 -478.000000 1204.000000 694.000000 -4349.000000 5474.000000 
1.640000 2.770000 105.500000 -17.889999 -33.540001 0.000000 3652.000000 -502.000000 1453.000000 537.000000 -1772.000000 2948.000000 
1.840000 3.390000 105.599998 -17.020000 -33.099998 0.000000 4414.000000 -344.000000 1590.000000 677.000000 -860.000000 2061.000000 
2.280000 3.660000 105.610001 -18.129999 -33.250000 0.000000 3930.000000 -976.000000 1395.000000 394.000000 -3439.000000 4208.000000 
2.130000 3.740000 105.629997 -17.400000 -33.340000 0.000000 3338.000000 88.000000 1779.000000 -79.000000 -2839.000000 3616.000000 
1.880000 3.790000 105.680000 -18.209999 -33.349998 0.000000 3838.000000 -944.000000 1545.000000 531.000000 -2482.000000 3382.000000 
1.840000 3.940000 105.800003 -19.040001 -33.360001 0.000000 3726.000000 -1090.000000 1503.000000 525.000000 -2481.000000 3366.000000 
1.760000 4.180000 105.919998 -19.580000 -33.419998 0.000000 3880.000000 -973.000000 1476.000000 175.000000 -2570.000000 3416.000000 
1.480000 4.410000 106.000000 -19.969999 -33.439999 0.000000 3807.000000 -890.000000 1382.000000 383.000000 -2580.000000 3533.000000 
1.300000 4.560000 106.120003 -20.160000 -33.360001 0.000000 3793.000000 -863.000000 1454.000000 706.000000 -2358.000000 3496.000000 
1.270000 4.640000 106.180000 -20.790001 -33.270000 0.000000 3916.000000 -1289.000000 1336.000000 770.000000 -2412.000000 3547.000000 
1.420000 4.630000 106.209999 -20.570000 -33.150002 0.000000 3871.000000 -792.000000 1524.000000 750.000000 -2349.000000 3535.000000 
1.640000 4.530000 106.209999 -20.680000 -33.020000 0.000000 3717.000000 -986.000000 1634.000000 666.000000 -2400.000000 3642.000000 
1.820000 4.490000 106.190002 -20.549999 -32.910000 0.000000 3783.000000 -920.000000 1667.000000 398.000000 -2423.000000 3632.000000 
2.000000 4.620000 106.190002 -20.350000 -32.799999 0.000000 3819.000000 -911.000000 1632.000000 346.000000 -2314.000000 3610.000000 
2.210000 4.790000 106.160004 -20.049999 -32.660000 0.000000 3824.000000 -871.000000 1665.000000 395.000000 -2337.000000 3715.000000 
2.380000 4.940000 106.129997 -19.809999 -32.529999 0.000000 3790.000000 -910.000000 1686.000000 392.000000 -2343.000000 3749.000000 
2.500000 5.120000 106.110001 -19.309999 -32.410000 0.000000 3905.000000 -812.000000 1702.000000 334.000000 -2344.000000 3755.000000 
2.570000 5.310000 106.080002 -19.030001 -32.320000 0.000000 3767.000000 -885.000000 1762.000000 356.000000 -2366.000000 3788.000000 
2.520000 5.640000 106.050003 -18.860001 -32.290001 0.000000 3712.000000 -914.000000 1783.000000 221.000000 -2426.000000 3706.000000 
2.350000 5.970000 106.040001 -18.639999 -32.299999 0.000000 3704.000000 -902.000000 1811.000000 124.000000 -2403.000000 3643.000000 
2.100000 6.170000 106.000000 -18.440001 -32.299999 0.000000 3696.000000 -950.000000 1873.000000 288.000000 -2368.000000 3563.000000 
1.810000 6.230000 105.949997 -18.299999 -32.299999 0.000000 3646.000000 -1050.000000 1946.000000 343.000000 -2400.000000 3507.000000 
1.410000 6.300000 105.919998 -18.200001 -32.299999 0.000000 2024.000000 -1068.000000 1865.000000 383.000000 -2473.000000 3495.000000 
0.840000 6.380000 105.839996 -17.760000 -32.310001 0.000000 3880.000000 -1015.000000 1739.000000 558.000000 -2406.000000 3359.000000 
0.330000 6.020000 105.709999 -17.230000 -32.230000 0.000000 3950.000000 -1051.000000 1879.000000 917.000000 -2435.000000 3672.000000 
-0.220000 5.710000 105.529999 -16.760000 -32.200001 0.000000 3825.000000 -1223.000000 2084.000000 821.000000 -2873.000000 3921.000000 
-0.840000 5.630000 105.290001 -16.020000 -32.310001 0.000000 3489.000000 -1219.000000 1800.000000 282.000000 -3224.000000 3915.000000 
-1.440000 5.740000 105.040001 -15.170000 -32.540001 0.000000 3661.000000 -2200.000000 3318.000000 -297.000000 -3587.000000 3979.000000 
-2.050000 6.080000 104.779999 -14.170000 -32.860001 0.000000 2658.000000 -1968.000000 3227.000000 -728.000000 -4075.000000 4780.000000 
-2.840000 6.320000 104.559998 -13.500000 -33.090000 0.000000 3997.000000 -2010.000000 3560.000000 -327.000000 -3810.000000 4038.000000 
-3.460000 6.370000 104.400002 -12.910000 -32.889999 0.000000 3581.000000 -1539.000000 3026.000000 496.000000 -2939.000000 3429.000000 
-4.070000 6.240000 104.209999 -12.360000 -32.689999 0.000000 3749.000000 -1407.000000 2576.000000 499.000000 -2914.000000 3465.000000 
-4.400000 6.070000 103.959999 -11.850000 -32.500000 0.000000 3780.000000 -1348.000000 2407.000000 691.000000 -3238.000000 3787.000000 
-4.660000 5.980000 103.790001 -11.320000 -32.250000 0.000000 3586.000000 -1356.000000 2660.000000 250.000000 -3500.000000 4098.000000 
-4.980000 5.780000 103.650002 -10.850000 -32.020000 0.000000 3521.000000 -1522.000000 3088.000000 107.000000 -3432.000000 3867.000000 
-5.260000 5.500000 103.510002 -10.350000 -31.850000 0.000000 3743.000000 -1578.000000 3269.000000 45.000000 -3346.000000 3666.000000 
-5.420000 5.280000 103.400002 -9.820000 -31.790001 0.000000 3888.000000 -1548.000000 3205.000000 134.000000 -3336.000000 3602.000000 
-5.570000 5.180000 103.300003 -9.300000 -31.830000 0.000000 3933.000000 -1578.000000 3130.000000 298.000000 -3423.000000 3699.000000 
-5.850000 5.190000 103.180000 -8.830000 -31.969999 0.000000 4003.000000 -1603.000000 3085.000000 481.000000 -3633.000000 3965.000000 
-6.160000 5.290000 103.029999 -8.390000 -32.169998 0.000000 4148.000000 -1628.000000 3179.000000 672.000000 -3817.000000 4154.000000 
-6.430000 5.390000 102.830002 -8.010000 -32.400002 0.000000 4168.000000 -1680.000000 3291.000000 721.000000 -3797.000000 4181.000000 
-6.530000 5.480000 102.660004 -7.590000 -32.630001 0.000000 4102.000000 -1623.000000 3373.000000 744.000000 -3583.000000 3971.000000 
-6.480000 5.470000 102.470001 -7.100000 -32.919998 0.000000 4078.000000 -1466.000000 3333.000000 767.000000 -3223.000000 3637.000000 
-6.300000 5.480000 102.260002 -6.630000 -33.340000 0.000000 3997.000000 -1327.000000 3106.000000 837.000000 -2911.000000 3262.000000 
-6.080000 5.530000 102.040001 -6.290000 -33.939999 0.000000 3812.000000 -1262.000000 2746.000000 913.000000 -2754.000000 2984.000000 
-5.910000 5.690000 101.769997 -6.230000 -34.770000 0.000000 3643.000000 -1315.000000 2453.000000 961.000000 -2689.000000 2760.000000 
-5.910000 6.070000 101.470001 -6.470000 -35.869999 0.000000 3506.000000 -1367.000000 2208.000000 996.000000 -2720.000000 2539.000000 
-6.160000 6.610000 101.089996 -7.010000 -37.250000 0.000000 3522.000000 -1431.000000 2180.000000 966.000000 -2730.000000 2368.000000 
-6.520000 7.180000 100.620003 -7.780000 -38.869999 0.000000 3491.000000 -1395.000000 2176.000000 879.000000 -2816.000000 2335.000000 
-6.880000 7.840000 100.129997 -8.710000 -40.680000 0.000000 3524.000000 -1380.000000 2499.000000 706.000000 -2841.000000 2429.000000 
-7.140000 8.520000 99.599998 -9.690000 -42.610001 0.000000 3367.000000 -1428.000000 2819.000000 581.000000 -2936.000000 2529.000000 
-7.190000 9.030000 99.019997 -10.440000 -44.570000 0.000000 3109.000000 -1327.000000 2863.000000 372.000000 -2944.000000 2543.000000 
-6.860000 9.430000 98.500000 -10.930000 -46.459999 0.000000 2899.000000 -1167.000000 2689.000000 218.000000 -2908.000000 2582.000000 
-6.290000 9.740000 98.000000 -11.280000 -48.209999 0.000000 2755.000000 -1052.000000 2487.000000 58.000000 -2905.000000 2574.000000 
-5.700000 10.020000 97.449997 -11.560000 -49.849998 0.000000 2618.000000 -1001.000000 2280.000000 -109.000000 -2925.000000 2501.000000 
-5.270000 10.280000 96.910004 -11.800000 -51.279999 0.000000 2592.000000 -974.000000 2152.000000 -217.000000 -2923.000000 2437.000000 
-5.160000 10.560000 96.260002 -11.890000 -52.520000 0.000000 2595.000000 -841.000000 1952.000000 -190.000000 -2934.000000 2345.000000 
-5.410000 11.080000 95.480003 -11.830000 -53.410000 0.000000 2671.000000 -631.000000 1789.000000 -116.000000 -2847.000000 2296.000000 
-5.810000 11.960000 94.620003 -11.650000 -53.959999 0.000000 2632.000000 -476.000000 1706.000000 -51.000000 -2720.000000 2281.000000 
-6.060000 12.900000 93.690002 -11.260000 -54.230000 0.000000 2389.000000 -267.000000 1738.000000 -43.000000 -2636.000000 2432.000000 
-5.900000 13.740000 92.739998 -10.640000 -54.349998 0.000000 2330.000000 -37.000000 1835.000000 -61.000000 -2510.000000 2594.000000 
-5.170000 14.350000 91.849998 -9.960000 -54.360001 0.000000 2358.000000 36.000000 2009.000000 -73.000000 -2438.000000 2698.000000 
-4.230000 15.010000 90.930000 -9.180000 -54.209999 0.000000 2253.000000 152.000000 1948.000000 -198.000000 -2382.000000 2620.000000 
-3.410000 15.970000 89.949997 -8.260000 -53.889999 0.000000 2083.000000 204.000000 2131.000000 -389.000000 -2313.000000 2416.000000 
-2.750000 17.240000 88.900002 -7.380000 -53.470001 0.000000 1900.000000 209.000000 2434.000000 -694.000000 -2188.000000 2208.000000 
-2.120000 18.730000 87.820000 -6.670000 -53.160000 0.000000 1785.000000 137.000000 2759.000000 -1037.000000 -2199.000000 1945.000000 
-1.460000 20.350000 86.739998 -6.150000 -53.169998 0.000000 1726.000000 -10.000000 2759.000000 -1358.000000 -2282.000000 1619.000000 
-0.890000 22.139999 85.680000 -5.460000 -53.290001 0.000000 1584.000000 223.000000 2639.000000 -1939.000000 -2091.000000 1395.000000 
-0.440000 24.020000 84.660004 -4.670000 -53.310001 0.000000 1144.000000 376.000000 2489.000000 -2245.000000 -1855.000000 1341.000000 
0.090000 25.799999 83.629997 -3.950000 -53.220001 0.000000 457.000000 500.000000 2414.000000 -2452.000000 -1599.000000 1437.000000 
0.870000 27.260000 82.660004 -3.460000 -53.009998 0.000000 5.000000 429.000000 2499.000000 -2441.000000 -1441.000000 1479.000000 
1.980000 28.350000 81.839996 -3.080000 -52.680000 0.000000 -164.000000 525.000000 2606.000000 -2570.000000 -1304.000000 1465.000000 
3.260000 29.139999 81.169998 -2.650000 -52.259998 0.000000 148.000000 793.000000 2748.000000 -2668.000000 -1246.000000 1509.000000 
4.580000 29.709999 80.620003 -2.210000 -51.830002 0.000000 752.000000 862.000000 2884.000000 -2698.000000 -1302.000000 1650.000000 
5.870000 30.129999 80.129997 -1.890000 -51.400002 0.000000 1253.000000 808.000000 3058.000000 -2617.000000 -1498.000000 1850.000000 
7.010000 30.650000 79.650002 -1.670000 -50.939999 0.000000 1484.000000 785.000000 3180.000000 -2315.000000 -1611.000000 2140.000000 
7.930000 31.170000 79.110001 -1.520000 -50.529999 0.000000 1875.000000 917.000000 3341.000000 -1999.000000 -1612.000000 2596.000000 
8.730000 31.620001 78.459999 -1.410000 -50.200001 0.000000 2211.000000 1036.000000 3423.000000 -1793.000000 -1720.000000 2988.000000 
9.390000 32.009998 77.699997 -1.270000 -49.840000 0.000000 2011.000000 1106.000000 3506.000000 -1715.000000 -1875.000000 3262.000000 
9.920000 32.270000 76.790001 -1.120000 -49.459999 0.000000 1637.000000 1056.000000 3586.000000 -1955.000000 -2159.000000 3343.000000 
10.450000 32.330002 75.830002 -1.140000 -49.080002 0.000000 1459.000000 801.000000 3774.000000 -2578.000000 -2550.000000 3115.000000 
11.030000 32.189999 74.849998 -1.360000 -48.740002 0.000000 1606.000000 572.000000 4089.000000 -3344.000000 -2969.000000 2793.000000 
11.660000 31.920000 74.029999 -1.760000 -48.470001 0.000000 1956.000000 383.000000 4396.000000 -4060.000000 -3377.000000 2728.000000 
12.410000 31.540001 73.379997 -2.190000 -48.200001 0.000000 3039.000000 141.000000 5517.000000 -4319.000000 -3617.000000 2782.000000 
13.200000 31.150000 72.919998 -2.360000 -47.900002 0.000000 2615.000000 326.000000 4432.000000 -4010.000000 -3653.000000 2846.000000 
13.990000 30.850000 72.620003 -2.910000 -47.509998 0.000000 3049.000000 143.000000 5095.000000 -3469.000000 -3482.000000 3233.000000 
14.740000 30.799999 72.440002 -3.490000 -47.060001 0.000000 3733.000000 95.000000 5488.000000 -2327.000000 -2908.000000 3660.000000 
15.420000 30.950001 72.339996 -3.960000 -46.639999 0.000000 3790.000000 70.000000 5630.000000 -2052.000000 -2757.000000 3670.000000 
16.129999 31.190001 72.260002 -4.220000 -46.240002 0.000000 3524.000000 75.000000 5564.000000 -2004.000000 -2848.000000 3551.000000 
16.870001 31.420000 72.250000 -4.270000 -45.950001 0.000000 3241.000000 155.000000 5229.000000 -2389.000000 -2994.000000 3405.000000 
17.570000 31.840000 72.290001 -4.220000 -45.730000 0.000000 3237.000000 251.000000 4868.000000 -2899.000000 -3017.000000 3213.000000 
18.200001 32.439999 72.459999 -4.120000 -45.540001 0.000000 3129.000000 334.000000 4566.000000 -3029.000000 -3005.000000 3084.000000 
18.809999 32.980000 72.709999 -3.940000 -45.349998 0.000000 3069.000000 369.000000 4260.000000 -2846.000000 -2944.000000 3024.000000 
19.510000 33.459999 73.040001 -3.660000 -45.099998 0.000000 2922.000000 402.000000 3966.000000 -2558.000000 -2782.000000 3047.000000 
20.280001 33.970001 73.459999 -3.330000 -44.779999 0.000000 2702.000000 381.000000 3811.000000 -2348.000000 -2529.000000 2991.000000 
21.070000 34.490002 73.959999 -3.030000 -44.400002 0.000000 2487.000000 286.000000 3830.000000 -2145.000000 -2346.000000 2815.000000 
21.830000 34.990002 74.470001 -2.750000 -43.959999 0.000000 2295.000000 184.000000 3766.000000 -1976.000000 -2143.000000 2592.000000 
22.540001 35.400002 74.940002 -2.400000 -43.490002 0.000000 2066.000000 189.000000 3499.000000 -1860.000000 -1994.000000 2420.000000 
23.180000 35.610001 75.379997 -1.890000 -43.040001 0.000000 1928.000000 299.000000 2889.000000 -1768.000000 -1959.000000 2247.000000 
23.730000 35.599998 75.730003 -1.440000 -42.619999 0.000000 1991.000000 290.000000 2872.000000 -1707.000000 -1976.000000 2233.000000 
24.150000 35.349998 75.959999 -1.050000 -42.290001 0.000000 2012.000000 259.000000 2872.000000 -1606.000000 -2096.000000 2259.000000 
24.360001 34.930000 76.029999 -0.760000 -42.099998 0.000000 1967.000000 122.000000 2754.000000 -1451.000000 -2540.000000 2365.000000 
24.040001 34.389999 75.800003 -0.780000 -42.240002 0.000000 2236.000000 -134.000000 3256.000000 -1202.000000 -3495.000000 2248.000000 
23.250000 33.860001 75.260002 -1.320000 -42.689999 0.000000 3519.000000 -697.000000 4391.000000 -1524.000000 -4220.000000 2427.000000 
22.219999 33.410000 74.709999 -2.010000 -43.439999 0.000000 4600.000000 -1060.000000 5279.000000 -3878.000000 -6239.000000 4511.000000 
20.940001 33.060001 73.959999 -2.730000 -44.110001 0.000000 4652.000000 -1326.000000 5892.000000 -3425.000000 -5855.000000 3971.000000 
20.219999 32.490002 73.440002 -3.140000 -44.250000 0.000000 3739.000000 -1250.000000 5477.000000 -1299.000000 -2869.000000 2261.000000 
20.480000 32.040001 73.489998 -3.070000 -44.020000 0.000000 2849.000000 -845.000000 4250.000000 -1980.000000 -2519.000000 3143.000000 
20.990000 31.750000 73.559998 -2.710000 -43.740002 0.000000 2142.000000 -435.000000 2999.000000 -1404.000000 -2449.000000 1988.000000 
20.980000 31.430000 73.419998 -2.170000 -43.380001 0.000000 1511.000000 -43.000000 1964.000000 -389.000000 -2018.000000 1970.000000 
20.440001 31.250000 73.139999 -1.660000 -43.200001 0.000000 1754.000000 244.000000 1385.000000 -379.000000 -2073.000000 1846.000000 
19.559999 31.110001 72.639999 -1.530000 -43.259998 0.000000 2147.000000 178.000000 1281.000000 -491.000000 -2460.000000 2040.000000 
18.520000 30.700001 72.010002 -1.800000 -43.560001 0.000000 2328.000000 -28.000000 1725.000000 -2953.000000 -4986.000000 4026.000000 
17.440001 30.059999 71.290001 -2.450000 -44.000000 0.000000 2791.000000 -435.000000 2461.000000 -2380.000000 -4505.000000 2786.000000 
16.549999 29.330000 70.660004 -3.340000 -44.380001 0.000000 3211.000000 -893.000000 3403.000000 -1297.000000 -2643.000000 1469.000000 
16.080000 28.629999 70.339996 -4.290000 -44.630001 0.000000 3489.000000 -1282.000000 4235.000000 -1490.000000 -3222.000000 2009.000000 
15.700000 27.920000 70.110001 -5.160000 -44.860001 0.000000 3323.000000 -1456.000000 4566.000000 -1463.000000 -3340.000000 2114.000000 
15.230000 27.209999 69.870003 -5.810000 -45.150002 0.000000 3113.000000 -1411.000000 4346.000000 -1465.000000 -3200.000000 1949.000000 
14.800000 26.629999 69.750000 -6.160000 -45.410000 0.000000 3097.000000 -1153.000000 3813.000000 -1546.000000 -3254.000000 2023.000000 
14.410000 26.240000 69.699997 -6.290000 -45.590000 0.000000 3115.000000 -902.000000 3452.000000 -1506.000000 -3225.000000 2109.000000 
14.150000 26.049999 69.790001 -6.320000 -45.740002 0.000000 3045.000000 -766.000000 3313.000000 -1469.000000 -3166.000000 2186.000000 
14.000000 25.980000 69.940002 -6.320000 -45.700001 0.000000 2941.000000 -746.000000 3310.000000 -1486.000000 -3164.000000 2320.000000 
13.940000 26.000000 70.120003 -6.310000 -45.779999 0.000000 2831.000000 -714.000000 3346.000000 -1534.000000 -3103.000000 2281.000000 
13.910000 26.059999 70.269997 -6.250000 -45.779999 0.000000 2770.000000 -646.000000 3314.000000 -1588.000000 -3101.000000 2254.000000 
13.930000 26.209999 70.480003 -6.150000 -45.779999 0.000000 2740.000000 -566.000000 3246.000000 -1640.000000 -3099.000000 2312.000000 
13.950000 26.430000 70.720001 -6.020000 -45.680000 0.000000 2678.000000 -509.000000 3233.000000 -1648.000000 -3082.000000 2334.000000 
13.980000 26.670000 70.940002 -5.880000 -45.619999 0.000000 2660.000000 -497.000000 3256.000000 -1640.000000 -3072.000000 2363.000000 
14.010000 26.940001 71.120003 -5.740000 -45.490002 0.000000 2607.000000 -472.000000 3292.000000 -1681.000000 -3036.000000 2373.000000 
14.080000 27.180000 71.330002 -5.620000 -45.459999 0.000000 2582.000000 -479.000000 3322.000000 -1741.000000 -3047.000000 2397.000000 
14.210000 27.389999 71.580002 -5.500000 -45.410000 0.000000 2533.000000 -479.000000 3364.000000 -1757.000000 -3005.000000 2399.000000 
14.380000 27.580000 71.809998 -5.390000 -45.299999 0.000000 2500.000000 -482.000000 3367.000000 -1782.000000 -2993.000000 2411.000000 
14.550000 27.730000 72.029999 -5.300000 -45.230000 0.000000 2503.000000 -470.000000 3366.000000 -1758.000000 -2978.000000 2404.000000 
14.710000 27.850000 72.279999 -5.190000 -45.110001 0.000000 2507.000000 -437.000000 3376.000000 -1723.000000 -2969.000000 2459.000000 
14.860000 27.940001 72.480003 -5.060000 -45.000000 0.000000 2549.000000 -403.000000 3334.000000 -1696.000000 -2981.000000 2459.000000 
15.000000 27.990000 72.669998 -4.950000 -44.869999 0.000000 2550.000000 -399.000000 3330.000000 -1673.000000 -2977.000000 2456.000000 
