1.316546 -1.11203 -58.130615
1.43827 -1.203955 -58.169135
1.634553 -1.322489 -58.230913
1.80401 -1.316599 -58.399912
1.756237 -1.198168 -58.509917
1.564531 -1.292412 -58.430931
1.40019 -1.388678 -58.309284
1.57781 -1.226266 -58.444233
1.587682 -0.83777 -58.525434
1.629256 -0.650468 -58.593041
1.656787 -0.341191 -58.635681
1.899537 0.011694 -59.047854
2.314698 0.380283 -59.54392
2.602242 0.600477 -60.100219
3.426127 0.572827 -60.729017
5.344456 0.332408 -61.478524
6.79959 -0.189608 -62.013874
6.965566 -1.654126 -60.935647
6.91094 -1.695552 -60.510988
7.198286 -1.474449 -60.427509
7.070032 -1.49221 -59.908223
6.330131 -1.576637 -58.947681
5.457092 -1.692397 -58.004207
4.659092 -1.784715 -57.290743
4.011748 -1.896369 -56.808841
3.341527 -2.147077 -56.397956
2.684387 -2.481663 -56.059645
2.32811 -2.624246 -56.023778
2.608331 -2.627294 -56.256536
3.281089 -2.862902 -56.448135
4.116433 -3.228097 -56.573479
5.093323 -3.901048 -56.411597
6.103252 -4.858975 -55.850274
7.102393 -6.03711 -54.904984
7.997997 -7.331605 -53.5097
8.815145 -8.538614 -51.912538
9.656457 -9.555034 -50.379185
10.442785 -10.32641 -49.112525
11.148308 -10.850633 -48.126771
11.815289 -11.213291 -47.391538
12.478986 -11.527051 -46.650895
13.108999 -11.759438 -45.924103
13.640104 -11.869014 -45.335529
14.08537 -11.818483 -45.032583
14.483385 -11.563709 -45.138148
14.838693 -11.198551 -45.538349
15.094609 -10.782258 -46.070394
15.250405 -10.324368 -46.712134
15.350634 -9.80511 -47.527055
15.595797 -9.286826 -48.40804
16.054279 -8.727155 -49.418544
16.782005 -8.05678 -50.82528
17.605248 -7.291722 -52.679502
18.29999 -6.522696 -54.673905
18.699745 -5.700289 -56.955764
18.860598 -4.795197 -59.595702
18.818075 -3.864986 -62.23195
18.581917 -3.033805 -64.445251
18.359935 -2.447404 -65.869275
18.342172 -1.999015 -67.135644
18.707337 -1.936544 -67.295176
19.332947 -2.374903 -65.548269
19.808455 -3.047226 -62.406919
20.087552 -3.463437 -59.995419
20.142543 -3.393547 -59.615746
19.972303 -2.687313 -61.511864
19.441747 -1.460241 -64.91675
18.435352 -0.416111 -67.008374
17.330915 0.233708 -67.578828
16.545321 1.19858 -69.941278
15.796663 1.840574 -71.880115
15.381293 2.468117 -74.50189
15.08691 2.850566 -76.41808
15.355347 2.410323 -76.253943
15.78648 1.806492 -75.363003
16.383891 1.793502 -76.810115
16.825856 1.99301 -78.672807
17.227671 1.905089 -78.792788
17.671003 1.696796 -77.973956
18.220203 0.747191 -73.784852
17.600594 -0.225668 -67.938131
17.338107 -0.864334 -64.327567
17.314899 -1.37521 -61.601482
17.503288 -1.772712 -59.506687
17.793554 -2.027838 -57.932094
17.95162 -2.412711 -55.510761
18.03983 -2.806806 -53.142166
18.099724 -3.203159 -50.973703
18.034702 -3.618608 -48.939285
17.994221 -3.944363 -47.511194
17.923018 -4.265532 -46.352322
17.764097 -4.588001 -45.291163
17.741706 -4.779351 -45.082227
17.860915 -4.930655 -45.236068
18.117741 -5.150402 -45.263289
18.459959 -5.472443 -44.923341
18.863497 -5.896165 -44.256364
19.257558 -6.448752 -43.188996
19.596454 -7.127782 -41.67427
19.852814 -7.883333 -39.877726
20.036122 -8.740803 -37.720169
20.147548 -9.670996 -35.240539
20.155801 -10.642043 -32.639128
20.100868 -11.642949 -29.951398
19.952843 -12.680567 -27.194497
19.68714 -13.724665 -24.427647
19.321846 -14.758256 -21.765309
18.847277 -15.774281 -19.378649
18.327479 -16.733373 -17.306361
17.810014 -17.682043 -15.346015
17.248642 -18.642677 -13.443278
16.597063 -19.63182 -11.365988
15.756372 -20.620878 -9.313688
14.776906 -21.551095 -7.396432
13.61744 -22.439765 -5.439616
12.411927 -23.199347 -3.843517
11.209205 -23.842343 -2.531368
9.948114 -24.363456 -1.411169
8.702146 -24.815265 -0.32535
7.446493 -25.221947 0.905582
6.09734 -25.519844 2.202629
4.742973 -25.738823 3.614493
3.287531 -25.786822 5.007325
1.736176 -25.461943 5.537141
0.192032 -24.739494 5.073369
-1.070417 -23.978785 4.371352
-1.944836 -23.306821 3.428547
-2.573216 -22.628377 2.252219
-2.945224 -22.156956 1.329243
-3.096482 -21.782657 0.168551
-3.1078 -21.630752 -0.672023
-3.034452 -21.549838 -1.519264
-2.844893 -21.485454 -2.782555
-2.568643 -21.385359 -4.569799
-2.203885 -21.056827 -7.482524
-1.731558 -20.552794 -11.373507
-1.191849 -19.908403 -16.055487
-0.595048 -19.191607 -21.072698
0.056049 -18.514326 -26.196805
0.652244 -17.749961 -31.136414
1.215818 -16.989169 -35.638684
1.781843 -16.311505 -39.900971
2.356551 -15.728131 -43.900226
2.907769 -15.199471 -47.74233
3.452886 -14.792258 -51.20859
3.959011 -14.472695 -54.10025
4.362125 -14.213618 -56.144258
4.670553 -13.839578 -57.535675
4.915423 -13.491336 -58.394634
5.220718 -13.034131 -59.760485
5.525449 -12.613644 -60.844523
5.802737 -12.223786 -61.593051
6.007426 -11.897495 -61.584414
6.139418 -11.609798 -60.796118
6.025522 -11.331969 -58.477741
5.732427 -11.119268 -55.273601
5.248208 -10.855694 -51.614279
4.771656 -10.618427 -48.392479
4.518971 -10.436576 -46.341283
4.492468 -10.24422 -45.477963
4.591644 -10.120667 -45.018725
4.778626 -10.102308 -44.818081
4.979948 -10.150333 -44.628698
5.158949 -10.229401 -44.464392
5.236708 -10.331353 -43.961947
5.22295 -10.363517 -43.397532
5.110456 -10.286091 -42.820132
4.898048 -10.158539 -42.036257
4.622337 -10.006097 -41.096825
4.371007 -9.87724 -40.148606
4.16833 -9.802131 -39.258002
4.085729 -9.81238 -38.56586
4.106083 -9.930195 -38.051947
4.179262 -10.107527 -37.54744
4.305468 -10.343651 -37.072657
4.470446 -10.625282 -36.531542
4.634016 -10.946514 -35.855869
4.844369 -11.320257 -35.143214
5.00476 -11.675954 -34.256985
5.135362 -12.008275 -33.348406
5.186151 -12.244062 -32.473789
5.194886 -12.413645 -31.663259
5.20093 -12.550081 -30.899608
5.206538 -12.677683 -30.165442
5.210743 -12.839407 -29.307416
5.19643 -13.026587 -28.300106
5.220075 -13.236935 -27.283608
5.281856 -13.437761 -26.472697
5.377061 -13.618025 -25.83697
5.520696 -13.804033 -25.337341
5.498179 -13.734977 -25.506188
4.789913 -13.117224 -26.079895
4.929502 -13.975478 -23.082435
5.098987 -14.528271 -21.269414
5.039412 -15.044217 -19.167782
5.074879 -15.502557 -17.603955
5.198428 -15.999675 -16.083433
5.263017 -16.488457 -14.437619
5.326447 -16.883059 -13.256726
5.374785 -17.174091 -12.465943
5.365327 -17.412001 -11.697931
5.264648 -17.593152 -10.836692
5.190323 -17.736981 -10.169817
5.108622 -17.798992 -9.588709
4.76538 -17.598088 -9.063512
4.295971 -17.362853 -8.409382
4.127928 -17.254113 -8.027573
4.251789 -17.410068 -7.241962
4.445235 -17.605776 -6.26096
4.644889 -17.729179 -5.660577
4.877017 -17.87721 -5.146269
5.17708 -18.028991 -4.624613
5.535988 -18.085718 -4.532258
5.953564 -17.933119 -5.456456
6.360609 -17.563677 -7.259649
6.879148 -16.917183 -10.673342
7.462179 -15.823163 -16.758939
8.065333 -14.679843 -23.455733
8.583832 -13.476478 -30.279829
9.045247 -12.190969 -37.324516
9.493854 -10.983309 -43.89983
9.975697 -9.996088 -49.662222
10.510931 -9.271742 -54.502561
11.032888 -8.720451 -58.626576
11.45873 -8.299716 -61.811369
11.846407 -7.990076 -64.432824
12.385442 -7.847968 -67.158151
12.782357 -7.592174 -69.556516
13.280686 -7.426155 -72.079757
13.853598 -7.372322 -74.403652
14.466952 -7.380821 -76.399335
15.184066 -7.4374 -78.166173
15.979395 -7.511597 -79.648557
16.75511 -7.480995 -80.802117
17.443312 -7.335771 -81.618412
18.009085 -7.179456 -81.887621
18.390634 -6.93765 -81.654
18.689031 -6.689772 -81.159092
18.895463 -6.452558 -80.340856
18.988172 -6.199243 -79.219043
19.072729 -5.87676 -78.185656
19.050287 -5.552889 -77.082163
18.816619 -5.409857 -75.693606
18.23465 -5.474946 -73.825587
17.442359 -5.656003 -71.686161
16.643638 -5.912746 -69.656867
16.246715 -6.254468 -68.177399
16.22334 -6.510995 -67.302355
16.528414 -6.574383 -67.09012
16.880808 -6.458512 -67.208784
17.021883 -6.233681 -67.264085
16.906446 -5.979301 -67.157355
16.546573 -5.757318 -66.838418
16.134876 -5.610137 -66.440648
15.764736 -5.549584 -66.067188
15.509913 -5.598626 -65.754522
15.347413 -5.746373 -65.482158
15.264241 -5.907789 -65.262098
15.252529 -6.060267 -65.165585
15.379512 -6.233332 -65.219425
15.650627 -6.538882 -65.197741
15.992693 -7.01585 -64.932943
16.295152 -7.618529 -64.459752
16.414437 -8.260199 -63.789535
16.24963 -8.905069 -62.890928
15.788234 -9.515889 -61.759444
15.201478 -10.048512 -60.499975
14.625907 -10.455001 -59.306961
14.080649 -10.792965 -58.229725
13.506099 -11.142427 -57.199015
12.977266 -11.587927 -56.173764
12.413534 -12.065637 -55.19185
11.848454 -12.555537 -54.27889
11.373582 -13.063091 -53.382581
11.016272 -13.651779 -52.434896
10.872376 -14.328531 -51.335272
10.904851 -15.047265 -50.26857
10.649254 -15.883252 -48.995398
10.083928 -16.715644 -47.678611
9.179495 -17.419466 -46.570964
7.964887 -17.927622 -45.757562
6.718353 -18.219357 -45.243783
5.401068 -18.035107 -45.151778
4.113655 -17.108111 -45.690874
3.10836 -15.661781 -46.603624
2.476088 -14.274812 -47.419881
2.486023 -13.339246 -47.849298
2.385053 -13.154097 -47.796481
1.87399 -12.735035 -47.739012
1.707357 -12.043115 -47.764656
1.996321 -11.243459 -47.927868
2.364996 -10.637729 -48.05692
2.55321 -10.345747 -47.949409
2.516366 -10.251347 -47.639916
2.247831 -10.166703 -47.289428
1.839862 -10.049761 -46.959736
1.46426 -9.764193 -46.732874
1.235231 -9.220829 -46.785923
1.084033 -8.362116 -47.068006
1.001369 -7.47058 -47.406465
0.960851 -6.682016 -47.659969
0.997539 -6.135201 -47.768493
4.372202 -10.152618 -43.293157
4.233345 -9.86728 -43.178637
4.11901 -9.527065 -43.063327
4.155208 -9.154474 -42.996358
4.397804 -8.807869 -43.018951
