-2.43092 0.721932 -60.688885
-2.424294 0.727862 -60.673778
-2.36194 0.756904 -60.709244
-2.271998 0.783899 -60.751631
-2.248718 0.859089 -60.78565
-2.285127 0.988375 -60.8651
-2.302503 1.054517 -60.964459
-2.212822 1.028491 -61.082186
-2.008292 1.142779 -61.396444
-1.473715 1.079257 -61.806693
-0.857823 1.476375 -62.419195
-0.157871 1.959702 -63.118559
0.56163 2.431252 -63.753848
1.876645 3.136382 -65.005884
2.926433 3.705382 -66.231902
3.214458 3.540578 -66.695631
3.209935 3.427804 -66.797024
2.428462 4.067334 -66.796412
1.135021 4.066305 -66.211209
0.16513 3.377728 -65.141076
0.098195 3.231955 -65.081542
0.468244 3.324218 -65.955291
-0.051033 2.936694 -66.220897
-1.22408 2.419018 -65.783178
-2.461878 2.088647 -65.41598
-3.476999 1.879274 -65.266404
-4.13177 1.616252 -65.302774
-4.526674 1.130004 -65.476344
-4.73752 0.31304 -65.633681
-4.869304 -0.876223 -65.705658
-4.921467 -2.224841 -65.759437
-4.908114 -3.541006 -65.893335
-4.737904 -4.761167 -66.115942
-4.351005 -5.869242 -66.506166
-3.468246 -6.729133 -67.087756
-2.064288 -7.08631 -68.160282
-0.543505 -7.200971 -69.431965
0.929971 -7.101344 -70.867483
2.341281 -6.951657 -72.342631
3.684703 -6.745207 -73.753182
5.057434 -6.48058 -74.960613
6.586334 -6.12762 -75.965479
8.30181 -5.794965 -76.715471
9.997223 -5.250848 -77.500503
11.472608 -4.423705 -78.443502
12.514073 -3.305748 -79.567358
13.041962 -2.061828 -80.75128
13.124269 -0.849216 -81.814081
12.882985 0.222066 -82.684945
12.366251 1.190602 -83.361189
11.672055 2.063939 -83.854414
10.89233 2.802391 -84.137401
10.105385 3.455078 -84.25913
9.382904 3.99262 -84.279764
8.672856 4.450864 -84.198077
7.904677 4.752167 -84.055408
7.073654 5.010138 -83.863824
6.243253 5.21034 -83.696745
5.383911 5.349725 -83.502013
4.509998 5.456601 -83.305435
3.578367 5.518369 -83.047882
2.650709 5.498681 -82.70255
1.771162 5.314969 -82.221038
0.995418 5.036688 -81.694359
0.313012 4.687021 -81.230785
-0.269789 4.366493 -80.724614
-0.487747 2.940213 -79.811245
-0.248769 1.416116 -78.821618
-0.753579 0.366845 -78.085374
-0.818134 -0.82004 -77.258568
0.57252 -1.419614 -76.535379
1.517687 -1.44417 -75.703516
2.353274 -2.54179 -74.467079
3.062586 -3.760012 -73.320181
3.216916 -5.475924 -71.993067
3.36674 -7.053743 -70.643844
3.941635 -8.385219 -69.250838
4.999054 -9.544581 -67.747577
6.693471 -10.097574 -66.293731
7.985611 -10.022897 -65.267643
8.980932 -10.220254 -64.023653
9.385634 -11.386259 -62.380488
9.649404 -12.536587 -60.853591
9.896288 -13.490322 -59.410316
10.289152 -14.302676 -57.983395
10.577852 -14.991825 -56.675065
10.943172 -15.302678 -55.444949
11.1496 -15.333834 -54.381638
10.810206 -15.477733 -53.747802
10.82146 -15.278273 -53.009762
11.720393 -14.980866 -52.208845
12.553282 -14.660937 -51.461725
12.947551 -14.233535 -50.886901
13.44088 -14.119626 -50.088698
14.043341 -14.283089 -49.068045
14.503692 -14.292233 -48.285216
15.06733 -14.250651 -47.566308
14.212618 -14.736159 -47.049864
13.491522 -15.569073 -46.175953
13.160178 -16.755455 -45.09717
12.852238 -17.786851 -44.327473
12.86282 -18.686394 -43.446717
13.6985 -19.643594 -42.018739
14.728159 -20.245616 -40.456628
15.655285 -20.311127 -39.127613
16.445637 -20.413691 -37.907418
16.975347 -20.778821 -36.805263
17.412651 -21.241057 -35.761709
17.838478 -21.733702 -34.698484
17.9914 -22.410441 -33.612161
17.693935 -22.23114 -33.417512
18.089139 -21.920702 -33.024391
18.866884 -21.877015 -32.235153
18.73352 -21.165504 -32.435358
17.983699 -20.342276 -33.060925
18.219485 -19.386816 -33.193164
18.25733 -19.076365 -33.057423
19.017165 -18.561247 -32.48324
19.937845 -17.750117 -32.026649
20.595246 -17.027234 -31.609522
21.168022 -16.109934 -31.401453
21.779492 -14.988296 -31.316217
22.588721 -13.627959 -31.503656
23.339145 -11.985139 -32.202411
23.922063 -10.180626 -33.549023
24.316898 -8.387373 -35.465998
24.574673 -6.663165 -37.985056
24.853336 -4.975587 -41.335426
25.153078 -3.350259 -45.761847
25.523775 -1.832673 -51.382684
26.084652 -0.370911 -58.936735
26.835754 1.124641 -69.743007
27.854997 2.456485 -84.94684
28.941121 3.328947 -105.712249
30.258391 3.47988 -133.79182
31.744348 2.966016 -168.906869
33.219411 1.996386 152.946583
34.366605 0.028902 118.611121
35.177033 -3.116531 90.618484
35.478024 -7.003115 68.460833
35.064881 -10.884443 51.662889
34.292984 -14.511054 38.48238
32.89139 -17.757351 27.752228
31.145223 -20.439271 18.57214
29.344699 -22.592787 11.82655
27.614543 -24.321905 6.462551
26.132078 -25.627233 2.879478
24.925748 -26.635165 0.512271
24.003091 -27.468643 -0.785067
23.363509 -28.181176 -1.288313
22.895436 -28.637837 -0.966647
22.611305 -28.95823 -0.793758
22.607503 -28.866245 1.048954
23.367315 -29.083036 3.057815
23.99207 -29.165479 5.071245
24.521272 -29.1282 6.863588
25.001425 -28.932992 8.268263
25.487993 -28.603926 9.923512
26.017699 -28.354542 11.488209
26.409093 -28.536527 11.667456
26.66285 -29.057909 10.734756
26.624519 -29.794316 8.55738
25.906807 -30.567264 4.970308
24.476121 -31.288767 -0.351845
22.366043 -32.03012 -7.285118
20.721254 -32.497777 -12.25141
18.992626 -32.885329 -17.692648
17.488704 -33.182471 -22.289119
16.211161 -33.325166 -26.105936
16.041872 -33.247734 -26.811924
16.063628 -33.112482 -27.594945
16.587864 -32.900235 -26.949639
17.000992 -32.66344 -26.532007
17.607055 -32.417801 -25.485699
18.265482 -32.15495 -24.420251
18.649868 -31.870789 -23.979145
18.616187 -31.694611 -24.742023
18.10346 -31.699328 -26.853446
17.598275 -31.700784 -28.806347
17.252071 -31.588173 -30.360475
17.19193 -31.428911 -31.112198
17.237263 -31.29282 -31.550604
17.677806 -31.080152 -31.105909
17.677165 -31.016249 -31.634639
18.183681 -30.947635 -31.186223
18.110165 -31.011763 -31.789934
18.163258 -31.036415 -31.935075
17.919095 -31.078581 -32.561326
17.776526 -31.088234 -33.14012
17.688185 -31.032572 -33.626434
17.71143 -30.977088 -34.045134
17.586329 -31.011671 -34.875346
17.314822 -31.154854 -36.011168
17.028205 -31.389027 -37.090641
16.488035 -31.650328 -38.887862
15.552035 -31.836768 -41.697685
14.333746 -31.876725 -45.042053
13.548657 -31.807841 -47.382086
13.313042 -31.804738 -48.41237
13.318117 -31.885854 -48.633384
13.2941 -32.062578 -48.864418
12.957708 -32.355584 -49.740755
11.940675 -32.654144 -52.072567
10.358667 -32.922833 -55.673545
8.009182 -33.071528 -60.814728
6.047517 -33.066469 -65.291103
4.453468 -33.052885 -68.923913
3.616287 -33.096314 -70.847909
3.384054 -33.203908 -71.319727
3.153677 -33.379964 -71.624542
2.650216 -33.534325 -72.616946
1.673838 -33.626185 -74.711489
0.31969 -33.664138 -77.772363
-1.697503 -33.628037 -82.109685
-3.626127 -33.558762 -86.361704
-5.404681 -33.511523 -90.232098
-6.662724 -33.542219 -93.034234
-7.365507 -33.495284 -94.953568
-7.310101 -33.408991 -95.959425
-6.68599 -33.394417 -95.996328
-5.539921 -33.443273 -95.038475
-4.177454 -33.518522 -93.489997
-3.199054 -33.587095 -92.568765
-2.296563 -33.629576 -91.661712
-1.750238 -33.64646 -91.15158
-1.233293 -33.694737 -90.468513
-0.857543 -33.755293 -89.829024
-0.440091 -33.807381 -89.025347
0.229133 -33.803561 -87.884029
1.049829 -33.758825 -86.569597
2.057482 -33.720195 -84.973427
2.788857 -33.689295 -83.905632
3.303033 -33.696686 -83.282409
3.453112 -33.734276 -83.351908
3.283836 -33.79275 -83.986269
2.742161 -33.853164 -85.122465
2.276973 -33.882443 -85.920298
2.150445 -33.902815 -86.126586
2.344027 -33.942557 -85.706159
2.388087 -33.981885 -85.621547
2.155948 -34.001232 -86.145682
1.922541 -34.024588 -86.712381
1.7512 -34.036871 -87.223855
1.39147 -34.089004 -87.987657
0.802167 -34.144028 -89.08853
0.051672 -34.202654 -90.48224
-0.752943 -34.264294 -91.982567
-1.51826 -34.314644 -93.420413
-2.302745 -34.373263 -94.981952
-3.291021 -34.436017 -96.918158
-4.571164 -34.473233 -99.413008
-5.869413 -34.489079 -102.039211
-7.209464 -34.490964 -104.786412
-8.428046 -34.489064 -107.372091
-9.57155 -34.487063 -109.81697
-10.548388 -34.482805 -111.947232
-11.235157 -34.507519 -113.589186
-11.651596 -34.527756 -114.759038
-12.244857 -34.544847 -116.290992
-12.969177 -34.451545 -118.318273
-13.892084 -34.317494 -120.395868
-14.595546 -34.244043 -121.619543
-14.836488 -34.159766 -121.914636
-14.888501 -34.098997 -121.805895
-14.873274 -34.097508 -121.526867
-15.102569 -34.078596 -121.269929
-15.251223 -34.037738 -120.344523
-14.693547 -33.974066 -118.274743
-13.696482 -33.880968 -116.390679
-12.458378 -33.85712 -114.489856
-10.850542 -33.723016 -111.73913
-8.70245 -33.484893 -107.009615
-6.156645 -33.083417 -101.314189
-2.789593 -32.483855 -93.092256
0.951257 -31.824187 -82.812395
5.158648 -31.218337 -70.536886
9.493659 -30.260364 -55.80067
14.08587 -28.970711 -35.811634
17.833505 -27.457901 -15.734522
21.007851 -25.515424 3.140509
23.661842 -22.969515 20.182834
25.901535 -19.77436 35.596226
27.850803 -15.499409 50.432754
29.108705 -10.123898 65.083953
29.554571 -4.078216 79.846285
28.896279 2.145101 94.974783
27.101962 7.484339 109.527595
24.59414 12.318011 124.726539
21.787513 16.119143 137.918768
18.984503 18.952283 148.179366
15.936654 21.140744 157.244634
12.614464 22.803482 166.058445
8.84741 23.981193 175.269912
4.936684 24.844052 -175.567298
1.139717 25.5429 -167.454113
-2.416895 25.875494 -160.073205
-5.561407 25.749769 -153.103266
-7.859138 25.30146 -147.281117
-9.24322 24.705538 -142.684489
-9.733506 24.124442 -139.53374
-10.269032 23.758756 -136.261076
-10.289022 23.360159 -134.152837
-10.547895 23.172639 -132.173747
-10.750281 22.915558 -130.700992
-11.338496 22.829935 -129.313992
-11.475893 22.473267 -128.488316
-11.795683 22.078497 -127.284004
-12.600703 21.899052 -125.257947
-12.512378 21.632442 -124.616827
-12.347094 21.498901 -124.161252
-12.373283 21.545123 -123.568646
-12.26031 21.577701 -123.060414
-11.98566 21.620417 -122.739315
-11.657955 21.463627 -122.025673
-11.080457 21.290106 -121.800807
-10.675207 21.122537 -121.491496
-10.205462 21.007795 -121.568772
-9.812419 20.929289 -121.541302
-9.445095 20.769835 -121.261646
-9.062378 20.687698 -121.079474
-8.620262 20.549836 -120.655231
-8.105489 20.311099 -119.83098
-7.41624 19.889402 -118.422989
-6.988545 19.610655 -116.533686
-6.531903 19.565588 -115.704225
-5.715306 19.069475 -114.765394
-4.829551 18.451906 -113.537215
-3.96344 18.069729 -112.518222
-3.254745 17.609854 -110.807485
-2.674723 16.571612 -107.316618
-2.274001 15.127467 -102.590128
-2.574706 13.793586 -97.483315
-3.494212 13.195619 -93.633628
-4.470159 12.34129 -89.757015
-5.307077 11.711052 -87.028346
-4.841148 11.125976 -86.079856
-4.509559 10.57608 -85.177958
-3.94698 10.314351 -85.145955
-3.321107 10.078276 -85.276871
-2.512001 9.793669 -85.401963
-2.289991 9.662803 -85.141368
-2.342874 9.584633 -84.745305
-1.793108 9.334818 -84.709266
-1.672068 8.903322 -84.004128
-1.113682 8.379918 -83.510692
-0.990616 7.76219 -82.296587
-0.992251 7.903022 -82.419965
-0.158299 7.458774 -82.123321
-0.337166 6.340757 -79.592672
-0.201758 5.136552 -77.374578
0.164224 4.256042 -75.984544
-0.622587 4.079966 -74.960213
-0.23245 3.695392 -74.599113
0.094953 3.452812 -74.407471
0.26277 3.316308 -74.348854
0.34904 3.376137 -74.552319
0.326463 3.665493 -75.119152
0.43067 3.738923 -75.376591
0.773234 3.553947 -75.367541
0.993871 3.41382 -75.349436
1.308715 3.36639 -75.577787
1.644908 3.487658 -76.163843
2.002145 3.518014 -76.562364
2.22721 3.409 -76.615846
2.537743 3.517462 -77.197273
2.855149 3.770075 -78.097887
3.082902 3.972256 -78.91727
3.666652 4.009807 -79.804668
3.944687 3.821954 -79.9691
4.012251 3.458103 -79.523955
3.818147 3.066971 -78.686353
3.630627 2.734166 -77.892885
3.411689 2.494524 -77.238897
3.406851 2.47431 -77.160087
3.660093 2.532999 -77.368068
3.916492 2.475116 -77.335142
4.043035 2.23539 -76.908786
3.970716 1.902845 -76.120579
3.772697 1.523776 -75.110575
3.679789 1.015119 -73.963829
3.260987 0.544946 -72.405459
3.030337 0.347039 -71.27944
3.295237 0.451156 -70.769869
3.682898 0.594734 -70.379712
3.989914 0.58244 -69.813086
4.003126 0.315594 -68.93442
3.58526 -0.350467 -67.530983
3.011014 -1.330767 -65.839993
2.491874 -2.590415 -63.975785
2.056183 -3.933865 -62.15381
1.875023 -4.992259 -60.59817
2.049608 -5.443078 -59.752005
2.288733 -5.522325 -59.247435
2.150434 -5.763375 -58.566279
1.609295 -6.345549 -57.571714
1.034974 -7.053239 -56.604308
0.583023 -7.741233 -55.768001
0.258042 -8.330499 -55.06229
0.118417 -8.774787 -54.447344
0.386538 -9.12372 -53.968154
0.770961 -9.337906 -53.542229
1.046401 -9.558525 -53.150279
1.106399 -9.931519 -52.689612
0.986108 -10.478552 -52.185246
0.892523 -10.989418 -51.795661
0.954532 -11.308328 -51.636292
1.129614 -11.380831 -51.680908
1.348491 -11.260127 -51.859248
1.578142 -10.996548 -52.086071
1.742603 -10.629306 -52.325802
1.878102 -10.200972 -52.569796
2.037983 -9.782369 -52.775725
2.236337 -9.467145 -52.924883
2.568098 -9.209084 -53.06348
2.962387 -8.940242 -53.205961
3.36935 -8.72264 -53.343517
3.734287 -8.622969 -53.397285
4.038211 -8.621246 -53.390507
4.282836 -8.618971 -53.324667
4.484322 -8.507231 -53.281033
4.669984 -8.384841 -53.226226
4.885696 -8.272996 -53.165111
1.747851 -6.208725 -50.183864
1.650231 -6.092527 -50.140923
1.539388 -5.938066 -50.182272
1.54681 -5.818147 -50.214238
1.61441 -5.795007 -50.197247
1.506718 -5.693628 -50.14576
1.116754 -5.383528 -50.140087
0.668432 -4.922194 -50.145915
0.198433 -4.363681 -50.250374
-0.08051 -3.802981 -50.383319
-0.046919 -3.386024 -50.615865
0.180328 -3.134445 -50.931738
0.455847 -2.960814 -51.207832
0.653332 -2.784907 -51.458198
0.773549 -2.694801 -51.671343
0.855516 -2.647393 -51.805408
0.791412 -2.460059 -51.930227
0.708542 -2.212923 -52.188347
0.74126 -2.029109 -52.364634
0.686737 -1.887535 -52.542807
0.468768 -1.507468 -52.739879
0.285038 -0.799603 -53.117447
0.21289 -0.184105 -53.440529
0.590468 0.10728 -53.767449
1.102146 0.442198 -54.1435
1.651345 0.77391 -54.386851
2.4588 0.938011 -54.494789
3.392809 0.764965 -54.562483
2.721798 1.448772 -54.536162
1.874765 2.106289 -54.529825
1.343973 1.982085 -54.214406
1.679518 2.058531 -54.226875
2.042366 2.185325 -54.287294
2.412092 2.183324 -54.31574
2.811531 2.117814 -54.393528
3.25871 1.962355 -54.555267
3.729003 1.6426 -54.698428
3.953553 1.41775 -54.811346
3.899243 1.240193 -54.769603
3.583471 1.080976 -54.649551
2.956006 0.894966 -54.375647
6.523742 -6.061817 -45.990876
6.120653 -5.672167 -45.914954
5.682632 -5.264192 -45.867226
