12.723008 -13.076563 -39.705741
12.617264 -13.475644 -36.639421
12.692253 -13.869859 -34.285485
12.982928 -14.161232 -32.748691
13.442404 -14.297927 -31.949961
13.988465 -14.242347 -31.727984
14.700654 -14.039708 -32.067315
15.4885 -13.657894 -32.825288
16.376133 -13.158227 -33.824309
17.359456 -12.541125 -35.041649
18.394897 -11.888914 -36.181965
19.450636 -11.145595 -37.254804
20.456551 -10.286303 -38.516583
21.411017 -9.368818 -39.896496
22.269717 -8.398296 -41.437872
22.996794 -7.422444 -42.899077
23.616327 -6.411352 -44.310566
24.13015 -5.322593 -45.933805
24.496547 -4.033537 -47.885762
24.662916 -2.634719 -49.924457
24.708972 -1.326192 -51.678963
24.578462 -0.085588 -53.361858
24.460436 1.104605 -55.010585
24.335544 2.246467 -56.707748
24.172352 3.352348 -58.459207
23.910666 4.459088 -60.32589
23.440072 5.554243 -62.228249
22.727502 6.71794 -64.235561
21.715233 7.989687 -66.48318
20.423404 9.203489 -68.636146
19.042196 10.272252 -70.469462
17.760979 11.155438 -71.983163
16.719883 11.896185 -73.225972
16.199996 12.573977 -74.409669
16.007682 12.997872 -75.13828
15.885455 13.070486 -75.071968
15.457659 12.421729 -73.497658
14.464573 11.269468 -70.963779
13.316698 10.465347 -69.22262
12.145017 10.031077 -68.182189
10.971857 9.770922 -67.55712
9.895277 9.390627 -66.832222
8.984543 8.864046 -65.907812
8.292134 8.221138 -64.936598
7.885057 8.000406 -64.592568
7.855545 8.20056 -64.496138
7.151515 8.306325 -64.767519
6.992071 8.568857 -64.979403
6.725484 8.568017 -64.740732
6.064306 7.381793 -63.145071
5.836404 6.452382 -61.862016
6.013185 5.76477 -60.987899
6.390618 5.181412 -60.247126
7.250878 5.128026 -59.824495
7.915064 5.003649 -59.236141
8.461628 5.108606 -58.86571
8.233231 4.660803 -57.985578
7.830061 4.011485 -57.282024
7.725822 3.389279 -56.544131
8.171367 3.183447 -55.945813
8.439813 3.480522 -55.845767
8.474335 3.144547 -55.063527
8.840857 3.671821 -55.179572
9.156308 4.39613 -55.554922
9.28411 5.079558 -55.880659
9.358618 5.611782 -56.154943
9.648024 5.973657 -56.169954
9.871654 6.092605 -55.757619
9.087732 5.495486 -54.919778
8.432078 5.467697 -54.852968
8.088126 5.953262 -55.31105
8.75965 7.096829 -56.307919
9.202975 7.59511 -56.392371
8.448302 8.007914 -57.215065
8.417542 8.60998 -58.047765
8.830031 9.027104 -58.473656
8.73946 9.890717 -60.061389
9.419064 10.902523 -61.58912
10.335205 11.78007 -63.026806
11.048993 12.768619 -65.186284
11.836998 13.651813 -67.582282
12.480051 14.564128 -70.676841
13.222196 15.572567 -74.731591
14.157241 16.648199 -80.065726
15.252182 17.64079 -86.916539
16.527475 18.504706 -95.642806
17.991806 19.187589 -107.210957
19.674871 19.683775 -122.164429
21.509676 20.235509 -141.693452
23.755459 21.066104 -165.95608
26.307243 22.276179 166.006364
29.030099 23.135833 136.041134
31.805897 21.540137 107.143122
34.593295 17.276099 79.688795
37.000105 11.779167 55.721201
38.887208 5.349437 34.65415
39.853759 -2.050169 15.676677
39.430758 -10.33807 -2.62394
36.719949 -18.903319 -21.775658
30.484541 -26.341447 -43.125714
20.021641 -31.281909 -66.886905
6.561693 -33.407395 -91.499088
-6.432381 -33.247519 -113.614024
-16.010273 -31.653121 -130.756244
-21.788058 -29.662919 -142.306744
-24.589206 -28.141511 -147.934417
-26.147267 -27.121787 -151.644867
-26.837839 -26.444484 -154.263406
-26.924475 -25.879798 -155.99389
-26.502701 -25.628551 -155.873523
-25.827418 -25.669743 -154.283341
-24.857941 -25.828092 -152.356585
-23.620617 -26.171343 -149.64464
-22.253934 -26.688215 -146.025191
-20.741693 -27.268035 -141.805369
-19.279891 -27.765559 -137.813195
-17.973927 -28.250586 -133.539496
-17.00321 -28.743458 -128.987802
-17.006688 -29.038679 -126.434632
-17.991871 -28.955621 -126.609632
-19.319032 -28.59275 -128.045355
-20.680964 -28.033474 -129.723597
-22.237956 -27.229775 -132.882398
-23.310807 -26.363861 -136.278738
-23.437468 -25.84002 -137.44524
-22.981459 -25.666843 -137.043379
-21.911824 -25.910044 -134.732809
-20.523271 -26.488718 -130.804004
-19.256129 -27.168925 -126.503661
-18.406396 -27.676012 -122.997602
-18.010457 -27.913988 -121.367779
-17.697312 -27.864792 -120.878413
-17.266124 -27.670793 -120.812432
-16.23114 -27.790509 -118.909843
-14.601586 -28.177285 -115.111395
-12.548183 -28.725781 -110.201837
-10.436511 -29.251395 -105.311783
-8.482751 -29.680624 -100.635833
-7.21494 -29.910983 -97.128804
-6.991188 -29.950671 -95.931623
-7.420826 -29.748041 -96.741861
-7.517802 -29.548388 -97.222121
-7.236426 -29.376929 -96.987662
-5.957081 -29.275579 -94.684834
-3.62311 -29.281231 -90.104433
-0.435759 -29.368114 -83.578375
2.6923 -29.381035 -76.962195
5.193564 -29.361447 -71.348034
6.382609 -29.357909 -68.759509
6.807617 -29.334599 -67.920466
6.758753 -29.298389 -68.160518
6.394905 -29.289356 -69.083759
6.183961 -29.310228 -69.502326
6.819165 -29.300075 -68.235623
7.930539 -29.277095 -65.964478
8.515006 -29.309009 -64.742721
9.262657 -29.307046 -63.179797
9.104101 -29.363771 -63.499253
8.01402 -29.532892 -65.76498
5.593064 -29.767771 -70.564159
2.112016 -29.863857 -77.287359
-0.129364 -29.781906 -81.417878
-0.041511 -29.704077 -80.978568
2.906693 -29.507932 -75.16161
8.332902 -28.862385 -64.187422
14.472808 -27.652528 -50.985547
19.435635 -25.958317 -39.724139
22.609782 -24.065025 -31.857541
23.904253 -22.804818 -28.394876
24.661165 -21.816172 -26.369617
24.620085 -21.525874 -26.729283
24.579472 -21.20538 -27.165575
25.448567 -20.032325 -24.783604
26.944598 -18.221525 -20.296547
27.943769 -16.976969 -17.581209
28.316535 -16.654592 -17.393309
28.06927 -17.386956 -19.724965
27.20253 -19.048333 -24.076513
25.751802 -21.185928 -29.691267
23.681706 -23.374758 -36.111947
21.677241 -24.965631 -41.374509
20.738247 -25.617206 -43.651776
21.415345 -25.378358 -42.03733
22.82589 -24.741134 -38.581593
24.285915 -23.979271 -34.833711
25.764041 -23.022203 -30.856513
26.960476 -22.020066 -27.201818
28.08538 -20.914775 -23.408466
29.089736 -19.754108 -19.592025
29.677497 -19.07214 -16.929207
29.854841 -19.057593 -15.704586
29.830961 -19.493257 -15.286959
28.92093 -21.061676 -17.706267
27.641617 -22.686498 -20.589346
26.117467 -24.204811 -23.838701
24.113187 -25.985948 -27.902893
21.624889 -27.708174 -31.874399
17.777837 -29.328286 -38.582028
12.489189 -30.760672 -48.328772
4.490502 -31.832809 -62.845207
-3.987389 -31.85531 -76.032631
-17.097091 -30.184675 -97.677843
-24.954788 -27.198066 -110.704524
-27.389353 -25.86234 -113.458369
-18.705422 -30.791898 -92.854592
34.765104 -19.829736 10.727975
-5.587465 31.001472 143.140714
-22.080187 24.666798 178.946081
-22.528705 23.331146 -175.959251
-19.471756 24.622656 -179.239005
-17.65317 25.49588 -178.547954
-16.688526 25.528541 -175.376677
-16.069304 25.290024 -171.456248
-15.793506 24.572345 -166.545105
-15.609231 23.529846 -161.18367
-15.050007 22.446419 -155.853127
-13.954567 21.44366 -150.944184
-12.901648 20.697073 -146.171308
-12.005873 20.196135 -142.140822
-11.388889 19.842295 -139.014731
-11.580925 19.314856 -135.040693
-12.188891 18.316818 -130.109845
-12.611994 16.823256 -124.666841
-12.419657 15.306836 -120.065922
-11.828913 14.015569 -116.067861
-11.17407 12.846336 -111.743014
-11.345734 11.933707 -107.169004
-11.560111 11.431656 -103.903499
-11.630642 10.853507 -100.718036
-11.69099 10.275547 -97.808014
-11.499073 9.175836 -93.709088
-10.42403 8.196002 -90.17597
-8.981749 8.054376 -89.077752
-8.456769 7.242817 -85.327125
-7.646649 6.612967 -82.040409
-6.833466 6.818974 -81.465374
-6.098137 6.794695 -80.394358
-4.932949 6.656649 -79.449243
-4.110066 6.260218 -77.419414
-3.417128 5.804379 -74.981513
-2.800603 4.968504 -71.003525
-3.223244 3.638543 -65.912489
-2.669865 2.935882 -62.577893
-1.984738 1.762895 -58.739091
-0.677611 1.501228 -57.285498
0.018951 1.371464 -56.227288
0.388838 1.173702 -55.199177
0.505136 1.010163 -54.164527
0.646067 0.61234 -52.50084
0.670449 0.024405 -50.446275
0.601292 -0.977636 -47.733389
0.681617 -2.053178 -45.133601
0.724613 -3.055171 -42.85099
0.605598 -3.899041 -40.960011
0.643334 -4.60649 -39.446811
0.193315 -5.146466 -38.244876
-0.571006 -5.201717 -37.886268
-0.737586 -5.690392 -36.881241
-1.574719 -6.431943 -35.355615
-1.829083 -7.075739 -34.017033
-2.034507 -7.806977 -32.531187
-2.149269 -7.661844 -32.28573
-2.830637 -7.734138 -31.89144
-3.439067 -7.997425 -31.425237
-3.937708 -7.959211 -31.419022
-4.130414 -7.530695 -31.779054
-4.260819 -6.514611 -32.921259
-4.108541 -5.151958 -34.64526
-3.808063 -3.500638 -36.891431
-3.681817 -1.577058 -39.806907
-3.743553 0.541431 -43.311842
-3.830539 2.805156 -47.413799
-3.788195 4.975556 -51.799234
-3.630676 6.918382 -56.24647
-3.310631 8.673265 -60.566696
-2.830113 10.317661 -64.721402
-2.156033 11.773564 -68.451468
-1.171914 13.109598 -72.043672
0.13816 14.360628 -75.857274
1.700334 15.499651 -79.915085
3.515728 16.476199 -84.285748
5.77321 17.287563 -89.201002
8.334798 17.758553 -94.157817
10.938494 17.826157 -98.561141
13.410511 17.540019 -102.173775
15.837284 16.983053 -105.282905
18.006397 16.354707 -107.883307
19.903394 15.708874 -110.231643
21.600514 14.637305 -112.137491
23.050522 13.282853 -113.360713
24.254929 11.77549 -114.058419
25.087072 10.129171 -113.86172
25.684194 8.469654 -113.092165
26.287342 6.907076 -112.446075
26.854251 5.494272 -111.86965
27.268386 4.234625 -111.270143
27.601992 3.121517 -110.676338
27.891161 2.168401 -110.126568
28.127665 1.381338 -109.556692
28.36987 0.773213 -109.00656
28.5653 0.344452 -108.266931
28.614093 0.117195 -107.014483
28.553953 0.120162 -105.393322
28.461657 0.382221 -103.823303
28.37837 0.808942 -102.311252
28.2823 1.282035 -100.853508
28.231651 1.65503 -99.523203
28.149482 1.877168 -98.202795
27.912324 1.956806 -96.537564
27.509011 1.881661 -94.356115
27.034309 1.65227 -91.905403
26.596269 1.250932 -89.418777
26.264351 0.627968 -86.826237
25.991757 -0.229771 -83.633425
25.685532 -1.239499 -79.459765
25.369288 -2.308295 -74.421214
25.061126 -3.260449 -69.039932
23.767574 -3.168846 -63.098311
22.755717 -3.962285 -55.950411
22.165382 -4.834307 -49.822503
21.613658 -6.101634 -42.901842
21.150424 -7.942185 -36.065902
20.087772 -10.065439 -27.748817
18.576386 -11.643207 -21.06757
17.349829 -12.740962 -16.4233
16.677808 -13.472731 -13.566846
16.284826 -13.906567 -11.932056
16.503542 -13.719578 -12.914317
16.68847 -13.043326 -15.381926
16.599319 -12.59341 -17.156729
16.638443 -12.306605 -18.913327
16.734268 -12.197799 -20.161782
16.884752 -12.178462 -20.958639
17.225822 -12.220425 -21.90356
17.704641 -12.335219 -22.99281
18.1295 -12.418597 -24.040195
18.480931 -12.42311 -25.236952
18.867974 -12.419729 -26.920194
19.315795 -12.382883 -29.111822
19.747787 -12.301542 -31.37306
20.190278 -12.149451 -34.076342
18.803196 -9.418366 -22.890856
19.022566 -8.505902 -26.081492
19.095681 -7.690589 -29.397513
18.931116 -7.058489 -32.097018
18.630283 -6.736177 -33.339017
18.610875 -6.669673 -34.045475
18.94483 -6.809516 -34.723976
19.355822 -6.989816 -35.575135
19.675701 -7.311288 -35.845547
19.843173 -7.769828 -35.37035
19.834048 -8.337843 -34.102439
19.859617 -8.936296 -32.846458
19.865863 -9.452265 -31.731941
30.79098 -14.2303 -90.738064
29.642755 -14.207372 -79.884804
28.315612 -14.461589 -68.761452
26.828011 -15.047484 -57.316169
25.195969 -15.962815 -45.576238
23.444562 -17.251064 -33.364385
21.702082 -18.810338 -21.694855
20.587729 -20.332849 -12.187721
19.679201 -21.783152 -4.025769
18.882439 -23.182395 3.109531
18.23328 -24.496589 9.442074
17.732419 -25.653834 14.978182
17.22274 -26.61603 19.774944
16.696711 -27.480847 24.02589
16.14205 -28.219032 27.656745
15.473253 -28.738457 30.606714
14.684401 -29.050753 32.873613
13.808926 -29.148763 34.352514
12.91171 -28.887866 34.194206
12.741138 -28.735945 34.843124
13.109496 -28.647598 35.123853
13.385255 -28.446867 33.767589
12.352678 -28.233943 32.370763
11.437493 -27.987988 32.058795
11.025221 -27.354444 31.046355
11.502299 -26.23083 28.112161
12.059546 -25.035165 24.373845
12.538047 -23.831075 20.071365
13.060133 -22.609559 15.147879
13.665061 -21.419116 9.731086
14.215763 -20.255647 4.187835
14.599019 -19.214614 -0.879365
14.743436 -18.319978 -5.150009
14.915414 -17.581844 -8.993727
15.188682 -17.041242 -12.222291
15.493987 -16.677244 -14.727493
15.752725 -16.461831 -16.38235
15.955312 -16.361746 -17.465776
16.142303 -16.377509 -18.022796
16.258663 -16.555058 -17.70887
16.311706 -16.824387 -16.919463
16.235736 -17.112683 -15.83932
20.100424 -20.226257 -9.399301
20.22924 -20.793309 -5.680149
20.343678 -21.314762 -2.007489
20.512033 -21.735035 1.415104
20.696257 -21.937039 4.039052
20.290209 -21.132692 2.057665
19.709615 -20.051538 -1.575521
19.239235 -19.413412 -3.122236
18.734256 -19.808322 0.892812
18.906227 -20.827759 7.251672
17.450841 -21.92437 11.175794
16.17028 -22.846586 12.203477
15.824692 -24.077739 14.088857
16.314627 -25.090694 16.241329
17.7098 -25.166527 15.92807
18.868898 -24.835371 15.017248
19.216522 -24.238851 13.40871
18.725803 -23.522884 10.783191
17.819915 -22.739901 7.615615
16.95693 -21.906235 4.23288
16.369403 -21.058744 0.851259
15.980443 -20.163934 -2.39589
15.680125 -19.215003 -5.635021
15.354391 -18.218881 -8.906397
14.976421 -17.236113 -12.001702
14.695865 -16.324748 -15.017005
14.549923 -15.668301 -17.379023
14.585379 -15.442591 -18.446883
14.758601 -15.558693 -18.403487
14.944642 -15.886836 -17.639668
15.136355 -16.324529 -16.545343
15.234852 -16.779142 -15.226605
15.225951 -17.18685 -13.923421
15.131965 -17.502148 -12.863267
15.05826 -17.725112 -12.108595
15.005012 -17.846874 -11.703436
14.978617 -17.933908 -11.402843
14.925058 -18.010754 -11.110231
14.92525 -18.02137 -11.019976
