-12.500000 2.510000 -42.720001 -67.099998 -73.230003 0.000000 1793.000000 -3497.000000 1237.000000 710.000000 -3951.000000 1114.000000 
-12.550000 2.610000 -42.770000 -67.129997 -73.230003 0.000000 1803.000000 -3498.000000 1177.000000 660.000000 -3963.000000 1102.000000 
-12.540000 2.790000 -42.630001 -67.160004 -73.290001 0.000000 1822.000000 -3487.000000 1178.000000 634.000000 -3965.000000 997.000000 
-12.740000 2.620000 -42.799999 -67.209999 -73.349998 0.000000 1838.000000 -3517.000000 1179.000000 668.000000 -3944.000000 980.000000 
-12.800000 2.450000 -42.750000 -67.209999 -73.410004 0.000000 1792.000000 -3556.000000 1311.000000 667.000000 -3947.000000 989.000000 
-12.680000 2.500000 -42.639999 -67.190002 -73.459999 0.000000 1754.000000 -3578.000000 1345.000000 638.000000 -3958.000000 1030.000000 
-12.750000 2.630000 -42.619999 -67.180000 -73.500000 0.000000 1771.000000 -3549.000000 1269.000000 605.000000 -3970.000000 1046.000000 
-12.860000 2.570000 -42.779999 -67.139999 -73.550003 0.000000 1696.000000 -3542.000000 1305.000000 594.000000 -3920.000000 1021.000000 
-12.710000 2.820000 -42.610001 -67.139999 -73.629997 0.000000 1737.000000 -3500.000000 1198.000000 643.000000 -3845.000000 941.000000 
-12.650000 2.930000 -42.540001 -67.139999 -73.709999 0.000000 1788.000000 -3473.000000 1176.000000 656.000000 -3837.000000 958.000000 
-12.720000 2.950000 -42.610001 -67.150002 -73.730003 0.000000 1758.000000 -3445.000000 1170.000000 660.000000 -3853.000000 1060.000000 
-12.700000 2.910000 -42.590000 -67.160004 -73.580002 0.000000 1708.000000 -3446.000000 1222.000000 627.000000 -3882.000000 1259.000000 
-12.640000 2.940000 -42.630001 -67.190002 -73.419998 0.000000 1706.000000 -3419.000000 1197.000000 644.000000 -3874.000000 1217.000000 
-12.520000 3.080000 -42.709999 -67.239998 -73.339996 0.000000 1634.000000 -3382.000000 1151.000000 645.000000 -3734.000000 1019.000000 
-12.440000 3.160000 -42.799999 -67.269997 -73.209999 0.000000 1582.000000 -3394.000000 1205.000000 591.000000 -3686.000000 1052.000000 
-12.350000 3.450000 -42.860001 -67.320000 -72.980003 0.000000 1473.000000 -3371.000000 1151.000000 558.000000 -3698.000000 1167.000000 
-12.170000 3.580000 -42.709999 -67.379997 -72.779999 0.000000 1538.000000 -3289.000000 1087.000000 656.000000 -3624.000000 1081.000000 
-12.140000 3.710000 -42.799999 -67.480003 -72.690002 0.000000 1828.000000 -3210.000000 1017.000000 701.000000 -3489.000000 870.000000 
-12.000000 3.510000 -42.990002 -67.629997 -72.699997 0.000000 1757.000000 -3172.000000 987.000000 675.000000 -3478.000000 746.000000 
-11.600000 3.230000 -43.080002 -67.779999 -72.739998 0.000000 1687.000000 -3257.000000 1156.000000 612.000000 -3521.000000 868.000000 
-11.230000 3.040000 -42.990002 -68.029999 -72.820000 0.000000 1778.000000 -3245.000000 1000.000000 513.000000 -3616.000000 957.000000 
-11.410000 2.630000 -43.139999 -68.370003 -72.910004 0.000000 1840.000000 -3247.000000 917.000000 485.000000 -3664.000000 1022.000000 
-11.570000 1.890000 -43.250000 -68.639999 -72.970001 0.000000 1779.000000 -3364.000000 1270.000000 495.000000 -3813.000000 1150.000000 
-11.650000 1.210000 -43.410000 -68.830002 -73.010002 0.000000 1667.000000 -3426.000000 1434.000000 644.000000 -3857.000000 1197.000000 
-11.790000 0.540000 -43.459999 -68.940002 -73.040001 0.000000 1648.000000 -3457.000000 1484.000000 607.000000 -3908.000000 1216.000000 
-12.100000 0.310000 -43.480000 -69.050003 -73.120003 0.000000 1827.000000 -3466.000000 1392.000000 636.000000 -3995.000000 1161.000000 
-12.330000 0.250000 -43.500000 -69.209999 -73.180000 0.000000 1871.000000 -3438.000000 1185.000000 567.000000 -3960.000000 1146.000000 
-12.390000 0.160000 -43.450001 -69.419998 -73.250000 0.000000 2002.000000 -3412.000000 982.000000 651.000000 -3877.000000 1109.000000 
-12.370000 0.060000 -43.389999 -69.580002 -73.430000 0.000000 1791.000000 -3547.000000 1177.000000 882.000000 -3816.000000 927.000000 
-12.460000 -0.390000 -43.369999 -69.489998 -73.709999 0.000000 1563.000000 -3584.000000 1567.000000 841.000000 -3777.000000 749.000000 
-12.570000 -0.440000 -43.430000 -69.720001 -73.930000 0.000000 2178.000000 -3428.000000 768.000000 735.000000 -4019.000000 1036.000000 
-12.960000 0.070000 -43.380001 -70.080002 -73.540001 0.000000 2195.000000 -3429.000000 559.000000 683.000000 -4470.000000 2076.000000 
-13.400000 0.330000 -43.320000 -70.279999 -73.790001 0.000000 1675.000000 -3721.000000 1287.000000 844.000000 -3992.000000 814.000000 
-13.720000 0.330000 -43.180000 -70.620003 -74.139999 0.000000 2117.000000 -3751.000000 1034.000000 1004.000000 -4154.000000 639.000000 
-14.050000 0.500000 -43.049999 -70.419998 -74.919998 0.000000 602.000000 -4416.000000 2747.000000 1593.000000 -4318.000000 617.000000 
-14.450000 0.340000 -42.889999 -70.730003 -75.519997 0.000000 2137.000000 -4299.000000 1095.000000 630.000000 -5087.000000 1695.000000 
-15.090000 0.880000 -42.779999 -70.970001 -76.419998 0.000000 2366.000000 -4406.000000 1095.000000 911.000000 -4590.000000 374.000000 
-15.710000 1.560000 -42.720001 -71.260002 -77.050003 0.000000 1940.000000 -4249.000000 622.000000 327.000000 -4659.000000 356.000000 
-16.120001 2.370000 -42.590000 -71.519997 -77.430000 0.000000 1893.000000 -4168.000000 271.000000 769.000000 -4601.000000 304.000000 
-16.459999 2.900000 -42.430000 -71.639999 -77.599998 0.000000 2136.000000 -4035.000000 469.000000 1276.000000 -4389.000000 437.000000 
-16.500000 2.580000 -42.150002 -71.660004 -77.529999 0.000000 2955.000000 -4475.000000 847.000000 2068.000000 -4829.000000 976.000000 
-16.549999 1.940000 -41.939999 -71.690002 -77.180000 0.000000 3678.000000 -4694.000000 1002.000000 2193.000000 -5729.000000 1392.000000 
-16.620001 1.490000 -41.820000 -71.709999 -76.510002 0.000000 3739.000000 -5067.000000 1218.000000 2145.000000 -6407.000000 1805.000000 
-16.730000 1.770000 -41.860001 -71.639999 -75.830002 0.000000 3763.000000 -5340.000000 1330.000000 1982.000000 -6809.000000 1791.000000 
-16.580000 2.520000 -41.959999 -71.489998 -75.230003 0.000000 3820.000000 -5645.000000 1659.000000 1523.000000 -7060.000000 1657.000000 
-16.230000 3.380000 -42.029999 -71.180000 -74.629997 0.000000 3614.000000 -5918.000000 2071.000000 1060.000000 -7217.000000 1569.000000 
-15.800000 4.260000 -42.169998 -70.709999 -74.010002 0.000000 3451.000000 -6073.000000 2221.000000 696.000000 -7322.000000 1492.000000 
-15.210000 5.190000 -42.270000 -70.080002 -73.330002 0.000000 3730.000000 -6012.000000 2316.000000 526.000000 -7330.000000 1562.000000 
-14.460000 6.150000 -42.389999 -69.269997 -72.599998 0.000000 3637.000000 -5822.000000 2383.000000 357.000000 -7207.000000 1689.000000 
-13.600000 7.170000 -42.509998 -68.169998 -71.769997 0.000000 3817.000000 -5586.000000 2675.000000 277.000000 -7138.000000 1958.000000 
-12.610000 8.240000 -42.619999 -66.889999 -70.849998 0.000000 3814.000000 -5379.000000 2749.000000 92.000000 -6966.000000 2107.000000 
-11.470000 9.360000 -42.689999 -65.370003 -69.830002 0.000000 3720.000000 -5073.000000 2860.000000 -133.000000 -6697.000000 2154.000000 
-10.120000 10.510000 -42.639999 -63.650002 -68.720001 0.000000 3520.000000 -4772.000000 2946.000000 -329.000000 -6501.000000 2180.000000 
-8.660000 11.660000 -42.509998 -61.840000 -67.529999 0.000000 3252.000000 -4410.000000 2890.000000 -468.000000 -6214.000000 2161.000000 
-7.060000 12.800000 -42.209999 -59.990002 -66.190002 0.000000 3570.000000 -4268.000000 3051.000000 -439.000000 -5747.000000 2265.000000 
-5.370000 13.930000 -41.880001 -58.029999 -64.750000 0.000000 3306.000000 -3898.000000 2938.000000 -500.000000 -5408.000000 2292.000000 
-3.560000 15.040000 -41.459999 -56.040001 -63.250000 0.000000 2873.000000 -3635.000000 2887.000000 -801.000000 -4953.000000 2140.000000 
-1.670000 16.120001 -40.990002 -53.939999 -61.720001 0.000000 2433.000000 -3356.000000 3051.000000 -1174.000000 -4516.000000 2030.000000 
0.250000 17.160000 -40.430000 -51.770000 -60.270000 0.000000 2050.000000 -3170.000000 3372.000000 -1347.000000 -4081.000000 1805.000000 
2.150000 18.150000 -39.790001 -49.619999 -58.880001 0.000000 1691.000000 -2926.000000 3402.000000 -1538.000000 -3688.000000 1662.000000 
3.990000 19.080000 -39.110001 -47.540001 -57.590000 0.000000 1417.000000 -2672.000000 3216.000000 -1754.000000 -3327.000000 1549.000000 
5.790000 19.950001 -38.360001 -45.540001 -56.400002 0.000000 1222.000000 -2356.000000 2969.000000 -1853.000000 -3030.000000 1417.000000 
7.510000 20.750000 -37.540001 -43.610001 -55.270000 0.000000 1128.000000 -2083.000000 2889.000000 -1710.000000 -2660.000000 1412.000000 
9.160000 21.500000 -36.630001 -41.669998 -54.169998 0.000000 1052.000000 -1795.000000 3026.000000 -1538.000000 -2313.000000 1422.000000 
10.770000 22.180000 -35.680000 -39.720001 -53.070000 0.000000 1048.000000 -1495.000000 2926.000000 -1397.000000 -2038.000000 1491.000000 
12.340000 22.809999 -34.720001 -37.810001 -52.029999 0.000000 987.000000 -1241.000000 2615.000000 -1481.000000 -1787.000000 1440.000000 
13.820000 23.430000 -33.759998 -35.970001 -51.049999 0.000000 765.000000 -997.000000 2344.000000 -1570.000000 -1487.000000 1275.000000 
15.260000 23.990000 -32.790001 -34.320000 -50.139999 0.000000 443.000000 -785.000000 1949.000000 -1646.000000 -1157.000000 970.000000 
16.650000 24.469999 -31.780001 -32.910000 -49.250000 0.000000 257.000000 -681.000000 1699.000000 -1471.000000 -789.000000 751.000000 
17.950001 24.860001 -30.740000 -31.760000 -48.380001 0.000000 101.000000 -631.000000 1534.000000 -1239.000000 -475.000000 583.000000 
19.190001 25.070000 -29.690001 -30.730000 -47.529999 0.000000 71.000000 -477.000000 1454.000000 -999.000000 -244.000000 547.000000 
20.320000 25.129999 -28.660000 -29.830000 -46.660000 0.000000 196.000000 -397.000000 1302.000000 -629.000000 -167.000000 588.000000 
21.290001 25.110001 -27.709999 -29.090000 -45.910000 0.000000 253.000000 -345.000000 1089.000000 -539.000000 -192.000000 611.000000 
22.120001 24.920000 -26.809999 -28.600000 -45.450001 0.000000 242.000000 -383.000000 994.000000 -623.000000 -373.000000 570.000000 
22.820000 24.559999 -25.980000 -28.290001 -45.000000 0.000000 361.000000 -475.000000 1061.000000 -424.000000 -586.000000 728.000000 
23.290001 23.719999 -25.209999 -28.030001 -44.230000 0.000000 708.000000 -511.000000 1076.000000 -35.000000 -672.000000 909.000000 
23.450001 22.670000 -24.530001 -27.830000 -43.880001 0.000000 1135.000000 -402.000000 1030.000000 459.000000 -756.000000 1130.000000 
23.370001 21.639999 -23.959999 -27.780001 -43.669998 0.000000 1491.000000 -368.000000 894.000000 835.000000 -820.000000 1423.000000 
23.200001 20.690001 -23.430000 -27.870001 -43.529999 0.000000 1662.000000 -194.000000 272.000000 961.000000 -805.000000 1322.000000 
22.850000 19.760000 -23.030001 -28.209999 -43.509998 0.000000 1586.000000 -366.000000 -144.000000 993.000000 -922.000000 1188.000000 
22.340000 18.840000 -22.730000 -28.809999 -43.669998 0.000000 1680.000000 -684.000000 -453.000000 1370.000000 -929.000000 901.000000 
21.750000 17.889999 -22.500000 -29.530001 -43.860001 0.000000 1991.000000 -834.000000 -464.000000 1961.000000 -996.000000 992.000000 
21.090000 16.959999 -22.360001 -30.370001 -44.110001 0.000000 2308.000000 -994.000000 -356.000000 2319.000000 -1146.000000 1286.000000 
20.459999 16.040001 -22.290001 -31.290001 -44.480000 0.000000 3045.000000 -1194.000000 -333.000000 1836.000000 -1448.000000 1482.000000 
19.790001 15.150000 -22.280001 -32.259998 -44.860001 0.000000 2605.000000 -982.000000 -191.000000 1876.000000 -1473.000000 1724.000000 
19.100000 14.330000 -22.330000 -33.200001 -45.250000 0.000000 2678.000000 -960.000000 208.000000 1999.000000 -1435.000000 1848.000000 
18.400000 13.620000 -22.410000 -34.130001 -45.740002 0.000000 2560.000000 -988.000000 287.000000 1905.000000 -1558.000000 1751.000000 
17.590000 13.020000 -22.570000 -35.150002 -46.380001 0.000000 2610.000000 -1273.000000 -256.000000 1935.000000 -1700.000000 1473.000000 
16.680000 12.460000 -22.770000 -36.220001 -47.099998 0.000000 2715.000000 -1494.000000 -693.000000 2394.000000 -1864.000000 1375.000000 
15.640000 11.890000 -23.080000 -37.360001 -47.880001 0.000000 2927.000000 -1594.000000 -881.000000 2900.000000 -1995.000000 1370.000000 
14.490000 11.270000 -23.480000 -38.660000 -48.750000 0.000000 3133.000000 -1795.000000 -1007.000000 2975.000000 -2204.000000 1379.000000 
13.300000 10.570000 -24.010000 -40.090000 -49.720001 0.000000 3112.000000 -1962.000000 -842.000000 2724.000000 -2460.000000 1485.000000 
12.060000 9.820000 -24.650000 -41.639999 -50.820000 0.000000 3058.000000 -2144.000000 -397.000000 2301.000000 -2847.000000 1458.000000 
10.710000 9.060000 -25.370001 -43.290001 -52.040001 0.000000 2893.000000 -2559.000000 -145.000000 1722.000000 -3365.000000 1465.000000 
9.330000 8.240000 -26.090000 -44.959999 -53.259998 0.000000 2995.000000 -2891.000000 133.000000 1702.000000 -3649.000000 1600.000000 
8.030000 7.320000 -26.750000 -46.549999 -54.480000 0.000000 3170.000000 -3161.000000 284.000000 1768.000000 -3891.000000 1622.000000 
6.770000 6.340000 -27.340000 -48.049999 -55.669998 0.000000 3356.000000 -3379.000000 262.000000 1950.000000 -4168.000000 1654.000000 
5.470000 5.380000 -27.889999 -49.430000 -56.810001 0.000000 3488.000000 -3482.000000 400.000000 2443.000000 -4289.000000 1743.000000 
4.150000 4.480000 -28.459999 -50.700001 -57.900002 0.000000 3565.000000 -3487.000000 176.000000 2823.000000 -4338.000000 1768.000000 
2.820000 3.630000 -29.059999 -51.919998 -58.980000 0.000000 3586.000000 -3454.000000 -307.000000 2664.000000 -4315.000000 1526.000000 
1.480000 2.850000 -29.690001 -53.169998 -60.049999 0.000000 3235.000000 -3608.000000 -525.000000 2561.000000 -4311.000000 1051.000000 
0.140000 2.080000 -30.400000 -54.470001 -61.110001 0.000000 2969.000000 -3819.000000 -411.000000 2406.000000 -4405.000000 850.000000 
-1.160000 1.200000 -31.070000 -55.849998 -62.150002 0.000000 2863.000000 -3934.000000 -293.000000 1945.000000 -4680.000000 970.000000 
-2.370000 0.160000 -31.760000 -57.259998 -63.189999 0.000000 2927.000000 -4183.000000 149.000000 1444.000000 -5022.000000 1185.000000 
-3.540000 -0.870000 -32.360001 -58.610001 -64.199997 0.000000 2867.000000 -4447.000000 747.000000 1274.000000 -5229.000000 1224.000000 
-4.710000 -1.800000 -32.869999 -59.820000 -65.169998 0.000000 2768.000000 -4669.000000 1420.000000 1202.000000 -5245.000000 1165.000000 
-5.910000 -2.500000 -33.310001 -60.810001 -66.129997 0.000000 2546.000000 -4766.000000 1653.000000 946.000000 -5231.000000 966.000000 
-7.160000 -2.790000 -33.730000 -61.650002 -67.059998 0.000000 2369.000000 -4731.000000 1393.000000 791.000000 -5230.000000 769.000000 
-8.360000 -2.640000 -34.070000 -62.340000 -67.970001 0.000000 2080.000000 -4721.000000 1247.000000 590.000000 -5202.000000 679.000000 
-9.480000 -2.290000 -34.360001 -62.939999 -68.879997 0.000000 2038.000000 -4702.000000 1011.000000 313.000000 -5184.000000 580.000000 
-10.550000 -1.910000 -34.549999 -63.480000 -69.760002 0.000000 1973.000000 -4537.000000 742.000000 358.000000 -5042.000000 623.000000 
-11.590000 -1.600000 -34.689999 -63.959999 -70.599998 0.000000 2142.000000 -4457.000000 932.000000 898.000000 -4933.000000 770.000000 
-12.600000 -1.310000 -34.680000 -64.309998 -71.379997 0.000000 2270.000000 -4352.000000 1300.000000 979.000000 -4866.000000 950.000000 
-13.600000 -1.270000 -34.799999 -64.559998 -72.050003 0.000000 2398.000000 -4179.000000 1389.000000 1013.000000 -4862.000000 1185.000000 
-14.450000 -1.070000 -34.849998 -64.769997 -72.599998 0.000000 2454.000000 -4044.000000 1196.000000 1077.000000 -4814.000000 1280.000000 
-15.100000 -0.700000 -34.939999 -64.959999 -73.019997 0.000000 2511.000000 -3867.000000 971.000000 1168.000000 -4687.000000 1276.000000 
-15.590000 -0.240000 -35.029999 -65.160004 -73.370003 0.000000 2417.000000 -3845.000000 921.000000 968.000000 -4727.000000 1211.000000 
-15.870000 0.240000 -35.060001 -65.379997 -73.660004 0.000000 2386.000000 -3885.000000 901.000000 647.000000 -4785.000000 1130.000000 
-15.970000 0.610000 -35.040001 -65.650002 -73.839996 0.000000 2373.000000 -3970.000000 1003.000000 574.000000 -4813.000000 1204.000000 
-15.710000 0.510000 -35.029999 -65.919998 -73.940002 0.000000 2339.000000 -4069.000000 1201.000000 651.000000 -4716.000000 1166.000000 
-15.400000 0.000000 -34.959999 -66.139999 -74.000000 0.000000 2352.000000 -4071.000000 1344.000000 863.000000 -4552.000000 1100.000000 
-15.010000 -0.360000 -34.939999 -66.389999 -74.110001 0.000000 2103.000000 -3994.000000 1208.000000 926.000000 -4257.000000 790.000000 
-14.480000 -0.130000 -34.799999 -66.650002 -74.260002 0.000000 1877.000000 -3934.000000 1162.000000 865.000000 -4097.000000 671.000000 
-14.300000 0.120000 -34.830002 -66.959999 -74.470001 0.000000 1721.000000 -3846.000000 971.000000 756.000000 -4000.000000 580.000000 
-14.280000 0.490000 -34.770000 -67.379997 -74.760002 0.000000 1708.000000 -3742.000000 574.000000 722.000000 -3892.000000 474.000000 
-14.450000 0.930000 -34.680000 -67.830002 -75.089996 0.000000 1584.000000 -3701.000000 630.000000 913.000000 -3874.000000 466.000000 
-15.030000 0.780000 -34.630001 -68.279999 -75.440002 0.000000 1718.000000 -3739.000000 733.000000 1208.000000 -3898.000000 569.000000 
-15.590000 0.140000 -34.599998 -68.739998 -75.820000 0.000000 1809.000000 -3777.000000 780.000000 1449.000000 -3955.000000 597.000000 
-15.900000 -0.730000 -34.450001 -69.169998 -76.169998 0.000000 2082.000000 -3760.000000 831.000000 1523.000000 -4037.000000 713.000000 
-16.190001 -1.650000 -34.480000 -69.610001 -76.500000 0.000000 2098.000000 -3789.000000 773.000000 1348.000000 -4107.000000 775.000000 
-16.510000 -2.460000 -34.660000 -70.050003 -76.750000 0.000000 2110.000000 -3723.000000 719.000000 1223.000000 -4110.000000 884.000000 
-16.639999 -3.190000 -34.740002 -70.459999 -76.930000 0.000000 2106.000000 -3632.000000 738.000000 1216.000000 -4035.000000 897.000000 
-16.629999 -3.630000 -34.840000 -70.889999 -77.080002 0.000000 1991.000000 -3568.000000 578.000000 1023.000000 -4059.000000 905.000000 
-16.500000 -3.760000 -35.000000 -71.320000 -77.120003 0.000000 2024.000000 -3502.000000 566.000000 939.000000 -4074.000000 1002.000000 
-16.440001 -4.060000 -35.090000 -71.720001 -77.050003 0.000000 2124.000000 -3459.000000 575.000000 999.000000 -4110.000000 1103.000000 
-16.549999 -4.730000 -35.060001 -72.160004 -76.970001 0.000000 2241.000000 -3471.000000 522.000000 1392.000000 -4026.000000 1035.000000 
-16.690001 -5.280000 -35.009998 -72.580002 -76.879997 0.000000 2203.000000 -3540.000000 648.000000 1478.000000 -4069.000000 953.000000 
-16.820000 -5.720000 -34.889999 -73.019997 -76.800003 0.000000 2146.000000 -3671.000000 646.000000 1321.000000 -4172.000000 865.000000 
-16.760000 -6.360000 -34.820000 -73.500000 -76.769997 0.000000 2070.000000 -3845.000000 535.000000 1413.000000 -4208.000000 700.000000 
-16.879999 -6.780000 -34.830002 -73.720001 -76.220001 0.000000 2171.000000 -3357.000000 949.000000 2543.000000 -5761.000000 3028.000000 
-17.120001 -7.290000 -34.779999 -73.389999 -76.400002 0.000000 2864.000000 -4891.000000 2181.000000 917.000000 -5660.000000 1391.000000 
-17.459999 -7.620000 -34.709999 -73.199997 -76.589996 0.000000 3694.000000 -4337.000000 1316.000000 421.000000 -4885.000000 160.000000 
-17.200001 -6.870000 -34.759998 -73.000000 -76.510002 0.000000 2208.000000 -4469.000000 837.000000 1492.000000 -4178.000000 137.000000 
-16.610001 -5.940000 -34.840000 -72.760002 -76.529999 0.000000 1201.000000 -4364.000000 661.000000 1086.000000 -3857.000000 -222.000000 
-16.270000 -5.070000 -34.910000 -72.599998 -76.650002 0.000000 1330.000000 -4149.000000 240.000000 1162.000000 -3794.000000 -120.000000 
-16.299999 -4.490000 -35.009998 -72.610001 -76.849998 0.000000 1341.000000 -4002.000000 -298.000000 1337.000000 -3743.000000 29.000000 
-16.290001 -3.960000 -35.119999 -72.779999 -77.000000 0.000000 1503.000000 -3937.000000 -103.000000 1378.000000 -4013.000000 487.000000 
-16.809999 -3.850000 -35.200001 -72.900002 -77.260002 0.000000 1636.000000 -4015.000000 716.000000 887.000000 -4046.000000 251.000000 
-17.250000 -4.060000 -35.299999 -72.930000 -77.550003 0.000000 1609.000000 -3915.000000 971.000000 855.000000 -3915.000000 243.000000 
-16.629999 -4.110000 -35.310001 -72.900002 -77.639999 0.000000 1430.000000 -3823.000000 1041.000000 946.000000 -4090.000000 878.000000 
-16.540001 -4.570000 -35.529999 -72.760002 -77.480003 0.000000 1723.000000 -3632.000000 1052.000000 1145.000000 -4088.000000 1186.000000 
-16.629999 -4.960000 -35.400002 -72.610001 -76.879997 0.000000 1962.000000 -3576.000000 986.000000 1541.000000 -4246.000000 1722.000000 
-16.930000 -5.280000 -35.570000 -72.389999 -76.050003 0.000000 2267.000000 -3401.000000 935.000000 1707.000000 -4140.000000 1620.000000 
-16.709999 -4.820000 -35.709999 -72.370003 -75.269997 0.000000 2300.000000 -3244.000000 131.000000 1155.000000 -3872.000000 1117.000000 
-16.129999 -4.410000 -35.840000 -72.389999 -74.589996 0.000000 2154.000000 -3261.000000 103.000000 991.000000 -3823.000000 978.000000 
-15.440000 -4.400000 -35.799999 -72.410004 -73.769997 0.000000 1745.000000 -3424.000000 527.000000 1549.000000 -3641.000000 1142.000000 
-15.040000 -4.820000 -35.820000 -72.379997 -72.919998 0.000000 216.000000 -4215.000000 1022.000000 1170.000000 -3584.000000 816.000000 
-14.790000 -5.750000 -35.799999 -72.300003 -72.410004 0.000000 1548.000000 -3641.000000 868.000000 1083.000000 -3607.000000 317.000000 
-14.640000 -6.690000 -35.689999 -72.279999 -72.099998 0.000000 1776.000000 -3803.000000 925.000000 482.000000 -3898.000000 251.000000 
-14.890000 -7.560000 -35.540001 -72.070000 -71.430000 0.000000 1154.000000 -4147.000000 1482.000000 763.000000 -4666.000000 1772.000000 
-15.650000 -7.740000 -35.389999 -71.540001 -70.300003 0.000000 1004.000000 -4564.000000 2086.000000 1916.000000 -5247.000000 2470.000000 
-16.440001 -7.640000 -35.330002 -71.029999 -68.879997 0.000000 1131.000000 -4894.000000 1769.000000 2277.000000 -5818.000000 2576.000000 
-17.070000 -7.380000 -35.369999 -70.400002 -67.209999 0.000000 1561.000000 -5224.000000 1667.000000 2645.000000 -6258.000000 2308.000000 
-17.549999 -7.360000 -35.500000 -69.599998 -65.120003 0.000000 1988.000000 -5595.000000 1707.000000 3005.000000 -6608.000000 2639.000000 
-17.780001 -7.400000 -35.570000 -68.660004 -62.660000 0.000000 2532.000000 -5916.000000 1855.000000 2732.000000 -7327.000000 3141.000000 
-17.780001 -7.580000 -35.619999 -67.620003 -60.020000 0.000000 2487.000000 -6412.000000 2051.000000 2255.000000 -7630.000000 2787.000000 
-17.610001 -7.910000 -35.790001 -66.519997 -57.380001 0.000000 2288.000000 -7048.000000 2351.000000 2133.000000 -7818.000000 2020.000000 
-17.400000 -8.080000 -36.020000 -65.389999 -54.950001 0.000000 2026.000000 -7769.000000 2515.000000 2206.000000 -7766.000000 1492.000000 
-17.190001 -8.070000 -36.310001 -64.279999 -52.830002 0.000000 2009.000000 -8012.000000 2298.000000 2188.000000 -7769.000000 1699.000000 
-16.940001 -7.890000 -36.570000 -63.279999 -51.169998 0.000000 2821.000000 -7678.000000 2465.000000 2104.000000 -7673.000000 2420.000000 
-16.520000 -7.620000 -36.860001 -62.380001 -49.910000 0.000000 3002.000000 -7458.000000 1939.000000 2173.000000 -7547.000000 2913.000000 
-15.950000 -7.190000 -37.060001 -61.619999 -48.910000 0.000000 2882.000000 -7145.000000 1342.000000 2226.000000 -7381.000000 3145.000000 
-15.140000 -6.850000 -37.160000 -60.990002 -48.070000 0.000000 2813.000000 -6982.000000 1378.000000 2295.000000 -7063.000000 3330.000000 
-14.020000 -6.660000 -37.230000 -60.419998 -47.419998 0.000000 2688.000000 -6665.000000 998.000000 2696.000000 -6677.000000 3211.000000 
-12.540000 -6.600000 -37.200001 -59.860001 -46.779999 0.000000 2692.000000 -6345.000000 834.000000 3205.000000 -5931.000000 2490.000000 
-10.850000 -6.560000 -37.189999 -59.209999 -46.080002 0.000000 2375.000000 -6150.000000 734.000000 3778.000000 -5291.000000 1791.000000 
-9.080000 -6.470000 -37.189999 -58.400002 -45.369999 0.000000 2397.000000 -5447.000000 510.000000 4139.000000 -4474.000000 1350.000000 
-7.120000 -6.360000 -37.240002 -57.400002 -44.720001 0.000000 2310.000000 -4831.000000 239.000000 4351.000000 -3702.000000 1237.000000 
-4.850000 -6.230000 -37.310001 -56.220001 -44.040001 0.000000 2140.000000 -4089.000000 -215.000000 4219.000000 -2828.000000 1149.000000 
-2.380000 -6.070000 -37.430000 -54.919998 -43.299999 0.000000 1933.000000 -3378.000000 -841.000000 3524.000000 -2193.000000 1145.000000 
0.100000 -5.870000 -37.549999 -53.549999 -42.570000 0.000000 1951.000000 -2774.000000 -1237.000000 2686.000000 -1642.000000 1148.000000 
2.500000 -5.600000 -37.650002 -52.110001 -41.770000 0.000000 2342.000000 -2016.000000 -1421.000000 2408.000000 -1021.000000 1163.000000 
4.770000 -5.290000 -37.759998 -50.619999 -40.849998 0.000000 2652.000000 -1421.000000 -1409.000000 2718.000000 -347.000000 1278.000000 
6.970000 -4.940000 -37.900002 -49.099998 -39.900002 0.000000 2804.000000 -794.000000 -1636.000000 3194.000000 253.000000 1356.000000 
9.110000 -4.630000 -38.110001 -47.529999 -38.959999 0.000000 2849.000000 -301.000000 -1792.000000 3437.000000 650.000000 1511.000000 
11.210000 -4.320000 -38.389999 -45.910000 -38.049999 0.000000 2828.000000 250.000000 -2114.000000 3449.000000 1059.000000 1745.000000 
13.290000 -4.020000 -38.779999 -44.360001 -37.160000 0.000000 2557.000000 709.000000 -2683.000000 3291.000000 1447.000000 1689.000000 
15.300000 -3.740000 -39.320000 -42.980000 -36.220001 0.000000 1948.000000 1112.000000 -3005.000000 2856.000000 1839.000000 1427.000000 
17.240000 -3.500000 -40.029999 -41.810001 -35.220001 0.000000 1409.000000 1466.000000 -2870.000000 2415.000000 2216.000000 1068.000000 
19.040001 -3.370000 -40.939999 -40.900002 -34.200001 0.000000 924.000000 1509.000000 -2319.000000 1899.000000 2568.000000 535.000000 
20.700001 -3.450000 -42.040001 -40.029999 -33.230000 0.000000 535.000000 1588.000000 -1558.000000 1408.000000 2846.000000 -40.000000 
22.160000 -3.660000 -43.320000 -39.049999 -32.430000 0.000000 297.000000 1451.000000 -737.000000 1174.000000 2889.000000 -236.000000 
23.389999 -3.920000 -44.790001 -38.119999 -31.900000 0.000000 81.000000 1377.000000 -243.000000 1122.000000 2772.000000 -151.000000 
24.400000 -4.120000 -46.439999 -37.470001 -31.650000 0.000000 -25.000000 1260.000000 -89.000000 1125.000000 2443.000000 200.000000 
25.180000 -4.250000 -48.270000 -37.160000 -31.650000 0.000000 -28.000000 1178.000000 -54.000000 801.000000 1961.000000 471.000000 
25.700001 -4.270000 -50.200001 -37.349998 -31.809999 0.000000 -305.000000 883.000000 304.000000 106.000000 1405.000000 611.000000 
25.990000 -4.250000 -52.209999 -38.209999 -32.230000 0.000000 -669.000000 556.000000 652.000000 -780.000000 907.000000 587.000000 
26.080000 -4.310000 -54.259998 -39.709999 -32.950001 0.000000 -1146.000000 178.000000 1233.000000 -1586.000000 614.000000 486.000000 
25.969999 -4.440000 -56.310001 -41.650002 -33.919998 0.000000 -1070.000000 -208.000000 1608.000000 -1838.000000 367.000000 84.000000 
25.559999 -4.510000 -58.330002 -43.900002 -35.230000 0.000000 -990.000000 -708.000000 1986.000000 -2027.000000 -12.000000 -500.000000 
24.820000 -4.480000 -60.230000 -46.290001 -36.900002 0.000000 -718.000000 -1203.000000 2489.000000 -2207.000000 -618.000000 -851.000000 
23.580000 -4.210000 -61.950001 -48.619999 -39.020000 0.000000 -540.000000 -1736.000000 3084.000000 -2164.000000 -1491.000000 -688.000000 
21.670000 -3.770000 -63.450001 -50.740002 -41.570000 0.000000 -251.000000 -2077.000000 3572.000000 -2033.000000 -2349.000000 -221.000000 
19.350000 -3.290000 -64.730003 -52.610001 -44.360001 0.000000 35.000000 -2275.000000 3445.000000 -2202.000000 -3069.000000 277.000000 
16.860001 -2.820000 -65.849998 -54.389999 -47.189999 0.000000 -274.000000 -2582.000000 3021.000000 -2265.000000 -3589.000000 875.000000 
14.250000 -2.450000 -66.790001 -56.080002 -49.950001 0.000000 -37.000000 -2921.000000 2691.000000 -2023.000000 -4133.000000 1269.000000 
11.500000 -2.260000 -67.620003 -57.520000 -52.560001 0.000000 590.000000 -3432.000000 3092.000000 -1410.000000 -4719.000000 1533.000000 
8.650000 -2.270000 -68.279999 -58.650002 -54.830002 0.000000 1328.000000 -3813.000000 3614.000000 -1481.000000 -5402.000000 2151.000000 
5.840000 -2.330000 -68.790001 -59.470001 -56.730000 0.000000 1870.000000 -4196.000000 3847.000000 -1280.000000 -5973.000000 2540.000000 
3.160000 -2.250000 -69.169998 -60.040001 -58.360001 0.000000 2091.000000 -4456.000000 3762.000000 -873.000000 -6235.000000 2482.000000 
0.650000 -1.990000 -69.419998 -60.400002 -59.840000 0.000000 2635.000000 -4474.000000 3351.000000 -355.000000 -6246.000000 2312.000000 
-1.610000 -1.570000 -69.599998 -60.939999 -61.230000 0.000000 2671.000000 -4440.000000 2660.000000 -188.000000 -6084.000000 2068.000000 
-3.620000 -1.100000 -69.699997 -61.730000 -62.540001 0.000000 2071.000000 -4612.000000 2246.000000 -512.000000 -5993.000000 1744.000000 
-5.460000 -0.730000 -69.639999 -62.730000 -63.759998 0.000000 1238.000000 -4777.000000 1895.000000 -650.000000 -5742.000000 1335.000000 
-7.310000 -0.670000 -69.529999 -63.490002 -64.959999 0.000000 1268.000000 -5073.000000 2787.000000 1013.000000 -5546.000000 1007.000000 
-9.190000 -0.650000 -69.529999 -64.010002 -66.160004 0.000000 1066.000000 -5422.000000 3411.000000 2679.000000 -5380.000000 885.000000 
-10.990000 -0.640000 -69.669998 -64.570000 -67.400002 0.000000 1354.000000 -5491.000000 2688.000000 1948.000000 -5589.000000 630.000000 
-12.610000 -0.630000 -69.889999 -65.230003 -68.699997 0.000000 1571.000000 -5501.000000 1736.000000 671.000000 -6061.000000 699.000000 
-14.080000 -0.710000 -70.080002 -65.849998 -70.010002 0.000000 1742.000000 -5501.000000 1736.000000 255.000000 -6361.000000 1040.000000 
-15.430000 -0.970000 -70.209999 -66.269997 -71.260002 0.000000 1420.000000 -5557.000000 2465.000000 225.000000 -6429.000000 1398.000000 
-16.620001 -1.270000 -70.239998 -66.529999 -72.389999 0.000000 1252.000000 -5570.000000 2685.000000 168.000000 -6418.000000 1522.000000 
-17.690001 -1.490000 -70.180000 -66.709999 -73.370003 0.000000 950.000000 -5598.000000 2722.000000 -169.000000 -6427.000000 1435.000000 
-18.670000 -1.660000 -70.029999 -66.699997 -74.180000 0.000000 853.000000 -5530.000000 2823.000000 -139.000000 -6362.000000 1400.000000 
-19.540001 -1.820000 -69.860001 -66.500000 -74.879997 0.000000 1128.000000 -5464.000000 2834.000000 450.000000 -6127.000000 1309.000000 
-20.330000 -1.830000 -69.720001 -66.360001 -75.489998 0.000000 1360.000000 -5269.000000 2399.000000 965.000000 -5875.000000 1255.000000 
-20.950001 -1.450000 -69.480003 -66.389999 -76.059998 0.000000 1630.000000 -4999.000000 1582.000000 900.000000 -5606.000000 1022.000000 
-21.469999 -1.080000 -69.269997 -66.610001 -76.589996 0.000000 1376.000000 -4744.000000 774.000000 1145.000000 -5183.000000 810.000000 
-21.830000 -0.780000 -69.059998 -67.029999 -77.220001 0.000000 983.000000 -4595.000000 515.000000 1298.000000 -4684.000000 263.000000 
-22.110001 -0.820000 -68.849998 -67.580002 -77.980003 0.000000 932.000000 -4498.000000 837.000000 1291.000000 -4379.000000 -245.000000 
-22.200001 -1.310000 -68.599998 -68.160004 -78.959999 0.000000 1139.000000 -4546.000000 1208.000000 1265.000000 -4333.000000 -475.000000 
-22.250000 -2.170000 -68.320000 -67.820000 -80.110001 0.000000 996.000000 -5578.000000 4354.000000 1290.000000 -4685.000000 -306.000000 
-22.129999 -3.020000 -68.139999 -67.820000 -81.320000 0.000000 1580.000000 -5780.000000 2148.000000 542.000000 -6022.000000 118.000000 
-21.900000 -3.380000 -68.129997 -67.529999 -82.480003 0.000000 2192.000000 -6250.000000 2582.000000 -150.000000 -7020.000000 869.000000 
-22.280001 -2.560000 -68.169998 -67.430000 -83.120003 0.000000 1567.000000 -4866.000000 1057.000000 1005.000000 -6525.000000 1726.000000 
-22.420000 -1.030000 -68.139999 -67.720001 -83.610001 0.000000 1383.000000 -4255.000000 131.000000 2063.000000 -5309.000000 2186.000000 
-22.480000 0.160000 -67.930000 -68.120003 -83.860001 0.000000 1486.000000 -3685.000000 -15.000000 1716.000000 -4281.000000 1513.000000 
-22.240000 0.620000 -67.650002 -68.019997 -84.430000 0.000000 -48.000000 -3717.000000 1679.000000 1080.000000 -3475.000000 -135.000000 
-21.530001 0.540000 -67.330002 -68.269997 -85.139999 0.000000 854.000000 -3713.000000 788.000000 713.000000 -3140.000000 -1294.000000 
-21.129999 0.280000 -67.070000 -68.620003 -86.019997 0.000000 934.000000 -3703.000000 770.000000 908.000000 -3287.000000 -1285.000000 
-20.820000 -0.260000 -66.830002 -68.940002 -87.070000 0.000000 913.000000 -3774.000000 1111.000000 597.000000 -3669.000000 -655.000000 
-20.459999 -0.960000 -66.540001 -69.139999 -87.239998 0.000000 -139.000000 -3977.000000 1546.000000 932.000000 -4678.000000 2312.000000 
-20.350000 -1.600000 -66.320000 -69.470001 -86.900002 0.000000 1259.000000 -3866.000000 908.000000 224.000000 -4549.000000 1422.000000 
-20.040001 -2.070000 -66.099998 -69.620003 -87.110001 0.000000 1520.000000 -3946.000000 1180.000000 1016.000000 -4037.000000 -340.000000 
-19.780001 -2.490000 -65.910004 -69.730003 -86.949997 0.000000 1357.000000 -3841.000000 1102.000000 1109.000000 -4103.000000 291.000000 
-19.680000 -2.610000 -65.730003 -69.900002 -87.040001 0.000000 1033.000000 -3752.000000 834.000000 855.000000 -3719.000000 -368.000000 
-19.719999 -2.410000 -65.550003 -70.050003 -87.150002 0.000000 1048.000000 -3832.000000 803.000000 882.000000 -3755.000000 -308.000000 
-19.910000 -2.390000 -65.379997 -70.169998 -87.209999 0.000000 1176.000000 -3816.000000 796.000000 1075.000000 -3994.000000 13.000000 
-20.170000 -2.430000 -65.250000 -70.290001 -87.279999 0.000000 1216.000000 -3878.000000 786.000000 1184.000000 -3956.000000 29.000000 
-20.400000 -2.280000 -65.139999 -70.410004 -87.419998 0.000000 1114.000000 -3914.000000 856.000000 1254.000000 -3924.000000 -178.000000 
-20.490000 -2.260000 -65.040001 -70.580002 -87.449997 0.000000 1346.000000 -3891.000000 775.000000 1176.000000 -3991.000000 -30.000000 
-20.389999 -2.190000 -64.949997 -70.739998 -87.419998 0.000000 1264.000000 -3862.000000 835.000000 1034.000000 -4047.000000 34.000000 
-20.160000 -2.320000 -64.919998 -70.839996 -87.430000 0.000000 1284.000000 -3857.000000 950.000000 869.000000 -4029.000000 -73.000000 
