6.540000 6.990000 88.940002 -144.000000 709.000000 3922.000000
6.830000 6.430000 87.769997 -107.000000 569.000000 3856.000000
7.050000 5.850000 86.540001 -46.000000 450.000000 3855.000000
7.200000 5.300000 85.300003 -73.000000 323.000000 3833.000000
7.290000 4.850000 84.110001 -141.000000 249.000000 3760.000000
7.360000 4.480000 82.900002 -324.000000 240.000000 3834.000000
7.390000 4.150000 81.660004 -508.000000 148.000000 3836.000000
7.390000 3.830000 80.449997 -624.000000 77.000000 3969.000000
7.350000 3.470000 79.260002 -722.000000 -59.000000 4003.000000
7.300000 3.090000 78.129997 -788.000000 -141.000000 4152.000000
7.230000 2.650000 77.019997 -785.000000 -201.000000 4246.000000
7.150000 2.180000 75.970001 -680.000000 -140.000000 4271.000000
7.050000 1.750000 74.949997 -625.000000 -150.000000 4326.000000
6.960000 1.380000 74.019997 -743.000000 -170.000000 4367.000000
6.850000 1.040000 73.160004 -653.000000 -234.000000 4212.000000
6.720000 0.710000 72.309998 -608.000000 -289.000000 4298.000000
6.580000 0.440000 71.559998 -579.000000 -305.000000 4252.000000
6.410000 0.200000 70.870003 -447.000000 -378.000000 4202.000000
6.250000 0.040000 70.220001 -458.000000 -288.000000 4105.000000
6.100000 -0.060000 69.599998 -461.000000 -188.000000 4015.000000
5.900000 -0.100000 69.089996 -468.000000 -224.000000 3906.000000
5.680000 -0.070000 68.639999 -376.000000 -154.000000 3728.000000
5.470000 0.000000 68.209999 -368.000000 -99.000000 3647.000000
5.250000 0.110000 67.849998 -384.000000 -58.000000 3656.000000
5.010000 0.230000 67.519997 -421.000000 -120.000000 3715.000000
4.800000 0.380000 67.250000 -653.000000 -104.000000 3781.000000
4.570000 0.430000 66.980003 -464.000000 -139.000000 4969.000000
4.380000 0.460000 66.750000 -416.000000 3.000000 3955.000000
4.140000 0.380000 66.510002 -143.000000 -1.000000 3956.000000
3.910000 0.330000 66.290001 -125.000000 -17.000000 3818.000000
3.670000 0.410000 66.139999 -148.000000 20.000000 3734.000000
3.450000 0.590000 66.010002 -279.000000 8.000000 3700.000000
3.260000 0.860000 65.919998 -541.000000 48.000000 3602.000000
3.130000 1.110000 65.849998 -639.000000 167.000000 3587.000000
3.010000 1.310000 65.809998 -892.000000 203.000000 3574.000000
2.840000 1.390000 65.750000 -714.000000 67.000000 3528.000000
2.570000 1.040000 65.660004 134.000000 -96.000000 4276.000000
2.500000 0.710000 65.519997 113.000000 238.000000 4076.000000
2.530000 0.500000 65.389999 -8.000000 484.000000 3981.000000
2.550000 0.210000 65.239998 134.000000 462.000000 3942.000000
2.520000 -0.240000 65.099998 561.000000 465.000000 4026.000000
2.500000 -0.730000 64.940002 609.000000 510.000000 4154.000000
2.520000 -1.190000 64.709999 480.000000 564.000000 4395.000000
2.320000 -1.690000 64.529999 1133.000000 -343.000000 5033.000000
2.360000 -1.870000 64.379997 360.000000 522.000000 5121.000000
2.250000 -1.620000 64.190002 -170.000000 66.000000 5051.000000
2.120000 -1.290000 64.040001 -403.000000 -53.000000 4562.000000
2.090000 -0.970000 63.930000 -511.000000 172.000000 4398.000000
2.240000 -0.850000 63.830002 -253.000000 487.000000 4269.000000
2.400000 -0.880000 63.720001 -65.000000 408.000000 4345.000000
2.610000 -1.010000 63.660000 66.000000 469.000000 4382.000000
2.820000 -1.260000 63.599998 245.000000 491.000000 4296.000000
3.040000 -1.610000 63.580002 605.000000 642.000000 4204.000000
3.220000 -1.980000 63.590000 737.000000 613.000000 4166.000000
3.330000 -2.350000 63.599998 747.000000 354.000000 4131.000000
3.400000 -2.620000 63.630001 520.000000 264.000000 3990.000000
3.570000 -2.640000 63.630001 5.000000 450.000000 3537.000000
3.700000 -3.000000 63.619999 675.000000 438.000000 3918.000000
3.780000 -3.400000 63.590000 1023.000000 393.000000 3994.000000
3.780000 -3.630000 63.509998 596.000000 250.000000 4469.000000
3.710000 -3.550000 63.419998 216.000000 187.000000 3938.000000
3.490000 -3.330000 63.430000 -98.000000 -98.000000 3824.000000
3.320000 -3.120000 63.529999 -247.000000 36.000000 3365.000000
3.180000 -3.110000 63.490002 82.000000 119.000000 3571.000000
3.100000 -3.100000 63.500000 -195.000000 257.000000 4076.000000
2.970000 -3.190000 63.529999 -76.000000 147.000000 4091.000000
2.830000 -3.380000 63.520000 73.000000 150.000000 3637.000000
2.700000 -3.560000 63.540001 -61.000000 173.000000 4053.000000
2.620000 -3.800000 63.599998 -128.000000 244.000000 4204.000000
2.550000 -4.260000 63.650002 264.000000 233.000000 4395.000000
2.400000 -4.850000 63.759998 501.000000 132.000000 4339.000000
2.270000 -5.470000 63.869999 799.000000 152.000000 4614.000000
2.070000 -5.940000 64.059998 781.000000 5.000000 4730.000000
1.940000 -6.300000 64.220001 790.000000 102.000000 4581.000000
1.900000 -6.530000 64.389999 670.000000 281.000000 4043.000000
1.870000 -6.690000 64.639999 707.000000 359.000000 3962.000000
1.840000 -6.710000 64.839996 444.000000 333.000000 3893.000000
1.770000 -6.770000 65.059998 525.000000 261.000000 3903.000000
1.590000 -6.930000 65.309998 673.000000 104.000000 4018.000000
1.370000 -7.000000 65.540001 536.000000 12.000000 4082.000000
1.130000 -7.190000 65.760002 816.000000 -72.000000 4316.000000
0.920000 -7.390000 65.970001 872.000000 -38.000000 4173.000000
0.740000 -7.530000 66.150002 902.000000 -15.000000 4034.000000
0.600000 -7.580000 66.269997 766.000000 54.000000 3992.000000
0.460000 -7.480000 66.400002 602.000000 17.000000 3948.000000
0.320000 -7.370000 66.529999 652.000000 5.000000 4041.000000
0.180000 -7.280000 66.580002 641.000000 -41.000000 4085.000000
0.110000 -7.140000 66.620003 533.000000 22.000000 4079.000000
0.020000 -7.060000 66.669998 651.000000 -13.000000 4163.000000
-0.090000 -6.980000 66.639999 705.000000 -115.000000 4288.000000
-0.200000 -6.810000 66.599998 675.000000 -177.000000 4322.000000
-0.280000 -6.430000 66.599998 432.000000 -200.000000 4454.000000
-0.320000 -5.950000 66.559998 62.000000 -318.000000 4569.000000
-0.310000 -5.540000 66.459999 232.000000 -348.000000 4847.000000
-0.250000 -5.180000 66.379997 402.000000 -346.000000 4902.000000
-0.120000 -4.860000 66.230003 602.000000 -285.000000 4981.000000
0.120000 -4.480000 66.019997 720.000000 -148.000000 4984.000000
0.400000 -3.960000 65.790001 725.000000 -153.000000 4921.000000
0.780000 -3.280000 65.550003 936.000000 18.000000 4814.000000
1.200000 -2.260000 65.300003 606.000000 105.000000 4731.000000
1.640000 -0.800000 64.980003 124.000000 90.000000 4512.000000
2.090000 0.900000 64.720001 -78.000000 98.000000 4418.000000
2.540000 2.710000 64.489998 -187.000000 89.000000 4434.000000
2.960000 4.620000 64.349998 -383.000000 7.000000 4182.000000
3.380000 6.470000 64.139999 -363.000000 -41.000000 3921.000000
3.860000 8.260000 64.000000 -326.000000 46.000000 3807.000000
4.460000 10.050000 63.980000 -146.000000 242.000000 3681.000000
5.090000 12.020000 64.040001 -216.000000 360.000000 3513.000000
5.770000 14.370000 64.199997 -646.000000 478.000000 3242.000000
6.410000 17.080000 64.519997 -1155.000000 604.000000 2896.000000
7.020000 20.000000 64.970001 -1576.000000 746.000000 2447.000000
7.580000 23.049999 65.519997 -1940.000000 693.000000 2195.000000
8.100000 26.170000 66.169998 -2245.000000 674.000000 1992.000000
8.620000 29.299999 66.900002 -2497.000000 691.000000 1945.000000
9.160000 32.380001 67.720001 -2624.000000 661.000000 1929.000000
9.730000 35.389999 68.639999 -2718.000000 715.000000 1946.000000
10.360000 38.310001 69.699997 -2782.000000 813.000000 1884.000000
11.060000 41.160000 70.889999 -2729.000000 849.000000 1820.000000
11.870000 43.939999 72.250000 -2636.000000 954.000000 1749.000000
12.810000 46.660000 73.800003 -2313.000000 1017.000000 1742.000000
13.950000 49.369999 75.610001 -1899.000000 1187.000000 1702.000000
15.280000 52.259998 77.730003 -1859.000000 1355.000000 1439.000000
16.820000 55.389999 80.220001 -2169.000000 1442.000000 1035.000000
18.629999 58.680000 83.139999 -2590.000000 1376.000000 736.000000
20.830000 62.040001 86.550003 -3155.000000 1246.000000 446.000000
23.639999 65.379997 90.669998 -3667.000000 1140.000000 212.000000
27.290001 68.550003 95.650002 -4181.000000 1116.000000 4.000000
32.040001 71.430000 101.720001 -4666.000000 1046.000000 -141.000000
38.070000 73.910004 109.019997 -5086.000000 897.000000 169.000000
45.779999 75.970001 117.930000 -5235.000000 794.000000 -96.000000
54.869999 77.489998 128.080002 -5544.000000 661.000000 11.000000
64.620003 78.489998 138.729996 -5647.000000 525.000000 134.000000
74.160004 79.040001 149.039993 -5249.000000 538.000000 175.000000
82.949997 79.260002 158.550003 -4710.000000 593.000000 42.000000
90.639999 79.250000 166.960007 -4344.000000 730.000000 104.000000
97.260002 79.099998 174.300003 -4029.000000 732.000000 354.000000
103.040001 78.860001 -179.169998 -4108.000000 770.000000 584.000000
108.309998 78.570000 -173.100006 -4486.000000 671.000000 656.000000
113.120003 78.199997 -167.479996 -4653.000000 645.000000 481.000000
117.260002 77.820000 -162.559998 -4640.000000 534.000000 236.000000
120.680000 77.430000 -158.389999 -4531.000000 464.000000 -24.000000
123.480003 77.040001 -154.850006 -4229.000000 374.000000 -224.000000
126.019997 76.610001 -151.570007 -3781.000000 422.000000 -532.000000
128.309998 76.209999 -148.539993 -3850.000000 442.000000 -423.000000
130.360001 75.830002 -145.729996 -4081.000000 492.000000 -485.000000
132.110001 75.540001 -143.240005 -4143.000000 301.000000 -379.000000
133.630005 75.279999 -141.020004 -3834.000000 279.000000 -221.000000
135.160004 74.980003 -138.830002 -3671.000000 364.000000 -196.000000
136.880005 74.610001 -136.429993 -3690.000000 333.000000 -356.000000
138.649994 74.209999 -133.960007 -3862.000000 257.000000 -312.000000
140.479996 73.690002 -131.440002 -3816.000000 377.000000 -559.000000
142.320007 73.139999 -128.889999 -3850.000000 217.000000 -723.000000
143.949997 72.489998 -126.570000 -3879.000000 402.000000 -920.000000
145.399994 71.809998 -124.440002 -3772.000000 526.000000 -916.000000
146.710007 71.190002 -122.500000 -3900.000000 517.000000 -762.000000
147.899994 70.660004 -120.709999 -4038.000000 391.000000 -604.000000
148.850006 70.230003 -119.209999 -3943.000000 366.000000 -383.000000
149.830002 69.800003 -117.750000 -3832.000000 327.000000 -393.000000
150.830002 69.339996 -116.320000 -3913.000000 328.000000 -430.000000
151.880005 68.760002 -114.879997 -3747.000000 408.000000 -844.000000
152.860001 68.070000 -113.519997 -3595.000000 499.000000 -1064.000000
153.850006 67.400002 -112.169998 -3898.000000 458.000000 -1338.000000
154.809998 66.900002 -110.889999 -4352.000000 164.000000 -1280.000000
155.500000 66.519997 -109.930000 -4081.000000 348.000000 -1217.000000
155.970001 66.199997 -109.260002 -3895.000000 538.000000 -1170.000000
156.330002 66.000000 -108.750000 -3804.000000 582.000000 -874.000000
156.779999 65.730003 -108.150002 -3552.000000 547.000000 -1109.000000
157.330002 65.580002 -107.459999 -3828.000000 345.000000 -856.000000
157.899994 65.410004 -106.769997 -3898.000000 434.000000 -955.000000
158.399994 65.169998 -106.180000 -3802.000000 567.000000 -1188.000000
158.869995 64.930000 -105.660004 -3699.000000 530.000000 -1186.000000
159.330002 64.610001 -105.150002 -3494.000000 560.000000 -1329.000000
159.800003 64.290001 -104.639999 -3426.000000 536.000000 -1282.000000
160.360001 63.970001 -104.029999 -3530.000000 503.000000 -1335.000000
160.990005 63.650002 -103.330002 -3794.000000 432.000000 -1380.000000
161.630005 63.310001 -102.629997 -3965.000000 420.000000 -1446.000000
162.250000 62.910000 -101.949997 -3940.000000 415.000000 -1640.000000
162.789993 62.459999 -101.360001 -3797.000000 466.000000 -1830.000000
163.309998 61.930000 -100.790001 -3524.000000 444.000000 -2038.000000
163.830002 61.419998 -100.199997 -3659.000000 381.000000 -2099.000000
164.320007 60.980000 -99.620003 -3779.000000 328.000000 -2038.000000
164.779999 60.639999 -99.099998 -3823.000000 323.000000 -2007.000000
165.179993 60.410000 -98.650002 -3779.000000 324.000000 -2013.000000
165.500000 60.250000 -98.300003 -3618.000000 415.000000 -1988.000000
165.759995 60.180000 -98.010002 -3547.000000 435.000000 -1924.000000
166.039993 60.189999 -97.739998 -3545.000000 337.000000 -1832.000000
166.350006 60.240002 -97.419998 -3478.000000 280.000000 -1811.000000
166.649994 60.250000 -97.129997 -3435.000000 314.000000 -1755.000000
166.889999 60.160000 -96.910004 -3425.000000 440.000000 -1824.000000
167.130005 60.000000 -96.669998 -3532.000000 420.000000 -1823.000000
167.380005 59.779999 -96.410004 -3597.000000 414.000000 -1874.000000
167.630005 59.520000 -96.169998 -3662.000000 418.000000 -1908.000000
167.830002 59.240002 -95.959999 -3574.000000 467.000000 -1974.000000
168.000000 58.970001 -95.820000 -3503.000000 503.000000 -1942.000000
168.179993 58.759998 -95.650002 -3538.000000 422.000000 -1872.000000
168.380005 58.610001 -95.500000 -3630.000000 392.000000 -1783.000000
168.589996 58.389999 -95.349998 -3557.000000 418.000000 -1984.000000
168.720001 58.009998 -95.279999 -3307.000000 593.000000 -2206.000000
168.820007 57.549999 -95.209999 -3521.000000 615.000000 -2235.000000
168.929993 57.150002 -95.070000 -3721.000000 502.000000 -2123.000000
169.039993 56.759998 -94.949997 -3540.000000 482.000000 -2132.000000
169.199997 56.439999 -94.830002 -3503.000000 390.000000 -2016.000000
169.320007 56.049999 -94.750000 -3329.000000 495.000000 -2168.000000
169.380005 55.580002 -94.699997 -3209.000000 626.000000 -2334.000000
169.449997 55.090000 -94.639999 -3408.000000 627.000000 -2396.000000
169.490005 54.610001 -94.580002 -3461.000000 658.000000 -2457.000000
169.580002 54.259998 -94.489998 -3703.000000 472.000000 -2519.000000
169.660004 54.060001 -94.419998 -3824.000000 421.000000 -2570.000000
169.679993 53.980000 -94.430000 -3580.000000 488.000000 -2555.000000
169.639999 53.950001 -94.529999 -3456.000000 609.000000 -2745.000000
169.580002 54.020000 -94.660004 -3511.000000 566.000000 -2666.000000
169.500000 54.139999 -94.790001 -3397.000000 528.000000 -2569.000000
169.399994 54.279999 -94.930000 -3331.000000 527.000000 -2495.000000
169.289993 54.389999 -95.089996 -3272.000000 555.000000 -2478.000000
169.149994 54.480000 -95.250000 -3305.000000 547.000000 -2446.000000
168.979996 54.549999 -95.430000 -3308.000000 576.000000 -2325.000000
168.800003 54.590000 -95.610001 -3243.000000 598.000000 -2373.000000
168.649994 54.680000 -95.769997 -3270.000000 479.000000 -2337.000000
168.520004 54.779999 -95.900002 -3297.000000 451.000000 -2445.000000
168.399994 54.930000 -96.040001 -3472.000000 459.000000 -2471.000000
168.259995 55.160000 -96.209999 -3582.000000 463.000000 -2470.000000
168.130005 55.490002 -96.400002 -3578.000000 434.000000 -2369.000000
167.960007 55.840000 -96.639999 -3296.000000 465.000000 -2297.000000
167.750000 56.180000 -96.930000 -3155.000000 506.000000 -2165.000000
167.559998 56.490002 -97.180000 -3338.000000 474.000000 -2115.000000
167.369995 56.790001 -97.410004 -3409.000000 506.000000 -2232.000000
167.179993 57.099998 -97.660004 -3412.000000 539.000000 -2233.000000
166.979996 57.369999 -97.919998 -3105.000000 568.000000 -2222.000000
166.759995 57.660000 -98.199997 -3135.000000 533.000000 -2019.000000
166.559998 57.919998 -98.449997 -3282.000000 523.000000 -1977.000000
166.399994 58.160000 -98.669998 -3364.000000 456.000000 -1919.000000
166.229996 58.310001 -98.879997 -3243.000000 561.000000 -2073.000000
166.070007 58.349998 -99.080002 -3127.000000 628.000000 -2215.000000
165.910004 58.320000 -99.239998 -3174.000000 622.000000 -2244.000000
165.770004 58.290001 -99.370003 -3393.000000 580.000000 -2127.000000
165.660004 58.270000 -99.470001 -3447.000000 586.000000 -2095.000000
165.520004 58.279999 -99.580002 -3337.000000 613.000000 -2053.000000
165.380005 58.279999 -99.720001 -3259.000000 651.000000 -2053.000000
165.259995 58.259998 -99.860001 -3290.000000 633.000000 -2030.000000
165.160004 58.240002 -99.940002 -3414.000000 590.000000 -2066.000000
165.080002 58.259998 -100.000000 -3513.000000 558.000000 -2025.000000
164.990005 58.290001 -100.089996 -3449.000000 603.000000 -2032.000000
164.889999 58.340000 -100.209999 -3388.000000 626.000000 -1992.000000
164.809998 58.389999 -100.320000 -3393.000000 589.000000 -2014.000000
164.729996 58.490002 -100.410004 -3472.000000 579.000000 -2010.000000
164.690002 58.590000 -100.480003 -3423.000000 539.000000 -2030.000000
164.630005 58.720001 -100.570000 -3412.000000 580.000000 -2018.000000
164.580002 58.849998 -100.650002 -3442.000000 584.000000 -2035.000000
164.539993 58.980000 -100.730003 -3493.000000 584.000000 -2050.000000
164.500000 59.099998 -100.800003 -3556.000000 591.000000 -2124.000000
164.479996 59.230000 -100.849998 -3653.000000 580.000000 -2218.000000
164.419998 59.369999 -100.930000 -3775.000000 634.000000 -2260.000000
164.320007 59.549999 -101.040001 -3876.000000 706.000000 -2343.000000
164.089996 59.910000 -101.260002 -3983.000000 768.000000 -2338.000000
163.759995 60.349998 -101.580002 -3986.000000 846.000000 -2361.000000
163.369995 60.860001 -101.980003 -4099.000000 885.000000 -2376.000000
162.860001 61.450001 -102.480003 -4255.000000 927.000000 -2327.000000
162.240005 62.150002 -103.070000 -4339.000000 930.000000 -2358.000000
161.470001 62.970001 -103.830002 -4386.000000 995.000000 -2389.000000
160.500000 63.959999 -104.790001 -4424.000000 1067.000000 -2417.000000
159.279999 65.150002 -106.010002 -4656.000000 1110.000000 -2430.000000
157.729996 66.550003 -107.589996 -4787.000000 1119.000000 -2394.000000
155.669998 68.139999 -109.699997 -4678.000000 1228.000000 -2343.000000
152.949997 69.910004 -112.519997 -4468.000000 1285.000000 -2189.000000
149.309998 71.790001 -116.279999 -4260.000000 1360.000000 -2088.000000
144.389999 73.699997 -121.320000 -4211.000000 1382.000000 -1928.000000
137.720001 75.529999 -128.089996 -4266.000000 1339.000000 -1714.000000
128.529999 77.160004 -137.380005 -4199.000000 1350.000000 -1425.000000
115.849998 78.419998 -150.110001 -3923.000000 1371.000000 -1016.000000
99.959999 79.019997 -165.839996 -3439.000000 1386.000000 -730.000000
83.400002 78.809998 178.070007 -3091.000000 1489.000000 -459.000000
69.120003 77.900002 164.380005 -3102.000000 1453.000000 -110.000000
58.279999 76.570000 154.130005 -3314.000000 1433.000000 86.000000
50.240002 75.019997 146.669998 -3666.000000 1369.000000 151.000000
44.000000 73.309998 140.970001 -3859.000000 1265.000000 218.000000
38.959999 71.410004 136.440002 -3840.000000 1201.000000 322.000000
34.689999 69.330002 132.630005 -3598.000000 1069.000000 561.000000
31.160000 67.099998 129.509995 -3488.000000 1124.000000 733.000000
28.420000 64.720001 127.180000 -3109.000000 1249.000000 568.000000
25.959999 62.189999 125.089996 -3217.000000 1049.000000 1018.000000
23.820000 59.520000 123.230003 -3043.000000 1103.000000 1028.000000
21.870001 56.689999 121.519997 -3072.000000 1014.000000 1152.000000
20.209999 53.689999 120.080002 -2831.000000 1155.000000 1207.000000
18.870001 50.570000 118.989998 -2246.000000 1164.000000 1393.000000
17.639999 47.410000 118.089996 -1948.000000 994.000000 1780.000000
16.459999 44.330002 117.309998 -1907.000000 834.000000 2162.000000
15.390000 41.330002 116.699997 -1740.000000 746.000000 2413.000000
14.430000 38.430000 116.279999 -1483.000000 635.000000 2597.000000
13.580000 35.650002 116.000000 -1338.000000 603.000000 2678.000000
12.790000 32.990002 115.769997 -1544.000000 563.000000 2783.000000
12.030000 30.350000 115.540001 -1789.000000 470.000000 2861.000000
11.330000 27.610001 115.339996 -1938.000000 408.000000 2709.000000
10.670000 24.680000 115.150002 -1784.000000 358.000000 2682.000000
10.030000 21.530001 114.980003 -1286.000000 265.000000 2940.000000
9.400000 18.240000 114.809998 -821.000000 94.000000 3105.000000
8.800000 14.890000 114.680000 -265.000000 -95.000000 3368.000000
8.230000 11.620000 114.660004 193.000000 -253.000000 3728.000000
7.700000 8.600000 114.760002 263.000000 -321.000000 3803.000000
7.190000 5.870000 114.940002 134.000000 -276.000000 3933.000000
6.720000 3.440000 115.199997 -74.000000 -151.000000 3892.000000
6.250000 1.200000 115.510002 110.000000 -58.000000 3837.000000
5.750000 -0.880000 115.889999 389.000000 -88.000000 3766.000000
5.210000 -2.800000 116.330002 803.000000 -184.000000 3662.000000
4.630000 -4.510000 116.790001 866.000000 -302.000000 3546.000000
4.030000 -6.030000 117.269997 733.000000 -369.000000 3649.000000
3.400000 -7.400000 117.779999 570.000000 -486.000000 3778.000000
2.750000 -8.660000 118.309998 442.000000 -598.000000 3937.000000
2.100000 -9.910000 118.820000 651.000000 -649.000000 4101.000000
1.460000 -11.160000 119.309998 1031.000000 -797.000000 4129.000000
0.830000 -12.400000 119.800003 1400.000000 -871.000000 4121.000000
0.230000 -13.550000 120.279999 1673.000000 -921.000000 4088.000000
-0.370000 -14.530000 120.750000 1523.000000 -1020.000000 4051.000000
-0.940000 -15.280000 121.230003 1235.000000 -960.000000 3923.000000
-1.480000 -15.880000 121.699997 1008.000000 -863.000000 3879.000000
-2.000000 -16.379999 122.160004 933.000000 -849.000000 3855.000000
-2.500000 -16.860001 122.599998 910.000000 -834.000000 3814.000000
-2.980000 -17.400000 123.010002 1370.000000 -809.000000 3854.000000
-3.470000 -17.959999 123.379997 1720.000000 -1080.000000 4063.000000
-3.940000 -18.500000 123.730003 1821.000000 -1189.000000 4015.000000
-4.390000 -18.969999 124.070000 1699.000000 -1222.000000 3960.000000
-4.800000 -19.400000 124.400002 1535.000000 -1153.000000 3964.000000
-5.190000 -19.760000 124.750000 1563.000000 -1048.000000 4066.000000
-5.590000 -20.049999 125.110001 1554.000000 -1141.000000 4015.000000
-5.950000 -20.250000 125.459999 1440.000000 -1103.000000 3949.000000
-6.260000 -20.430000 125.809998 1511.000000 -867.000000 3780.000000
-6.550000 -20.660000 126.139999 1788.000000 -733.000000 3842.000000
-6.840000 -20.910000 126.449997 1627.000000 -900.000000 3824.000000
-7.090000 -21.209999 126.739998 1489.000000 -921.000000 3937.000000
-7.330000 -21.570000 127.019997 1443.000000 -1041.000000 4091.000000
-7.550000 -21.990000 127.330002 1409.000000 -1208.000000 4059.000000
-7.680000 -22.510000 127.610001 1800.000000 -1027.000000 4213.000000
-7.750000 -23.070000 127.860001 2123.000000 -916.000000 4484.000000
-7.810000 -23.549999 128.110001 2132.000000 -856.000000 4134.000000
-7.820000 -23.910000 128.339996 2493.000000 -705.000000 4080.000000
-7.780000 -24.100000 128.479996 2590.000000 -443.000000 4100.000000
-7.770000 -24.049999 128.630005 1810.000000 -771.000000 3847.000000
-7.740000 -23.910000 128.759995 1472.000000 -696.000000 3642.000000
-7.680000 -23.870001 128.869995 1692.000000 -532.000000 3632.000000
-7.650000 -23.900000 128.970001 1916.000000 -435.000000 3602.000000
-7.610000 -23.930000 129.050003 2001.000000 -341.000000 3496.000000
-7.590000 -23.900000 129.100006 1973.000000 -277.000000 3472.000000
-7.600000 -23.740000 129.139999 1770.000000 -346.000000 3555.000000
-7.650000 -23.500000 129.199997 1378.000000 -480.000000 3571.000000
-7.710000 -23.309999 129.259995 1504.000000 -437.000000 3773.000000
-7.790000 -23.190001 129.300003 1859.000000 -549.000000 3981.000000
-7.870000 -23.059999 129.330002 1869.000000 -601.000000 4037.000000
-7.910000 -22.920000 129.339996 1524.000000 -570.000000 3953.000000
-7.930000 -22.799999 129.369995 1442.000000 -416.000000 3921.000000
-7.980000 -22.709999 129.410004 1729.000000 -439.000000 4029.000000
-8.040000 -22.549999 129.449997 1589.000000 -603.000000 3977.000000
-8.090000 -22.340000 129.500000 1369.000000 -621.000000 3793.000000
-8.110000 -22.190001 129.529999 1572.000000 -461.000000 3770.000000
-8.130000 -22.070000 129.559998 1626.000000 -396.000000 3721.000000
-8.140000 -21.920000 129.580002 1484.000000 -384.000000 3817.000000
-8.160000 -21.760000 129.610001 1487.000000 -358.000000 3930.000000
-8.210000 -21.559999 129.630005 1578.000000 -388.000000 4047.000000
-8.300000 -21.290001 129.660004 1716.000000 -486.000000 4135.000000
-8.400000 -20.940001 129.679993 1702.000000 -603.000000 4160.000000
-8.470000 -20.540001 129.699997 1505.000000 -598.000000 3889.000000
-8.500000 -20.180000 129.699997 1288.000000 -560.000000 3797.000000
-8.500000 -19.930000 129.690002 1201.000000 -555.000000 3728.000000
-8.500000 -19.809999 129.690002 1343.000000 -622.000000 3778.000000
-8.500000 -19.740000 129.710007 1450.000000 -647.000000 3782.000000
-8.490000 -19.670000 129.729996 1541.000000 -590.000000 3736.000000
-8.480000 -19.590000 129.729996 1639.000000 -532.000000 3618.000000
-8.440000 -19.450001 129.720001 1464.000000 -388.000000 3951.000000
-8.390000 -19.320000 129.690002 1762.000000 -314.000000 4022.000000
-8.350000 -19.139999 129.649994 1650.000000 -415.000000 3949.000000
-8.350000 -18.879999 129.610001 1196.000000 -681.000000 3835.000000
-8.280000 -18.650000 129.559998 990.000000 -526.000000 3983.000000
-8.240000 -18.540001 129.509995 1285.000000 -825.000000 4384.000000
-8.130000 -18.420000 129.500000 1010.000000 -378.000000 4034.000000
-8.010000 -18.299999 129.470001 847.000000 -386.000000 4086.000000
-7.960000 -18.200001 129.490005 950.000000 -562.000000 3952.000000
-7.910000 -18.120001 129.529999 1087.000000 -471.000000 3865.000000
-7.880000 -18.059999 129.559998 1260.000000 -598.000000 3977.000000
-7.860000 -18.010000 129.600006 1271.000000 -634.000000 4015.000000
-7.810000 -17.950001 129.660004 1144.000000 -597.000000 4029.000000
-7.760000 -17.940001 129.729996 1274.000000 -563.000000 3997.000000
-7.690000 -17.990000 129.800003 1478.000000 -492.000000 3869.000000
-7.610000 -18.030001 129.860001 1404.000000 -426.000000 3747.000000
-7.540000 -18.100000 129.910004 1580.000000 -368.000000 3640.000000
-7.480000 -18.170000 129.940002 1704.000000 -380.000000 3727.000000
-7.450000 -18.209999 129.949997 1688.000000 -508.000000 3826.000000
-7.430000 -18.230000 129.919998 1905.000000 -577.000000 4021.000000
-7.410000 -18.209999 129.860001 2033.000000 -730.000000 4151.000000
-7.380000 -18.090000 129.759995 1926.000000 -916.000000 4380.000000
-7.340000 -17.889999 129.630005 1904.000000 -1130.000000 4431.000000
-7.300000 -17.590000 129.470001 1721.000000 -1296.000000 4278.000000
-7.240000 -17.240000 129.270004 1753.000000 -1540.000000 4302.000000
-7.140000 -16.850000 129.039993 1481.000000 -1700.000000 4297.000000
-7.020000 -16.440001 128.800003 1422.000000 -1985.000000 4269.000000
-6.860000 -16.040001 128.500000 2122.000000 -2561.000000 4495.000000
-6.610000 -15.490000 128.149994 1841.000000 -2590.000000 4447.000000
-6.260000 -14.780000 127.750000 1543.000000 -2588.000000 4452.000000
-5.820000 -14.060000 127.330002 1830.000000 -2498.000000 4641.000000
-5.310000 -13.310000 126.879997 1975.000000 -2550.000000 4641.000000
-4.730000 -12.470000 126.400002 2137.000000 -2548.000000 4605.000000
-4.070000 -11.490000 125.889999 2209.000000 -2455.000000 4525.000000
-3.360000 -10.320000 125.349998 2259.000000 -2269.000000 4334.000000
-2.630000 -8.920000 124.820000 1923.000000 -2199.000000 4187.000000
-1.910000 -7.340000 124.309998 1454.000000 -2071.000000 3795.000000
-1.160000 -5.690000 123.800003 1106.000000 -1879.000000 3626.000000
-0.410000 -4.050000 123.279999 836.000000 -1658.000000 3424.000000
0.320000 -2.460000 122.739998 624.000000 -1511.000000 3232.000000
1.030000 -0.920000 122.190002 209.000000 -1320.000000 3109.000000
1.720000 0.600000 121.629997 -39.000000 -1007.000000 2863.000000
2.390000 2.090000 121.050003 -303.000000 -710.000000 2722.000000
3.010000 3.490000 120.430000 -510.000000 -583.000000 2790.000000
3.550000 4.790000 119.739998 -574.000000 -547.000000 2666.000000
4.000000 5.990000 119.000000 -640.000000 -588.000000 2565.000000
4.380000 7.120000 118.220001 -768.000000 -568.000000 2527.000000
4.740000 8.180000 117.410004 -858.000000 -364.000000 2601.000000
5.100000 9.200000 116.559998 -1175.000000 -23.000000 2813.000000
5.440000 10.110000 115.639999 -1579.000000 247.000000 2900.000000
5.720000 10.880000 114.660004 -1840.000000 457.000000 2957.000000
5.920000 11.490000 113.610001 -2026.000000 517.000000 3012.000000
6.060000 11.920000 112.489998 -2037.000000 614.000000 2951.000000
6.110000 12.170000 111.290001 -1825.000000 624.000000 3063.000000
6.090000 12.260000 110.029999 -1668.000000 515.000000 3209.000000
6.020000 12.230000 108.709999 -1687.000000 451.000000 3330.000000
5.950000 12.110000 107.370003 -1725.000000 662.000000 3550.000000
5.870000 11.930000 106.029999 -1824.000000 951.000000 3629.000000
5.760000 11.740000 104.709999 -2014.000000 1167.000000 3697.000000
5.600000 11.590000 103.419998 -2195.000000 1328.000000 3614.000000
5.400000 11.460000 102.160004 -2272.000000 1456.000000 3700.000000
5.180000 11.330000 100.930000 -2318.000000 1524.000000 3714.000000
4.920000 11.190000 99.760002 -1884.000000 1480.000000 3719.000000
4.630000 11.090000 98.639999 -1745.000000 1273.000000 3804.000000
4.340000 11.040000 97.580002 -1907.000000 1278.000000 3834.000000
4.100000 11.030000 96.589996 -1885.000000 1517.000000 3733.000000
3.890000 11.050000 95.680000 -1884.000000 1685.000000 3715.000000
3.700000 11.070000 94.820000 -2025.000000 1658.000000 3841.000000
3.530000 11.050000 94.099998 -1877.000000 1734.000000 3725.000000
3.400000 10.990000 93.440002 -1674.000000 1795.000000 3692.000000
3.270000 10.920000 92.849998 -1543.000000 1769.000000 3680.000000
3.150000 10.870000 92.309998 -1510.000000 1760.000000 3569.000000
3.050000 10.820000 91.830002 -1388.000000 1832.000000 3531.000000
2.960000 10.780000 91.389999 -1318.000000 1766.000000 3619.000000
2.860000 10.730000 90.989998 -1203.000000 1625.000000 3763.000000
2.760000 10.720000 90.610001 -1059.000000 1446.000000 3861.000000
2.670000 10.710000 90.260002 -1114.000000 1257.000000 4126.000000
2.590000 10.700000 89.910004 -1372.000000 1030.000000 4334.000000
2.520000 10.620000 89.589996 -1263.000000 938.000000 4322.000000
2.460000 10.470000 89.309998 -1261.000000 793.000000 4495.000000
2.440000 10.230000 89.040001 -1208.000000 710.000000 4587.000000
2.450000 9.890000 88.790001 -898.000000 608.000000 4459.000000
2.470000 9.470000 88.540001 -449.000000 563.000000 4454.000000
2.490000 9.090000 88.300003 -304.000000 430.000000 4258.000000
2.520000 8.810000 88.089996 -376.000000 420.000000 4127.000000
2.560000 8.610000 87.900002 -408.000000 498.000000 4082.000000
2.590000 8.470000 87.739998 -371.000000 524.000000 4144.000000
2.620000 8.390000 87.599998 -411.000000 539.000000 4073.000000
2.640000 8.330000 87.510002 -313.000000 590.000000 4132.000000
2.660000 8.270000 87.440002 -155.000000 664.000000 4077.000000
2.680000 8.210000 87.379997 8.000000 774.000000 3955.000000
2.670000 8.190000 87.339996 -104.000000 735.000000 3843.000000
2.620000 8.230000 87.339996 -352.000000 649.000000 3696.000000
2.550000 8.310000 87.370003 -553.000000 658.000000 3693.000000
2.420000 8.380000 87.419998 -1296.000000 375.000000 4002.000000
2.300000 8.310000 87.470001 -1507.000000 390.000000 4054.000000
2.190000 8.040000 87.620003 -1088.000000 535.000000 4402.000000
2.120000 7.650000 87.839996 -470.000000 711.000000 4752.000000
2.060000 7.200000 88.029999 106.000000 632.000000 4912.000000
1.930000 6.810000 88.239998 966.000000 257.000000 5945.000000
1.900000 6.650000 88.489998 594.000000 472.000000 5402.000000
1.890000 6.610000 88.750000 588.000000 318.000000 5227.000000
1.930000 6.660000 88.959999 621.000000 439.000000 4486.000000
1.950000 6.900000 89.150002 120.000000 166.000000 3969.000000
1.900000 7.330000 89.339996 -419.000000 -140.000000 3585.000000
1.810000 7.820000 89.510002 -980.000000 -409.000000 3491.000000
1.710000 8.180000 89.680000 -1077.000000 -526.000000 3660.000000
1.640000 8.350000 89.849998 -814.000000 -405.000000 3951.000000
1.600000 8.330000 90.029999 -431.000000 -284.000000 4029.000000
1.580000 8.200000 90.209999 -145.000000 -187.000000 4165.000000
1.590000 8.060000 90.370003 70.000000 -14.000000 4281.000000
1.640000 8.000000 90.529999 38.000000 179.000000 4301.000000
1.710000 8.050000 90.660004 -188.000000 252.000000 4297.000000
1.780000 8.200000 90.809998 -416.000000 263.000000 4202.000000
1.870000 8.400000 90.940002 -595.000000 276.000000 4071.000000
1.950000 8.590000 91.059998 -617.000000 279.000000 3996.000000
2.020000 8.760000 91.169998 -676.000000 220.000000 3960.000000
2.080000 8.890000 91.279999 -648.000000 198.000000 3998.000000
2.130000 8.980000 91.389999 -647.000000 162.000000 4074.000000
2.170000 9.040000 91.500000 -551.000000 152.000000 4077.000000
2.200000 9.090000 91.599998 -547.000000 120.000000 4018.000000
2.220000 9.150000 91.730003 -551.000000 133.000000 3963.000000
2.250000 9.210000 91.860001 -486.000000 170.000000 3977.000000
2.260000 9.260000 91.989998 -437.000000 166.000000 4051.000000
2.250000 9.340000 92.099998 -486.000000 121.000000 4156.000000
2.240000 9.430000 92.230003 -478.000000 154.000000 4143.000000
2.230000 9.530000 92.360001 -483.000000 164.000000 4096.000000
2.230000 9.630000 92.480003 -515.000000 175.000000 4062.000000
2.210000 9.720000 92.589996 -509.000000 135.000000 4032.000000
2.200000 9.810000 92.699997 -543.000000 109.000000 4047.000000
2.180000 9.870000 92.790001 -540.000000 97.000000 4081.000000
2.170000 9.950000 92.889999 -599.000000 152.000000 4117.000000
2.170000 10.010000 92.989998 -586.000000 182.000000 4103.000000
2.180000 10.080000 93.099998 -561.000000 210.000000 4028.000000
2.160000 10.170000 93.199997 -577.000000 160.000000 4012.000000
