0.710000 11.410000 100.389999 -801.000000 205.000000 4313.000000
0.910000 10.860000 100.410004 -357.000000 376.000000 4184.000000
1.040000 10.320000 100.440002 -7.000000 342.000000 4125.000000
1.100000 9.950000 100.470001 0.000000 231.000000 4167.000000
1.070000 9.810000 100.489998 -440.000000 8.000000 4374.000000
1.090000 9.740000 100.500000 -405.000000 168.000000 4309.000000
1.130000 9.690000 100.519997 -592.000000 151.000000 4716.000000
1.220000 9.670000 100.510002 -727.000000 139.000000 4588.000000
1.390000 9.640000 100.519997 -695.000000 322.000000 4539.000000
1.590000 9.540000 100.500000 -324.000000 438.000000 4451.000000
1.740000 9.430000 100.449997 -121.000000 204.000000 4617.000000
1.960000 9.430000 100.400002 -185.000000 410.000000 4304.000000
2.200000 9.460000 100.320000 -121.000000 468.000000 4371.000000
2.440000 9.490000 100.209999 455.000000 656.000000 4062.000000
2.640000 9.600000 100.099998 1229.000000 822.000000 3967.000000
2.850000 9.870000 99.900002 185.000000 469.000000 4141.000000
3.140000 10.300000 99.669998 -432.000000 576.000000 3942.000000
3.510000 10.640000 99.459999 -472.000000 1054.000000 3739.000000
3.860000 10.800000 99.220001 155.000000 1210.000000 3612.000000
4.160000 10.830000 98.830002 178.000000 1049.000000 3458.000000
4.410000 10.790000 98.330002 265.000000 896.000000 3272.000000
4.620000 10.670000 97.760002 388.000000 899.000000 3219.000000
4.780000 10.500000 97.120003 377.000000 850.000000 3501.000000
4.910000 10.260000 96.370003 107.000000 697.000000 3745.000000
5.020000 9.910000 95.529999 24.000000 614.000000 3916.000000
5.070000 9.470000 94.690002 20.000000 509.000000 4156.000000
5.090000 8.930000 93.750000 -36.000000 403.000000 4278.000000
5.090000 8.340000 92.760002 -35.000000 328.000000 4282.000000
5.080000 7.730000 91.709999 -71.000000 279.000000 4209.000000
5.070000 7.150000 90.629997 -179.000000 249.000000 4177.000000
5.040000 6.630000 89.500000 -414.000000 163.000000 4212.000000
5.040000 6.090000 88.330002 -405.000000 174.000000 4214.000000
5.030000 5.490000 87.169998 -281.000000 148.000000 4303.000000
4.990000 4.890000 85.970001 -315.000000 31.000000 4403.000000
4.940000 4.390000 84.769997 -508.000000 -86.000000 4513.000000
4.880000 3.960000 83.629997 -711.000000 -214.000000 4508.000000
4.830000 3.550000 82.489998 -758.000000 -360.000000 4587.000000
4.810000 3.130000 81.360001 -688.000000 -423.000000 4642.000000
4.810000 2.740000 80.279999 -676.000000 -422.000000 4614.000000
4.850000 2.390000 79.239998 -732.000000 -375.000000 4628.000000
4.920000 2.080000 78.239998 -752.000000 -261.000000 4525.000000
5.010000 1.810000 77.269997 -608.000000 -174.000000 4348.000000
5.130000 1.600000 76.320000 -729.000000 -128.000000 4213.000000
5.300000 1.410000 75.419998 -839.000000 -12.000000 4132.000000
5.470000 1.200000 74.570000 -715.000000 91.000000 4036.000000
5.610000 0.980000 73.769997 -593.000000 161.000000 3992.000000
5.690000 0.780000 72.980003 -542.000000 131.000000 3998.000000
5.710000 0.570000 72.230003 -315.000000 81.000000 4059.000000
5.670000 0.420000 71.540001 -385.000000 -29.000000 4164.000000
5.630000 0.340000 70.919998 -388.000000 -34.000000 4043.000000
5.560000 0.250000 70.290001 -179.000000 16.000000 3933.000000
5.440000 0.260000 69.699997 -167.000000 0.000000 3787.000000
5.280000 0.400000 69.199997 -292.000000 -152.000000 3644.000000
5.110000 0.610000 68.750000 -476.000000 -214.000000 3655.000000
4.950000 0.840000 68.349998 -533.000000 -194.000000 3623.000000
4.760000 1.010000 67.949997 -378.000000 -123.000000 3692.000000
4.550000 1.210000 67.629997 -488.000000 -189.000000 3791.000000
4.360000 1.440000 67.360001 -591.000000 -144.000000 3813.000000
4.200000 1.610000 67.059998 -566.000000 -60.000000 3878.000000
4.020000 1.680000 66.769997 -384.000000 -80.000000 3947.000000
3.890000 1.780000 66.500000 -421.000000 40.000000 3945.000000
3.790000 1.890000 66.260002 -463.000000 110.000000 3838.000000
3.760000 1.970000 66.050003 -319.000000 245.000000 3765.000000
3.740000 2.000000 65.830002 -234.000000 291.000000 3674.000000
3.690000 2.180000 65.680000 -378.000000 306.000000 3610.000000
3.600000 2.420000 65.580002 -563.000000 248.000000 3567.000000
3.510000 2.630000 65.500000 -734.000000 245.000000 3634.000000
3.490000 2.680000 65.400002 -514.000000 401.000000 3647.000000
3.400000 2.580000 65.230003 -334.000000 254.000000 3821.000000
3.190000 2.230000 65.080002 23.000000 -10.000000 4180.000000
3.200000 2.020000 64.949997 -202.000000 416.000000 4305.000000
3.210000 1.990000 64.839996 -444.000000 389.000000 4149.000000
3.140000 1.840000 64.690002 -274.000000 196.000000 4248.000000
3.140000 1.560000 64.550003 -96.000000 299.000000 4443.000000
3.130000 1.420000 64.480003 -471.000000 308.000000 4391.000000
3.130000 0.900000 64.389999 116.000000 188.000000 4458.000000
3.240000 0.310000 64.330002 481.000000 458.000000 4469.000000
3.390000 -0.210000 64.309998 652.000000 619.000000 4265.000000
3.500000 -0.650000 64.279999 656.000000 565.000000 4191.000000
3.630000 -1.000000 64.269997 679.000000 663.000000 4102.000000
3.720000 -1.290000 64.230003 620.000000 550.000000 4199.000000
3.870000 -1.470000 64.150002 333.000000 622.000000 4182.000000
3.940000 -1.600000 64.029999 153.000000 441.000000 4302.000000
4.030000 -1.800000 63.919998 209.000000 454.000000 4390.000000
4.120000 -2.080000 63.830002 315.000000 494.000000 4510.000000
4.220000 -2.230000 63.759998 123.000000 467.000000 4452.000000
4.300000 -2.230000 63.770000 -177.000000 503.000000 4344.000000
4.380000 -2.220000 63.889999 -365.000000 585.000000 4137.000000
4.460000 -2.260000 64.019997 -355.000000 614.000000 3968.000000
4.430000 -2.660000 64.150002 565.000000 311.000000 3917.000000
4.460000 -2.720000 64.370003 -224.000000 669.000000 3974.000000
4.360000 -2.980000 64.570000 281.000000 283.000000 3905.000000
4.310000 -3.400000 64.750000 526.000000 338.000000 3871.000000
4.080000 -3.650000 64.919998 303.000000 109.000000 4549.000000
3.950000 -4.070000 65.080002 713.000000 155.000000 4184.000000
3.820000 -4.310000 65.220001 372.000000 238.000000 4210.000000
3.750000 -4.620000 65.470001 624.000000 346.000000 4203.000000
3.620000 -4.940000 65.680000 798.000000 222.000000 4239.000000
3.380000 -5.210000 65.900002 902.000000 -43.000000 4239.000000
3.200000 -5.130000 66.129997 298.000000 169.000000 3777.000000
3.120000 -4.980000 66.389999 142.000000 333.000000 3633.000000
3.010000 -5.030000 66.559998 380.000000 262.000000 3796.000000
2.840000 -5.210000 66.820000 623.000000 192.000000 3853.000000
2.600000 -5.360000 67.059998 639.000000 97.000000 4069.000000
2.310000 -5.410000 67.300003 511.000000 -10.000000 4017.000000
2.020000 -5.400000 67.529999 355.000000 -33.000000 4049.000000
1.750000 -5.580000 67.739998 619.000000 -41.000000 4029.000000
1.500000 -5.820000 67.959999 795.000000 -26.000000 4021.000000
1.280000 -6.050000 68.169998 849.000000 -6.000000 4106.000000
1.110000 -6.210000 68.330002 791.000000 78.000000 4094.000000
0.960000 -6.330000 68.449997 789.000000 100.000000 3959.000000
0.780000 -6.360000 68.599998 583.000000 18.000000 3863.000000
0.720000 -6.380000 68.720001 522.000000 233.000000 3592.000000
0.650000 -6.550000 68.790001 815.000000 266.000000 3815.000000
0.520000 -6.720000 68.839996 872.000000 69.000000 4097.000000
0.400000 -6.810000 68.839996 761.000000 54.000000 4307.000000
0.290000 -6.830000 68.820000 724.000000 5.000000 4474.000000
0.200000 -6.810000 68.709999 757.000000 -21.000000 4456.000000
0.120000 -6.640000 68.589996 626.000000 -70.000000 4582.000000
0.040000 -6.470000 68.449997 827.000000 -189.000000 4843.000000
-0.030000 -6.140000 68.260002 654.000000 -293.000000 4898.000000
-0.070000 -5.650000 68.010002 389.000000 -357.000000 4866.000000
-0.010000 -5.080000 67.769997 292.000000 -254.000000 4702.000000
0.110000 -4.480000 67.470001 281.000000 -186.000000 4600.000000
0.300000 -3.880000 67.099998 303.000000 -157.000000 4581.000000
0.590000 -3.350000 66.690002 523.000000 -57.000000 4707.000000
0.910000 -2.790000 66.300003 842.000000 -30.000000 4975.000000
1.270000 -2.030000 65.910004 1009.000000 -25.000000 5238.000000
1.610000 -0.950000 65.519997 867.000000 -94.000000 5251.000000
1.900000 0.540000 65.080002 111.000000 -254.000000 5006.000000
2.260000 2.250000 64.650002 -87.000000 -156.000000 4759.000000
2.660000 4.140000 64.209999 -277.000000 -143.000000 4562.000000
3.090000 6.130000 63.799999 -353.000000 -187.000000 4396.000000
3.570000 8.180000 63.450001 -308.000000 -105.000000 4268.000000
4.110000 10.310000 63.200001 -188.000000 10.000000 4125.000000
4.710000 12.650000 63.029999 -281.000000 110.000000 3911.000000
5.340000 15.240000 62.980000 -343.000000 264.000000 3569.000000
6.030000 18.160000 63.080002 -386.000000 448.000000 3160.000000
6.760000 21.450001 63.369999 -469.000000 603.000000 2678.000000
7.530000 25.219999 63.830002 -889.000000 666.000000 2181.000000
8.280000 29.389999 64.510002 -1442.000000 825.000000 1561.000000
9.070000 33.740002 65.430000 -1556.000000 956.000000 907.000000
9.920000 38.230000 66.620003 -1853.000000 999.000000 404.000000
10.840000 42.779999 68.040001 -2568.000000 912.000000 62.000000
11.940000 47.200001 69.739998 -3396.000000 932.000000 -163.000000
13.260000 51.290001 71.739998 -3978.000000 915.000000 -295.000000
14.840000 54.930000 74.029999 -4061.000000 1074.000000 -317.000000
16.719999 58.200001 76.599998 -3721.000000 1261.000000 -129.000000
18.959999 61.209999 79.570000 -3198.000000 1492.000000 -263.000000
21.600000 64.070000 83.000000 -3017.000000 1501.000000 -340.000000
24.790001 66.830002 87.099998 -2860.000000 1511.000000 -446.000000
28.709999 69.489998 92.040001 -2962.000000 1469.000000 -679.000000
33.560001 71.970001 98.000000 -3407.000000 1435.000000 -845.000000
39.570000 74.169998 105.150002 -3769.000000 1336.000000 -796.000000
47.080002 76.040001 113.790001 -3779.000000 1363.000000 -728.000000
56.470001 77.570000 124.260002 -4176.000000 1219.000000 -1138.000000
67.360001 78.669998 136.190002 -4829.000000 1051.000000 -980.000000
79.050003 79.320000 148.839996 -5060.000000 881.000000 -852.000000
90.449997 79.589996 161.179993 -4900.000000 787.000000 -826.000000
101.129997 79.559998 172.809998 -4740.000000 718.000000 -898.000000
110.800003 79.260002 -176.500000 -4411.000000 723.000000 -1087.000000
119.349998 78.699997 -166.809998 -4077.000000 771.000000 -1277.000000
126.629997 77.930000 -158.309998 -3922.000000 800.000000 -1254.000000
132.910004 76.940002 -150.699997 -3870.000000 826.000000 -1256.000000
138.259995 75.769997 -143.979996 -3898.000000 790.000000 -1171.000000
142.679993 74.500000 -138.169998 -4063.000000 683.000000 -839.000000
146.470001 73.169998 -133.020004 -4493.000000 346.000000 -1100.000000
149.429993 71.860001 -128.710007 -4954.000000 29.000000 -1423.000000
151.550003 70.570000 -125.309998 -4880.000000 356.000000 -1350.000000
153.070007 69.349998 -122.639999 -4512.000000 743.000000 -865.000000
154.309998 68.239998 -120.339996 -4328.000000 778.000000 -737.000000
155.509995 67.239998 -118.129997 -4276.000000 329.000000 -811.000000
156.589996 66.260002 -116.059998 -4111.000000 116.000000 -826.000000
157.589996 65.220001 -114.110001 -3844.000000 165.000000 -1104.000000
158.429993 64.139999 -112.360001 -3699.000000 328.000000 -1114.000000
159.160004 62.980000 -110.720001 -3948.000000 584.000000 -1364.000000
159.910004 61.919998 -109.080002 -4456.000000 300.000000 -1476.000000
160.570007 61.049999 -107.559998 -4758.000000 48.000000 -1441.000000
161.100006 60.340000 -106.279999 -4683.000000 4.000000 -1499.000000
161.500000 59.750000 -105.209999 -4408.000000 137.000000 -1492.000000
161.820007 59.250000 -104.260002 -4322.000000 237.000000 -1493.000000
162.110001 58.799999 -103.360001 -4373.000000 186.000000 -1425.000000
162.440002 58.380001 -102.480003 -4140.000000 48.000000 -1492.000000
162.720001 57.959999 -101.690002 -3671.000000 211.000000 -1798.000000
162.899994 57.570000 -101.059998 -3698.000000 386.000000 -1797.000000
163.009995 57.330002 -100.510002 -4090.000000 411.000000 -1568.000000
163.149994 57.189999 -99.970001 -3967.000000 356.000000 -1651.000000
163.320007 57.150002 -99.459999 -3657.000000 231.000000 -1577.000000
163.479996 57.130001 -98.980003 -3542.000000 231.000000 -1709.000000
163.649994 57.160000 -98.510002 -3763.000000 214.000000 -1879.000000
163.770004 57.340000 -98.080002 -3952.000000 235.000000 -1825.000000
163.850006 57.529999 -97.750000 -3742.000000 287.000000 -1845.000000
163.889999 57.660000 -97.489998 -3407.000000 384.000000 -1871.000000
163.899994 57.709999 -97.239998 -3377.000000 434.000000 -1931.000000
163.940002 57.720001 -96.949997 -3551.000000 383.000000 -1929.000000
164.000000 57.759998 -96.650002 -3656.000000 332.000000 -1925.000000
164.059998 57.869999 -96.410004 -3629.000000 371.000000 -1836.000000
164.119995 58.150002 -96.220001 -3694.000000 350.000000 -1678.000000
164.149994 58.439999 -96.110001 -3575.000000 368.000000 -1627.000000
164.130005 58.630001 -96.059998 -3439.000000 443.000000 -1715.000000
164.110001 58.669998 -96.019997 -3297.000000 510.000000 -1874.000000
164.080002 58.639999 -95.959999 -3302.000000 537.000000 -1861.000000
164.089996 58.540001 -95.860001 -3412.000000 535.000000 -1922.000000
164.130005 58.439999 -95.750000 -3485.000000 495.000000 -1920.000000
164.190002 58.360001 -95.629997 -3609.000000 443.000000 -1995.000000
164.240005 58.340000 -95.550003 -3700.000000 435.000000 -2016.000000
164.259995 58.430000 -95.529999 -3741.000000 444.000000 -1876.000000
164.259995 58.549999 -95.580002 -3563.000000 460.000000 -1832.000000
164.210007 58.639999 -95.669998 -3418.000000 533.000000 -1839.000000
164.160004 58.669998 -95.769997 -3397.000000 583.000000 -1865.000000
164.119995 58.660000 -95.870003 -3386.000000 639.000000 -1970.000000
164.080002 58.669998 -95.949997 -3401.000000 639.000000 -1962.000000
164.009995 58.700001 -96.070000 -3373.000000 689.000000 -1890.000000
163.929993 58.750000 -96.199997 -3378.000000 735.000000 -1884.000000
163.889999 58.779999 -96.339996 -3418.000000 718.000000 -1945.000000
163.850006 58.849998 -96.459999 -3490.000000 678.000000 -1906.000000
163.860001 58.889999 -96.550003 -3512.000000 632.000000 -2016.000000
163.820007 58.919998 -96.680000 -3449.000000 731.000000 -1982.000000
163.800003 58.910000 -96.809998 -3422.000000 768.000000 -2028.000000
163.779999 58.889999 -96.919998 -3378.000000 734.000000 -2019.000000
163.779999 58.860001 -97.019997 -3343.000000 700.000000 -1956.000000
163.759995 58.820000 -97.120003 -3352.000000 741.000000 -1971.000000
163.759995 58.790001 -97.230003 -3433.000000 737.000000 -1986.000000
163.759995 58.770000 -97.320000 -3538.000000 695.000000 -1979.000000
163.770004 58.770000 -97.400002 -3586.000000 667.000000 -2026.000000
163.789993 58.799999 -97.489998 -3646.000000 646.000000 -2060.000000
163.809998 58.820000 -97.580002 -3600.000000 636.000000 -2152.000000
163.800003 58.830002 -97.699997 -3484.000000 718.000000 -2213.000000
163.759995 58.810001 -97.839996 -3381.000000 789.000000 -2245.000000
163.699997 58.790001 -97.970001 -3355.000000 813.000000 -2220.000000
163.630005 58.790001 -98.099998 -3346.000000 812.000000 -2141.000000
163.570007 58.810001 -98.220001 -3275.000000 788.000000 -2085.000000
163.529999 58.820000 -98.330002 -3288.000000 766.000000 -2028.000000
163.479996 58.820000 -98.440002 -3391.000000 749.000000 -2007.000000
163.429993 58.820000 -98.529999 -3441.000000 724.000000 -2034.000000
163.399994 58.799999 -98.599998 -3432.000000 710.000000 -2117.000000
163.369995 58.750000 -98.680000 -3389.000000 720.000000 -2151.000000
163.330002 58.689999 -98.769997 -3396.000000 752.000000 -2118.000000
163.279999 58.639999 -98.870003 -3416.000000 762.000000 -2120.000000
163.240005 58.590000 -98.970001 -3381.000000 742.000000 -2080.000000
163.160004 58.570000 -99.080002 -3397.000000 759.000000 -2025.000000
163.100006 58.549999 -99.190002 -3392.000000 742.000000 -2024.000000
163.039993 58.540001 -99.290001 -3388.000000 720.000000 -2017.000000
162.990005 58.529999 -99.389999 -3379.000000 730.000000 -2018.000000
162.960007 58.520000 -99.470001 -3400.000000 692.000000 -2059.000000
162.919998 58.500000 -99.550003 -3390.000000 716.000000 -2042.000000
162.869995 58.459999 -99.639999 -3370.000000 747.000000 -2086.000000
162.830002 58.400002 -99.709999 -3421.000000 749.000000 -2083.000000
162.789993 58.349998 -99.769997 -3431.000000 730.000000 -2059.000000
162.750000 58.310001 -99.839996 -3481.000000 717.000000 -2018.000000
162.720001 58.290001 -99.919998 -3510.000000 708.000000 -2017.000000
162.690002 58.299999 -100.010002 -3513.000000 703.000000 -2030.000000
162.639999 58.320000 -100.110001 -3465.000000 729.000000 -2064.000000
162.600006 58.349998 -100.209999 -3451.000000 722.000000 -2077.000000
162.520004 58.430000 -100.339996 -3634.000000 786.000000 -2155.000000
162.429993 58.549999 -100.489998 -3704.000000 813.000000 -2167.000000
162.279999 58.720001 -100.699997 -3705.000000 858.000000 -2193.000000
162.080002 58.930000 -100.949997 -3720.000000 911.000000 -2281.000000
161.860001 59.200001 -101.230003 -3860.000000 915.000000 -2321.000000
161.589996 59.540001 -101.559998 -3992.000000 963.000000 -2304.000000
161.240005 59.980000 -101.970001 -4140.000000 1012.000000 -2288.000000
160.759995 60.540001 -102.519997 -4172.000000 1140.000000 -2328.000000
160.110001 61.290001 -103.230003 -4370.000000 1184.000000 -2337.000000
159.320007 62.200001 -104.120003 -4400.000000 1223.000000 -2353.000000
158.320007 63.310001 -105.230003 -4270.000000 1241.000000 -2185.000000
157.059998 64.559998 -106.620003 -4053.000000 1368.000000 -2076.000000
155.589996 65.970001 -108.239998 -3968.000000 1284.000000 -2032.000000
153.779999 67.510002 -110.180000 -3906.000000 1184.000000 -1831.000000
151.500000 69.150002 -112.599998 -4055.000000 1256.000000 -1610.000000
148.679993 70.830002 -115.550003 -4226.000000 1265.000000 -1570.000000
145.130005 72.459999 -119.220001 -4228.000000 1237.000000 -1536.000000
140.580002 74.019997 -123.870003 -4255.000000 1330.000000 -1431.000000
134.830002 75.440002 -129.690002 -4218.000000 1288.000000 -1159.000000
127.660004 76.669998 -136.899994 -4056.000000 1302.000000 -932.000000
118.930000 77.639999 -145.580002 -4060.000000 1329.000000 -727.000000
108.559998 78.330002 -155.830002 -4251.000000 1291.000000 -622.000000
96.589996 78.650002 -167.529999 -4325.000000 1332.000000 -614.000000
83.400002 78.529999 179.660004 -4385.000000 1399.000000 -625.000000
69.839996 77.860001 166.529999 -4311.000000 1437.000000 -699.000000
57.070000 76.580002 154.149994 -4017.000000 1277.000000 -581.000000
46.590000 74.680000 143.910004 -3672.000000 1408.000000 -493.000000
38.750000 72.230003 136.229996 -2949.000000 1526.000000 -192.000000
32.700001 69.449997 130.270004 -3244.000000 1362.000000 400.000000
28.129999 66.459999 125.760002 -3398.000000 1223.000000 780.000000
24.549999 63.209999 122.199997 -3139.000000 1122.000000 1105.000000
21.680000 59.790001 119.290001 -3125.000000 1099.000000 1471.000000
19.620001 56.369999 117.209999 -2882.000000 1213.000000 1477.000000
18.110001 52.950001 115.769997 -2577.000000 1130.000000 1641.000000
16.830000 49.599998 114.599998 -2515.000000 982.000000 1874.000000
15.700000 46.389999 113.610001 -2583.000000 874.000000 1952.000000
14.780000 43.230000 112.860001 -2579.000000 878.000000 2161.000000
14.040000 40.110001 112.379997 -2436.000000 859.000000 2272.000000
13.390000 37.000000 112.040001 -2290.000000 786.000000 2403.000000
12.760000 33.930000 111.769997 -2198.000000 663.000000 2547.000000
12.200000 30.870001 111.559998 -1915.000000 690.000000 2663.000000
11.700000 27.840000 111.480003 -1517.000000 707.000000 2677.000000
11.220000 24.840000 111.500000 -1116.000000 577.000000 2780.000000
10.770000 21.959999 111.610001 -914.000000 476.000000 2709.000000
10.320000 19.240000 111.769997 -837.000000 392.000000 2864.000000
9.850000 16.690001 112.029999 -716.000000 350.000000 3011.000000
9.370000 14.350000 112.379997 -711.000000 253.000000 3162.000000
8.870000 12.200000 112.779999 -832.000000 178.000000 3332.000000
8.370000 10.180000 113.220001 -774.000000 151.000000 3394.000000
7.870000 8.240000 113.690002 -746.000000 80.000000 3321.000000
7.350000 6.370000 114.199997 -681.000000 33.000000 3366.000000
6.810000 4.540000 114.730003 -392.000000 -14.000000 3365.000000
6.250000 2.740000 115.279999 10.000000 -24.000000 3406.000000
5.680000 1.010000 115.849998 487.000000 13.000000 3407.000000
5.060000 -0.610000 116.419998 755.000000 -118.000000 3520.000000
4.410000 -2.040000 116.989998 685.000000 -241.000000 3599.000000
3.750000 -3.250000 117.570000 426.000000 -375.000000 3814.000000
3.090000 -4.290000 118.180000 293.000000 -431.000000 3910.000000
2.420000 -5.210000 118.769997 212.000000 -564.000000 4018.000000
1.790000 -6.080000 119.349998 209.000000 -593.000000 4039.000000
1.190000 -6.990000 119.919998 548.000000 -449.000000 3997.000000
0.610000 -7.950000 120.459999 1045.000000 -428.000000 4043.000000
0.030000 -8.920000 120.959999 1279.000000 -446.000000 3932.000000
-0.560000 -9.830000 121.449997 1302.000000 -466.000000 3832.000000
-1.170000 -10.650000 121.919998 1178.000000 -528.000000 3757.000000
-1.810000 -11.390000 122.370003 1341.000000 -564.000000 3623.000000
-2.510000 -12.020000 122.779999 1320.000000 -824.000000 3646.000000
-3.220000 -12.530000 123.160004 1195.000000 -1053.000000 3697.000000
-3.910000 -12.970000 123.510002 1245.000000 -1145.000000 3908.000000
-4.550000 -13.440000 123.820000 1360.000000 -1186.000000 4069.000000
-5.160000 -13.940000 124.120003 1462.000000 -1311.000000 4282.000000
-5.720000 -14.440000 124.419998 1478.000000 -1371.000000 4353.000000
-6.230000 -14.930000 124.720001 1573.000000 -1341.000000 4352.000000
-6.720000 -15.370000 125.010002 1455.000000 -1336.000000 4189.000000
-7.170000 -15.760000 125.309998 1357.000000 -1256.000000 4041.000000
-7.600000 -16.120001 125.599998 1382.000000 -1246.000000 3937.000000
-8.020000 -16.500000 125.889999 1515.000000 -1247.000000 3895.000000
-8.420000 -16.870001 126.190002 1485.000000 -1318.000000 4088.000000
-8.790000 -17.209999 126.489998 1469.000000 -1269.000000 4208.000000
-9.140000 -17.480000 126.800003 1410.000000 -1312.000000 4364.000000
-9.480000 -17.709999 127.110001 1406.000000 -1328.000000 4285.000000
-9.790000 -17.870001 127.419998 1534.000000 -1267.000000 4380.000000
-10.080000 -17.969999 127.739998 1058.000000 -1471.000000 4156.000000
-10.280000 -18.139999 128.050003 994.000000 -1409.000000 4106.000000
-10.370000 -18.530001 128.339996 1295.000000 -1017.000000 4136.000000
-10.460000 -19.030001 128.649994 1544.000000 -806.000000 4125.000000
-10.540000 -19.480000 128.979996 1958.000000 -718.000000 4250.000000
-10.600000 -19.770000 129.229996 1879.000000 -848.000000 4270.000000
-10.640000 -19.860001 129.460007 1641.000000 -885.000000 4067.000000
-10.690000 -19.830000 129.669998 1493.000000 -783.000000 4058.000000
-10.700000 -19.750000 129.860001 1322.000000 -652.000000 3914.000000
-10.680000 -19.700001 130.009995 1493.000000 -627.000000 4255.000000
-10.670000 -19.740000 130.119995 2099.000000 -776.000000 4280.000000
-10.670000 -19.690001 130.169998 1984.000000 -919.000000 4137.000000
-10.680000 -19.490000 130.210007 2205.000000 -778.000000 3806.000000
-10.680000 -19.049999 130.210007 1477.000000 -719.000000 3454.000000
-10.720000 -18.480000 130.190002 695.000000 -970.000000 3132.000000
-10.740000 -18.100000 130.199997 727.000000 -1209.000000 4001.000000
-10.730000 -18.000000 130.190002 1573.000000 -969.000000 4063.000000
-10.700000 -17.870001 130.220001 1012.000000 -914.000000 3991.000000
-10.630000 -17.700001 130.270004 940.000000 -585.000000 3868.000000
-10.570000 -17.570000 130.330002 1348.000000 -505.000000 3909.000000
-10.560000 -17.430000 130.369995 1750.000000 -709.000000 3847.000000
-10.500000 -17.209999 130.399994 1642.000000 -650.000000 3858.000000
-10.390000 -16.910000 130.399994 1371.000000 -463.000000 3876.000000
-10.290000 -16.590000 130.389999 1044.000000 -419.000000 3846.000000
-10.200000 -16.379999 130.380005 1323.000000 -384.000000 3951.000000
-10.160000 -16.219999 130.350006 1426.000000 -606.000000 4017.000000
-10.140000 -16.010000 130.339996 1176.000000 -793.000000 3966.000000
-10.100000 -15.790000 130.320007 1012.000000 -714.000000 3864.000000
-10.070000 -15.620000 130.309998 1106.000000 -710.000000 3869.000000
-10.030000 -15.470000 130.300003 1203.000000 -753.000000 3822.000000
-9.960000 -15.320000 130.289993 1104.000000 -681.000000 3657.000000
-9.900000 -15.160000 130.270004 1261.000000 -552.000000 3954.000000
-9.840000 -14.920000 130.250000 1014.000000 -522.000000 3760.000000
-9.770000 -14.600000 130.229996 433.000000 -593.000000 3792.000000
-9.700000 -14.470000 130.229996 444.000000 -619.000000 3905.000000
-9.670000 -14.550000 130.270004 1418.000000 -777.000000 4449.000000
-9.610000 -14.590000 130.270004 1489.000000 -754.000000 4336.000000
-9.510000 -14.470000 130.240005 1009.000000 -722.000000 4201.000000
-9.390000 -14.280000 130.229996 772.000000 -578.000000 4137.000000
-9.260000 -14.120000 130.220001 742.000000 -500.000000 4131.000000
-9.140000 -14.020000 130.229996 811.000000 -583.000000 4114.000000
-9.040000 -13.990000 130.240005 1025.000000 -699.000000 4098.000000
-8.950000 -13.950000 130.240005 1150.000000 -731.000000 4164.000000
-8.870000 -13.910000 130.240005 1371.000000 -747.000000 4068.000000
-8.800000 -13.870000 130.220001 1659.000000 -922.000000 4151.000000
-8.770000 -13.790000 130.160004 1795.000000 -1311.000000 4290.000000
-8.730000 -13.650000 130.080002 1933.000000 -1685.000000 4389.000000
-8.660000 -13.450000 129.949997 2073.000000 -1910.000000 4167.000000
-8.550000 -13.170000 129.759995 2210.000000 -2220.000000 4468.000000
-8.410000 -12.720000 129.539993 1978.000000 -2681.000000 4612.000000
-8.220000 -12.020000 129.300003 1731.000000 -2835.000000 4538.000000
-7.990000 -11.080000 129.050003 1266.000000 -3227.000000 4540.000000
-7.650000 -10.010000 128.779999 945.000000 -3350.000000 4514.000000
-7.170000 -8.960000 128.500000 944.000000 -3122.000000 4555.000000
-6.570000 -7.970000 128.220001 1187.000000 -2816.000000 4599.000000
-5.880000 -7.010000 127.930000 1369.000000 -2514.000000 4503.000000
-5.140000 -6.000000 127.620003 1361.000000 -2327.000000 4398.000000
-4.360000 -4.900000 127.290001 1174.000000 -2273.000000 4255.000000
-3.540000 -3.760000 126.910004 1097.000000 -2172.000000 4097.000000
-2.700000 -2.570000 126.510002 924.000000 -2062.000000 3999.000000
-1.850000 -1.320000 126.089996 715.000000 -1849.000000 3823.000000
-0.970000 -0.050000 125.650002 491.000000 -1510.000000 3783.000000
-0.080000 1.220000 125.180000 363.000000 -1201.000000 3733.000000
0.820000 2.470000 124.669998 302.000000 -948.000000 3575.000000
1.670000 3.720000 124.120003 212.000000 -788.000000 3557.000000
2.470000 5.020000 123.519997 -19.000000 -661.000000 3165.000000
3.190000 6.380000 122.879997 -172.000000 -514.000000 2729.000000
3.820000 7.830000 122.169998 -502.000000 -451.000000 2429.000000
4.400000 9.320000 121.430000 -848.000000 -304.000000 2215.000000
4.940000 10.780000 120.639999 -1296.000000 -176.000000 1996.000000
5.440000 12.110000 119.760002 -1689.000000 78.000000 1841.000000
5.910000 13.230000 118.790001 -1909.000000 403.000000 1922.000000
6.320000 14.090000 117.709999 -1962.000000 660.000000 2105.000000
6.630000 14.710000 116.540001 -1916.000000 732.000000 2343.000000
6.870000 15.120000 115.269997 -1505.000000 797.000000 2389.000000
7.030000 15.430000 113.940002 -1219.000000 849.000000 2474.000000
7.100000 15.700000 112.550003 -1350.000000 855.000000 2589.000000
7.070000 15.970000 111.129997 -1793.000000 852.000000 2785.000000
7.000000 16.170000 109.690002 -2353.000000 1031.000000 2916.000000
6.880000 16.250000 108.279999 -2447.000000 1322.000000 3247.000000
6.730000 16.190001 106.889999 -2328.000000 1438.000000 3472.000000
6.520000 16.049999 105.540001 -2020.000000 1426.000000 3640.000000
6.240000 15.910000 104.220001 -1835.000000 1287.000000 3734.000000
5.910000 15.830000 102.989998 -1972.000000 1144.000000 3738.000000
5.580000 15.850000 101.820000 -2256.000000 1201.000000 3549.000000
5.240000 15.940000 100.730003 -2580.000000 1369.000000 3439.000000
4.900000 16.030001 99.690002 -2960.000000 1561.000000 3603.000000
4.580000 16.049999 98.730003 -3009.000000 1768.000000 3782.000000
4.270000 16.010000 97.820000 -2706.000000 1812.000000 3996.000000
3.990000 15.920000 97.000000 -2226.000000 1701.000000 4093.000000
3.730000 15.830000 96.260002 -1884.000000 1535.000000 4094.000000
3.500000 15.780000 95.570000 -1806.000000 1423.000000 3882.000000
3.320000 15.790000 94.970001 -1718.000000 1490.000000 3685.000000
3.170000 15.850000 94.449997 -1819.000000 1563.000000 3727.000000
3.070000 15.930000 93.980003 -1890.000000 1588.000000 3755.000000
2.990000 16.000000 93.529999 -1938.000000 1535.000000 3706.000000
2.950000 16.000000 93.110001 -1924.000000 1464.000000 3970.000000
2.940000 15.890000 92.720001 -1865.000000 1321.000000 4130.000000
3.010000 15.640000 92.379997 -1435.000000 1081.000000 4217.000000
3.120000 15.380000 92.050003 -1400.000000 1024.000000 4051.000000
3.290000 15.090000 91.739998 -1201.000000 1078.000000 3807.000000
3.460000 14.810000 91.440002 -927.000000 1066.000000 3561.000000
3.600000 14.620000 91.169998 -964.000000 979.000000 3356.000000
3.710000 14.520000 90.910004 -1246.000000 848.000000 3514.000000
3.840000 14.380000 90.680000 -1134.000000 978.000000 3583.000000
3.930000 14.160000 90.440002 -828.000000 889.000000 3872.000000
3.970000 13.920000 90.220001 -833.000000 712.000000 4051.000000
4.010000 13.670000 90.019997 -653.000000 693.000000 3994.000000
4.020000 13.430000 89.849998 -684.000000 565.000000 4064.000000
4.080000 13.170000 89.709999 -533.000000 785.000000 3902.000000
4.050000 12.960000 89.589996 -675.000000 558.000000 3837.000000
3.970000 12.840000 89.510002 -746.000000 491.000000 3609.000000
3.870000 12.840000 89.500000 -862.000000 577.000000 3317.000000
3.730000 12.940000 89.529999 -1318.000000 587.000000 3228.000000
3.570000 13.000000 89.570000 -1588.000000 704.000000 3160.000000
3.390000 12.900000 89.629997 -1839.000000 821.000000 3296.000000
3.180000 12.560000 89.760002 -1539.000000 845.000000 3497.000000
2.970000 12.030000 89.930000 -1045.000000 816.000000 3066.000000
2.540000 11.140000 90.059998 220.000000 -55.000000 6490.000000
2.260000 10.240000 90.120003 869.000000 -314.000000 9519.000000
2.280000 9.460000 90.239998 2318.000000 699.000000 8447.000000
2.530000 9.060000 90.470001 2640.000000 1948.000000 5471.000000
2.710000 9.190000 90.599998 1166.000000 1106.000000 3795.000000
2.600000 9.930000 90.610001 -884.000000 -251.000000 2992.000000
2.410000 10.740000 90.650002 -2068.000000 -1102.000000 3124.000000
2.310000 11.260000 90.820000 -1889.000000 -862.000000 3503.000000
2.310000 11.420000 90.989998 -1080.000000 -166.000000 3907.000000
2.400000 11.310000 91.160004 -395.000000 256.000000 4255.000000
2.510000 11.110000 91.339996 219.000000 309.000000 4363.000000
2.590000 11.070000 91.519997 -124.000000 227.000000 4380.000000
2.660000 11.160000 91.720001 -457.000000 262.000000 4100.000000
2.730000 11.370000 91.930000 -779.000000 311.000000 4044.000000
2.810000 11.620000 92.139999 -882.000000 315.000000 3898.000000
2.870000 11.840000 92.330002 -1014.000000 297.000000 3942.000000
2.940000 11.980000 92.519997 -894.000000 330.000000 3929.000000
3.020000 12.030000 92.720001 -740.000000 352.000000 3977.000000
3.080000 12.030000 92.910004 -647.000000 304.000000 3995.000000
3.110000 12.040000 93.089996 -656.000000 199.000000 4054.000000
3.110000 12.060000 93.279999 -717.000000 117.000000 4113.000000
3.110000 12.080000 93.449997 -766.000000 101.000000 4054.000000
3.120000 12.090000 93.639999 -732.000000 132.000000 4106.000000
3.140000 12.080000 93.820000 -677.000000 164.000000 4019.000000
3.170000 12.060000 94.000000 -668.000000 186.000000 4010.000000
3.190000 12.030000 94.150002 -583.000000 192.000000 3998.000000
3.210000 12.000000 94.309998 -524.000000 221.000000 3978.000000
3.220000 11.980000 94.440002 -493.000000 233.000000 4027.000000
3.230000 11.980000 94.570000 -539.000000 245.000000 4102.000000
3.240000 12.030000 94.690002 -675.000000 240.000000 4098.000000
3.240000 12.100000 94.790001 -797.000000 202.000000 4096.000000
3.240000 12.180000 94.900002 -823.000000 238.000000 3979.000000
