-5.657906 -12.398459 -38.967137
-5.397763 -12.739409 -37.760281
-4.907632 -12.690477 -37.008043
-4.256198 -12.22736 -37.055782
-3.197951 -11.876955 -37.457263
-2.014826 -11.699158 -37.998838
-0.720366 -12.003685 -38.191353
0.291176 -11.957662 -39.093099
0.910872 -11.872397 -40.076096
0.843848 -11.981106 -40.58742
0.398156 -12.284955 -40.771919
-0.174743 -12.764061 -40.692487
-0.711144 -13.391405 -40.606482
-1.17788 -14.113753 -40.43047
-1.340951 -15.041386 -40.042015
-0.917875 -16.07038 -39.486471
-0.142197 -17.023065 -38.925036
0.74882 -17.763116 -38.573848
1.749389 -18.307367 -38.436066
2.875471 -18.567969 -38.660193
4.034294 -18.547739 -39.277021
5.110863 -17.954009 -40.476783
6.107993 -17.223567 -41.646514
6.966089 -16.424147 -42.814607
7.675106 -15.623472 -43.958849
8.292118 -14.915489 -45.037795
8.92177 -14.331063 -45.963341
9.580419 -13.791138 -46.726347
10.237959 -13.013105 -47.633039
10.830534 -11.88087 -48.834542
11.252973 -10.360451 -50.434443
11.449999 -8.562912 -52.242094
11.436262 -6.656183 -54.021421
11.240976 -4.775049 -55.718006
11.011049 -3.007839 -57.269407
10.783197 -1.324986 -58.652602
10.570325 0.29308 -60.000089
10.193868 1.858743 -61.193593
9.720438 3.054181 -62.124795
9.76722 3.722598 -62.563654
10.348007 4.097536 -62.855157
10.811305 4.387614 -63.144898
10.337686 4.763429 -63.396195
9.952994 3.995058 -62.547722
9.894223 3.053485 -61.470992
9.311734 2.71995 -60.946834
9.806761 3.319999 -61.296474
10.456747 3.251656 -61.064388
11.115314 3.244784 -60.84381
11.383766 3.930641 -61.186512
12.26004 4.304596 -61.191288
12.94292 4.433449 -60.988725
12.464818 3.496907 -59.599324
12.034732 2.663393 -58.286613
11.870718 1.697872 -56.941923
11.650939 0.99154 -55.870035
11.330749 0.469011 -54.943747
10.819993 0.262568 -54.244819
10.310511 -0.111471 -53.27917
9.808408 -0.520133 -52.245802
9.290864 -0.917039 -51.063839
8.567321 -0.905782 -50.247552
8.122172 -0.503789 -49.630892
8.104967 -0.346103 -48.86724
7.675798 0.030347 -48.405266
8.130447 0.25724 -47.930179
8.358747 0.106765 -46.931528
8.051337 -0.287658 -45.653228
8.428133 -0.890375 -44.392727
8.273636 -1.664985 -43.080819
7.853668 -2.259947 -42.099999
7.278529 -2.576275 -41.441468
6.669742 -2.309633 -41.22427
5.915483 -2.431441 -40.771048
6.115828 -2.883414 -39.81688
5.966752 -3.275464 -38.80241
5.960607 -2.463596 -38.939866
6.1645 -1.775794 -38.864204
6.61084 -1.175649 -38.869194
7.071979 -0.634798 -38.867939
7.628974 -0.255755 -38.758054
8.209559 0.099874 -38.617439
8.832282 0.262244 -38.240045
9.428422 0.277733 -37.65219
10.106314 0.40681 -37.218667
10.640097 0.358885 -36.495527
11.13385 0.297689 -35.753175
11.398401 0.074908 -34.762766
11.434286 -0.135425 -33.720052
11.22605 -0.35737 -32.660915
11.18607 -0.392513 -31.811415
11.231167 -0.144232 -31.467802
11.374719 0.238195 -31.542388
11.602475 0.727477 -32.141983
11.840169 1.175582 -32.986415
12.066548 1.501677 -33.919321
12.205796 1.89544 -35.588123
12.271106 2.30738 -38.178213
11.962511 2.927428 -42.413662
12.185557 2.8185 -44.834363
12.654373 2.660453 -48.726125
13.145764 2.171193 -53.298927
13.629915 1.467019 -60.315446
13.957648 0.522544 -70.313568
14.32643 -0.61555 -88.57421
14.967103 -1.985553 -124.468379
17.432507 -5.337095 127.94383
15.778116 -11.73477 -4.183479
11.854158 -14.78419 -54.320864
6.901016 -17.115107 -86.330278
0.547342 -18.260758 -113.834382
-7.608419 -16.829933 -144.813114
-14.904476 -11.433939 -176.796433
-18.327705 -2.98383 153.99492
-17.760702 5.433107 129.250147
-14.946652 11.573662 110.008561
-10.467376 15.729037 92.60105
-5.917449 17.992134 79.196969
-1.783186 19.0569 68.890242
1.737217 19.448926 61.276896
4.610976 19.344221 55.488433
6.913583 18.979025 51.02179
8.932236 18.654104 47.603696
10.636315 18.326686 44.860329
12.207517 17.918238 42.509629
13.286583 17.41905 40.627775
14.987477 17.330988 39.213735
16.115322 17.115536 38.193453
16.888802 16.229342 35.867036
17.437917 15.702858 34.545001
18.06188 15.291515 33.569665
18.972414 14.991655 32.523615
20.092617 14.259594 30.617521
20.702763 13.446589 28.776074
21.500039 12.832352 27.439005
22.053782 12.360032 26.474021
22.604724 12.019718 25.83217
23.081768 11.492348 25.022036
23.760185 10.997046 24.303001
24.694764 10.519765 23.649357
25.614494 9.746841 22.722631
26.274094 8.845499 21.664919
26.626427 8.467086 21.083556
27.371305 8.127662 20.734022
27.967463 7.828155 20.38133
28.339618 7.531118 19.891608
29.020589 6.980157 19.294648
29.690465 6.394114 18.752711
30.335466 5.812385 18.236924
30.751277 5.198204 17.752832
31.040386 4.706342 17.437611
31.420148 4.239609 17.310535
31.807121 3.895002 17.342167
32.170743 3.613193 17.383467
32.44642 3.348187 17.311152
32.709408 3.200798 17.187183
33.127589 2.968012 16.985617
33.593458 2.631447 16.714659
33.940409 2.261228 16.377913
34.279021 1.874791 16.103798
34.397041 1.564914 15.948537
34.597535 1.158945 15.961338
34.934841 0.653849 16.027836
35.309406 0.215426 16.067182
35.62029 -0.098264 16.078383
35.798105 -0.405071 16.070564
35.959738 -0.662618 16.037032
36.002486 -0.806092 15.981037
35.996922 -0.973269 15.960622
36.106294 -1.25617 15.937738
36.204869 -1.321356 15.865967
36.409209 -1.607428 15.784276
36.59259 -1.892433 15.71373
36.702855 -2.097057 15.674388
36.904793 -2.267089 15.678213
37.127213 -2.299823 15.687279
37.293451 -2.369234 15.617375
37.343866 -2.364291 15.523564
37.272614 -2.404428 15.381675
37.231724 -2.426134 15.259048
37.161289 -2.439739 15.134875
37.210466 -2.465178 15.043736
37.293111 -2.483855 14.95386
37.294974 -2.506677 14.852197
37.355674 -2.483367 14.778933
37.492265 -2.488392 14.728789
37.624234 -2.492672 14.569411
37.796498 -2.45434 14.385483
37.882071 -2.430619 14.213965
37.97332 -2.422679 14.052962
37.985901 -2.409304 13.86049
38.004095 -2.411458 13.701113
38.047853 -2.393921 13.55816
37.985796 -2.380218 13.41425
37.896865 -2.351041 13.280788
37.868679 -2.325603 13.138537
37.954312 -2.294983 13.010474
38.033564 -2.260844 12.836983
38.045151 -2.199047 12.714105
38.041559 -2.113067 12.567956
37.990374 -2.050882 12.425776
37.971641 -2.027121 12.319984
38.00102 -1.967373 12.224759
37.974512 -1.938294 12.085811
37.913033 -1.913761 12.032093
37.867477 -1.867979 11.918361
37.827174 -1.777923 11.853828
37.851016 -1.796194 11.784716
37.92518 -1.761847 11.695085
37.983186 -1.747537 11.622988
38.015001 -1.764247 11.537552
38.078558 -1.738543 11.461582
38.036138 -1.731511 11.400489
37.976696 -1.769421 11.305553
37.922332 -1.762302 11.21317
37.879091 -1.798725 11.167686
37.908422 -1.837351 11.110192
37.996508 -1.856822 11.040603
38.043162 -1.883916 10.962011
38.119706 -1.905121 10.878989
38.209729 -1.921679 10.826709
38.239347 -1.929392 10.748114
38.322117 -1.92886 10.725966
38.335917 -1.957663 10.689139
38.269661 -1.972833 10.669024
38.164033 -1.977805 10.617066
38.045248 -1.942186 10.542822
37.947194 -1.847634 10.46679
37.790419 -1.740848 10.376917
37.643109 -1.635339 10.285043
37.569241 -1.440911 10.234331
37.384106 -1.135048 10.162029
37.236439 -0.894475 10.099233
37.156006 -0.648396 10.023363
37.033161 -0.271023 10.00505
36.726757 0.127954 10.089396
36.280556 0.53435 10.193895
35.904674 1.126525 10.369989
35.776361 1.782487 10.628094
35.550839 2.555495 10.938135
35.468828 3.316237 11.369811
35.303595 4.07738 11.774477
35.333248 4.78644 12.126657
35.302175 5.41121 12.38562
34.896131 5.877651 12.654943
34.383031 6.262999 12.987253
34.169453 6.992503 13.617261
34.067717 8.192191 14.693835
33.823 9.250355 15.756284
33.428371 10.250687 16.796658
33.152559 11.41795 17.990557
32.818346 12.766756 19.447195
32.215775 14.162803 21.150332
31.346437 15.5734 23.114179
30.152787 17.146926 25.572959
28.585817 19.353742 29.235429
26.292973 22.033748 34.410847
23.052141 24.584895 40.68038
18.604084 26.777261 48.320149
12.95736 28.492124 57.557438
5.709427 29.648856 69.231338
-2.533696 29.811344 82.462423
-11.721346 28.605286 97.687752
-22.126594 24.984539 116.699017
-30.288377 17.61988 135.478673
-34.740528 6.15202 152.767832
-34.954441 -6.79744 168.418006
-31.131908 -18.066209 -176.349505
-24.603551 -25.260174 -162.893757
-17.129687 -29.150675 -152.627438
-10.048653 -31.371924 -146.208119
-4.416116 -32.60173 -145.466838
0.658618 -33.332618 -146.361573
4.90971 -33.921464 -150.723548
8.464466 -34.049984 -160.822481
11.140066 -32.626856 -178.859284
12.607164 -29.433229 153.417645
13.235382 -27.058556 123.784028
13.277106 -26.609488 100.89285
12.915896 -26.826007 85.032664
12.80566 -27.107642 73.053483
12.61115 -27.394881 64.10409
12.28867 -27.669683 57.16876
11.640107 -27.870094 52.160696
10.784032 -27.862154 48.034428
9.831652 -27.648274 44.575251
8.9311 -27.225389 41.584426
8.310993 -26.681517 38.842934
8.160976 -26.119496 36.11273
8.195712 -25.623155 33.560393
7.984516 -25.206176 31.247095
7.236128 -24.656445 29.188666
6.454774 -23.947334 27.151973
5.836415 -23.139865 25.052457
5.739002 -22.469481 23.036748
6.001563 -22.127799 21.386331
6.28455 -22.053117 20.102924
6.324853 -21.99408 18.892051
6.25039 -22.25346 18.047231
6.132646 -22.657816 17.412701
5.798503 -23.234303 16.951483
5.085754 -23.544795 16.30811
3.897466 -23.633015 15.519799
2.812523 -23.283832 14.340623
2.020314 -22.803299 13.048385
1.693429 -22.642391 12.007039
1.784425 -22.926361 11.333909
1.861425 -23.557903 10.966722
1.585669 -24.185969 10.723676
0.890484 -24.533311 10.281103
-0.216604 -24.794272 9.813963
-1.411838 -24.829295 9.197715
-2.545414 -24.595179 8.423552
-2.933797 -24.624115 7.514584
-1.707819 -25.061447 6.935404
-1.441962 -25.656783 6.452066
-2.87524 -25.417751 5.589756
-4.028991 -24.669781 4.624373
-4.805465 -25.169048 4.251715
-5.736983 -25.614002 4.102236
-6.773007 -25.277204 3.516242
-7.526104 -25.593676 3.406806
-8.131132 -25.600781 3.088178
-8.485403 -25.624926 2.941513
-8.709482 -25.518414 2.72113
-8.747344 -25.562507 2.496309
-8.30232 -25.788446 2.325731
-8.065124 -26.235399 2.065454
-7.768803 -25.300551 0.93623
-6.595364 -25.043209 0.312121
-6.266202 -25.725441 0.179646
-6.234748 -26.00025 -0.762195
-6.550135 -25.822674 -1.982805
-6.819392 -26.261361 -2.487923
-7.08342 -26.276194 -3.224028
-7.365331 -25.977621 -4.135274
-7.211986 -25.548975 -4.993518
-6.89918 -24.827348 -5.870728
-6.668736 -23.788067 -6.742631
-6.672927 -22.581189 -7.611055
-6.605457 -21.372764 -8.378906
-6.39894 -20.273715 -8.98259
-6.095015 -19.28305 -9.500567
-5.588806 -18.457291 -9.902236
-5.042285 -17.744816 -10.2773
-4.527103 -17.133971 -10.71353
-3.919004 -16.614722 -11.18284
-3.172167 -16.128253 -11.683504
-2.342327 -15.614226 -12.258625
-1.627254 -14.999315 -12.954499
-1.02364 -14.265895 -13.651079
-0.462818 -13.543353 -14.372038
0.055996 -12.880701 -15.126723
0.346538 -12.308687 -15.855906
0.464988 -11.903618 -16.564659
0.515041 -11.776491 -17.216383
0.565337 -11.789791 -17.780027
0.617454 -11.740289 -18.380872
0.76774 -11.517858 -19.070516
0.860818 -11.09756 -19.839045
0.941835 -10.465414 -20.660469
1.154925 -9.96848 -21.525679
1.789505 -10.11699 -21.951521
2.508729 -10.697283 -21.8849
3.110657 -11.449005 -21.501228
3.425667 -12.236569 -20.948047
3.312021 -12.912713 -20.384284
2.878227 -13.273372 -20.028405
2.176657 -13.049477 -20.161137
1.491679 -13.015718 -19.962027
1.245604 -13.697776 -18.944299
1.246073 -14.752685 -17.497327
1.477756 -16.03098 -15.814541
1.872598 -17.369611 -14.09241
2.308968 -18.608788 -12.602369
2.64852 -19.586993 -11.536114
2.775074 -20.250792 -10.880471
2.749054 -20.79169 -10.410501
2.63289 -21.366458 -9.866061
2.496447 -22.120411 -9.152523
2.502329 -23.083684 -8.176
2.836131 -24.117375 -7.017947
3.500153 -24.926662 -5.965691
4.410036 -25.368245 -5.250742
5.420352 -25.504932 -4.951153
6.401938 -25.46515 -4.976376
7.321484 -25.335863 -5.145449
8.18339 -25.214809 -5.318409
8.904468 -25.248679 -5.248589
9.506054 -25.574695 -4.756406
10.019597 -26.149672 -3.859041
10.564079 -26.861678 -2.60754
11.199217 -27.533053 -1.240313
11.944105 -28.026197 -0.117981
12.666214 -28.40537 0.665863
13.165116 -28.765063 1.220985
13.423475 -29.121997 1.547825
13.5666 -29.387361 1.683981
13.592078 -29.562696 1.768646
13.612781 -29.709454 1.96808
13.770329 -29.919917 2.435698
14.152922 -30.013848 2.765252
14.824855 -29.845057 2.712588
15.465365 -29.370011 2.063478
15.565427 -28.55417 0.53115
14.688541 -27.855724 -1.337553
13.458703 -27.807392 -2.272491
12.460491 -28.06603 -2.562378
11.801661 -28.296713 -2.794368
11.396032 -28.363104 -3.142553
11.073626 -28.255415 -3.857251
10.744451 -27.972801 -4.832893
10.124619 -27.479573 -6.189447
9.307217 -26.667542 -7.873664
8.499206 -25.659076 -9.661131
-4.28899 -24.132932 -29.436729
-4.293404 -24.132971 -29.439016
-4.310474 -24.170307 -29.426604
-4.316574 -24.29711 -29.361299
-4.312481 -24.412964 -29.287868
-4.302891 -24.511592 -29.188975
-4.309602 -24.557158 -29.170262
-4.334076 -24.553075 -29.146611
-4.336307 -24.533688 -29.149798
-4.328997 -24.534737 -29.132878
-4.327337 -24.566054 -29.134918
-4.358214 -24.556176 -29.128902
-4.373649 -24.567249 -29.139301
-4.422 -24.591056 -29.147327
-4.474635 -24.631028 -29.16594
-4.548796 -24.636848 -29.210133
-4.67712 -24.61836 -29.214042
-4.854817 -24.583362 -29.216937
-5.057408 -24.544029 -29.191717
-5.194774 -24.499983 -29.130058
-5.233916 -24.471093 -29.019195
-5.310437 -24.389297 -29.009005
-5.321226 -24.369758 -28.917611
-5.40723 -24.20582 -28.960366
-5.191683 -23.979069 -28.895189
-4.859372 -23.615046 -28.94027
-4.412742 -22.930577 -29.106027
-3.840056 -21.881773 -29.614906
-3.168922 -20.727077 -30.14394
-2.452853 -19.698305 -30.633051
-1.800953 -19.060568 -30.729478
-0.74009 -18.765502 -30.448688
0.174621 -18.368373 -30.417846
1.086911 -17.93209 -30.408068
1.8979 -17.643702 -30.393347
