26.340000 33.340000 95.680000 -19.040001 -46.509998 0.000000 2862.000000 -1138.000000 2956.000000 -516.000000 -3135.000000 2806.000000 
26.340000 33.320000 95.709999 -19.010000 -46.500000 0.000000 2855.000000 -1135.000000 2979.000000 -532.000000 -3133.000000 2813.000000 
26.340000 33.290001 95.750000 -18.980000 -46.490002 0.000000 2860.000000 -1136.000000 2967.000000 -531.000000 -3136.000000 2799.000000 
26.340000 33.330002 95.720001 -18.969999 -46.480000 0.000000 2858.000000 -1133.000000 2959.000000 -558.000000 -3124.000000 2807.000000 
26.330000 33.369999 95.690002 -18.940001 -46.509998 0.000000 2854.000000 -1135.000000 2994.000000 -583.000000 -3161.000000 2782.000000 
26.320000 33.410000 95.690002 -18.910000 -46.500000 0.000000 2839.000000 -1130.000000 2970.000000 -535.000000 -3131.000000 2819.000000 
26.320000 33.459999 95.650002 -18.879999 -46.500000 0.000000 2839.000000 -1131.000000 2965.000000 -554.000000 -3149.000000 2798.000000 
26.309999 33.470001 95.650002 -18.860001 -46.520000 0.000000 2838.000000 -1137.000000 2980.000000 -580.000000 -3129.000000 2805.000000 
26.299999 33.500000 95.650002 -18.840000 -46.540001 0.000000 2839.000000 -1131.000000 2976.000000 -545.000000 -3148.000000 2797.000000 
26.299999 33.529999 95.629997 -18.830000 -46.529999 0.000000 2822.000000 -1157.000000 2981.000000 -556.000000 -3122.000000 2790.000000 
26.290001 33.529999 95.669998 -18.820000 -46.540001 0.000000 2855.000000 -1158.000000 2983.000000 -538.000000 -3128.000000 2772.000000 
26.260000 33.470001 95.680000 -18.809999 -46.540001 0.000000 2859.000000 -1148.000000 2960.000000 -528.000000 -3150.000000 2814.000000 
26.270000 33.430000 95.699997 -18.799999 -46.540001 0.000000 2880.000000 -1136.000000 2970.000000 -541.000000 -3140.000000 2785.000000 
26.280001 33.410000 95.709999 -18.770000 -46.509998 0.000000 2864.000000 -1134.000000 2959.000000 -519.000000 -3135.000000 2795.000000 
26.299999 33.400002 95.680000 -18.740000 -46.500000 0.000000 2869.000000 -1139.000000 2966.000000 -522.000000 -3141.000000 2817.000000 
26.320000 33.360001 95.730003 -18.719999 -46.490002 0.000000 2867.000000 -1133.000000 2970.000000 -552.000000 -3138.000000 2808.000000 
26.340000 33.369999 95.720001 -18.680000 -46.490002 0.000000 2856.000000 -1140.000000 2981.000000 -553.000000 -3143.000000 2810.000000 
26.360001 33.369999 95.730003 -18.639999 -46.480000 0.000000 2867.000000 -1110.000000 2980.000000 -550.000000 -3142.000000 2818.000000 
26.370001 33.369999 95.779999 -18.620001 -46.520000 0.000000 2851.000000 -1152.000000 2986.000000 -562.000000 -3129.000000 2794.000000 
26.360001 33.400002 95.769997 -18.610001 -46.520000 0.000000 2820.000000 -1151.000000 2983.000000 -561.000000 -3151.000000 2799.000000 
26.370001 33.419998 95.769997 -18.610001 -46.529999 0.000000 2857.000000 -1171.000000 2935.000000 -511.000000 -3141.000000 2790.000000 
26.330000 33.400002 95.820000 -18.610001 -46.560001 0.000000 2842.000000 -1195.000000 2966.000000 -513.000000 -3170.000000 2778.000000 
26.280001 33.369999 95.769997 -18.580000 -46.590000 0.000000 2867.000000 -1200.000000 2944.000000 -517.000000 -3162.000000 2751.000000 
26.209999 33.330002 95.720001 -18.549999 -46.639999 0.000000 2846.000000 -1247.000000 2943.000000 -535.000000 -3174.000000 2762.000000 
26.200001 33.279999 95.739998 -18.440001 -46.650002 0.000000 2794.000000 -1236.000000 2980.000000 -542.000000 -3149.000000 2782.000000 
26.200001 33.230000 95.750000 -18.230000 -46.529999 0.000000 2905.000000 -1176.000000 2934.000000 -464.000000 -2958.000000 2760.000000 
26.160000 33.130001 95.860001 -18.070000 -46.529999 0.000000 2947.000000 -1339.000000 2901.000000 -272.000000 -3193.000000 2776.000000 
26.129999 32.930000 95.930000 -17.860001 -46.580002 0.000000 2799.000000 -1423.000000 3018.000000 -445.000000 -3210.000000 2669.000000 
26.000000 32.619999 95.970001 -17.510000 -46.549999 0.000000 3015.000000 -1396.000000 2848.000000 -190.000000 -3277.000000 2865.000000 
25.799999 32.380001 96.029999 -17.450001 -46.639999 0.000000 2797.000000 -1651.000000 2998.000000 -202.000000 -3459.000000 2841.000000 
25.590000 32.209999 96.120003 -17.629999 -46.740002 0.000000 2910.000000 -1696.000000 2953.000000 -294.000000 -3803.000000 3142.000000 
25.160000 32.169998 96.150002 -17.980000 -46.750000 0.000000 2650.000000 -1934.000000 3067.000000 -74.000000 -4913.000000 4227.000000 
24.340000 32.389999 96.059998 -18.330000 -46.580002 0.000000 3101.000000 -1890.000000 2975.000000 403.000000 -5820.000000 5371.000000 
23.309999 32.869999 95.970001 -18.570000 -45.689999 0.000000 4016.000000 -1678.000000 2968.000000 -29.000000 -5755.000000 5648.000000 
22.379999 33.529999 95.959999 -18.530001 -44.279999 0.000000 6398.000000 -1986.000000 4773.000000 1133.000000 -5192.000000 4669.000000 
21.610001 34.310001 96.000000 -17.820000 -42.639999 0.000000 6747.000000 -1416.000000 5643.000000 2471.000000 -4598.000000 3897.000000 
21.100000 34.970001 95.870003 -16.570000 -41.230000 0.000000 6685.000000 -1067.000000 5173.000000 2921.000000 -4156.000000 4010.000000 
20.850000 35.900002 95.580002 -14.990000 -40.160000 0.000000 6750.000000 -1111.000000 4436.000000 3185.000000 -4021.000000 4496.000000 
21.090000 36.980000 95.180000 -13.320000 -39.430000 0.000000 5968.000000 -1145.000000 4039.000000 2180.000000 -3909.000000 4277.000000 
22.510000 38.080002 95.059998 -11.920000 -39.430000 0.000000 4065.000000 -2185.000000 3220.000000 -273.000000 -3796.000000 3151.000000 
24.520000 39.790001 95.220001 -10.490000 -39.040001 0.000000 3170.000000 -1810.000000 748.000000 1004.000000 -2574.000000 2502.000000 
25.309999 41.189999 94.620003 -9.150000 -38.480000 0.000000 1910.000000 -1151.000000 -868.000000 2316.000000 -3032.000000 2050.000000 
26.049999 42.009998 93.820000 -7.880000 -37.830002 0.000000 2875.000000 -610.000000 -461.000000 1949.000000 -3304.000000 2900.000000 
26.400000 42.779999 92.760002 -7.050000 -37.430000 0.000000 3513.000000 -853.000000 1377.000000 880.000000 -3783.000000 3041.000000 
26.420000 43.439999 91.440002 -6.480000 -37.070000 0.000000 3536.000000 -1168.000000 3012.000000 532.000000 -4270.000000 3485.000000 
26.639999 43.610001 89.970001 -5.920000 -36.660000 0.000000 3736.000000 -1416.000000 3892.000000 495.000000 -4623.000000 3599.000000 
27.219999 43.419998 88.540001 -5.110000 -36.320000 0.000000 4335.000000 -1446.000000 4548.000000 5.000000 -3957.000000 3036.000000 
29.020000 43.330002 87.820000 -4.020000 -36.320000 0.000000 3422.000000 -1425.000000 4567.000000 -219.000000 -3022.000000 1925.000000 
31.110001 43.799999 87.269997 -2.650000 -36.430000 0.000000 2910.000000 -1222.000000 4307.000000 71.000000 -2005.000000 1544.000000 
33.590000 44.730000 87.110001 -1.040000 -37.009998 0.000000 3261.000000 -899.000000 4123.000000 -425.000000 -2295.000000 1847.000000 
35.950001 46.049999 86.959999 0.370000 -37.660000 0.000000 2049.000000 -937.000000 3991.000000 -966.000000 -2118.000000 2007.000000 
38.410000 47.590000 87.029999 2.060000 -38.410000 0.000000 2470.000000 -392.000000 3857.000000 -1754.000000 -2366.000000 2138.000000 
40.750000 49.270000 87.150002 4.110000 -39.150002 0.000000 621.000000 256.000000 3052.000000 -935.000000 -2601.000000 1805.000000 
42.959999 50.959999 87.190002 6.280000 -39.430000 0.000000 1208.000000 480.000000 2803.000000 -1238.000000 -2203.000000 2095.000000 
44.990002 52.570000 87.080002 8.090000 -39.509998 0.000000 -405.000000 244.000000 2800.000000 -325.000000 -3354.000000 2885.000000 
47.020000 54.060001 86.879997 10.410000 -39.650002 0.000000 522.000000 928.000000 2777.000000 -1465.000000 -3236.000000 2066.000000 
48.990002 55.400002 86.660004 12.390000 -39.759998 0.000000 890.000000 1024.000000 3339.000000 -3331.000000 -2191.000000 1281.000000 
50.900002 56.639999 86.510002 13.750000 -39.590000 0.000000 91.000000 851.000000 4178.000000 -4047.000000 -1507.000000 992.000000 
52.709999 57.849998 86.510002 15.150000 -39.299999 0.000000 -386.000000 1285.000000 4708.000000 -3283.000000 -2301.000000 1663.000000 
54.400002 59.099998 86.669998 16.549999 -38.840000 0.000000 -793.000000 1562.000000 4643.000000 -4239.000000 -2223.000000 1326.000000 
56.110001 60.349998 87.160004 18.170000 -38.009998 0.000000 -510.000000 1828.000000 3955.000000 -4511.000000 -1602.000000 795.000000 
57.869999 61.549999 87.910004 19.830000 -36.700001 0.000000 -231.000000 1869.000000 3425.000000 -4323.000000 -840.000000 488.000000 
59.669998 62.599998 88.839996 21.150000 -35.220001 0.000000 -1186.000000 1907.000000 3148.000000 -4453.000000 -908.000000 400.000000 
61.419998 63.509998 89.830002 22.360001 -33.669998 0.000000 -1344.000000 2093.000000 2899.000000 -4428.000000 -1688.000000 912.000000 
62.980000 64.320000 90.790001 23.510000 -31.719999 0.000000 -907.000000 2129.000000 2675.000000 -5025.000000 -1717.000000 748.000000 
64.339996 65.059998 91.669998 24.450001 -29.379999 0.000000 -1511.000000 2170.000000 2385.000000 -4188.000000 -1605.000000 332.000000 
65.669998 65.599998 92.639999 25.290001 -26.540001 0.000000 -681.000000 2084.000000 2502.000000 -4787.000000 -494.000000 -212.000000 
66.750000 66.080002 93.410004 25.709999 -23.559999 0.000000 -1545.000000 2038.000000 2951.000000 -4528.000000 -156.000000 -587.000000 
67.680000 66.440002 94.230003 25.820000 -20.760000 0.000000 -1893.000000 1829.000000 3291.000000 -4231.000000 -39.000000 -607.000000 
68.400002 66.790001 95.070000 25.850000 -18.370001 0.000000 -1943.000000 1850.000000 3578.000000 -4667.000000 191.000000 -966.000000 
68.949997 67.250000 96.029999 25.980000 -16.500000 0.000000 -1903.000000 1868.000000 3295.000000 -4584.000000 193.000000 -1125.000000 
69.339996 67.820000 97.129997 26.139999 -15.310000 0.000000 -1766.000000 1752.000000 2862.000000 -4127.000000 -151.000000 -744.000000 
69.589996 68.489998 98.360001 26.020000 -14.970000 0.000000 -2021.000000 1540.000000 3022.000000 -3423.000000 -1107.000000 249.000000 
69.790001 69.330002 99.730003 25.570000 -15.100000 0.000000 -2010.000000 1505.000000 3710.000000 -3699.000000 -1543.000000 781.000000 
70.150002 70.360001 101.529999 24.850000 -15.500000 0.000000 -1614.000000 1416.000000 4282.000000 -4271.000000 -2160.000000 874.000000 
70.870003 71.470001 103.849998 24.139999 -15.840000 0.000000 -1609.000000 1399.000000 4551.000000 -4098.000000 -2684.000000 1595.000000 
71.739998 72.570000 106.440002 23.559999 -15.870000 0.000000 -1221.000000 1438.000000 4741.000000 -3207.000000 -2937.000000 2589.000000 
72.540001 73.589996 108.930000 23.240000 -15.600000 0.000000 -852.000000 1418.000000 4300.000000 -2990.000000 -2836.000000 2856.000000 
73.110001 74.370003 111.089996 23.129999 -15.220000 0.000000 -556.000000 1370.000000 3644.000000 -3285.000000 -2413.000000 2395.000000 
73.389999 74.959999 112.790001 22.980000 -14.880000 0.000000 -622.000000 1287.000000 3308.000000 -3723.000000 -2021.000000 1712.000000 
72.860001 75.339996 113.570000 22.730000 -14.610000 0.000000 -922.000000 1279.000000 3137.000000 -3718.000000 -1885.000000 1566.000000 
71.410004 75.540001 113.389999 22.270000 -14.420000 0.000000 -1038.000000 1235.000000 3216.000000 -3422.000000 -1784.000000 1636.000000 
69.199997 75.669998 112.400002 21.549999 -14.300000 0.000000 -885.000000 1171.000000 3607.000000 -2913.000000 -1940.000000 2178.000000 
66.570000 75.790001 110.919998 20.660000 -14.250000 0.000000 -403.000000 1072.000000 4219.000000 -2573.000000 -2103.000000 2764.000000 
64.269997 75.919998 109.690002 19.670000 -14.360000 0.000000 -213.000000 958.000000 4965.000000 -3066.000000 -2142.000000 2663.000000 
62.720001 76.059998 109.129997 18.709999 -14.570000 0.000000 93.000000 971.000000 5753.000000 -3310.000000 -2116.000000 2701.000000 
62.299999 76.150002 109.739998 17.799999 -14.760000 0.000000 166.000000 1044.000000 5738.000000 -3172.000000 -2102.000000 2901.000000 
62.320000 76.209999 110.730003 17.020000 -14.870000 0.000000 -49.000000 1014.000000 5061.000000 -3161.000000 -1808.000000 2527.000000 
62.720001 76.230003 112.089996 16.430000 -14.910000 0.000000 -90.000000 1016.000000 4231.000000 -3089.000000 -1380.000000 2100.000000 
63.200001 76.239998 113.500000 15.940000 -15.040000 0.000000 -43.000000 1008.000000 3867.000000 -2779.000000 -1170.000000 1911.000000 
63.849998 76.220001 114.989998 15.410000 -15.360000 0.000000 -67.000000 1000.000000 3833.000000 -2439.000000 -1153.000000 2088.000000 
63.939999 76.110001 115.940002 14.800000 -15.900000 0.000000 -22.000000 990.000000 3892.000000 -2696.000000 -1059.000000 1928.000000 
64.120003 76.059998 116.949997 14.200000 -16.750000 0.000000 149.000000 989.000000 3725.000000 -3114.000000 -1093.000000 1778.000000 
64.650002 76.050003 118.290001 13.400000 -17.780001 0.000000 -59.000000 925.000000 3587.000000 -3538.000000 -1136.000000 1649.000000 
65.120003 76.059998 119.680000 12.330000 -18.950001 0.000000 40.000000 861.000000 3766.000000 -3651.000000 -1357.000000 1645.000000 
66.089996 76.209999 121.550003 10.980000 -20.180000 0.000000 47.000000 820.000000 4276.000000 -3188.000000 -1944.000000 2534.000000 
65.290001 76.510002 121.800003 9.220000 -21.450001 0.000000 -212.000000 534.000000 4772.000000 -1437.000000 -3422.000000 5991.000000 
64.389999 76.790001 121.599998 7.760000 -22.959999 0.000000 803.000000 221.000000 5998.000000 -4611.000000 -2854.000000 2789.000000 
64.309998 76.900002 122.389999 7.190000 -23.500000 0.000000 799.000000 631.000000 6232.000000 -4139.000000 -2356.000000 2844.000000 
64.260002 76.779999 122.989998 7.170000 -23.590000 0.000000 499.000000 566.000000 4884.000000 -2504.000000 -2156.000000 3240.000000 
63.680000 76.300003 122.930000 7.510000 -23.400000 0.000000 571.000000 662.000000 4353.000000 -2576.000000 -1058.000000 2096.000000 
64.320000 75.849998 123.930000 8.360000 -23.790001 0.000000 365.000000 991.000000 4841.000000 -1925.000000 -631.000000 1995.000000 
65.400002 75.529999 125.290001 8.980000 -25.209999 0.000000 218.000000 774.000000 4442.000000 -2712.000000 -1047.000000 1636.000000 
66.570000 75.379997 126.750000 9.510000 -27.440001 0.000000 -90.000000 743.000000 3956.000000 -3496.000000 -2447.000000 2635.000000 
67.519997 75.330002 128.119995 9.900000 -29.250000 0.000000 -26.000000 740.000000 3923.000000 -3519.000000 -1697.000000 2141.000000 
67.440002 75.250000 128.660004 10.370000 -30.740000 0.000000 419.000000 948.000000 4396.000000 -3922.000000 -2205.000000 2517.000000 
67.309998 75.269997 129.029999 10.820000 -32.060001 0.000000 327.000000 989.000000 4227.000000 -4311.000000 -2964.000000 2637.000000 
67.580002 75.150002 129.740005 11.050000 -32.880001 0.000000 370.000000 936.000000 4145.000000 -4183.000000 -2817.000000 2602.000000 
68.480003 74.959999 131.089996 11.090000 -33.060001 0.000000 512.000000 928.000000 4276.000000 -2617.000000 -1385.000000 1675.000000 
69.279999 74.790001 132.320007 11.260000 -32.709999 0.000000 413.000000 1013.000000 4229.000000 -2275.000000 -439.000000 806.000000 
69.379997 74.680000 132.869995 11.200000 -32.950001 0.000000 292.000000 933.000000 4288.000000 -3930.000000 -1748.000000 1617.000000 
69.809998 74.730003 133.770004 10.750000 -33.500000 0.000000 343.000000 752.000000 4340.000000 -3838.000000 -2382.000000 1821.000000 
70.459999 74.820000 134.839996 10.520000 -33.730000 0.000000 -84.000000 831.000000 4389.000000 -4275.000000 -1903.000000 1471.000000 
70.419998 74.959999 135.259995 10.470000 -33.959999 0.000000 156.000000 1276.000000 5894.000000 -4341.000000 -2129.000000 1540.000000 
70.360001 75.070000 135.529999 10.090000 -34.509998 0.000000 -504.000000 818.000000 5245.000000 -4764.000000 -3168.000000 1326.000000 
70.750000 75.099998 136.210007 10.040000 -34.680000 0.000000 -530.000000 1181.000000 5919.000000 -4668.000000 -1866.000000 975.000000 
71.699997 75.160004 137.440002 10.180000 -34.610001 0.000000 -994.000000 1459.000000 6417.000000 -4820.000000 -1482.000000 960.000000 
73.199997 75.230003 139.309998 10.310000 -34.520000 0.000000 -1088.000000 1268.000000 5518.000000 -5059.000000 -1919.000000 1126.000000 
74.989998 75.279999 141.520004 11.030000 -34.490002 0.000000 -1019.000000 1807.000000 5480.000000 -4955.000000 -1835.000000 1071.000000 
76.949997 75.239998 143.929993 11.910000 -34.410000 0.000000 -1060.000000 1955.000000 5238.000000 -5168.000000 -1649.000000 1029.000000 
79.010002 75.070000 146.440002 12.880000 -34.360001 0.000000 -1076.000000 2057.000000 4949.000000 -5395.000000 -1952.000000 1074.000000 
81.070000 74.750000 149.029999 13.910000 -33.990002 0.000000 -1113.000000 2193.000000 4682.000000 -5210.000000 -837.000000 754.000000 
83.050003 74.349998 151.630005 14.950000 -33.580002 0.000000 -1097.000000 2182.000000 4405.000000 -5325.000000 -611.000000 919.000000 
84.790001 73.900002 154.149994 16.010000 -33.250000 0.000000 -1044.000000 2235.000000 4120.000000 -5064.000000 -470.000000 703.000000 
86.370003 73.410004 156.580002 17.040001 -32.880001 0.000000 -871.000000 2231.000000 4062.000000 -4841.000000 -325.000000 762.000000 
87.669998 72.889999 158.869995 18.059999 -32.570000 0.000000 -653.000000 2344.000000 4069.000000 -4582.000000 -287.000000 875.000000 
88.870003 72.410004 161.149994 19.000000 -32.270000 0.000000 -543.000000 2335.000000 3949.000000 -4223.000000 -253.000000 920.000000 
90.040001 71.970001 163.470001 19.870001 -32.090000 0.000000 -479.000000 2348.000000 3898.000000 -4129.000000 -334.000000 1052.000000 
91.059998 71.550003 165.740005 20.660000 -31.969999 0.000000 -483.000000 2242.000000 3694.000000 -4084.000000 -301.000000 1053.000000 
91.940002 71.169998 167.880005 21.370001 -31.920000 0.000000 -436.000000 2182.000000 3647.000000 -4042.000000 -353.000000 1120.000000 
92.559998 70.809998 169.869995 22.040001 -31.969999 0.000000 -346.000000 2119.000000 3544.000000 -4053.000000 -453.000000 1240.000000 
92.919998 70.470001 171.690002 22.639999 -32.080002 0.000000 -208.000000 2053.000000 3580.000000 -4004.000000 -582.000000 1339.000000 
93.029999 70.120003 173.300003 23.129999 -32.180000 0.000000 -8.000000 1982.000000 3648.000000 -3915.000000 -684.000000 1484.000000 
92.860001 69.699997 174.690002 23.540001 -32.270000 0.000000 153.000000 1965.000000 3737.000000 -3683.000000 -697.000000 1572.000000 
92.690002 69.260002 176.080002 23.820000 -32.369999 0.000000 303.000000 1917.000000 3839.000000 -3395.000000 -689.000000 1616.000000 
92.510002 68.800003 177.550003 24.010000 -32.470001 0.000000 361.000000 1832.000000 3855.000000 -3242.000000 -724.000000 1691.000000 
92.449997 68.309998 179.199997 24.110001 -32.549999 0.000000 376.000000 1749.000000 3856.000000 -3296.000000 -676.000000 1734.000000 
92.480003 67.809998 -178.990005 24.209999 -32.580002 0.000000 416.000000 1700.000000 3824.000000 -3174.000000 -651.000000 1717.000000 
92.529999 67.300003 -177.070007 24.350000 -32.630001 0.000000 456.000000 1665.000000 3697.000000 -3083.000000 -635.000000 1771.000000 
92.639999 66.860001 -175.029999 24.510000 -32.689999 0.000000 574.000000 1656.000000 3665.000000 -2974.000000 -594.000000 1819.000000 
92.870003 66.449997 -172.839996 24.700001 -32.799999 0.000000 650.000000 1691.000000 3606.000000 -2831.000000 -650.000000 1873.000000 
93.230003 66.199997 -170.490005 24.889999 -33.029999 0.000000 722.000000 1705.000000 3627.000000 -2761.000000 -738.000000 1883.000000 
93.779999 66.220001 -167.949997 25.010000 -33.400002 0.000000 676.000000 1657.000000 3642.000000 -2827.000000 -897.000000 1852.000000 
94.480003 66.449997 -165.300003 24.940001 -33.910000 0.000000 500.000000 1519.000000 3691.000000 -3003.000000 -1044.000000 1763.000000 
95.339996 66.800003 -162.550003 24.700001 -34.619999 0.000000 258.000000 1450.000000 3744.000000 -3246.000000 -1302.000000 1675.000000 
96.230003 67.269997 -159.789993 24.580000 -35.459999 0.000000 527.000000 1800.000000 4336.000000 -3599.000000 -1437.000000 1577.000000 
96.949997 67.769997 -157.250000 24.200001 -36.330002 0.000000 13.000000 1384.000000 3697.000000 -3828.000000 -1549.000000 1592.000000 
97.620003 68.129997 -154.729996 23.750000 -37.160000 0.000000 -126.000000 1296.000000 3980.000000 -3902.000000 -1597.000000 1553.000000 
97.830002 68.480003 -152.630005 23.270000 -37.830002 0.000000 -116.000000 1197.000000 3974.000000 -3718.000000 -1584.000000 1616.000000 
98.019997 68.769997 -150.550003 22.830000 -38.410000 0.000000 18.000000 1147.000000 4077.000000 -3401.000000 -1608.000000 1666.000000 
97.970001 68.989998 -148.699997 22.430000 -38.889999 0.000000 169.000000 1057.000000 4035.000000 -3163.000000 -1569.000000 1710.000000 
97.959999 69.199997 -146.789993 22.070000 -39.279999 0.000000 200.000000 975.000000 3862.000000 -3058.000000 -1416.000000 1672.000000 
97.849998 69.330002 -144.979996 21.770000 -39.669998 0.000000 298.000000 944.000000 3748.000000 -2983.000000 -1428.000000 1664.000000 
97.709999 69.610001 -143.220001 21.480000 -40.110001 0.000000 378.000000 877.000000 3673.000000 -2845.000000 -1480.000000 1615.000000 
97.500000 70.120003 -141.580002 21.150000 -40.650002 0.000000 411.000000 829.000000 3672.000000 -2690.000000 -1518.000000 1563.000000 
97.360001 70.769997 -139.949997 20.700001 -41.410000 0.000000 337.000000 691.000000 3664.000000 -2575.000000 -1712.000000 1535.000000 
97.260002 71.500000 -138.350006 20.309999 -42.450001 0.000000 1290.000000 613.000000 3832.000000 -2713.000000 -2454.000000 1718.000000 
97.019997 72.239998 -136.949997 19.510000 -43.250000 0.000000 383.000000 289.000000 3780.000000 -2638.000000 -1830.000000 1659.000000 
96.720001 72.919998 -135.559998 18.850000 -44.090000 0.000000 340.000000 544.000000 3812.000000 -2718.000000 -1931.000000 1687.000000 
96.269997 73.639999 -134.490005 18.260000 -45.000000 0.000000 274.000000 475.000000 3911.000000 -2811.000000 -2088.000000 1624.000000 
95.720001 74.370003 -133.550003 17.700001 -45.830002 0.000000 256.000000 339.000000 3820.000000 -2797.000000 -2046.000000 1576.000000 
94.739998 75.110001 -133.119995 17.110001 -46.580002 0.000000 302.000000 220.000000 3754.000000 -2537.000000 -2003.000000 1543.000000 
93.470001 75.879997 -133.029999 16.520000 -47.250000 0.000000 411.000000 221.000000 3807.000000 -2221.000000 -2009.000000 1568.000000 
92.230003 76.680000 -133.020004 15.880000 -47.970001 0.000000 466.000000 207.000000 3984.000000 -2049.000000 -2102.000000 1583.000000 
91.459999 77.540001 -132.630005 15.230000 -48.840000 0.000000 524.000000 316.000000 4134.000000 -1990.000000 -2428.000000 1684.000000 
91.519997 78.430000 -131.520004 14.470000 -49.799999 0.000000 430.000000 17.000000 3785.000000 -2276.000000 -2552.000000 1802.000000 
92.169998 79.320000 -130.020004 13.710000 -51.169998 0.000000 168.000000 185.000000 4133.000000 -2368.000000 -3277.000000 1612.000000 
92.860001 80.169998 -128.600006 13.050000 -52.299999 0.000000 -102.000000 329.000000 4135.000000 -3033.000000 -2316.000000 1370.000000 
92.739998 80.970001 -128.119995 12.280000 -53.450001 0.000000 -144.000000 16.000000 3923.000000 -3089.000000 -2329.000000 1297.000000 
91.209999 81.709999 -129.110001 11.510000 -54.500000 0.000000 -166.000000 101.000000 4033.000000 -3076.000000 -2510.000000 1439.000000 
88.199997 82.339996 -131.649994 10.740000 -55.369999 0.000000 3.000000 101.000000 4138.000000 -2884.000000 -2480.000000 1484.000000 
83.059998 82.889999 -136.509995 9.930000 -56.119999 0.000000 83.000000 -7.000000 4153.000000 -2861.000000 -2619.000000 1596.000000 
77.250000 83.470001 -141.910004 9.170000 -56.930000 0.000000 210.000000 18.000000 4221.000000 -2609.000000 -2885.000000 1670.000000 
69.349998 83.919998 -149.369995 8.480000 -57.439999 0.000000 283.000000 104.000000 4265.000000 -2669.000000 -2892.000000 1772.000000 
59.630001 84.300003 -158.419998 7.770000 -57.860001 0.000000 221.000000 -10.000000 4274.000000 -2746.000000 -2890.000000 1741.000000 
46.680000 84.480003 -170.190002 7.090000 -58.139999 0.000000 193.000000 22.000000 4307.000000 -2700.000000 -2775.000000 1700.000000 
32.619999 84.510002 177.440002 6.240000 -58.029999 0.000000 169.000000 -330.000000 3899.000000 -2614.000000 -2513.000000 1703.000000 
19.590000 84.349998 166.050003 5.600000 -57.810001 0.000000 297.000000 24.000000 4352.000000 -2603.000000 -2609.000000 1813.000000 
9.950000 84.040001 157.460007 5.040000 -57.470001 0.000000 353.000000 66.000000 4391.000000 -2535.000000 -2507.000000 1820.000000 
3.050000 83.730003 151.179993 4.510000 -57.160000 0.000000 396.000000 76.000000 4564.000000 -2741.000000 -2523.000000 1930.000000 
-1.730000 83.330002 146.740005 3.840000 -57.020000 0.000000 416.000000 -152.000000 4404.000000 -2680.000000 -2769.000000 1980.000000 
-5.470000 82.940002 143.240005 3.350000 -56.950001 0.000000 427.000000 -15.000000 4642.000000 -2586.000000 -2876.000000 1986.000000 
-9.490000 82.660004 139.509995 2.770000 -56.970001 0.000000 371.000000 -156.000000 4486.000000 -2612.000000 -2837.000000 1936.000000 
-13.620000 82.430000 135.679993 2.270000 -57.099998 0.000000 288.000000 -53.000000 4595.000000 -2773.000000 -2933.000000 1952.000000 
-17.160000 82.230003 132.389999 1.890000 -57.240002 0.000000 179.000000 52.000000 4647.000000 -3002.000000 -2878.000000 1945.000000 
-19.520000 82.019997 130.149994 1.510000 -57.419998 0.000000 109.000000 1.000000 4586.000000 -3090.000000 -2912.000000 1912.000000 
-21.299999 81.769997 128.399994 1.220000 -57.450001 0.000000 151.000000 47.000000 4487.000000 -3067.000000 -2832.000000 1942.000000 
-22.580000 81.470001 127.089996 0.930000 -57.279999 0.000000 276.000000 44.000000 4424.000000 -2878.000000 -2836.000000 1988.000000 
-23.719999 81.190002 125.900002 0.660000 -56.970001 0.000000 366.000000 74.000000 4531.000000 -2730.000000 -2850.000000 2036.000000 
-24.830000 80.949997 124.690002 0.220000 -56.639999 0.000000 390.000000 -81.000000 4345.000000 -2655.000000 -2744.000000 2005.000000 
-26.240000 80.750000 123.190002 -0.150000 -56.389999 0.000000 429.000000 30.000000 4586.000000 -2751.000000 -2807.000000 2011.000000 
-27.549999 80.610001 121.809998 -0.530000 -56.439999 0.000000 205.000000 -7.000000 4815.000000 -3129.000000 -2878.000000 1914.000000 
-28.340000 80.550003 120.900002 -0.900000 -56.500000 0.000000 67.000000 -8.000000 4810.000000 -3238.000000 -2839.000000 1845.000000 
-28.930000 80.500000 120.209999 -1.190000 -56.450001 0.000000 -3.000000 102.000000 4810.000000 -3226.000000 -2741.000000 1828.000000 
-28.969999 80.440002 119.989998 -1.420000 -56.320000 0.000000 -27.000000 87.000000 4829.000000 -3150.000000 -2657.000000 1815.000000 
-28.540001 80.400002 120.239998 -1.570000 -56.049999 0.000000 -4.000000 85.000000 4968.000000 -3074.000000 -2596.000000 1883.000000 
-27.940001 80.379997 120.680000 -1.670000 -55.680000 0.000000 71.000000 76.000000 4989.000000 -2976.000000 -2535.000000 1905.000000 
-27.240000 80.370003 121.209999 -1.700000 -55.200001 0.000000 150.000000 80.000000 4908.000000 -3232.000000 -2301.000000 2054.000000 
-27.830000 80.650002 120.760002 -1.720000 -55.080002 0.000000 192.000000 9.000000 4825.000000 -3057.000000 -2540.000000 1917.000000 
-25.950001 80.690002 122.570000 -1.110000 -56.200001 0.000000 -2485.000000 1753.000000 3169.000000 -973.000000 -5661.000000 2284.000000 
-24.100000 81.089996 124.400002 -1.080000 -54.860001 0.000000 802.000000 -380.000000 5409.000000 -3014.000000 -2411.000000 2865.000000 
-21.860001 81.199997 126.389999 -0.840000 -53.639999 0.000000 1290.000000 -77.000000 5386.000000 -2601.000000 -935.000000 2270.000000 
-18.430000 81.400002 129.500000 -0.600000 -52.419998 0.000000 863.000000 221.000000 5339.000000 -2667.000000 -1914.000000 2565.000000 
-15.020000 81.610001 132.529999 -0.240000 -51.500000 0.000000 564.000000 390.000000 4858.000000 -3118.000000 -1999.000000 2292.000000 
-12.030000 81.839996 135.149994 0.170000 -50.939999 0.000000 133.000000 451.000000 4625.000000 -3486.000000 -1862.000000 2039.000000 
-8.610000 82.010002 138.179993 0.550000 -50.560001 0.000000 -82.000000 467.000000 4412.000000 -3658.000000 -1784.000000 1869.000000 
-5.250000 82.139999 141.190002 0.900000 -50.299999 0.000000 -240.000000 462.000000 4171.000000 -3681.000000 -1704.000000 1679.000000 
-2.620000 82.220001 143.580002 1.230000 -50.090000 0.000000 -382.000000 516.000000 4083.000000 -3683.000000 -1764.000000 1639.000000 
-0.420000 82.239998 145.589996 1.610000 -49.849998 0.000000 -340.000000 604.000000 3993.000000 -3520.000000 -1703.000000 1557.000000 
1.840000 82.169998 147.660004 2.030000 -49.560001 0.000000 -265.000000 676.000000 4025.000000 -3441.000000 -1708.000000 1568.000000 
3.550000 82.019997 149.199997 2.400000 -49.270000 0.000000 -227.000000 631.000000 4011.000000 -3523.000000 -1862.000000 1695.000000 
4.970000 81.820000 150.500000 2.680000 -48.840000 0.000000 -68.000000 511.000000 3948.000000 -3368.000000 -1917.000000 1711.000000 
5.290000 81.180000 150.539993 2.620000 -47.869999 0.000000 3437.000000 -117.000000 5561.000000 -1601.000000 -1709.000000 3165.000000 
6.980000 81.050003 151.839996 2.480000 -47.490002 0.000000 775.000000 -156.000000 4769.000000 -4301.000000 -769.000000 1212.000000 
7.700000 81.019997 152.279999 2.870000 -47.400002 0.000000 452.000000 354.000000 4745.000000 -3052.000000 -2439.000000 2135.000000 
7.020000 81.129997 151.500000 3.100000 -46.820000 0.000000 52.000000 103.000000 4229.000000 -3197.000000 -2100.000000 1806.000000 
5.530000 81.190002 149.960007 3.000000 -45.099998 0.000000 237.000000 -324.000000 4676.000000 -1080.000000 -2578.000000 2823.000000 
2.450000 81.000000 146.850006 3.240000 -43.070000 0.000000 405.000000 359.000000 4890.000000 -2534.000000 -2549.000000 2751.000000 
-1.830000 80.779999 142.529999 2.910000 -41.849998 0.000000 974.000000 -518.000000 5039.000000 -2746.000000 -2996.000000 2324.000000 
-6.450000 80.559998 137.830002 2.910000 -40.200001 0.000000 -187.000000 115.000000 5411.000000 -1994.000000 -2985.000000 2718.000000 
-11.590000 80.459999 132.619995 2.890000 -39.040001 0.000000 177.000000 11.000000 5972.000000 -2154.000000 -3175.000000 2807.000000 
-18.190001 80.230003 126.040001 2.880000 -38.599998 0.000000 464.000000 -327.000000 5062.000000 -2593.000000 -3115.000000 2303.000000 
-25.180000 79.860001 118.989998 2.880000 -38.599998 0.000000 828.000000 -420.000000 4478.000000 -2698.000000 -2884.000000 2204.000000 
-31.590000 79.470001 112.309998 2.630000 -38.990002 0.000000 722.000000 -505.000000 4449.000000 -3060.000000 -3474.000000 2290.000000 
-36.900002 78.970001 106.529999 2.120000 -39.590000 0.000000 264.000000 -468.000000 4406.000000 -3323.000000 -3542.000000 2080.000000 
-40.820000 78.320000 101.970001 1.380000 -40.349998 0.000000 -46.000000 -550.000000 4077.000000 -3532.000000 -3752.000000 1813.000000 
-43.169998 77.500000 98.769997 0.300000 -41.200001 0.000000 -218.000000 -783.000000 3734.000000 -3707.000000 -4053.000000 1920.000000 
-43.910000 76.599998 97.040001 -1.130000 -42.029999 0.000000 -506.000000 -1000.000000 3606.000000 -3695.000000 -4087.000000 1890.000000 
-43.119999 75.529999 96.760002 -2.880000 -42.720001 0.000000 -879.000000 -1251.000000 3617.000000 -3402.000000 -3934.000000 1773.000000 
-41.330002 74.290001 97.430000 -4.880000 -43.369999 0.000000 -1000.000000 -1504.000000 3653.000000 -3228.000000 -3743.000000 1481.000000 
-39.000000 72.959999 98.690002 -7.060000 -43.959999 0.000000 -970.000000 -1731.000000 3771.000000 -2995.000000 -3348.000000 1132.000000 
-36.509998 71.540001 100.169998 -9.370000 -44.590000 0.000000 -689.000000 -1820.000000 4093.000000 -2620.000000 -3000.000000 1016.000000 
-33.980000 70.040001 101.750000 -11.730000 -45.380001 0.000000 -494.000000 -2062.000000 4410.000000 -2229.000000 -2959.000000 1300.000000 
-31.559999 68.550003 103.239998 -13.920000 -46.270000 0.000000 -247.000000 -2101.000000 4824.000000 -1615.000000 -3084.000000 1789.000000 
-29.400000 67.150002 104.540001 -15.390000 -46.889999 0.000000 119.000000 -1816.000000 5052.000000 -839.000000 -3293.000000 2603.000000 
-27.450001 65.830002 105.669998 -16.440001 -47.459999 0.000000 513.000000 -1540.000000 4603.000000 -634.000000 -3240.000000 2778.000000 
-25.680000 64.580002 106.580002 -17.230000 -48.080002 0.000000 829.000000 -1379.000000 4072.000000 -651.000000 -3197.000000 2799.000000 
-24.129999 63.369999 107.209999 -17.799999 -48.790001 0.000000 1117.000000 -1250.000000 3833.000000 -979.000000 -2885.000000 2393.000000 
-22.750000 62.169998 107.610001 -18.139999 -49.580002 0.000000 1318.000000 -1076.000000 3652.000000 -1170.000000 -2486.000000 2010.000000 
-21.360001 61.150002 107.870003 -18.340000 -50.630001 0.000000 1421.000000 -930.000000 3566.000000 -1323.000000 -2205.000000 1609.000000 
-19.870001 60.349998 108.120003 -18.459999 -51.759998 0.000000 1319.000000 -838.000000 3465.000000 -1373.000000 -1801.000000 1308.000000 
-18.270000 59.740002 108.430000 -18.480000 -53.090000 0.000000 1126.000000 -636.000000 3427.000000 -1717.000000 -1476.000000 1033.000000 
-16.610001 59.320000 108.779999 -18.469999 -54.459999 0.000000 826.000000 -422.000000 3393.000000 -2027.000000 -1144.000000 983.000000 
-14.890000 58.910000 109.150002 -18.510000 -55.869999 0.000000 621.000000 -244.000000 3290.000000 -2128.000000 -1011.000000 959.000000 
-13.210000 58.459999 109.500000 -18.570000 -57.180000 0.000000 385.000000 -65.000000 3086.000000 -1980.000000 -1246.000000 1297.000000 
-11.700000 57.930000 109.750000 -18.650000 -58.320000 0.000000 599.000000 -80.000000 2985.000000 -1933.000000 -1655.000000 1763.000000 
-10.330000 57.320000 109.900002 -18.840000 -59.139999 0.000000 443.000000 -30.000000 3054.000000 -1848.000000 -2209.000000 2450.000000 
-9.050000 56.630001 109.970001 -19.120001 -59.709999 0.000000 -48.000000 339.000000 3006.000000 -1824.000000 -2251.000000 2414.000000 
-7.750000 55.830002 110.040001 -19.430000 -60.020000 0.000000 844.000000 -98.000000 3597.000000 -1883.000000 -2137.000000 2562.000000 
-6.430000 55.009998 110.199997 -19.740000 -60.349998 0.000000 1143.000000 1.000000 3848.000000 -2157.000000 -2124.000000 2478.000000 
-5.190000 54.250000 110.300003 -20.010000 -60.599998 0.000000 1517.000000 152.000000 4105.000000 -2190.000000 -2011.000000 2367.000000 
-4.030000 53.630001 110.349998 -20.219999 -60.900002 0.000000 1590.000000 192.000000 4215.000000 -2442.000000 -1950.000000 2245.000000 
-3.030000 53.230000 110.199997 -20.360001 -61.169998 0.000000 397.000000 554.000000 3894.000000 -2130.000000 -2079.000000 2062.000000 
-2.180000 52.990002 109.949997 -20.450001 -61.470001 0.000000 1226.000000 179.000000 4219.000000 -2302.000000 -2371.000000 2594.000000 
-1.470000 52.860001 109.589996 -20.570000 -61.799999 0.000000 -42.000000 349.000000 4038.000000 -2415.000000 -2857.000000 2635.000000 
-0.880000 52.770000 109.190002 -20.620001 -62.000000 0.000000 1082.000000 48.000000 4496.000000 -3093.000000 -2758.000000 2762.000000 
-0.200000 52.599998 108.910004 -20.660000 -62.060001 0.000000 1009.000000 -158.000000 4607.000000 -3269.000000 -2750.000000 2996.000000 
0.560000 52.330002 108.809998 -20.600000 -61.900002 0.000000 1299.000000 -45.000000 4673.000000 -3061.000000 -2887.000000 3101.000000 
1.490000 51.970001 108.900002 -20.450001 -61.470001 0.000000 1703.000000 -81.000000 4685.000000 -2796.000000 -2780.000000 3053.000000 
2.460000 51.580002 109.099998 -20.180000 -60.919998 0.000000 1901.000000 -75.000000 4677.000000 -2558.000000 -2770.000000 3103.000000 
3.370000 51.230000 109.309998 -19.809999 -60.250000 0.000000 2031.000000 20.000000 4440.000000 -2366.000000 -2646.000000 3148.000000 
4.320000 50.889999 109.599998 -19.760000 -59.540001 0.000000 4701.000000 -415.000000 4537.000000 -2508.000000 -2112.000000 2891.000000 
5.200000 50.619999 109.809998 -19.330000 -58.610001 0.000000 1992.000000 -19.000000 4068.000000 -2104.000000 -2522.000000 3188.000000 
6.010000 50.279999 110.050003 -18.990000 -57.779999 0.000000 2015.000000 14.000000 3936.000000 -1927.000000 -2760.000000 3352.000000 
6.930000 49.799999 110.400002 -18.930000 -57.020000 0.000000 3906.000000 -190.000000 4215.000000 -2174.000000 -2617.000000 3194.000000 
7.840000 49.279999 110.750000 -18.750000 -56.160000 0.000000 2564.000000 -230.000000 4238.000000 -2126.000000 -2991.000000 3594.000000 
8.690000 48.669998 111.139999 -18.629999 -55.480000 0.000000 2468.000000 -295.000000 4267.000000 -2385.000000 -3223.000000 3681.000000 
9.520000 47.939999 111.559998 -18.540001 -54.669998 0.000000 2740.000000 -234.000000 4169.000000 -2015.000000 -3196.000000 3691.000000 
10.450000 46.939999 112.089996 -18.540001 -53.700001 0.000000 3152.000000 -220.000000 4079.000000 -1546.000000 -2970.000000 3669.000000 
11.420000 45.820000 112.660004 -18.540001 -52.660000 0.000000 3331.000000 -229.000000 4003.000000 -1070.000000 -2908.000000 3628.000000 
11.880000 44.240002 112.809998 -16.870001 -51.810001 0.000000 7047.000000 2642.000000 9747.000000 -989.000000 -2652.000000 2904.000000 
13.240000 43.419998 113.070000 -15.530000 -50.869999 0.000000 3869.000000 -1132.000000 -37.000000 -1363.000000 -3163.000000 4266.000000 
14.350000 42.759998 113.239998 -13.170000 -49.480000 0.000000 2338.000000 1368.000000 3193.000000 40.000000 -4593.000000 5625.000000 
15.620000 42.849998 113.589996 -11.690000 -47.549999 0.000000 3589.000000 -454.000000 3409.000000 781.000000 -3142.000000 3942.000000 
16.969999 42.750000 113.959999 -10.070000 -46.279999 0.000000 3307.000000 404.000000 3133.000000 -342.000000 -2262.000000 3044.000000 
18.309999 42.830002 114.339996 -8.760000 -45.279999 0.000000 3056.000000 158.000000 2928.000000 -936.000000 -2678.000000 3748.000000 
19.580000 42.779999 114.629997 -7.530000 -44.470001 0.000000 2979.000000 215.000000 3305.000000 -1575.000000 -2698.000000 3694.000000 
20.790001 42.560001 114.889999 -6.500000 -43.720001 0.000000 2681.000000 125.000000 3238.000000 -1551.000000 -2476.000000 3482.000000 
22.000000 42.070000 115.120003 -5.700000 -42.980000 0.000000 2975.000000 146.000000 3473.000000 -1207.000000 -2438.000000 3484.000000 
23.150000 41.450001 115.370003 -4.960000 -42.270000 0.000000 2831.000000 209.000000 3238.000000 -1213.000000 -2369.000000 3480.000000 
24.219999 40.880001 115.620003 -4.270000 -41.570000 0.000000 2987.000000 368.000000 3290.000000 -1212.000000 -2390.000000 3659.000000 
25.170000 40.500000 115.870003 -3.690000 -40.770000 0.000000 2904.000000 277.000000 3231.000000 -622.000000 -2288.000000 3604.000000 
25.830000 40.139999 115.830002 -3.350000 -40.540001 0.000000 3035.000000 173.000000 3186.000000 -327.000000 -2629.000000 3394.000000 
25.809999 39.430000 115.139999 -3.670000 -40.720001 0.000000 3217.000000 -200.000000 3060.000000 -306.000000 -3138.000000 3386.000000 
25.440001 38.610001 114.250000 -4.440000 -41.110001 0.000000 3454.000000 -387.000000 2854.000000 -156.000000 -3231.000000 3049.000000 
24.980000 37.970001 113.239998 -5.530000 -41.599998 0.000000 3405.000000 -634.000000 2796.000000 -311.000000 -3134.000000 2792.000000 
24.530001 37.500000 112.260002 -6.790000 -42.110001 0.000000 3148.000000 -819.000000 2861.000000 -410.000000 -3176.000000 2763.000000 
24.129999 37.180000 111.269997 -8.080000 -42.619999 0.000000 3118.000000 -947.000000 2829.000000 -480.000000 -3208.000000 2714.000000 
23.740000 37.049999 110.290001 -9.410000 -43.130001 0.000000 2843.000000 -1115.000000 3005.000000 -702.000000 -3236.000000 2627.000000 
23.459999 37.130001 109.470001 -10.630000 -43.610001 0.000000 2765.000000 -1197.000000 2967.000000 -719.000000 -3237.000000 2626.000000 
23.200001 37.349998 108.720001 -11.530000 -44.060001 0.000000 3268.000000 -879.000000 3123.000000 -684.000000 -3193.000000 2655.000000 
23.030001 37.599998 108.120003 -12.020000 -44.439999 0.000000 2735.000000 -762.000000 2868.000000 -739.000000 -3142.000000 2697.000000 
23.020000 37.910000 107.669998 -12.240000 -44.779999 0.000000 2743.000000 -703.000000 2693.000000 -825.000000 -3083.000000 2702.000000 
23.100000 38.160000 107.269997 -12.690000 -45.119999 0.000000 2689.000000 -1183.000000 3425.000000 -819.000000 -3185.000000 2697.000000 
23.139999 38.310001 106.900002 -13.180000 -45.419998 0.000000 2659.000000 -1244.000000 3189.000000 -769.000000 -3138.000000 2671.000000 
23.080000 38.410000 106.459999 -13.660000 -45.660000 0.000000 2508.000000 -1293.000000 3165.000000 -756.000000 -3118.000000 2681.000000 
23.010000 38.459999 105.980003 -14.000000 -45.849998 0.000000 2508.000000 -1326.000000 3215.000000 -750.000000 -3133.000000 2709.000000 
22.930000 38.360001 105.519997 -14.170000 -46.000000 0.000000 2596.000000 -1269.000000 3175.000000 -713.000000 -3118.000000 2696.000000 
22.879999 38.189999 105.120003 -14.160000 -46.119999 0.000000 2663.000000 -1176.000000 3135.000000 -692.000000 -3130.000000 2754.000000 
22.809999 38.070000 104.690002 -14.050000 -46.189999 0.000000 2704.000000 -1134.000000 3128.000000 -614.000000 -3130.000000 2821.000000 
22.709999 37.880001 104.290001 -13.880000 -46.240002 0.000000 2826.000000 -1070.000000 3101.000000 -547.000000 -3131.000000 2825.000000 
22.629999 37.650002 103.919998 -13.720000 -46.299999 0.000000 2849.000000 -1031.000000 3076.000000 -544.000000 -3095.000000 2886.000000 
22.620001 37.490002 103.540001 -13.610000 -46.340000 0.000000 2846.000000 -1014.000000 3050.000000 -555.000000 -3087.000000 2897.000000 
22.610001 37.349998 103.180000 -13.570000 -46.439999 0.000000 2817.000000 -1027.000000 3068.000000 -607.000000 -3080.000000 2847.000000 
22.590000 37.220001 102.779999 -13.590000 -46.580002 0.000000 2758.000000 -1063.000000 3085.000000 -634.000000 -3097.000000 2855.000000 
22.600000 37.110001 102.529999 -13.660000 -46.660000 0.000000 2759.000000 -1089.000000 3088.000000 -656.000000 -3090.000000 2832.000000 
22.590000 36.990002 102.209999 -13.710000 -46.790001 0.000000 2753.000000 -1071.000000 3095.000000 -637.000000 -3083.000000 2838.000000 
22.600000 36.880001 101.879997 -13.720000 -46.860001 0.000000 2784.000000 -1043.000000 3104.000000 -617.000000 -3094.000000 2847.000000 
22.580000 36.820000 101.669998 -13.710000 -46.970001 0.000000 2792.000000 -1027.000000 3101.000000 -633.000000 -3087.000000 2821.000000 
22.549999 36.869999 101.370003 -13.690000 -47.040001 0.000000 2767.000000 -1031.000000 3106.000000 -655.000000 -3083.000000 2868.000000 
22.510000 36.939999 101.150002 -13.660000 -47.099998 0.000000 2749.000000 -1030.000000 3129.000000 -656.000000 -3104.000000 2838.000000 
22.440001 37.020000 100.919998 -13.650000 -47.189999 0.000000 2753.000000 -1030.000000 3122.000000 -639.000000 -3111.000000 2841.000000 
22.370001 37.070000 100.650002 -13.670000 -47.290001 0.000000 2765.000000 -1036.000000 3047.000000 -614.000000 -3128.000000 2819.000000 
22.290001 37.020000 100.379997 -13.730000 -47.389999 0.000000 2770.000000 -1067.000000 3060.000000 -598.000000 -3122.000000 2792.000000 
22.190001 36.900002 100.110001 -13.820000 -47.490002 0.000000 2772.000000 -1080.000000 3051.000000 -642.000000 -3111.000000 2787.000000 
22.129999 36.820000 99.849998 -13.920000 -47.560001 0.000000 2763.000000 -1116.000000 3102.000000 -617.000000 -3099.000000 2813.000000 
22.139999 36.759998 99.620003 -14.000000 -47.630001 0.000000 2734.000000 -1091.000000 3100.000000 -632.000000 -3100.000000 2807.000000 
22.160000 36.689999 99.370003 -14.050000 -47.680000 0.000000 2758.000000 -1091.000000 3111.000000 -649.000000 -3097.000000 2809.000000 
22.180000 36.619999 99.199997 -14.070000 -47.759998 0.000000 2789.000000 -1079.000000 3079.000000 -625.000000 -3105.000000 2793.000000 
22.209999 36.540001 99.010002 -14.030000 -47.759998 0.000000 2793.000000 -1041.000000 3108.000000 -605.000000 -3072.000000 2852.000000 
22.250000 36.459999 98.870003 -13.980000 -47.799999 0.000000 2810.000000 -1027.000000 3080.000000 -600.000000 -3094.000000 2845.000000 
22.320000 36.380001 98.720001 -13.900000 -47.770000 0.000000 2799.000000 -994.000000 3074.000000 -585.000000 -3072.000000 2876.000000 
22.379999 36.320000 98.550003 -13.820000 -47.730000 0.000000 2821.000000 -972.000000 3092.000000 -606.000000 -3071.000000 2888.000000 
22.440001 36.259998 98.430000 -13.780000 -47.730000 0.000000 2817.000000 -1009.000000 3067.000000 -610.000000 -3082.000000 2899.000000 
22.480000 36.230000 98.250000 -13.760000 -47.730000 0.000000 2813.000000 -989.000000 3083.000000 -614.000000 -3084.000000 2901.000000 
22.520000 36.200001 98.139999 -13.780000 -47.740002 0.000000 2809.000000 -1025.000000 3092.000000 -626.000000 -3064.000000 2849.000000 
22.540001 36.160000 98.070000 -13.820000 -47.790001 0.000000 2778.000000 -1032.000000 3059.000000 -589.000000 -3107.000000 2837.000000 
22.530001 36.070000 97.910004 -13.880000 -47.830002 0.000000 2824.000000 -1044.000000 3057.000000 -553.000000 -3100.000000 2833.000000 
22.459999 35.970001 97.709999 -13.950000 -47.910000 0.000000 2840.000000 -1048.000000 3031.000000 -572.000000 -3122.000000 2810.000000 
22.420000 35.889999 97.550003 -14.010000 -47.970001 0.000000 2835.000000 -1059.000000 3057.000000 -598.000000 -3106.000000 2820.000000 
22.400000 35.860001 97.480003 -14.050000 -47.990002 0.000000 2822.000000 -1040.000000 3057.000000 -595.000000 -3100.000000 2833.000000 
22.389999 35.849998 97.389999 -14.060000 -48.049999 0.000000 2832.000000 -1034.000000 3078.000000 -605.000000 -3110.000000 2817.000000 
22.360001 35.869999 97.279999 -14.050000 -48.099998 0.000000 2813.000000 -1022.000000 3045.000000 -613.000000 -3103.000000 2830.000000 
22.320000 35.939999 97.150002 -14.010000 -48.139999 0.000000 2800.000000 -1002.000000 3078.000000 -603.000000 -3101.000000 2842.000000 
22.280001 35.980000 97.040001 -13.980000 -48.180000 0.000000 2800.000000 -1000.000000 3093.000000 -595.000000 -3095.000000 2811.000000 
22.260000 36.009998 96.940002 -13.960000 -48.250000 0.000000 2796.000000 -1004.000000 3052.000000 -628.000000 -3121.000000 2818.000000 
22.230000 36.029999 96.830002 -13.950000 -48.310001 0.000000 2810.000000 -1017.000000 3061.000000 -621.000000 -3110.000000 2820.000000 
22.200001 36.020000 96.690002 -13.950000 -48.349998 0.000000 2801.000000 -1006.000000 3059.000000 -600.000000 -3115.000000 2826.000000 
22.139999 35.980000 96.599998 -13.950000 -48.400002 0.000000 2811.000000 -1018.000000 3053.000000 -584.000000 -3120.000000 2784.000000 
