48.270000 42.820000 67.580002 -2.130000 -38.000000 0.000000 2011.000000 -268.000000 2599.000000 -1937.000000 -1541.000000 1411.000000 
48.340000 43.470001 66.010002 -2.650000 -37.959999 0.000000 2368.000000 -364.000000 2914.000000 -1494.000000 -1590.000000 1474.000000 
48.080002 44.400002 64.230003 -3.200000 -38.169998 0.000000 2514.000000 -444.000000 3104.000000 -1467.000000 -1687.000000 1201.000000 
47.910000 45.450001 62.500000 -4.220000 -38.560001 0.000000 2620.000000 -942.000000 3333.000000 -2344.000000 -1846.000000 1100.000000 
48.139999 46.529999 61.080002 -5.130000 -39.080002 0.000000 2218.000000 -1181.000000 3787.000000 -3450.000000 -1960.000000 1022.000000 
48.520000 47.709999 59.939999 -5.850000 -39.590000 0.000000 1405.000000 -1388.000000 4143.000000 -3845.000000 -1702.000000 915.000000 
48.680000 49.000000 58.880001 -6.360000 -40.040001 0.000000 675.000000 -1288.000000 4258.000000 -3690.000000 -1277.000000 660.000000 
48.509998 50.340000 57.720001 -6.850000 -40.509998 0.000000 223.000000 -1280.000000 4149.000000 -3609.000000 -1031.000000 242.000000 
47.869999 51.660000 56.310001 -6.310000 -41.139999 0.000000 272.000000 3923.000000 3232.000000 -3792.000000 -972.000000 -44.000000 
46.540001 52.980000 54.490002 -7.430000 -42.279999 0.000000 1312.000000 -1657.000000 3753.000000 -1017.000000 -777.000000 223.000000 
45.180000 54.490002 52.810001 -8.390000 -43.889999 0.000000 446.000000 -2025.000000 5223.000000 -4672.000000 -1734.000000 -576.000000 
43.549999 56.020000 50.939999 -9.510000 -45.990002 0.000000 768.000000 -2513.000000 5697.000000 -6219.000000 -2732.000000 -1263.000000 
41.730000 57.529999 49.209999 -10.840000 -48.369999 0.000000 2823.000000 -2809.000000 6239.000000 -7131.000000 -3198.000000 -1609.000000 
39.730000 59.060001 47.880001 -12.160000 -51.169998 0.000000 3862.000000 -2969.000000 7023.000000 -5134.000000 -3176.000000 -1223.000000 
38.610001 61.110001 47.680000 -13.060000 -54.630001 0.000000 3109.000000 -2579.000000 6564.000000 -3548.000000 -3279.000000 -17.000000 
38.410000 63.689999 48.450001 -13.270000 -58.630001 0.000000 1676.000000 -1680.000000 5171.000000 -3478.000000 -3051.000000 782.000000 
39.150002 66.580002 50.110001 -12.920000 -62.599998 0.000000 220.000000 -868.000000 3646.000000 -3864.000000 -2656.000000 1159.000000 
40.169998 69.449997 52.080002 -12.370000 -66.190002 0.000000 -363.000000 -363.000000 3018.000000 -3942.000000 -2379.000000 1120.000000 
40.720001 72.050003 53.619999 -11.780000 -69.309998 0.000000 -410.000000 -88.000000 2892.000000 -3889.000000 -2124.000000 908.000000 
40.139999 74.209999 54.060001 -11.030000 -71.809998 0.000000 228.000000 -92.000000 2605.000000 -3074.000000 -2003.000000 738.000000 
38.029999 75.830002 52.869999 -10.240000 -73.699997 0.000000 410.000000 -133.000000 2688.000000 -2459.000000 -2138.000000 845.000000 
34.450001 76.919998 50.009998 -9.600000 -75.260002 0.000000 682.000000 -252.000000 2902.000000 -2715.000000 -2476.000000 1200.000000 
30.530001 77.440002 46.590000 -9.220000 -76.349998 0.000000 493.000000 -418.000000 3141.000000 -2481.000000 -2321.000000 1606.000000 
26.730000 77.449997 43.180000 -8.820000 -76.870003 0.000000 391.000000 -357.000000 2957.000000 -2197.000000 -1510.000000 1117.000000 
22.690001 76.989998 39.520000 -9.170000 -77.260002 0.000000 614.000000 -513.000000 2718.000000 -2175.000000 -1291.000000 600.000000 
18.360001 76.220001 35.639999 -9.730000 -77.940002 0.000000 969.000000 -746.000000 2917.000000 -2371.000000 -1271.000000 116.000000 
13.310000 75.169998 31.139999 -10.380000 -78.970001 0.000000 1437.000000 -1003.000000 3192.000000 -2334.000000 -1541.000000 -332.000000 
7.130000 73.820000 25.719999 -11.120000 -80.190002 0.000000 2089.000000 -1362.000000 3746.000000 -2496.000000 -2203.000000 -503.000000 
0.730000 72.029999 20.129999 -11.810000 -81.680000 0.000000 3027.000000 -1642.000000 4442.000000 -3454.000000 -3515.000000 -770.000000 
-4.360000 70.430000 15.900000 -12.380000 -83.309998 0.000000 4136.000000 -1670.000000 4596.000000 -4424.000000 -5273.000000 -435.000000 
-7.900000 69.209999 13.170000 -12.900000 -84.949997 0.000000 5583.000000 -1717.000000 4887.000000 -3962.000000 -6526.000000 -24.000000 
-10.410000 68.529999 11.180000 -13.440000 -86.440002 0.000000 5288.000000 -1966.000000 5034.000000 -4729.000000 -6670.000000 933.000000 
-12.120000 68.349998 9.740000 -14.010000 -87.589996 0.000000 3006.000000 -1705.000000 4349.000000 -3568.000000 -5467.000000 984.000000 
-12.580000 68.470001 9.110000 -14.700000 -88.449997 0.000000 1101.000000 -959.000000 2674.000000 -2272.000000 -3661.000000 420.000000 
-12.380000 69.019997 9.130000 -15.190000 -89.110001 0.000000 537.000000 -929.000000 2569.000000 -1157.000000 -2489.000000 436.000000 
-12.020000 69.470001 9.330000 -15.900000 -89.910004 0.000000 601.000000 -1211.000000 2947.000000 -1792.000000 -2348.000000 329.000000 
-10.960000 68.690002 10.150000 -16.350000 -91.070000 0.000000 2052.000000 -1128.000000 2769.000000 -3238.000000 -2626.000000 -162.000000 
-10.760000 67.809998 10.210000 -17.209999 -91.970001 0.000000 2152.000000 -2355.000000 5590.000000 -2709.000000 -2843.000000 -293.000000 
-11.490000 66.809998 9.530000 -17.240000 -92.000000 0.000000 3077.000000 -1736.000000 4680.000000 -1052.000000 -4230.000000 1331.000000 
-11.820000 66.019997 9.070000 -17.020000 -92.400002 0.000000 2765.000000 -1337.000000 3465.000000 -3633.000000 -4095.000000 233.000000 
-11.140000 66.080002 9.550000 -17.049999 -92.739998 0.000000 1944.000000 -1371.000000 3176.000000 -2477.000000 -3261.000000 -73.000000 
-10.970000 65.730003 9.630000 -16.809999 -93.199997 0.000000 2449.000000 -1362.000000 3239.000000 -2208.000000 -2835.000000 -361.000000 
-11.810000 65.639999 8.770000 -16.389999 -93.680000 0.000000 2585.000000 -1338.000000 3298.000000 -2684.000000 -3127.000000 24.000000 
-11.940000 65.870003 8.600000 -15.840000 -94.379997 0.000000 2874.000000 -1276.000000 3118.000000 -2474.000000 -3049.000000 -185.000000 
-12.390000 66.180000 8.200000 -15.230000 -95.120003 0.000000 2387.000000 -1134.000000 3424.000000 -2092.000000 -2731.000000 -244.000000 
-12.830000 66.360001 7.820000 -14.780000 -96.449997 0.000000 2626.000000 -1116.000000 3242.000000 -2474.000000 -2886.000000 -431.000000 
-12.800000 66.370003 7.950000 -14.090000 -97.989998 0.000000 3152.000000 -817.000000 3643.000000 -2758.000000 -2867.000000 -408.000000 
-13.310000 66.750000 7.540000 -13.390000 -99.139999 0.000000 3321.000000 -613.000000 3546.000000 -3581.000000 -3790.000000 424.000000 
-13.990000 67.470001 7.020000 -12.450000 -99.500000 0.000000 2052.000000 -657.000000 3311.000000 -2423.000000 -2506.000000 -321.000000 
-15.060000 68.180000 6.150000 -11.530000 -100.059998 0.000000 2137.000000 -563.000000 3332.000000 -2840.000000 -2734.000000 -235.000000 
-17.450001 68.800003 4.030000 -10.710000 -100.790001 0.000000 2395.000000 -573.000000 3530.000000 -2777.000000 -2724.000000 -393.000000 
-19.719999 69.480003 2.050000 -10.180000 -101.500000 0.000000 2536.000000 -689.000000 3535.000000 -2727.000000 -3375.000000 -552.000000 
-21.639999 70.010002 0.340000 -9.990000 -102.070000 0.000000 2813.000000 -960.000000 3389.000000 -2675.000000 -2814.000000 -554.000000 
-23.910000 70.459999 -1.690000 -9.630000 -102.370003 0.000000 2602.000000 -739.000000 3641.000000 -2791.000000 -2800.000000 -475.000000 
-26.500000 70.699997 -4.040000 -9.280000 -102.199997 0.000000 2427.000000 -679.000000 3668.000000 -3081.000000 -3382.000000 347.000000 
-29.059999 70.790001 -6.360000 -8.940000 -102.089996 0.000000 2625.000000 -454.000000 3155.000000 -2987.000000 -2756.000000 -324.000000 
-30.320000 71.199997 -7.540000 -8.310000 -101.730003 0.000000 2155.000000 -356.000000 3623.000000 -3004.000000 -2493.000000 -241.000000 
-31.629999 71.730003 -8.770000 -8.210000 -101.480003 0.000000 2213.000000 -528.000000 3488.000000 -3450.000000 -2655.000000 -444.000000 
-33.119999 72.300003 -10.170000 -7.970000 -101.599998 0.000000 2232.000000 -528.000000 3897.000000 -3180.000000 -2057.000000 -886.000000 
-34.860001 72.930000 -11.740000 -8.170000 -102.000000 0.000000 2268.000000 -764.000000 4060.000000 -2536.000000 -1863.000000 -1035.000000 
-37.799999 73.529999 -14.380000 -8.380000 -102.099998 0.000000 1905.000000 -819.000000 3705.000000 -2979.000000 -2761.000000 -539.000000 
-41.959999 73.940002 -18.090000 -8.330000 -102.230003 0.000000 2019.000000 -679.000000 3563.000000 -2764.000000 -2530.000000 -424.000000 
-46.439999 74.080002 -22.110001 -8.220000 -102.320000 0.000000 2238.000000 -676.000000 3564.000000 -3163.000000 -2803.000000 -393.000000 
-50.779999 73.980003 -26.020000 -8.070000 -102.480003 0.000000 2395.000000 -666.000000 3703.000000 -5033.000000 -3801.000000 -436.000000 
-55.450001 73.900002 -30.260000 -7.900000 -102.110001 0.000000 2519.000000 -627.000000 3676.000000 -3351.000000 -2853.000000 -496.000000 
-59.459999 73.730003 -33.959999 -7.670000 -101.980003 0.000000 2236.000000 -615.000000 3991.000000 -2855.000000 -2184.000000 -1114.000000 
-63.369999 73.910004 -37.639999 -7.210000 -101.690002 0.000000 1488.000000 -479.000000 3726.000000 -2850.000000 -1654.000000 -905.000000 
-66.889999 74.120003 -40.930000 -6.680000 -101.809998 0.000000 1002.000000 -405.000000 3792.000000 -3146.000000 -1301.000000 -1196.000000 
-69.750000 74.110001 -43.520000 -6.420000 -101.589996 0.000000 661.000000 -572.000000 3856.000000 -3106.000000 -2136.000000 -637.000000 
-71.839996 73.820000 -45.320000 -6.290000 -100.129997 0.000000 1709.000000 -429.000000 3851.000000 -4930.000000 -4118.000000 221.000000 
-73.220001 73.599998 -46.480000 -6.250000 -99.559998 0.000000 2670.000000 -533.000000 3657.000000 -3142.000000 -2154.000000 -536.000000 
-74.349998 73.629997 -47.450001 -6.260000 -99.180000 0.000000 1635.000000 -486.000000 4306.000000 -4064.000000 -2118.000000 -667.000000 
-75.760002 73.790001 -48.689999 -6.210000 -99.160004 0.000000 1765.000000 -498.000000 4666.000000 -3832.000000 -1660.000000 -928.000000 
-77.730003 73.989998 -50.439999 -6.200000 -99.239998 0.000000 1935.000000 -538.000000 4713.000000 -3738.000000 -1702.000000 -829.000000 
-80.330002 74.290001 -52.720001 -5.810000 -99.260002 0.000000 1407.000000 -398.000000 4621.000000 -3715.000000 -1932.000000 -499.000000 
-83.080002 74.589996 -55.119999 -5.490000 -99.430000 0.000000 1625.000000 -417.000000 4342.000000 -3776.000000 -1828.000000 -452.000000 
-85.959999 74.830002 -57.560001 -4.940000 -99.339996 0.000000 1621.000000 -345.000000 4070.000000 -3345.000000 -1733.000000 -366.000000 
-88.510002 74.870003 -59.680000 -4.240000 -98.910004 0.000000 1512.000000 -216.000000 3611.000000 -3683.000000 -1881.000000 -365.000000 
-91.059998 74.940002 -61.730000 -3.550000 -98.470001 0.000000 1740.000000 -155.000000 4333.000000 -4176.000000 -2039.000000 -439.000000 
-93.559998 75.010002 -63.720001 -3.110000 -98.230003 0.000000 1887.000000 -181.000000 5034.000000 -3854.000000 -2068.000000 -433.000000 
-95.980003 74.949997 -65.639999 -2.810000 -98.160004 0.000000 1944.000000 -213.000000 4772.000000 -4115.000000 -2045.000000 -365.000000 
-98.610001 74.940002 -67.750000 -2.270000 -98.300003 0.000000 1689.000000 -68.000000 4811.000000 -4337.000000 -1907.000000 -376.000000 
-101.089996 75.029999 -69.709999 -1.710000 -98.349998 0.000000 1534.000000 17.000000 4753.000000 -4477.000000 -1791.000000 -354.000000 
-103.389999 75.180000 -71.510002 -1.120000 -97.889999 0.000000 1438.000000 80.000000 4705.000000 -4397.000000 -1881.000000 -263.000000 
-105.620003 75.400002 -73.239998 -0.480000 -96.919998 0.000000 1400.000000 143.000000 4601.000000 -4238.000000 -1872.000000 -137.000000 
-107.809998 75.650002 -74.919998 0.130000 -95.720001 0.000000 1654.000000 211.000000 4556.000000 -3698.000000 -1592.000000 -49.000000 
-109.690002 75.860001 -76.300003 0.770000 -94.809998 0.000000 1763.000000 301.000000 4374.000000 -4019.000000 -1671.000000 -55.000000 
-111.930000 76.129997 -78.050003 1.360000 -94.290001 0.000000 1750.000000 319.000000 4505.000000 -4282.000000 -1478.000000 -132.000000 
-114.269997 76.440002 -79.889999 1.830000 -93.690002 0.000000 1557.000000 268.000000 4469.000000 -4182.000000 -1436.000000 -101.000000 
-116.570000 76.699997 -81.650002 2.400000 -92.980003 0.000000 1459.000000 345.000000 4355.000000 -4010.000000 -1356.000000 -94.000000 
-118.540001 76.970001 -83.080002 2.870000 -92.000000 0.000000 1473.000000 334.000000 4263.000000 -3966.000000 -1404.000000 -21.000000 
-120.360001 77.239998 -84.339996 3.340000 -91.099998 0.000000 1461.000000 367.000000 4261.000000 -3952.000000 -1317.000000 -62.000000 
-122.199997 77.489998 -85.599998 3.810000 -90.059998 0.000000 1495.000000 438.000000 4356.000000 -3984.000000 -1293.000000 1.000000 
-124.099998 77.699997 -86.879997 4.290000 -89.410004 0.000000 1475.000000 470.000000 4315.000000 -4089.000000 -1163.000000 -151.000000 
-126.160004 77.919998 -88.320000 4.770000 -88.750000 0.000000 1364.000000 522.000000 4438.000000 -4086.000000 -1048.000000 -159.000000 
-128.279999 78.180000 -89.800003 5.100000 -87.760002 0.000000 1244.000000 435.000000 4226.000000 -3942.000000 -1158.000000 -78.000000 
-130.270004 78.440002 -91.099998 5.450000 -86.680000 0.000000 1265.000000 435.000000 4008.000000 -3768.000000 -1253.000000 -134.000000 
-131.979996 78.739998 -92.099998 5.690000 -85.360001 0.000000 1176.000000 385.000000 3979.000000 -3705.000000 -1326.000000 -40.000000 
-133.320007 79.029999 -92.709999 5.840000 -84.010002 0.000000 1519.000000 373.000000 4125.000000 -3733.000000 -1388.000000 29.000000 
-134.800003 79.300003 -93.459999 5.880000 -82.970001 0.000000 1671.000000 288.000000 4060.000000 -3760.000000 -1368.000000 0.000000 
-136.500000 79.500000 -94.379997 5.980000 -82.089996 0.000000 1615.000000 373.000000 4114.000000 -3844.000000 -1321.000000 0.000000 
-138.369995 79.650002 -95.470001 6.130000 -81.290001 0.000000 1576.000000 428.000000 4154.000000 -3863.000000 -1302.000000 -6.000000 
-140.250000 79.739998 -96.550003 6.350000 -80.400002 0.000000 1451.000000 434.000000 4104.000000 -3752.000000 -1334.000000 -9.000000 
-142.100006 79.820000 -97.589996 6.500000 -79.480003 0.000000 1391.000000 385.000000 3921.000000 -3703.000000 -1338.000000 -59.000000 
-143.639999 79.930000 -98.309998 6.590000 -78.550003 0.000000 1404.000000 352.000000 3947.000000 -3719.000000 -1386.000000 -98.000000 
-145.000000 80.070000 -98.849998 6.610000 -77.589996 0.000000 1500.000000 323.000000 4034.000000 -3780.000000 -1375.000000 -102.000000 
-146.509995 80.190002 -99.519997 6.650000 -76.720001 0.000000 1483.000000 289.000000 4127.000000 -3704.000000 -1337.000000 -145.000000 
-148.009995 80.309998 -100.150002 6.620000 -75.900002 0.000000 1502.000000 300.000000 4094.000000 -3647.000000 -1450.000000 -77.000000 
-148.839996 80.370003 -100.150002 6.640000 -75.029999 0.000000 1607.000000 299.000000 3992.000000 -3519.000000 -1413.000000 7.000000 
-149.699997 80.459999 -100.160004 6.720000 -74.260002 0.000000 1609.000000 320.000000 3919.000000 -3666.000000 -1508.000000 24.000000 
-150.809998 80.620003 -100.389999 6.630000 -73.669998 0.000000 1648.000000 248.000000 3974.000000 -3596.000000 -1496.000000 -35.000000 
-151.399994 80.750000 -100.139999 6.510000 -73.190002 0.000000 1686.000000 196.000000 3958.000000 -3631.000000 -1536.000000 -73.000000 
-152.000000 80.870003 -99.889999 6.330000 -72.730003 0.000000 1658.000000 119.000000 3902.000000 -3580.000000 -1509.000000 -116.000000 
-152.759995 80.980003 -99.739998 6.160000 -72.169998 0.000000 1685.000000 112.000000 3914.000000 -3540.000000 -1521.000000 -52.000000 
-153.880005 81.070000 -99.940002 6.020000 -71.519997 0.000000 1587.000000 116.000000 3772.000000 -3411.000000 -1327.000000 -63.000000 
-154.589996 81.089996 -99.690002 5.950000 -70.900002 0.000000 1631.000000 168.000000 3839.000000 -3363.000000 -1504.000000 45.000000 
-154.669998 81.040001 -98.769997 5.920000 -70.379997 0.000000 1710.000000 145.000000 3726.000000 -3429.000000 -1579.000000 57.000000 
-154.979996 80.919998 -98.010002 5.890000 -70.070000 0.000000 1809.000000 161.000000 3846.000000 -3423.000000 -1638.000000 6.000000 
-154.940002 80.790001 -96.970001 5.790000 -69.830002 0.000000 1748.000000 96.000000 3765.000000 -3349.000000 -1580.000000 -45.000000 
-154.529999 80.669998 -95.540001 5.640000 -69.669998 0.000000 1687.000000 60.000000 3713.000000 -3342.000000 -1629.000000 -81.000000 
-153.429993 80.510002 -93.419998 5.470000 -69.540001 0.000000 1672.000000 32.000000 3704.000000 -3281.000000 -1721.000000 -29.000000 
-152.479996 80.349998 -91.470001 5.340000 -69.410004 0.000000 1729.000000 56.000000 3704.000000 -3223.000000 -1740.000000 20.000000 
-151.460007 80.180000 -89.440002 5.290000 -69.330002 0.000000 1788.000000 93.000000 3655.000000 -3202.000000 -1477.000000 -65.000000 
-151.089996 80.029999 -88.080002 5.190000 -69.339996 0.000000 1634.000000 85.000000 3668.000000 -3265.000000 -1499.000000 -91.000000 
-150.509995 79.839996 -86.540001 5.040000 -69.279999 0.000000 1617.000000 79.000000 3699.000000 -3134.000000 -1776.000000 52.000000 
-148.979996 79.529999 -84.029999 4.940000 -69.220001 0.000000 1782.000000 69.000000 3566.000000 -3028.000000 -1822.000000 64.000000 
-147.539993 79.199997 -81.699997 4.840000 -69.230003 0.000000 1820.000000 64.000000 3493.000000 -3053.000000 -1720.000000 -30.000000 
-146.729996 78.930000 -80.070000 4.690000 -69.330002 0.000000 1665.000000 38.000000 3510.000000 -3116.000000 -1525.000000 -129.000000 
-145.919998 78.669998 -78.459999 4.470000 -69.480003 0.000000 1452.000000 14.000000 3530.000000 -3094.000000 -1477.000000 -112.000000 
-144.929993 78.370003 -76.720001 4.290000 -69.779999 0.000000 1421.000000 44.000000 3492.000000 -2966.000000 -1481.000000 -152.000000 
-143.639999 78.099998 -74.730003 4.120000 -70.190002 0.000000 1435.000000 89.000000 3451.000000 -3109.000000 -1613.000000 -139.000000 
-141.740005 77.879997 -72.169998 3.690000 -70.709999 0.000000 1503.000000 -150.000000 3493.000000 -3100.000000 -1703.000000 -214.000000 
-139.300003 77.669998 -69.129997 3.180000 -71.330002 0.000000 1613.000000 -268.000000 3594.000000 -3055.000000 -1782.000000 -260.000000 
-136.580002 77.449997 -65.800003 2.670000 -71.989998 0.000000 1816.000000 -323.000000 3707.000000 -3074.000000 -1998.000000 -227.000000 
-134.059998 77.180000 -62.680000 2.200000 -72.809998 0.000000 1744.000000 -280.000000 3722.000000 -3070.000000 -1848.000000 -270.000000 
-132.389999 76.830002 -60.480000 1.750000 -73.680000 0.000000 1580.000000 -233.000000 3701.000000 -3100.000000 -1617.000000 -334.000000 
-131.300003 76.529999 -58.910000 1.340000 -74.610001 0.000000 1400.000000 -175.000000 3643.000000 -3223.000000 -1489.000000 -347.000000 
-130.679993 76.190002 -57.779999 1.000000 -75.449997 0.000000 1275.000000 -143.000000 3529.000000 -3235.000000 -1542.000000 -295.000000 
-129.389999 75.769997 -55.980000 0.640000 -76.120003 0.000000 1369.000000 -178.000000 3517.000000 -3154.000000 -1746.000000 -271.000000 
-127.809998 75.370003 -53.930000 0.210000 -76.699997 0.000000 1425.000000 -277.000000 3633.000000 -3121.000000 -1764.000000 -400.000000 
-125.580002 75.050003 -51.279999 -0.340000 -77.309998 0.000000 1468.000000 -380.000000 3895.000000 -3328.000000 -1799.000000 -563.000000 
-123.629997 74.769997 -49.000000 -0.890000 -77.959999 0.000000 1558.000000 -413.000000 4035.000000 -3292.000000 -1775.000000 -556.000000 
-121.769997 74.480003 -46.799999 -1.400000 -78.739998 0.000000 1607.000000 -388.000000 3928.000000 -3128.000000 -1687.000000 -507.000000 
-120.419998 74.160004 -45.040001 -1.910000 -79.720001 0.000000 1622.000000 -393.000000 3860.000000 -3088.000000 -1705.000000 -455.000000 
-119.220001 73.739998 -43.419998 -2.310000 -80.839996 0.000000 1696.000000 -321.000000 3727.000000 -3040.000000 -1801.000000 -352.000000 
-117.989998 73.190002 -41.849998 -2.730000 -82.110001 0.000000 1553.000000 -352.000000 3597.000000 -3113.000000 -1842.000000 -395.000000 
-116.480003 72.690002 -40.040001 -3.280000 -83.449997 0.000000 1379.000000 -525.000000 3645.000000 -3320.000000 -1893.000000 -571.000000 
-114.790001 72.269997 -38.139999 -3.880000 -84.629997 0.000000 1468.000000 -646.000000 3919.000000 -3471.000000 -2068.000000 -653.000000 
-112.750000 71.889999 -35.910000 -4.470000 -85.610001 0.000000 1634.000000 -678.000000 3932.000000 -3348.000000 -2163.000000 -615.000000 
-110.589996 71.540001 -33.560001 -5.000000 -86.440002 0.000000 1725.000000 -659.000000 3982.000000 -3315.000000 -2080.000000 -595.000000 
-108.820000 71.290001 -31.700001 -5.460000 -87.110001 0.000000 1841.000000 -594.000000 3949.000000 -3301.000000 -2125.000000 -474.000000 
-107.559998 71.000000 -30.340000 -5.790000 -87.650002 0.000000 1883.000000 -490.000000 3899.000000 -3207.000000 -2143.000000 -341.000000 
-106.500000 70.620003 -29.190001 -5.990000 -88.220001 0.000000 1795.000000 -380.000000 3771.000000 -3182.000000 -2077.000000 -326.000000 
-105.639999 70.360001 -28.260000 -6.300000 -88.970001 0.000000 1676.000000 -456.000000 3892.000000 -3349.000000 -1970.000000 -505.000000 
-104.769997 70.150002 -27.400000 -6.600000 -89.660004 0.000000 1754.000000 -518.000000 4066.000000 -3536.000000 -2233.000000 -460.000000 
-103.610001 69.820000 -26.240000 -6.920000 -90.220001 0.000000 1882.000000 -564.000000 3992.000000 -3441.000000 -2331.000000 -447.000000 
-102.680000 69.459999 -25.350000 -7.240000 -90.680000 0.000000 1808.000000 -598.000000 3901.000000 -3457.000000 -2273.000000 -422.000000 
-102.239998 69.349998 -24.950001 -7.480000 -91.309998 0.000000 1485.000000 -519.000000 3981.000000 -3519.000000 -1805.000000 -635.000000 
-102.300003 69.459999 -24.950001 -7.690000 -91.930000 0.000000 1302.000000 -520.000000 3964.000000 -3545.000000 -1615.000000 -663.000000 
-102.139999 69.540001 -24.740000 -7.880000 -92.349998 0.000000 1493.000000 -532.000000 3951.000000 -3454.000000 -1905.000000 -572.000000 
-101.150002 69.379997 -23.719999 -8.120000 -92.470001 0.000000 1859.000000 -612.000000 3940.000000 -3362.000000 -2331.000000 -425.000000 
-99.400002 69.180000 -21.969999 -8.410000 -92.580002 0.000000 2038.000000 -725.000000 4123.000000 -3442.000000 -2458.000000 -512.000000 
-97.620003 69.150002 -20.299999 -8.740000 -92.739998 0.000000 2071.000000 -815.000000 4209.000000 -3509.000000 -2511.000000 -519.000000 
-95.949997 69.139999 -18.770000 -9.000000 -93.040001 0.000000 1996.000000 -776.000000 4242.000000 -3544.000000 -2350.000000 -586.000000 
-94.690002 69.180000 -17.610001 -9.180000 -93.320000 0.000000 1994.000000 -694.000000 4195.000000 -3520.000000 -2276.000000 -524.000000 
-93.800003 69.070000 -16.799999 -9.300000 -93.540001 0.000000 2023.000000 -653.000000 4146.000000 -3527.000000 -2323.000000 -497.000000 
-93.349998 68.860001 -16.400000 -9.450000 -93.750000 0.000000 1980.000000 -731.000000 4112.000000 -3496.000000 -2293.000000 -500.000000 
-92.900002 68.730003 -16.090000 -9.540000 -93.959999 0.000000 1869.000000 -696.000000 4072.000000 -3501.000000 -2387.000000 -540.000000 
-92.430000 68.599998 -15.740000 -9.630000 -94.050003 0.000000 1953.000000 -720.000000 4049.000000 -3461.000000 -2492.000000 -487.000000 
-91.989998 68.400002 -15.440000 -9.700000 -94.129997 0.000000 1931.000000 -723.000000 4105.000000 -3588.000000 -2401.000000 -553.000000 
-91.629997 68.349998 -15.280000 -9.740000 -94.330002 0.000000 1820.000000 -713.000000 4249.000000 -3596.000000 -2164.000000 -717.000000 
-91.449997 68.500000 -15.240000 -9.770000 -94.570000 0.000000 1637.000000 -729.000000 4147.000000 -3538.000000 -2010.000000 -752.000000 
-91.150002 68.580002 -15.050000 -9.780000 -94.639999 0.000000 1715.000000 -708.000000 4071.000000 -3457.000000 -2137.000000 -622.000000 
-90.769997 68.540001 -14.790000 -9.850000 -94.550003 0.000000 1817.000000 -730.000000 3922.000000 -3398.000000 -2276.000000 -516.000000 
-90.050003 68.540001 -14.270000 -9.860000 -94.190002 0.000000 1945.000000 -675.000000 3898.000000 -3343.000000 -2452.000000 -391.000000 
-89.139999 68.430000 -13.560000 -9.940000 -93.879997 0.000000 1954.000000 -720.000000 3870.000000 -3301.000000 -2419.000000 -461.000000 
-88.180000 68.379997 -12.860000 -10.050000 -93.739998 0.000000 1880.000000 -741.000000 4034.000000 -3390.000000 -2291.000000 -612.000000 
-87.540001 68.410004 -12.500000 -10.140000 -93.800003 0.000000 1820.000000 -755.000000 4200.000000 -3493.000000 -2186.000000 -707.000000 
-86.989998 68.449997 -12.160000 -10.260000 -93.900002 0.000000 1731.000000 -745.000000 4127.000000 -3482.000000 -2070.000000 -628.000000 
-86.750000 68.480003 -12.050000 -10.290000 -94.080002 0.000000 1593.000000 -688.000000 3983.000000 -3378.000000 -1920.000000 -689.000000 
-86.709999 68.570000 -12.120000 -10.320000 -94.019997 0.000000 1598.000000 -666.000000 3847.000000 -3293.000000 -2073.000000 -527.000000 
-86.300003 68.610001 -11.860000 -10.350000 -93.610001 0.000000 1834.000000 -667.000000 3753.000000 -3258.000000 -2284.000000 -366.000000 
-85.919998 68.470001 -11.660000 -10.400000 -93.400002 0.000000 1895.000000 -692.000000 3866.000000 -3303.000000 -2186.000000 -517.000000 
-85.589996 68.559998 -11.510000 -10.470000 -93.440002 0.000000 1782.000000 -753.000000 4008.000000 -3251.000000 -2043.000000 -657.000000 
-84.839996 68.699997 -11.000000 -10.580000 -93.459999 0.000000 1878.000000 -802.000000 3994.000000 -3226.000000 -2243.000000 -541.000000 
-84.290001 68.570000 -10.680000 -10.640000 -93.519997 0.000000 1996.000000 -750.000000 3882.000000 -3130.000000 -2322.000000 -449.000000 
-83.739998 68.510002 -10.330000 -10.710000 -93.769997 0.000000 1913.000000 -751.000000 3782.000000 -3221.000000 -2312.000000 -443.000000 
-83.269997 68.540001 -10.110000 -10.740000 -94.209999 0.000000 1805.000000 -702.000000 3820.000000 -3239.000000 -2136.000000 -519.000000 
-83.019997 68.519997 -10.070000 -10.770000 -94.760002 0.000000 1614.000000 -685.000000 3782.000000 -3226.000000 -2019.000000 -591.000000 
-82.809998 68.480003 -10.070000 -10.820000 -95.209999 0.000000 1685.000000 -667.000000 3756.000000 -3265.000000 -2161.000000 -587.000000 
-82.529999 68.290001 -10.020000 -10.920000 -95.580002 0.000000 1671.000000 -716.000000 3881.000000 -3231.000000 -2118.000000 -604.000000 
-82.169998 68.129997 -9.880000 -11.070000 -95.949997 0.000000 1698.000000 -739.000000 3879.000000 -3259.000000 -2113.000000 -647.000000 
-81.800003 68.080002 -9.760000 -11.160000 -96.209999 0.000000 1775.000000 -719.000000 3923.000000 -3225.000000 -2129.000000 -569.000000 
-81.370003 68.029999 -9.580000 -11.250000 -96.599998 0.000000 1819.000000 -731.000000 3913.000000 -3246.000000 -2064.000000 -572.000000 
-80.970001 68.000000 -9.420000 -11.320000 -97.089996 0.000000 1756.000000 -709.000000 3934.000000 -3325.000000 -2002.000000 -603.000000 
-80.779999 68.070000 -9.450000 -11.350000 -97.669998 0.000000 1706.000000 -688.000000 4018.000000 -3388.000000 -1977.000000 -632.000000 
-80.790001 68.059998 -9.630000 -11.290000 -98.349998 0.000000 1562.000000 -652.000000 3965.000000 -3343.000000 -1893.000000 -681.000000 
-80.720001 68.010002 -9.790000 -11.220000 -98.699997 0.000000 1663.000000 -645.000000 3881.000000 -3266.000000 -2157.000000 -498.000000 
-80.699997 67.790001 -9.960000 -11.160000 -98.830002 0.000000 1803.000000 -623.000000 3930.000000 -3440.000000 -2297.000000 -452.000000 
-80.680000 67.650002 -10.120000 -11.130000 -99.339996 0.000000 1740.000000 -660.000000 4078.000000 -3461.000000 -2070.000000 -674.000000 
-80.570000 67.660004 -10.220000 -11.140000 -99.980003 0.000000 1621.000000 -706.000000 4182.000000 -3633.000000 -1999.000000 -763.000000 
-80.389999 67.660004 -10.260000 -11.160000 -100.459999 0.000000 1560.000000 -691.000000 4071.000000 -3509.000000 -1980.000000 -668.000000 
-80.349998 67.570000 -10.420000 -11.200000 -100.800003 0.000000 1616.000000 -671.000000 3945.000000 -3383.000000 -2029.000000 -634.000000 
-80.550003 67.540001 -10.780000 -11.190000 -101.180000 0.000000 1624.000000 -630.000000 3892.000000 -3225.000000 -1916.000000 -670.000000 
-80.580002 67.480003 -10.960000 -11.180000 -100.139999 0.000000 1695.000000 -625.000000 3846.000000 -2463.000000 -8238.000000 5624.000000 
-78.709999 67.169998 -9.400000 -10.810000 -100.080002 0.000000 2419.000000 -240.000000 4753.000000 -3581.000000 -1904.000000 -1303.000000 
-78.739998 67.360001 -9.520000 -10.670000 -100.050003 0.000000 2427.000000 -542.000000 4105.000000 -3611.000000 -2352.000000 -800.000000 
-78.889999 67.389999 -9.750000 -10.480000 -99.629997 0.000000 2123.000000 -519.000000 3803.000000 -3506.000000 -2310.000000 -403.000000 
-78.889999 67.680000 -9.900000 -10.210000 -99.519997 0.000000 1886.000000 -416.000000 3814.000000 -3501.000000 -1980.000000 -452.000000 
-78.879997 67.980003 -10.010000 -10.010000 -99.639999 0.000000 1738.000000 -429.000000 3913.000000 -3220.000000 -1903.000000 -505.000000 
-78.760002 68.209999 -9.990000 -9.890000 -99.580002 0.000000 1920.000000 -404.000000 4070.000000 -3109.000000 -2197.000000 -362.000000 
-78.680000 68.349998 -9.970000 -9.920000 -99.910004 0.000000 2199.000000 -414.000000 4173.000000 -3143.000000 -2406.000000 -364.000000 
-78.800003 68.529999 -10.220000 -9.910000 -100.830002 0.000000 1954.000000 -376.000000 4208.000000 -3265.000000 -2229.000000 -423.000000 
-78.980003 68.839996 -10.520000 -10.120000 -102.410004 0.000000 1575.000000 -524.000000 4147.000000 -3481.000000 -1796.000000 -668.000000 
-79.129997 69.239998 -10.740000 -10.510000 -102.209999 0.000000 1190.000000 -670.000000 4101.000000 -4357.000000 -5172.000000 1307.000000 
-76.870003 69.199997 -8.650000 -10.640000 -103.309998 0.000000 1547.000000 -538.000000 3888.000000 -3258.000000 -1904.000000 -611.000000 
-77.040001 69.680000 -8.920000 -11.300000 -103.790001 0.000000 1706.000000 -947.000000 3617.000000 -3185.000000 -2242.000000 -575.000000 
-76.550003 70.059998 -8.510000 -12.200000 -103.940002 0.000000 1518.000000 -1164.000000 3747.000000 -3110.000000 -2450.000000 -576.000000 
-76.360001 69.750000 -8.270000 -13.280000 -104.269997 0.000000 1345.000000 -1519.000000 3905.000000 -3296.000000 -2672.000000 -629.000000 
-76.790001 69.489998 -8.640000 -14.160000 -103.830002 0.000000 1064.000000 -1372.000000 4412.000000 -3348.000000 -3258.000000 -135.000000 
-77.930000 69.339996 -9.690000 -14.670000 -102.769997 0.000000 1493.000000 -1729.000000 6515.000000 -3546.000000 -3661.000000 82.000000 
-79.190002 69.150002 -10.750000 -14.750000 -102.339996 0.000000 1217.000000 -1645.000000 5024.000000 -3376.000000 -2961.000000 -606.000000 
-79.860001 68.849998 -11.260000 -14.660000 -101.589996 0.000000 755.000000 -1534.000000 4188.000000 -2718.000000 -3002.000000 -721.000000 
-80.110001 68.650002 -11.320000 -14.560000 -100.750000 0.000000 901.000000 -1466.000000 3934.000000 -2990.000000 -3054.000000 -1356.000000 
-79.589996 68.290001 -10.590000 -14.540000 -99.839996 0.000000 1414.000000 -1484.000000 3683.000000 -3423.000000 -2873.000000 -1830.000000 
-79.220001 67.809998 -10.000000 -14.700000 -98.870003 0.000000 1431.000000 -1813.000000 3930.000000 -3339.000000 -2846.000000 -2271.000000 
-78.889999 67.320000 -9.530000 -14.990000 -97.760002 0.000000 1373.000000 -1959.000000 4177.000000 -3249.000000 -2911.000000 -2306.000000 
-78.610001 66.889999 -9.100000 -15.340000 -96.779999 0.000000 1200.000000 -2007.000000 4392.000000 -3151.000000 -3218.000000 -1990.000000 
-78.370003 66.529999 -8.790000 -15.750000 -96.089996 0.000000 1113.000000 -1968.000000 4583.000000 -3359.000000 -3282.000000 -2010.000000 
-78.150002 66.180000 -8.590000 -16.219999 -95.470001 0.000000 952.000000 -2157.000000 4574.000000 -3301.000000 -3125.000000 -1841.000000 
-78.000000 65.900002 -8.470000 -16.680000 -94.959999 0.000000 926.000000 -1984.000000 4225.000000 -3095.000000 -3134.000000 -1686.000000 
-77.949997 65.620003 -8.460000 -17.250000 -94.570000 0.000000 795.000000 -2122.000000 4309.000000 -2820.000000 -3057.000000 -1582.000000 
-77.940002 65.360001 -8.520000 -17.870001 -94.379997 0.000000 564.000000 -2154.000000 4263.000000 -2597.000000 -2926.000000 -1546.000000 
-77.889999 65.080002 -8.530000 -18.520000 -94.349998 0.000000 219.000000 -2206.000000 4196.000000 -2564.000000 -2854.000000 -1618.000000 
-77.709999 64.800003 -8.410000 -19.139999 -94.430000 0.000000 31.000000 -2214.000000 4101.000000 -2688.000000 -2892.000000 -1653.000000 
-77.379997 64.489998 -8.140000 -19.740000 -94.540001 0.000000 -10.000000 -2251.000000 4028.000000 -2786.000000 -2926.000000 -1674.000000 
-76.959999 64.190002 -7.750000 -20.309999 -94.669998 0.000000 -396.000000 -2370.000000 4041.000000 -2865.000000 -2934.000000 -1825.000000 
-76.519997 63.910000 -7.330000 -20.830000 -94.809998 0.000000 -395.000000 -2392.000000 4018.000000 -2905.000000 -2772.000000 -1935.000000 
-76.110001 63.720001 -6.880000 -21.250000 -95.000000 0.000000 -300.000000 -2337.000000 4073.000000 -2954.000000 -2621.000000 -1799.000000 
-75.820000 63.669998 -6.490000 -21.520000 -95.129997 0.000000 -78.000000 -2058.000000 3959.000000 -2720.000000 -2667.000000 -1316.000000 
-75.570000 63.660000 -6.060000 -21.639999 -95.150002 0.000000 152.000000 -1809.000000 3761.000000 -2445.000000 -2598.000000 -978.000000 
-75.180000 63.689999 -5.600000 -21.670000 -95.089996 0.000000 244.000000 -1558.000000 3401.000000 -2113.000000 -2337.000000 -806.000000 
-74.489998 63.759998 -4.790000 -21.709999 -94.910004 0.000000 88.000000 -1356.000000 3006.000000 -2007.000000 -2226.000000 -652.000000 
-73.449997 63.770000 -3.650000 -21.820000 -94.660004 0.000000 47.000000 -1227.000000 2791.000000 -1971.000000 -2322.000000 -682.000000 
-72.089996 63.709999 -2.230000 -22.020000 -94.279999 0.000000 -55.000000 -1265.000000 2934.000000 -2165.000000 -2439.000000 -617.000000 
-70.400002 63.650002 -0.530000 -22.270000 -93.610001 0.000000 101.000000 -1300.000000 2992.000000 -2217.000000 -2619.000000 -410.000000 
-68.510002 63.680000 1.250000 -22.370001 -92.660004 0.000000 430.000000 -1131.000000 3030.000000 -2253.000000 -2663.000000 -199.000000 
-66.349998 63.889999 3.170000 -22.389999 -91.360001 0.000000 748.000000 -1015.000000 3307.000000 -2508.000000 -2515.000000 101.000000 
-63.720001 64.260002 5.450000 -22.370001 -89.699997 0.000000 921.000000 -775.000000 3578.000000 -2538.000000 -2283.000000 366.000000 
-60.770000 64.639999 7.960000 -22.330000 -87.610001 0.000000 1045.000000 -732.000000 3783.000000 -2199.000000 -2207.000000 812.000000 
-57.590000 64.870003 10.600000 -22.070000 -85.430000 0.000000 1120.000000 -362.000000 3573.000000 -1948.000000 -2239.000000 998.000000 
-54.119999 64.889999 13.490000 -21.639999 -83.250000 0.000000 814.000000 -313.000000 3129.000000 -1887.000000 -2145.000000 616.000000 
-50.410000 64.660004 16.540001 -21.260000 -81.790001 0.000000 541.000000 -368.000000 2954.000000 -2398.000000 -1949.000000 316.000000 
-46.310001 64.160004 19.930000 -20.969999 -80.440002 0.000000 330.000000 -392.000000 3033.000000 -2419.000000 -2194.000000 312.000000 
-42.040001 63.389999 23.410000 -20.719999 -79.070000 0.000000 805.000000 -367.000000 3042.000000 -2737.000000 -2451.000000 474.000000 
-37.599998 62.380001 26.959999 -20.540001 -77.320000 0.000000 1108.000000 -232.000000 2960.000000 -2774.000000 -2635.000000 805.000000 
-33.090000 61.189999 30.500000 -20.480000 -75.199997 0.000000 1614.000000 2.000000 3110.000000 -2504.000000 -2472.000000 975.000000 
-28.660000 59.880001 33.790001 -20.549999 -72.949997 0.000000 1966.000000 51.000000 3217.000000 -2271.000000 -2385.000000 1639.000000 
-24.290001 58.430000 36.849998 -20.600000 -70.769997 0.000000 1866.000000 17.000000 3212.000000 -2458.000000 -2280.000000 1658.000000 
-20.129999 56.860001 39.540001 -20.639999 -68.599998 0.000000 1863.000000 -60.000000 3046.000000 -2350.000000 -2200.000000 1624.000000 
-16.379999 55.259998 41.799999 -20.639999 -66.529999 0.000000 1792.000000 -140.000000 3096.000000 -2404.000000 -2172.000000 1578.000000 
-13.190000 53.660000 43.570000 -20.690001 -64.559998 0.000000 1695.000000 -493.000000 3401.000000 -2460.000000 -2402.000000 1555.000000 
-10.460000 52.060001 45.009998 -20.820000 -63.119999 0.000000 2133.000000 -740.000000 3830.000000 -2730.000000 -2523.000000 1384.000000 
-8.000000 50.480000 46.240002 -20.920000 -61.810001 0.000000 2819.000000 -796.000000 4222.000000 -2681.000000 -2521.000000 1419.000000 
-5.780000 49.009998 47.250000 -20.830000 -60.410000 0.000000 3162.000000 -601.000000 4455.000000 -2565.000000 -2497.000000 1649.000000 
-3.840000 47.750000 47.990002 -20.559999 -58.750000 0.000000 3129.000000 -511.000000 4536.000000 -2290.000000 -2542.000000 2215.000000 
-2.170000 46.700001 48.520000 -20.020000 -57.230000 0.000000 2718.000000 -262.000000 4527.000000 -2495.000000 -2626.000000 2678.000000 
-0.720000 45.790001 48.930000 -19.320000 -55.730000 0.000000 2790.000000 -39.000000 4203.000000 -2344.000000 -2864.000000 3099.000000 
0.600000 44.950001 49.279999 -18.540001 -54.080002 0.000000 2794.000000 73.000000 3674.000000 -2424.000000 -2830.000000 3016.000000 
1.830000 44.110001 49.630001 -17.770000 -52.369999 0.000000 2873.000000 153.000000 3144.000000 -2655.000000 -2717.000000 2744.000000 
3.110000 43.169998 50.029999 -17.139999 -50.590000 0.000000 3050.000000 90.000000 3002.000000 -2465.000000 -2657.000000 2655.000000 
4.380000 42.180000 50.450001 -16.709999 -48.799999 0.000000 3386.000000 -61.000000 3078.000000 -2135.000000 -2579.000000 2863.000000 
5.610000 41.160000 50.849998 -16.309999 -47.400002 0.000000 3455.000000 -104.000000 3213.000000 -1651.000000 -2599.000000 3028.000000 
6.690000 40.189999 51.169998 -15.850000 -46.169998 0.000000 3461.000000 -69.000000 3229.000000 -1232.000000 -2649.000000 3403.000000 
7.610000 39.270000 51.389999 -15.290000 -45.049999 0.000000 3127.000000 -86.000000 3207.000000 -1036.000000 -2756.000000 3564.000000 
8.450000 38.240002 51.570000 -14.750000 -43.810001 0.000000 3059.000000 -290.000000 3423.000000 -1532.000000 -2795.000000 3161.000000 
9.320000 37.049999 51.779999 -14.330000 -42.820000 0.000000 3733.000000 -412.000000 3443.000000 -2103.000000 -2977.000000 3192.000000 
10.260000 35.860001 52.060001 -13.840000 -41.910000 0.000000 4245.000000 -281.000000 3181.000000 -1799.000000 -3102.000000 3475.000000 
11.230000 34.750000 52.369999 -13.260000 -40.950001 0.000000 4270.000000 -196.000000 2896.000000 -1133.000000 -2902.000000 3444.000000 
12.230000 33.860001 52.669998 -12.670000 -40.009998 0.000000 4189.000000 -215.000000 2765.000000 -654.000000 -2710.000000 3420.000000 
13.180000 33.410000 52.970001 -12.030000 -39.180000 0.000000 3951.000000 -146.000000 2851.000000 -680.000000 -2496.000000 3333.000000 
13.990000 33.189999 53.259998 -11.410000 -38.380001 0.000000 3535.000000 -102.000000 2793.000000 -854.000000 -2392.000000 3261.000000 
14.720000 33.049999 53.560001 -10.880000 -37.599998 0.000000 3292.000000 -121.000000 2944.000000 -1163.000000 -2500.000000 3399.000000 
15.430000 32.950001 53.849998 -10.400000 -37.340000 0.000000 3033.000000 -174.000000 3130.000000 -1458.000000 -2673.000000 3498.000000 
16.180000 32.790001 54.180000 -10.010000 -37.250000 0.000000 2979.000000 -303.000000 3367.000000 -1808.000000 -2690.000000 3411.000000 
17.010000 32.480000 54.619999 -9.560000 -37.360001 0.000000 3287.000000 -255.000000 3272.000000 -1956.000000 -2738.000000 3249.000000 
17.770000 32.220001 55.110001 -8.940000 -37.689999 0.000000 3109.000000 -66.000000 3323.000000 -2381.000000 -3194.000000 3342.000000 
18.150000 32.060001 55.570000 -8.480000 -38.150002 0.000000 3875.000000 -306.000000 4068.000000 -3181.000000 -5816.000000 6041.000000 
18.450001 31.990000 56.040001 -8.330000 -38.299999 0.000000 4697.000000 -852.000000 5964.000000 -1418.000000 -3324.000000 3373.000000 
19.180000 31.980000 56.720001 -8.200000 -38.529999 0.000000 5360.000000 -1130.000000 6412.000000 -1908.000000 -3082.000000 3195.000000 
20.059999 31.809999 57.389999 -7.730000 -39.119999 0.000000 4124.000000 -798.000000 4857.000000 -2394.000000 -3407.000000 3625.000000 
20.969999 31.770000 58.110001 -6.900000 -39.730000 0.000000 2696.000000 -292.000000 2768.000000 -2171.000000 -3277.000000 3528.000000 
21.549999 31.940001 58.799999 -5.950000 -39.939999 0.000000 1707.000000 -25.000000 1551.000000 -1070.000000 -2441.000000 2790.000000 
21.809999 32.220001 59.360001 -5.330000 -39.680000 0.000000 1535.000000 -141.000000 1857.000000 -355.000000 -1633.000000 2002.000000 
21.950001 32.360001 59.799999 -5.150000 -39.520000 0.000000 1592.000000 -319.000000 1900.000000 -467.000000 -1455.000000 1712.000000 
21.900000 32.189999 60.130001 -5.270000 -40.230000 0.000000 1656.000000 -412.000000 1892.000000 -685.000000 -1621.000000 1397.000000 
21.420000 31.719999 60.250000 -5.820000 -41.200001 0.000000 2019.000000 -671.000000 2106.000000 -834.000000 -2093.000000 1441.000000 
20.600000 31.049999 60.139999 -6.770000 -42.009998 0.000000 2341.000000 -1011.000000 2445.000000 -1601.000000 -6040.000000 6420.000000 
19.700001 30.129999 59.880001 -7.830000 -42.549999 0.000000 2824.000000 -1052.000000 2499.000000 -1145.000000 -2551.000000 1207.000000 
19.500000 29.240000 60.189999 -8.930000 -42.520000 0.000000 4040.000000 -1298.000000 3025.000000 -77.000000 -3025.000000 2516.000000 
19.540001 28.049999 60.480000 -10.130000 -42.549999 0.000000 3918.000000 -1625.000000 3569.000000 -139.000000 -3301.000000 2847.000000 
19.670000 26.860001 60.770000 -11.080000 -42.680000 0.000000 7709.000000 -3075.000000 6078.000000 -274.000000 -3237.000000 2808.000000 
19.790001 25.870001 61.020000 -11.960000 -43.130001 0.000000 1774.000000 -1918.000000 2238.000000 -704.000000 -3429.000000 2875.000000 
19.950001 25.440001 61.419998 -12.120000 -43.419998 0.000000 3637.000000 -900.000000 2417.000000 -502.000000 -2984.000000 2889.000000 
20.120001 25.280001 61.930000 -12.290000 -43.430000 0.000000 3552.000000 -978.000000 2502.000000 -150.000000 -2995.000000 3067.000000 
20.219999 25.070000 62.389999 -12.350000 -43.470001 0.000000 3387.000000 -840.000000 2327.000000 -331.000000 -2993.000000 3025.000000 
20.379999 24.930000 62.849998 -12.380000 -43.689999 0.000000 3201.000000 -769.000000 2223.000000 -509.000000 -3022.000000 2954.000000 
20.590000 24.990000 63.259998 -12.480000 -43.939999 0.000000 3051.000000 -798.000000 2408.000000 -780.000000 -3012.000000 2913.000000 
20.660000 25.180000 63.590000 -12.670000 -44.080002 0.000000 2786.000000 -791.000000 2513.000000 -846.000000 -2969.000000 2882.000000 
20.639999 25.260000 63.880001 -12.570000 -44.330002 0.000000 2571.000000 -655.000000 3278.000000 -990.000000 -3145.000000 2961.000000 
20.740000 25.270000 64.209999 -12.680000 -44.430000 0.000000 2906.000000 -1051.000000 3168.000000 -939.000000 -2984.000000 2874.000000 
20.959999 25.170000 64.580002 -12.750000 -44.200001 0.000000 3123.000000 -933.000000 2666.000000 -817.000000 -2934.000000 2949.000000 
21.139999 24.830000 64.970001 -12.830000 -44.029999 0.000000 3329.000000 -885.000000 2787.000000 -164.000000 -2905.000000 3095.000000 
21.290001 24.480000 65.349998 -12.910000 -44.110001 0.000000 3301.000000 -917.000000 2698.000000 -570.000000 -3024.000000 2952.000000 
21.440001 24.260000 65.709999 -12.890000 -44.500000 0.000000 3612.000000 -841.000000 2467.000000 -741.000000 -3068.000000 2811.000000 
