19.980000 24.700001 77.029999 -21.590000 -49.759998 0.000000 5181.000000 -1135.000000 2219.000000 -1281.000000 -5328.000000 2571.000000 
19.730000 24.299999 77.180000 -21.809999 -50.000000 0.000000 3706.000000 -1447.000000 2291.000000 -1283.000000 -6154.000000 4346.000000 
19.629999 24.260000 77.529999 -21.980000 -50.049999 0.000000 5927.000000 -1939.000000 2821.000000 -512.000000 -6606.000000 4490.000000 
19.740000 24.639999 78.019997 -22.010000 -49.740002 0.000000 6142.000000 -2395.000000 3359.000000 251.000000 -5979.000000 4005.000000 
20.680000 25.469999 78.959999 -21.730000 -49.259998 0.000000 7133.000000 -2850.000000 3293.000000 -367.000000 -5256.000000 4006.000000 
21.940001 26.780001 80.150002 -20.990000 -48.320000 0.000000 6778.000000 -2806.000000 3606.000000 1659.000000 -4191.000000 4245.000000 
23.379999 28.480000 81.470001 -19.850000 -47.209999 0.000000 6398.000000 -2555.000000 2720.000000 2926.000000 -2822.000000 3605.000000 
24.750000 30.440001 82.660004 -18.240000 -46.250000 0.000000 5313.000000 -1997.000000 1980.000000 2506.000000 -2093.000000 3167.000000 
25.770000 32.599998 83.559998 -16.389999 -45.619999 0.000000 5034.000000 -1231.000000 1020.000000 2227.000000 -1841.000000 3184.000000 
26.540001 34.990002 84.160004 -14.510000 -45.299999 0.000000 4729.000000 -571.000000 140.000000 1786.000000 -2146.000000 3199.000000 
27.070000 36.970001 84.309998 -12.840000 -45.240002 0.000000 4369.000000 -192.000000 -204.000000 1008.000000 -2907.000000 3813.000000 
27.110001 38.500000 83.870003 -11.580000 -45.270000 0.000000 3813.000000 -149.000000 -332.000000 1379.000000 -3489.000000 3755.000000 
26.709999 39.959999 82.849998 -10.330000 -45.369999 0.000000 3385.000000 642.000000 -1090.000000 251.000000 -3960.000000 3955.000000 
26.469999 41.169998 81.519997 -9.480000 -45.389999 0.000000 3412.000000 262.000000 -130.000000 -144.000000 -3986.000000 3616.000000 
26.580000 41.830002 80.010002 -9.190000 -45.220001 0.000000 4381.000000 -465.000000 945.000000 -155.000000 -3688.000000 3206.000000 
27.010000 42.290001 78.419998 -8.940000 -44.900002 0.000000 4068.000000 -533.000000 1516.000000 198.000000 -3494.000000 3047.000000 
27.730000 42.740002 76.800003 -8.610000 -44.660000 0.000000 3827.000000 -455.000000 1350.000000 -315.000000 -3581.000000 2860.000000 
28.830000 43.080002 75.250000 -8.310000 -44.680000 0.000000 3677.000000 -541.000000 1446.000000 -1378.000000 -3532.000000 2590.000000 
30.350000 43.240002 73.809998 -8.210000 -44.709999 0.000000 3554.000000 -882.000000 2032.000000 -1676.000000 -3146.000000 2358.000000 
32.150002 43.220001 72.529999 -8.240000 -44.520000 0.000000 3142.000000 -1029.000000 2724.000000 -1394.000000 -2972.000000 2451.000000 
34.029999 43.119999 71.279999 -8.270000 -44.090000 0.000000 2921.000000 -1032.000000 2704.000000 -1117.000000 -2692.000000 2414.000000 
35.860001 43.160000 70.019997 -8.260000 -43.630001 0.000000 2844.000000 -1029.000000 2711.000000 -1161.000000 -2168.000000 1940.000000 
37.700001 43.330002 68.809998 -8.270000 -43.220001 0.000000 2534.000000 -1007.000000 2621.000000 -1409.000000 -2081.000000 1976.000000 
39.529999 43.669998 67.720001 -8.170000 -42.930000 0.000000 2025.000000 -1053.000000 3358.000000 -2196.000000 -1940.000000 1816.000000 
41.070000 44.259998 66.599998 -8.050000 -42.419998 0.000000 1747.000000 -1191.000000 3616.000000 -2476.000000 -1510.000000 1437.000000 
42.150002 45.189999 65.389999 -7.710000 -41.880001 0.000000 1250.000000 -1024.000000 3540.000000 -2373.000000 -1239.000000 1076.000000 
42.709999 46.310001 63.970001 -7.200000 -41.619999 0.000000 1040.000000 -629.000000 3275.000000 -2369.000000 -1400.000000 849.000000 
42.810001 47.549999 62.330002 -7.010000 -41.630001 0.000000 1053.000000 -768.000000 3064.000000 -2610.000000 -1597.000000 651.000000 
42.580002 48.860001 60.540001 -7.120000 -41.950001 0.000000 1259.000000 -925.000000 3353.000000 -3408.000000 -2127.000000 342.000000 
42.029999 50.230000 58.669998 -7.600000 -42.570000 0.000000 1657.000000 -1209.000000 3824.000000 -3933.000000 -2527.000000 570.000000 
41.540001 51.639999 57.009998 -8.260000 -43.320000 0.000000 1573.000000 -1438.000000 4412.000000 -4232.000000 -2675.000000 657.000000 
41.200001 53.020000 55.560001 -8.870000 -44.080002 0.000000 1063.000000 -1485.000000 4645.000000 -4135.000000 -2583.000000 700.000000 
41.070000 54.290001 54.360001 -9.290000 -44.700001 0.000000 368.000000 -1310.000000 4418.000000 -4187.000000 -2204.000000 512.000000 
40.990002 55.380001 53.220001 -9.620000 -45.209999 0.000000 -153.000000 -1160.000000 4120.000000 -4185.000000 -1738.000000 145.000000 
40.810001 56.299999 52.049999 -9.990000 -45.650002 0.000000 -423.000000 -1195.000000 4217.000000 -4144.000000 -1209.000000 -87.000000 
40.419998 57.020000 50.799999 -10.370000 -46.119999 0.000000 -593.000000 -1140.000000 4222.000000 -3828.000000 -809.000000 -180.000000 
39.639999 57.570000 49.340000 -10.830000 -46.709999 0.000000 -527.000000 -1211.000000 3995.000000 -3500.000000 -584.000000 -218.000000 
38.419998 58.029999 47.650002 -11.300000 -47.630001 0.000000 -236.000000 -1276.000000 4189.000000 -3590.000000 -716.000000 -386.000000 
36.669998 58.470001 45.720001 -11.860000 -48.990002 0.000000 360.000000 -1482.000000 4581.000000 -3820.000000 -1134.000000 -577.000000 
34.320000 59.000000 43.549999 -12.540000 -50.779999 0.000000 976.000000 -1755.000000 5014.000000 -4498.000000 -1477.000000 -942.000000 
31.540001 59.669998 41.330002 -13.250000 -53.090000 0.000000 1714.000000 -1815.000000 5410.000000 -3613.000000 -1895.000000 -616.000000 
28.520000 60.529999 39.169998 -13.990000 -55.820000 0.000000 2014.000000 -1756.000000 5307.000000 -3193.000000 -2176.000000 -296.000000 
25.480000 61.590000 37.200001 -14.520000 -58.970001 0.000000 1750.000000 -1482.000000 4625.000000 -3388.000000 -2508.000000 -47.000000 
22.299999 62.830002 35.250000 -14.840000 -62.349998 0.000000 1413.000000 -1164.000000 3863.000000 -3209.000000 -2738.000000 271.000000 
18.719999 64.129997 32.990002 -15.270000 -65.769997 0.000000 1322.000000 -1152.000000 3744.000000 -2580.000000 -2831.000000 497.000000 
14.520000 65.339996 30.170000 -15.690000 -69.160004 0.000000 1390.000000 -1187.000000 3824.000000 -2229.000000 -2973.000000 527.000000 
9.110000 65.889999 26.230000 -15.880000 -72.830002 0.000000 2293.000000 -1311.000000 3543.000000 -2110.000000 -3893.000000 -101.000000 
3.930000 66.190002 22.270000 -15.870000 -76.739998 0.000000 3238.000000 -941.000000 3171.000000 -3454.000000 -5059.000000 169.000000 
-0.580000 66.120003 18.730000 -16.040001 -80.550003 0.000000 3509.000000 -1039.000000 3426.000000 -4018.000000 -5966.000000 653.000000 
-3.890000 65.699997 16.110001 -16.500000 -83.930000 0.000000 3083.000000 -1307.000000 3681.000000 -4063.000000 -6350.000000 1016.000000 
-6.340000 65.209999 14.180000 -17.059999 -86.639999 0.000000 3342.000000 -1627.000000 4265.000000 -3751.000000 -6087.000000 1446.000000 
-8.410000 64.820000 12.520000 -17.500000 -88.589996 0.000000 3254.000000 -1699.000000 4587.000000 -2860.000000 -5414.000000 1487.000000 
-10.090000 64.510002 11.080000 -17.870001 -89.900002 0.000000 2665.000000 -1572.000000 4033.000000 -2277.000000 -4452.000000 1155.000000 
-10.640000 64.500000 10.610000 -18.200001 -90.970001 0.000000 1943.000000 -1378.000000 3761.000000 -2147.000000 -3337.000000 515.000000 
-10.610000 64.690002 10.630000 -18.330000 -92.360001 0.000000 1616.000000 -1185.000000 3423.000000 -2571.000000 -2431.000000 -267.000000 
-10.400000 64.730003 10.870000 -18.049999 -94.089996 0.000000 1235.000000 -1070.000000 3610.000000 -2598.000000 -1910.000000 -696.000000 
-10.860000 64.660004 10.560000 -17.500000 -96.139999 0.000000 1347.000000 -923.000000 3282.000000 -2310.000000 -1786.000000 -890.000000 
-12.260000 64.129997 9.350000 -17.400000 -97.529999 0.000000 2057.000000 -918.000000 3134.000000 113.000000 -3977.000000 5350.000000 
-13.220000 62.740002 8.330000 -17.480000 -99.269997 0.000000 2800.000000 -948.000000 2569.000000 -3416.000000 -4351.000000 -520.000000 
-12.440000 61.730000 8.780000 -17.670000 -99.949997 0.000000 2832.000000 -1287.000000 2746.000000 -2397.000000 -3193.000000 -359.000000 
-11.460000 61.020000 9.530000 -17.790001 -100.900002 0.000000 2985.000000 -1333.000000 3031.000000 -1454.000000 -2682.000000 -1115.000000 
-12.070000 60.189999 9.010000 -18.000000 -102.379997 0.000000 3150.000000 -1539.000000 2722.000000 -2247.000000 -2991.000000 -852.000000 
-12.750000 59.450001 8.280000 -18.309999 -104.150002 0.000000 2713.000000 -1688.000000 3688.000000 -2950.000000 -3427.000000 -192.000000 
-12.800000 58.869999 8.130000 -18.309999 -105.800003 0.000000 2945.000000 -1465.000000 3600.000000 -2462.000000 -2809.000000 -457.000000 
-12.890000 58.380001 7.990000 -18.170000 -107.419998 0.000000 2842.000000 -1309.000000 3398.000000 -2427.000000 -2725.000000 -600.000000 
-13.130000 58.320000 7.660000 -17.950001 -109.239998 0.000000 2580.000000 -1310.000000 3215.000000 -2412.000000 -2649.000000 -687.000000 
-13.890000 58.849998 6.940000 -17.280001 -111.410004 0.000000 2175.000000 -1062.000000 3271.000000 -2110.000000 -2246.000000 -903.000000 
-15.090000 59.540001 5.840000 -16.920000 -113.330002 0.000000 1817.000000 -1173.000000 3065.000000 -4121.000000 -3728.000000 -194.000000 
-16.730000 60.110001 4.430000 -16.230000 -114.529999 0.000000 2449.000000 -1089.000000 3345.000000 -3281.000000 -3327.000000 -756.000000 
-18.480000 60.689999 3.020000 -15.360000 -114.959999 0.000000 2862.000000 -889.000000 3548.000000 -3195.000000 -3197.000000 -690.000000 
-20.120001 61.590000 1.680000 -14.280000 -114.919998 0.000000 2482.000000 -765.000000 3671.000000 -2891.000000 -2539.000000 -757.000000 
-21.719999 62.540001 0.380000 -12.940000 -114.709999 0.000000 2204.000000 -526.000000 3770.000000 -2626.000000 -2521.000000 -866.000000 
-23.209999 63.369999 -0.830000 -11.840000 -114.620003 0.000000 2123.000000 -492.000000 3595.000000 -2707.000000 -2726.000000 -892.000000 
-24.190001 64.110001 -1.560000 -11.010000 -114.629997 0.000000 2458.000000 -506.000000 3779.000000 -2773.000000 -2674.000000 -870.000000 
-25.910000 64.879997 -2.930000 -10.550000 -114.519997 0.000000 2123.000000 -700.000000 3593.000000 -2860.000000 -2714.000000 -835.000000 
-27.670000 65.370003 -4.450000 -10.280000 -114.300003 0.000000 2494.000000 -773.000000 3641.000000 -2824.000000 -2733.000000 -762.000000 
-29.379999 65.620003 -5.910000 -9.980000 -113.889999 0.000000 2487.000000 -629.000000 3419.000000 -3770.000000 -3036.000000 -132.000000 
-30.860001 66.059998 -7.210000 -9.720000 -113.480003 0.000000 2107.000000 -658.000000 3709.000000 -3488.000000 -2614.000000 -1028.000000 
-31.940001 66.750000 -8.150000 -9.580000 -112.639999 0.000000 2307.000000 -750.000000 4017.000000 -3344.000000 -2713.000000 -942.000000 
-33.439999 67.360001 -9.400000 -9.600000 -111.629997 0.000000 2392.000000 -863.000000 4027.000000 -3743.000000 -2817.000000 -893.000000 
-36.020000 67.839996 -11.620000 -9.530000 -111.449997 0.000000 2198.000000 -826.000000 4123.000000 -2539.000000 -1625.000000 -1457.000000 
-38.680000 68.769997 -13.870000 -9.480000 -111.059998 0.000000 1754.000000 -855.000000 3962.000000 -3004.000000 -2028.000000 -1246.000000 
-41.830002 69.620003 -16.600000 -8.760000 -110.699997 0.000000 1885.000000 -532.000000 4060.000000 -2927.000000 -2020.000000 -954.000000 
-45.340000 70.320000 -19.709999 -8.250000 -110.290001 0.000000 2197.000000 -536.000000 3687.000000 -2745.000000 -2113.000000 -739.000000 
-49.099998 70.849998 -23.059999 -7.580000 -109.779999 0.000000 1924.000000 -421.000000 3583.000000 -2912.000000 -2106.000000 -613.000000 
-52.840000 71.239998 -26.459999 -6.870000 -109.059998 0.000000 1731.000000 -362.000000 3697.000000 -3357.000000 -2212.000000 -598.000000 
-56.330002 71.599998 -29.650000 -6.480000 -108.680000 0.000000 1726.000000 -436.000000 3801.000000 -3300.000000 -2037.000000 -880.000000 
-59.560001 71.940002 -32.580002 -5.890000 -108.480003 0.000000 1581.000000 -320.000000 3983.000000 -3409.000000 -1730.000000 -864.000000 
-62.590000 72.250000 -35.310001 -5.740000 -108.339996 0.000000 1467.000000 -453.000000 3962.000000 -3136.000000 -1959.000000 -914.000000 
-65.720001 72.500000 -38.060001 -5.180000 -108.290001 0.000000 1587.000000 -259.000000 3989.000000 -3370.000000 -1665.000000 -847.000000 
-68.699997 72.790001 -40.669998 -4.740000 -108.209999 0.000000 1214.000000 -269.000000 4288.000000 -3796.000000 -1768.000000 -796.000000 
-71.480003 73.019997 -43.029999 -4.720000 -108.120003 0.000000 1439.000000 -450.000000 4254.000000 -3670.000000 -1852.000000 -769.000000 
-74.250000 73.199997 -45.320000 -4.240000 -107.989998 0.000000 1573.000000 -232.000000 4324.000000 -3725.000000 -1905.000000 -818.000000 
-76.989998 73.230003 -47.599998 -3.860000 -107.540001 0.000000 1683.000000 -261.000000 4227.000000 -3715.000000 -1995.000000 -684.000000 
-79.540001 73.339996 -49.700001 -3.410000 -107.279999 0.000000 1569.000000 -174.000000 4522.000000 -3811.000000 -1816.000000 -734.000000 
-82.050003 73.559998 -51.730000 -3.050000 -107.239998 0.000000 1724.000000 -166.000000 4808.000000 -4065.000000 -1791.000000 -739.000000 
-84.919998 73.779999 -54.060001 -2.490000 -107.559998 0.000000 1680.000000 -67.000000 4932.000000 -4089.000000 -1637.000000 -718.000000 
-88.110001 73.949997 -56.650002 -1.970000 -107.800003 0.000000 1629.000000 -33.000000 4668.000000 -4062.000000 -1810.000000 -555.000000 
-91.330002 74.099998 -59.279999 -1.240000 -108.029999 0.000000 1500.000000 93.000000 4517.000000 -4233.000000 -1675.000000 -503.000000 
-94.320000 74.269997 -61.669998 -0.500000 -107.720001 0.000000 1415.000000 147.000000 4353.000000 -4217.000000 -1740.000000 -412.000000 
-96.989998 74.410004 -63.709999 0.240000 -106.959999 0.000000 1533.000000 256.000000 4508.000000 -4196.000000 -1756.000000 -386.000000 
-99.389999 74.519997 -65.500000 0.910000 -106.110001 0.000000 1610.000000 324.000000 4515.000000 -4001.000000 -1524.000000 -372.000000 
-101.669998 74.720001 -67.199997 1.600000 -105.669998 0.000000 1483.000000 373.000000 4596.000000 -4081.000000 -1278.000000 -451.000000 
-103.839996 74.959999 -68.820000 2.220000 -105.459999 0.000000 1412.000000 386.000000 4587.000000 -4133.000000 -1272.000000 -452.000000 
-105.860001 75.190002 -70.290001 2.710000 -105.410004 0.000000 1309.000000 375.000000 4535.000000 -4198.000000 -1276.000000 -462.000000 
-107.739998 75.440002 -71.580002 3.090000 -105.279999 0.000000 1271.000000 375.000000 4541.000000 -4150.000000 -1326.000000 -450.000000 
-109.419998 75.760002 -72.629997 3.380000 -104.970001 0.000000 1393.000000 342.000000 4476.000000 -4067.000000 -1330.000000 -399.000000 
-110.870003 76.070000 -73.430000 3.690000 -104.360001 0.000000 1366.000000 339.000000 4287.000000 -3967.000000 -1365.000000 -341.000000 
-112.110001 76.389999 -74.010002 3.970000 -103.459999 0.000000 1423.000000 355.000000 4212.000000 -3924.000000 -1377.000000 -288.000000 
-113.190002 76.709999 -74.430000 4.190000 -102.480003 0.000000 1481.000000 352.000000 4170.000000 -3967.000000 -1373.000000 -306.000000 
-114.269997 77.029999 -74.860001 4.310000 -101.410004 0.000000 1441.000000 330.000000 4290.000000 -3991.000000 -1378.000000 -330.000000 
-115.139999 77.379997 -75.080002 4.450000 -100.360001 0.000000 1489.000000 346.000000 4244.000000 -3912.000000 -1337.000000 -384.000000 
-116.120003 77.730003 -75.400002 4.510000 -99.459999 0.000000 1432.000000 301.000000 4285.000000 -3894.000000 -1200.000000 -470.000000 
-117.220001 78.110001 -75.800003 4.440000 -98.459999 0.000000 1358.000000 213.000000 4171.000000 -3784.000000 -1283.000000 -418.000000 
-118.120003 78.470001 -75.989998 4.440000 -97.330002 0.000000 1470.000000 216.000000 4155.000000 -3766.000000 -1474.000000 -360.000000 
-118.769997 78.790001 -75.860001 4.420000 -96.089996 0.000000 1625.000000 192.000000 4106.000000 -3701.000000 -1562.000000 -285.000000 
-119.180000 79.080002 -75.540001 4.440000 -94.940002 0.000000 1815.000000 184.000000 4101.000000 -3662.000000 -1587.000000 -268.000000 
-120.180000 79.360001 -75.760002 4.520000 -93.900002 0.000000 1787.000000 215.000000 4115.000000 -3681.000000 -1565.000000 -257.000000 
-121.209999 79.620003 -76.000000 4.600000 -93.110001 0.000000 1740.000000 225.000000 4122.000000 -3705.000000 -1480.000000 -289.000000 
-122.610001 79.820000 -76.620003 4.680000 -92.529999 0.000000 1511.000000 231.000000 4012.000000 -3604.000000 -1354.000000 -321.000000 
-124.050003 80.019997 -77.269997 4.820000 -91.870003 0.000000 1508.000000 235.000000 3868.000000 -3568.000000 -1432.000000 -266.000000 
-125.050003 80.199997 -77.449997 4.950000 -91.070000 0.000000 1458.000000 241.000000 3824.000000 -3598.000000 -1450.000000 -238.000000 
-125.680000 80.349998 -77.269997 5.020000 -90.059998 0.000000 1514.000000 251.000000 3788.000000 -3558.000000 -1550.000000 -216.000000 
-125.809998 80.510002 -76.589996 5.050000 -88.940002 0.000000 1701.000000 245.000000 3834.000000 -3506.000000 -1605.000000 -227.000000 
-125.550003 80.699997 -75.540001 4.970000 -87.849998 0.000000 1699.000000 177.000000 3932.000000 -3557.000000 -1627.000000 -232.000000 
-125.400002 80.870003 -74.599998 4.850000 -86.919998 0.000000 1808.000000 150.000000 4042.000000 -3534.000000 -1655.000000 -251.000000 
-125.250000 81.010002 -73.709999 4.750000 -86.209999 0.000000 1794.000000 144.000000 3968.000000 -3429.000000 -1587.000000 -255.000000 
-125.150002 81.129997 -72.820000 4.590000 -85.800003 0.000000 1663.000000 108.000000 3880.000000 -3389.000000 -1488.000000 -311.000000 
-124.699997 81.239998 -71.570000 4.490000 -85.470001 0.000000 1650.000000 109.000000 3825.000000 -3395.000000 -1640.000000 -245.000000 
-123.900002 81.309998 -70.000000 4.340000 -85.089996 0.000000 1771.000000 52.000000 3767.000000 -3413.000000 -1817.000000 -164.000000 
-122.519997 81.370003 -67.879997 4.190000 -84.620003 0.000000 1822.000000 29.000000 3691.000000 -3372.000000 -1919.000000 -93.000000 
-120.199997 81.440002 -64.820000 4.040000 -84.139999 0.000000 1878.000000 38.000000 3670.000000 -3340.000000 -1918.000000 -114.000000 
-118.080002 81.570000 -62.029999 3.860000 -83.699997 0.000000 1937.000000 -26.000000 3656.000000 -3390.000000 -1802.000000 -239.000000 
-116.129997 81.769997 -59.380001 3.580000 -83.220001 0.000000 1812.000000 -88.000000 3806.000000 -3397.000000 -1768.000000 -268.000000 
-114.610001 81.910004 -57.230000 3.320000 -82.730003 0.000000 1915.000000 -105.000000 3850.000000 -3214.000000 -1843.000000 -157.000000 
-112.839996 81.989998 -54.779999 3.150000 -82.339996 0.000000 1971.000000 -38.000000 3709.000000 -3132.000000 -1830.000000 -100.000000 
-111.709999 82.080002 -53.000000 3.020000 -82.010002 0.000000 2018.000000 -64.000000 3531.000000 -3152.000000 -1831.000000 -16.000000 
-110.660004 82.099998 -51.279999 3.030000 -81.809998 0.000000 1948.000000 41.000000 3484.000000 -3123.000000 -1718.000000 -83.000000 
-110.279999 82.110001 -50.290001 2.970000 -81.669998 0.000000 1751.000000 4.000000 3428.000000 -3194.000000 -1705.000000 -171.000000 
-109.339996 82.099998 -48.709999 2.800000 -81.470001 0.000000 1755.000000 -30.000000 3517.000000 -3171.000000 -1823.000000 -146.000000 
-107.160004 81.930000 -45.900002 2.600000 -81.260002 0.000000 1899.000000 -79.000000 3570.000000 -3105.000000 -1963.000000 -143.000000 
-104.489998 81.750000 -42.650002 2.360000 -81.089996 0.000000 2024.000000 -147.000000 3605.000000 -3105.000000 -2073.000000 -125.000000 
-101.690002 81.629997 -39.340000 2.110000 -81.010002 0.000000 2104.000000 -150.000000 3518.000000 -3076.000000 -2069.000000 -108.000000 
-99.570000 81.459999 -36.700001 1.900000 -80.900002 0.000000 1909.000000 -110.000000 3471.000000 -3133.000000 -2080.000000 -27.000000 
-98.400002 81.269997 -35.049999 1.730000 -80.879997 0.000000 1807.000000 -87.000000 3475.000000 -3022.000000 -1898.000000 -121.000000 
-98.269997 81.220001 -34.490002 1.550000 -80.949997 0.000000 1730.000000 -86.000000 3488.000000 -3075.000000 -1687.000000 -185.000000 
-98.239998 81.120003 -34.049999 1.380000 -81.139999 0.000000 1767.000000 -95.000000 3518.000000 -3180.000000 -1751.000000 -222.000000 
-98.150002 80.940002 -33.480000 1.160000 -81.309998 0.000000 1747.000000 -144.000000 3473.000000 -3095.000000 -1786.000000 -229.000000 
-97.500000 80.720001 -32.380001 0.880000 -81.410004 0.000000 1884.000000 -236.000000 3502.000000 -3059.000000 -1889.000000 -198.000000 
-96.389999 80.480003 -30.860001 0.610000 -81.510002 0.000000 2027.000000 -253.000000 3529.000000 -3031.000000 -1977.000000 -180.000000 
-94.870003 80.199997 -28.930000 0.310000 -81.680000 0.000000 2042.000000 -305.000000 3515.000000 -2972.000000 -1931.000000 -199.000000 
-93.790001 79.970001 -27.500000 0.020000 -81.970001 0.000000 1984.000000 -257.000000 3566.000000 -2966.000000 -1910.000000 -224.000000 
-93.260002 79.739998 -26.620001 -0.220000 -82.419998 0.000000 2042.000000 -249.000000 3626.000000 -3072.000000 -1954.000000 -229.000000 
-92.989998 79.419998 -26.040001 -0.450000 -82.949997 0.000000 2052.000000 -258.000000 3623.000000 -3099.000000 -2046.000000 -202.000000 
-93.000000 78.970001 -25.700001 -0.680000 -83.559998 0.000000 1951.000000 -262.000000 3632.000000 -3101.000000 -2069.000000 -215.000000 
-93.870003 78.510002 -26.230000 -0.930000 -84.279999 0.000000 1824.000000 -294.000000 3622.000000 -3203.000000 -1976.000000 -324.000000 
-94.720001 78.070000 -26.760000 -1.120000 -84.940002 0.000000 1822.000000 -285.000000 3602.000000 -3213.000000 -2027.000000 -331.000000 
-95.379997 77.559998 -27.100000 -1.360000 -85.449997 0.000000 1913.000000 -414.000000 3521.000000 -3152.000000 -2037.000000 -306.000000 
-95.510002 77.059998 -26.959999 -1.640000 -85.910004 0.000000 1906.000000 -457.000000 3576.000000 -3078.000000 -2075.000000 -388.000000 
-95.339996 76.610001 -26.580000 -1.900000 -86.410004 0.000000 1892.000000 -437.000000 3766.000000 -3191.000000 -2049.000000 -491.000000 
-95.220001 76.169998 -26.280001 -2.130000 -86.900002 0.000000 1813.000000 -370.000000 3820.000000 -3259.000000 -2036.000000 -483.000000 
-95.230003 75.820000 -26.129999 -2.360000 -87.370003 0.000000 1808.000000 -365.000000 3843.000000 -3327.000000 -2000.000000 -488.000000 
-95.480003 75.489998 -26.190001 -2.540000 -87.809998 0.000000 1615.000000 -321.000000 3820.000000 -3300.000000 -1924.000000 -479.000000 
-95.790001 75.190002 -26.280001 -2.830000 -88.250000 0.000000 1721.000000 -404.000000 3911.000000 -3391.000000 -1914.000000 -530.000000 
-95.059998 74.860001 -25.420000 -3.100000 -88.580002 0.000000 2100.000000 -487.000000 3970.000000 -3355.000000 -2194.000000 -473.000000 
-94.389999 74.309998 -24.590000 -3.350000 -88.849998 0.000000 2249.000000 -520.000000 3972.000000 -3309.000000 -2430.000000 -365.000000 
-94.110001 73.919998 -24.230000 -3.600000 -89.379997 0.000000 2152.000000 -545.000000 4006.000000 -3360.000000 -2389.000000 -482.000000 
-94.309998 73.730003 -24.340000 -3.780000 -90.059998 0.000000 1872.000000 -449.000000 3935.000000 -3326.000000 -2070.000000 -519.000000 
-94.699997 73.620003 -24.620001 -3.970000 -90.820000 0.000000 1636.000000 -401.000000 3786.000000 -3347.000000 -1814.000000 -542.000000 
-95.269997 73.430000 -25.010000 -4.100000 -91.529999 0.000000 1570.000000 -344.000000 3806.000000 -3564.000000 -1783.000000 -545.000000 
-95.290001 73.150002 -24.860001 -4.210000 -91.940002 0.000000 1668.000000 -305.000000 3735.000000 -3408.000000 -1843.000000 -451.000000 
-94.489998 72.849998 -23.889999 -4.350000 -92.089996 0.000000 1765.000000 -362.000000 3793.000000 -3389.000000 -2045.000000 -425.000000 
-94.029999 72.480003 -23.320000 -4.570000 -92.019997 0.000000 1926.000000 -427.000000 3907.000000 -3366.000000 -2202.000000 -398.000000 
-93.739998 72.169998 -22.860001 -4.800000 -92.040001 0.000000 1932.000000 -486.000000 4077.000000 -3407.000000 -2098.000000 -542.000000 
-93.300003 71.980003 -22.309999 -4.990000 -92.209999 0.000000 1972.000000 -460.000000 4058.000000 -3222.000000 -1956.000000 -523.000000 
-93.220001 71.720001 -22.139999 -5.180000 -92.720001 0.000000 1833.000000 -440.000000 3922.000000 -3184.000000 -1894.000000 -541.000000 
-93.120003 71.510002 -21.860001 -5.310000 -93.519997 0.000000 1774.000000 -393.000000 3830.000000 -3235.000000 -1820.000000 -528.000000 
-92.730003 71.220001 -21.370001 -5.440000 -94.370003 0.000000 1809.000000 -371.000000 3743.000000 -3309.000000 -2008.000000 -427.000000 
-92.459999 70.889999 -21.030001 -5.620000 -95.150002 0.000000 1778.000000 -396.000000 3749.000000 -3339.000000 -2131.000000 -403.000000 
-91.730003 70.610001 -20.290001 -5.860000 -95.739998 0.000000 1738.000000 -441.000000 3738.000000 -3389.000000 -2160.000000 -419.000000 
-90.889999 70.320000 -19.440001 -6.120000 -96.059998 0.000000 1739.000000 -468.000000 3813.000000 -3344.000000 -2203.000000 -424.000000 
-90.010002 70.190002 -18.530001 -6.440000 -96.430000 0.000000 1649.000000 -509.000000 3960.000000 -3479.000000 -2030.000000 -648.000000 
-89.050003 70.160004 -17.530001 -6.710000 -96.629997 0.000000 1688.000000 -458.000000 3966.000000 -3460.000000 -1929.000000 -643.000000 
-88.190002 70.089996 -16.629999 -6.910000 -96.629997 0.000000 1742.000000 -422.000000 3995.000000 -3431.000000 -1986.000000 -536.000000 
-87.239998 70.059998 -15.600000 -7.120000 -96.639999 0.000000 1795.000000 -431.000000 4070.000000 -3430.000000 -1953.000000 -508.000000 
-85.919998 69.949997 -14.340000 -7.370000 -96.660004 0.000000 1930.000000 -516.000000 4040.000000 -3442.000000 -2092.000000 -476.000000 
-84.690002 69.669998 -13.140000 -7.610000 -96.660004 0.000000 2216.000000 -603.000000 4156.000000 -3461.000000 -2369.000000 -432.000000 
-83.489998 69.480003 -12.060000 -7.860000 -96.750000 0.000000 2224.000000 -647.000000 4185.000000 -3530.000000 -2540.000000 -477.000000 
-82.779999 69.320000 -11.370000 -8.060000 -96.919998 0.000000 2121.000000 -656.000000 4065.000000 -3458.000000 -2449.000000 -484.000000 
-82.500000 69.370003 -11.090000 -8.200000 -97.150002 0.000000 1874.000000 -591.000000 4048.000000 -3566.000000 -2199.000000 -537.000000 
-82.190002 69.510002 -10.740000 -8.270000 -97.370003 0.000000 1734.000000 -519.000000 4001.000000 -3563.000000 -1990.000000 -580.000000 
-81.910004 69.470001 -10.420000 -8.250000 -97.379997 0.000000 1849.000000 -431.000000 3995.000000 -3561.000000 -2084.000000 -485.000000 
-81.839996 69.419998 -10.280000 -8.230000 -97.230003 0.000000 1885.000000 -424.000000 4026.000000 -3571.000000 -2141.000000 -451.000000 
-81.349998 69.410004 -9.780000 -8.170000 -97.029999 0.000000 1800.000000 -409.000000 3953.000000 -3512.000000 -2102.000000 -484.000000 
-80.879997 69.349998 -9.280000 -8.210000 -96.610001 0.000000 1888.000000 -461.000000 3955.000000 -3360.000000 -2122.000000 -497.000000 
-80.360001 69.300003 -8.750000 -8.290000 -96.220001 0.000000 1964.000000 -483.000000 4048.000000 -3392.000000 -2175.000000 -478.000000 
-79.879997 69.349998 -8.280000 -8.390000 -96.070000 0.000000 2077.000000 -504.000000 4133.000000 -3340.000000 -2111.000000 -460.000000 
-79.389999 69.379997 -7.810000 -8.450000 -96.150002 0.000000 2148.000000 -493.000000 4131.000000 -3361.000000 -2040.000000 -413.000000 
-79.209999 69.419998 -7.640000 -8.480000 -96.489998 0.000000 1974.000000 -463.000000 3992.000000 -3434.000000 -1956.000000 -422.000000 
-79.160004 69.550003 -7.570000 -8.430000 -96.889999 0.000000 1802.000000 -432.000000 3910.000000 -3440.000000 -1928.000000 -428.000000 
-79.000000 69.550003 -7.410000 -8.350000 -96.860001 0.000000 1758.000000 -398.000000 3755.000000 -3273.000000 -2162.000000 -300.000000 
-78.949997 69.339996 -7.320000 -8.330000 -96.580002 0.000000 1905.000000 -405.000000 3619.000000 -3242.000000 -2257.000000 -314.000000 
-78.580002 69.230003 -7.000000 -8.360000 -96.309998 0.000000 1901.000000 -435.000000 3758.000000 -3254.000000 -2159.000000 -393.000000 
-78.010002 69.220001 -6.480000 -8.450000 -96.230003 0.000000 1911.000000 -465.000000 3877.000000 -3336.000000 -2022.000000 -494.000000 
-77.680000 69.209999 -6.190000 -8.560000 -96.250000 0.000000 1899.000000 -473.000000 3963.000000 -3197.000000 -1966.000000 -488.000000 
-77.389999 69.220001 -5.990000 -8.670000 -96.440002 0.000000 1857.000000 -489.000000 3868.000000 -3286.000000 -1918.000000 -496.000000 
-77.199997 69.199997 -5.870000 -8.710000 -96.739998 0.000000 1818.000000 -436.000000 3877.000000 -3274.000000 -1893.000000 -479.000000 
-77.070000 69.209999 -5.750000 -8.730000 -96.820000 0.000000 1711.000000 -414.000000 3810.000000 -3228.000000 -2069.000000 -365.000000 
-76.389999 69.050003 -5.220000 -8.830000 -96.699997 0.000000 1847.000000 -471.000000 3657.000000 -3216.000000 -2216.000000 -322.000000 
-75.989998 68.910004 -4.900000 -8.940000 -96.669998 0.000000 1889.000000 -495.000000 3701.000000 -3225.000000 -2210.000000 -412.000000 
-75.449997 68.839996 -4.460000 -9.110000 -96.790001 0.000000 1918.000000 -572.000000 3814.000000 -3402.000000 -2250.000000 -520.000000 
-74.940002 68.750000 -4.080000 -9.300000 -97.029999 0.000000 1942.000000 -631.000000 3944.000000 -3366.000000 -2113.000000 -578.000000 
-74.550003 68.720001 -3.800000 -9.460000 -97.389999 0.000000 1888.000000 -609.000000 3923.000000 -3254.000000 -1906.000000 -636.000000 
-74.239998 68.730003 -3.570000 -9.540000 -97.709999 0.000000 1813.000000 -585.000000 3949.000000 -3404.000000 -2017.000000 -567.000000 
-73.970001 68.760002 -3.380000 -9.650000 -97.940002 0.000000 1834.000000 -613.000000 3938.000000 -3267.000000 -2066.000000 -488.000000 
-73.900002 68.690002 -3.340000 -9.720000 -97.760002 0.000000 1939.000000 -605.000000 3832.000000 -3212.000000 -2401.000000 -311.000000 
-73.820000 68.379997 -3.310000 -9.780000 -97.589996 0.000000 2097.000000 -591.000000 3712.000000 -3237.000000 -2482.000000 -339.000000 
-73.889999 68.209999 -3.510000 -9.840000 -97.800003 0.000000 2111.000000 -610.000000 3834.000000 -3200.000000 -2213.000000 -538.000000 
-74.059998 68.139999 -3.790000 -9.890000 -98.089996 0.000000 1924.000000 -640.000000 3881.000000 -3338.000000 -2131.000000 -539.000000 
-74.199997 68.129997 -4.080000 -9.930000 -98.529999 0.000000 1866.000000 -611.000000 3950.000000 -3264.000000 -1989.000000 -571.000000 
-74.419998 68.160004 -4.430000 -9.890000 -99.029999 0.000000 1747.000000 -551.000000 3876.000000 -3330.000000 -1852.000000 -584.000000 
-74.440002 68.279999 -4.580000 -9.780000 -99.370003 0.000000 1615.000000 -519.000000 3794.000000 -3206.000000 -1898.000000 -515.000000 
-74.370003 68.339996 -4.640000 -9.660000 -99.620003 0.000000 1651.000000 -470.000000 3726.000000 -3202.000000 -1880.000000 -484.000000 
-74.320000 68.320000 -4.670000 -9.570000 -101.320000 0.000000 1701.000000 -475.000000 3767.000000 -9800.000000 2262.000000 -12055.000000 
-72.930000 67.839996 -3.490000 -10.080000 -100.970001 0.000000 -4105.000000 -6202.000000 12633.000000 -3127.000000 -2814.000000 -912.000000 
-72.260002 67.839996 -2.810000 -10.010000 -99.040001 0.000000 2549.000000 -496.000000 4522.000000 -3706.000000 -3037.000000 16.000000 
-72.290001 67.459999 -2.810000 -10.070000 -98.769997 0.000000 2418.000000 -724.000000 4210.000000 -3300.000000 -1898.000000 -447.000000 
-72.779999 67.500000 -3.330000 -9.860000 -98.860001 0.000000 1703.000000 -581.000000 4320.000000 -4042.000000 -2407.000000 -496.000000 
-73.190002 67.720001 -3.780000 -9.740000 -99.220001 0.000000 2149.000000 -732.000000 4569.000000 -3162.000000 -2233.000000 -476.000000 
-73.800003 67.879997 -4.340000 -9.530000 -99.449997 0.000000 1759.000000 -572.000000 3805.000000 -3036.000000 -2180.000000 -405.000000 
-74.029999 67.930000 -4.590000 -9.400000 -99.820000 0.000000 2046.000000 -541.000000 3842.000000 -3122.000000 -2212.000000 -453.000000 
-74.070000 68.019997 -4.670000 -9.310000 -100.370003 0.000000 1933.000000 -509.000000 4025.000000 -2980.000000 -2113.000000 -453.000000 
-74.480003 68.059998 -5.020000 -9.310000 -101.440002 0.000000 1960.000000 -461.000000 3951.000000 -3199.000000 -2169.000000 -581.000000 
-75.000000 68.070000 -5.500000 -9.350000 -102.849998 0.000000 1900.000000 -494.000000 4121.000000 -3336.000000 -2195.000000 -650.000000 
-75.559998 68.190002 -6.080000 -9.560000 -104.309998 0.000000 1770.000000 -621.000000 3926.000000 -3172.000000 -1843.000000 -684.000000 
-76.239998 68.480003 -6.760000 -9.830000 -105.720001 0.000000 1636.000000 -704.000000 3739.000000 -3160.000000 -1669.000000 -811.000000 
-76.760002 68.760002 -7.230000 -10.160000 -106.199997 0.000000 1457.000000 -772.000000 3552.000000 -3313.000000 -2492.000000 -515.000000 
-75.580002 68.760002 -6.010000 -10.440000 -107.000000 0.000000 2226.000000 -913.000000 3803.000000 -3210.000000 -2368.000000 -665.000000 
-76.440002 69.010002 -6.710000 -10.870000 -107.500000 0.000000 2152.000000 -1116.000000 3646.000000 -3258.000000 -2516.000000 -582.000000 
-77.080002 69.070000 -7.160000 -11.300000 -108.680000 0.000000 2104.000000 -1059.000000 3722.000000 -3616.000000 -2376.000000 -878.000000 
-77.980003 69.059998 -7.870000 -11.870000 -109.519997 0.000000 1377.000000 -1055.000000 3917.000000 -3995.000000 -2555.000000 -729.000000 
-78.900002 69.150002 -8.560000 -12.560000 -109.470001 0.000000 1321.000000 -1033.000000 3998.000000 -3332.000000 -2504.000000 -545.000000 
-79.699997 69.040001 -9.120000 -13.280000 -108.529999 0.000000 1314.000000 -1065.000000 4154.000000 -3330.000000 -2657.000000 -346.000000 
-80.570000 68.910004 -9.750000 -13.980000 -107.980003 0.000000 1443.000000 -1250.000000 4757.000000 -3165.000000 -2529.000000 -604.000000 
-81.580002 68.750000 -10.500000 -14.370000 -106.070000 0.000000 1670.000000 -1465.000000 5776.000000 -2973.000000 -2972.000000 -111.000000 
-82.639999 68.430000 -11.280000 -14.350000 -103.879997 0.000000 1081.000000 -1463.000000 5001.000000 -3189.000000 -3793.000000 74.000000 
-83.620003 68.029999 -12.050000 -14.130000 -102.199997 0.000000 1573.000000 -1579.000000 4449.000000 -3514.000000 -3635.000000 -811.000000 
-84.680000 67.610001 -12.890000 -13.950000 -101.209999 0.000000 1558.000000 -2163.000000 4608.000000 -3644.000000 -3092.000000 -1996.000000 
-85.529999 67.199997 -13.550000 -13.550000 -100.199997 0.000000 1768.000000 -1704.000000 4330.000000 -3420.000000 -2758.000000 -2596.000000 
-86.389999 66.860001 -14.300000 -13.000000 -99.419998 0.000000 376.000000 -1341.000000 4339.000000 -3227.000000 -2574.000000 -2324.000000 
-87.120003 66.570000 -14.980000 -12.790000 -98.860001 0.000000 1552.000000 -1869.000000 4244.000000 -2908.000000 -2575.000000 -2134.000000 
-87.739998 66.239998 -15.610000 -12.640000 -98.669998 0.000000 1275.000000 -1772.000000 4140.000000 -2942.000000 -2744.000000 -1909.000000 
-88.419998 65.839996 -16.350000 -12.620000 -98.820000 0.000000 1162.000000 -1825.000000 4021.000000 -2922.000000 -2843.000000 -1751.000000 
-89.260002 65.430000 -17.340000 -12.710000 -99.339996 0.000000 1115.000000 -1846.000000 4059.000000 -3028.000000 -2766.000000 -1742.000000 
-90.330002 65.080002 -18.629999 -12.920000 -100.209999 0.000000 749.000000 -1846.000000 4254.000000 -3045.000000 -2552.000000 -1837.000000 
-91.559998 64.790001 -20.030001 -13.200000 -101.370003 0.000000 468.000000 -1906.000000 4652.000000 -3117.000000 -2398.000000 -1933.000000 
-92.839996 64.559998 -21.450001 -13.470000 -102.750000 0.000000 79.000000 -1920.000000 4727.000000 -3084.000000 -2262.000000 -1901.000000 
-94.180000 64.290001 -22.799999 -13.700000 -104.250000 0.000000 -10.000000 -1859.000000 4489.000000 -3081.000000 -2253.000000 -1906.000000 
-95.389999 63.980000 -23.990000 -13.860000 -105.760002 0.000000 -176.000000 -1803.000000 4474.000000 -2743.000000 -2046.000000 -1862.000000 
-96.320000 63.639999 -24.770000 -14.030000 -107.190002 0.000000 -85.000000 -1755.000000 4235.000000 -2861.000000 -2201.000000 -1829.000000 
-96.900002 63.299999 -25.090000 -14.200000 -108.360001 0.000000 -191.000000 -1738.000000 4004.000000 -3037.000000 -2571.000000 -1586.000000 
-97.419998 62.910000 -25.400000 -14.410000 -109.190002 0.000000 27.000000 -1713.000000 3866.000000 -2871.000000 -2801.000000 -1399.000000 
-97.949997 62.480000 -25.709999 -14.590000 -109.739998 0.000000 299.000000 -1586.000000 3794.000000 -2861.000000 -2913.000000 -1108.000000 
-98.559998 62.099998 -26.190001 -14.750000 -110.000000 0.000000 666.000000 -1501.000000 3846.000000 -2931.000000 -2795.000000 -796.000000 
-99.510002 62.020000 -27.040001 -14.790000 -109.849998 0.000000 181.000000 -1061.000000 3806.000000 -2863.000000 -2478.000000 -568.000000 
-100.430000 62.230000 -27.930000 -14.860000 -109.419998 0.000000 -314.000000 -858.000000 3541.000000 -2734.000000 -2106.000000 -541.000000 
-101.050003 62.630001 -28.490000 -14.930000 -108.830002 0.000000 -486.000000 -710.000000 3279.000000 -2628.000000 -1830.000000 -591.000000 
-101.110001 63.209999 -28.520000 -15.130000 -108.120003 0.000000 -704.000000 -723.000000 3177.000000 -2736.000000 -1761.000000 -752.000000 
-100.610001 63.820000 -27.959999 -15.290000 -107.050003 0.000000 -538.000000 -766.000000 3229.000000 -2827.000000 -1895.000000 -754.000000 
-99.610001 64.330002 -26.850000 -15.320000 -105.669998 0.000000 -102.000000 -842.000000 3480.000000 -2876.000000 -2083.000000 -717.000000 
-98.230003 64.669998 -25.450001 -15.250000 -104.320000 0.000000 329.000000 -874.000000 3789.000000 -2872.000000 -2220.000000 -771.000000 
-96.709999 64.889999 -23.980000 -15.120000 -102.800003 0.000000 552.000000 -806.000000 4139.000000 -3137.000000 -2301.000000 -536.000000 
-95.220001 65.209999 -22.660000 -14.880000 -101.230003 0.000000 458.000000 -573.000000 4383.000000 -3258.000000 -2169.000000 -391.000000 
-93.709999 65.760002 -21.420000 -14.680000 -99.769997 0.000000 207.000000 -449.000000 4400.000000 -3324.000000 -1981.000000 -419.000000 
-91.839996 66.430000 -19.870001 -14.560000 -98.349998 0.000000 -51.000000 -388.000000 4129.000000 -3332.000000 -1746.000000 -494.000000 
-89.470001 67.089996 -17.860001 -14.520000 -96.769997 0.000000 -164.000000 -444.000000 4057.000000 -3291.000000 -1637.000000 -431.000000 
-86.419998 67.739998 -15.220000 -14.520000 -94.750000 0.000000 -205.000000 -478.000000 4165.000000 -3258.000000 -1887.000000 -197.000000 
-82.440002 68.389999 -11.630000 -14.280000 -91.739998 0.000000 255.000000 -272.000000 3871.000000 -2789.000000 -2353.000000 214.000000 
-77.510002 68.870003 -7.150000 -13.950000 -88.370003 0.000000 291.000000 -156.000000 3601.000000 -2899.000000 -2595.000000 424.000000 
-71.849998 69.040001 -2.000000 -13.690000 -85.250000 0.000000 16.000000 0.000000 3273.000000 -3153.000000 -2550.000000 301.000000 
-65.139999 68.949997 3.980000 -13.510000 -82.550003 0.000000 93.000000 60.000000 2987.000000 -3228.000000 -2351.000000 155.000000 
-57.669998 68.629997 10.450000 -13.420000 -79.959999 0.000000 542.000000 38.000000 3179.000000 -3300.000000 -2110.000000 241.000000 
-49.900002 68.120003 17.030001 -13.470000 -77.330002 0.000000 993.000000 -123.000000 3655.000000 -3394.000000 -2012.000000 529.000000 
-42.490002 67.470001 23.110001 -13.540000 -74.480003 0.000000 1202.000000 -188.000000 4294.000000 -3080.000000 -1944.000000 833.000000 
-35.779999 66.680000 28.490000 -13.570000 -72.050003 0.000000 1064.000000 -323.000000 4463.000000 -2978.000000 -1589.000000 593.000000 
-30.020000 65.760002 33.060001 -13.450000 -70.050003 0.000000 952.000000 -186.000000 4153.000000 -2765.000000 -1303.000000 328.000000 
-25.049999 64.650002 36.950001 -13.240000 -68.150002 0.000000 891.000000 -203.000000 3726.000000 -2770.000000 -1262.000000 503.000000 
-20.860001 63.360001 40.200001 -12.860000 -65.760002 0.000000 1033.000000 2.000000 3731.000000 -2749.000000 -1741.000000 1419.000000 
-17.299999 61.930000 42.849998 -12.320000 -63.459999 0.000000 1357.000000 124.000000 3995.000000 -2902.000000 -2294.000000 2161.000000 
-14.030000 60.369999 45.180000 -11.690000 -61.189999 0.000000 1904.000000 398.000000 3681.000000 -2796.000000 -2516.000000 2409.000000 
-10.910000 58.669998 47.310001 -11.040000 -58.860001 0.000000 2084.000000 521.000000 3348.000000 -2710.000000 -2504.000000 2439.000000 
-8.000000 56.950001 49.150002 -10.480000 -56.419998 0.000000 2406.000000 590.000000 3233.000000 -2509.000000 -2413.000000 2371.000000 
-5.420000 55.299999 50.669998 -10.010000 -54.250000 0.000000 2306.000000 393.000000 3388.000000 -2432.000000 -2361.000000 2168.000000 
-3.230000 53.779999 51.840000 -9.660000 -52.320000 0.000000 2094.000000 108.000000 3912.000000 -2677.000000 -2255.000000 2057.000000 
-1.410000 52.439999 52.720001 -9.340000 -50.639999 0.000000 2400.000000 64.000000 4093.000000 -2723.000000 -2120.000000 2076.000000 
0.180000 51.200001 53.470001 -8.980000 -48.840000 0.000000 2624.000000 92.000000 4107.000000 -2524.000000 -2050.000000 2257.000000 
1.570000 50.070000 54.099998 -8.460000 -47.150002 0.000000 2766.000000 245.000000 3997.000000 -1929.000000 -2199.000000 2737.000000 
2.700000 49.110001 54.480000 -7.800000 -45.540001 0.000000 2757.000000 331.000000 3989.000000 -1689.000000 -2240.000000 2949.000000 
3.660000 48.290001 54.669998 -6.930000 -43.840000 0.000000 2382.000000 548.000000 3458.000000 -2192.000000 -2081.000000 2583.000000 
4.620000 47.540001 54.799999 -6.020000 -42.639999 0.000000 1852.000000 432.000000 3290.000000 -2504.000000 -1896.000000 2354.000000 
5.540000 46.880001 54.919998 -5.230000 -41.709999 0.000000 1782.000000 421.000000 3235.000000 -2771.000000 -1729.000000 2135.000000 
6.470000 46.209999 55.160000 -4.730000 -40.990002 0.000000 1993.000000 190.000000 3684.000000 -2846.000000 -1652.000000 2199.000000 
7.310000 45.520000 55.459999 -4.410000 -40.340000 0.000000 2628.000000 111.000000 4341.000000 -2608.000000 -1997.000000 2944.000000 
8.020000 44.889999 55.810001 -4.080000 -39.709999 0.000000 3327.000000 178.000000 4471.000000 -2222.000000 -2127.000000 3310.000000 
8.580000 44.410000 56.160000 -3.570000 -39.160000 0.000000 3138.000000 312.000000 4220.000000 -2054.000000 -2134.000000 3329.000000 
8.960000 44.290001 56.439999 -2.980000 -38.880001 0.000000 2998.000000 370.000000 3933.000000 -1902.000000 -2536.000000 3706.000000 
9.290000 44.349998 56.810001 -2.380000 -38.830002 0.000000 2929.000000 382.000000 4024.000000 -2587.000000 -2828.000000 4108.000000 
9.420000 44.639999 57.130001 -1.630000 -38.799999 0.000000 2571.000000 615.000000 3580.000000 -2633.000000 -2665.000000 3850.000000 
9.630000 44.759998 57.549999 -0.970000 -38.849998 0.000000 2655.000000 589.000000 3599.000000 -2637.000000 -2438.000000 3568.000000 
10.170000 44.750000 58.130001 -0.410000 -38.470001 0.000000 2791.000000 552.000000 3831.000000 -2413.000000 -2341.000000 3643.000000 
11.100000 44.520000 58.900002 0.020000 -37.959999 0.000000 2945.000000 444.000000 3842.000000 -2150.000000 -2342.000000 3740.000000 
12.300000 44.119999 59.770000 0.420000 -37.560001 0.000000 2827.000000 456.000000 3651.000000 -1940.000000 -2246.000000 3742.000000 
13.550000 43.680000 60.650002 0.700000 -36.990002 0.000000 2861.000000 330.000000 3659.000000 -1854.000000 -2106.000000 3584.000000 
14.770000 43.150002 61.529999 0.870000 -36.650002 0.000000 2867.000000 245.000000 3660.000000 -1805.000000 -2004.000000 3488.000000 
15.960000 42.590000 62.400002 0.990000 -36.209999 0.000000 2873.000000 173.000000 3637.000000 -1712.000000 -1949.000000 3423.000000 
17.049999 42.009998 63.209999 1.050000 -35.910000 0.000000 2844.000000 106.000000 3644.000000 -1662.000000 -1995.000000 3458.000000 
17.930000 41.360001 63.910000 1.170000 -35.590000 0.000000 2856.000000 214.000000 3266.000000 -1495.000000 -2105.000000 3566.000000 
18.549999 40.580002 64.419998 1.190000 -35.730000 0.000000 2976.000000 145.000000 3128.000000 -1304.000000 -2476.000000 3945.000000 
19.010000 39.660000 64.809998 1.080000 -36.049999 0.000000 2923.000000 89.000000 3097.000000 -1336.000000 -2723.000000 4026.000000 
19.450001 38.580002 65.160004 0.740000 -36.490002 0.000000 3027.000000 -171.000000 3421.000000 -1376.000000 -2703.000000 3818.000000 
19.860001 37.369999 65.410004 0.210000 -37.099998 0.000000 3233.000000 -395.000000 3642.000000 -1282.000000 -2402.000000 3201.000000 
20.180000 36.349998 65.660004 -0.460000 -37.630001 0.000000 3101.000000 -575.000000 3718.000000 -1226.000000 -2140.000000 2719.000000 
20.379999 35.490002 65.889999 -1.190000 -38.270000 0.000000 2996.000000 -588.000000 3534.000000 -1238.000000 -2199.000000 2625.000000 
20.490000 34.700001 66.160004 -1.990000 -39.209999 0.000000 3112.000000 -569.000000 3375.000000 -1293.000000 -2285.000000 2674.000000 
20.370001 34.250000 66.419998 -2.910000 -40.360001 0.000000 2942.000000 -625.000000 3241.000000 -1201.000000 -2354.000000 2607.000000 
20.010000 33.990002 66.559998 -3.970000 -41.700001 0.000000 2649.000000 -741.000000 3362.000000 -1079.000000 -2421.000000 2554.000000 
19.549999 33.830002 66.639999 -5.110000 -43.090000 0.000000 2514.000000 -876.000000 3403.000000 -997.000000 -2639.000000 2722.000000 
19.049999 33.590000 66.690002 -6.090000 -44.169998 0.000000 2671.000000 -817.000000 3079.000000 -694.000000 -3201.000000 3300.000000 
18.469999 33.169998 66.650002 -6.970000 -44.959999 0.000000 2689.000000 -900.000000 2993.000000 -518.000000 -3778.000000 3882.000000 
17.850000 32.669998 66.500000 -7.700000 -45.439999 0.000000 2692.000000 -1050.000000 3088.000000 -637.000000 -4082.000000 4043.000000 
17.299999 32.139999 66.330002 -8.180000 -45.910000 0.000000 2724.000000 -1117.000000 3158.000000 -1122.000000 -4009.000000 3669.000000 
16.870001 31.660000 66.180000 -8.590000 -46.009998 0.000000 3011.000000 -1261.000000 3368.000000 -1210.000000 -3697.000000 3210.000000 
16.660000 31.090000 66.160004 -8.910000 -45.910000 0.000000 3056.000000 -1311.000000 3580.000000 -1315.000000 -3303.000000 2769.000000 
16.770000 30.480000 66.290001 -9.200000 -45.790001 0.000000 3187.000000 -1387.000000 3751.000000 -1399.000000 -3024.000000 2577.000000 
17.209999 29.830000 66.589996 -9.420000 -45.660000 0.000000 3149.000000 -1330.000000 3738.000000 -1371.000000 -2871.000000 2542.000000 
17.650000 29.370001 67.019997 -9.560000 -45.680000 0.000000 3042.000000 -1224.000000 3546.000000 -1307.000000 -2873.000000 2663.000000 
17.930000 29.180000 67.410004 -9.650000 -45.540001 0.000000 2861.000000 -1145.000000 3413.000000 -1233.000000 -2838.000000 2762.000000 
17.959999 29.160000 67.750000 -9.680000 -45.630001 0.000000 2861.000000 -1019.000000 3133.000000 -1133.000000 -2766.000000 2684.000000 
17.900000 29.150000 68.089996 -9.660000 -45.689999 0.000000 2878.000000 -898.000000 2790.000000 -905.000000 -2703.000000 2651.000000 
17.830000 29.090000 68.410004 -9.640000 -45.439999 0.000000 2732.000000 -761.000000 2474.000000 -772.000000 -2653.000000 2701.000000 
17.790001 28.980000 68.730003 -9.680000 -45.349998 0.000000 2616.000000 -692.000000 2226.000000 -660.000000 -2569.000000 2595.000000 
17.680000 28.770000 68.989998 -9.810000 -45.110001 0.000000 2547.000000 -653.000000 2060.000000 -637.000000 -2499.000000 2551.000000 
17.540001 28.530001 69.180000 -10.090000 -44.900002 0.000000 2486.000000 -647.000000 1805.000000 -573.000000 -2707.000000 2858.000000 
17.240000 28.010000 69.230003 -10.690000 -45.049999 0.000000 2385.000000 -883.000000 1958.000000 -526.000000 -4617.000000 4599.000000 
16.870001 27.110001 69.150002 -11.520000 -45.320000 0.000000 2738.000000 -1144.000000 2455.000000 -701.000000 -2852.000000 2343.000000 
16.730000 26.000000 69.110001 -12.800000 -45.490002 0.000000 10954.000000 -10583.000000 14376.000000 -490.000000 -3191.000000 2616.000000 
16.629999 25.340000 69.110001 -13.830000 -45.709999 0.000000 618.000000 -1924.000000 276.000000 -143.000000 -3937.000000 3160.000000 
16.490000 24.840000 69.169998 -13.840000 -46.070000 0.000000 4046.000000 -473.000000 2655.000000 -947.000000 -3025.000000 2334.000000 
16.900000 24.780001 69.470001 -13.810000 -46.150002 0.000000 3742.000000 -1197.000000 3913.000000 -822.000000 -2994.000000 2690.000000 
17.170000 24.690001 69.750000 -13.920000 -46.060001 0.000000 3122.000000 -1144.000000 2592.000000 -1004.000000 -3030.000000 2813.000000 
17.150000 24.750000 69.910004 -13.910000 -46.040001 0.000000 2724.000000 -1107.000000 2772.000000 -1010.000000 -3129.000000 2812.000000 
17.090000 24.740000 70.120003 -13.800000 -45.610001 0.000000 3003.000000 -1116.000000 3074.000000 -798.000000 -2975.000000 2851.000000 
17.290001 24.709999 70.389999 -13.630000 -45.849998 0.000000 2970.000000 -1065.000000 2886.000000 -773.000000 -3107.000000 2644.000000 
17.559999 24.660000 70.699997 -13.360000 -45.250000 0.000000 3071.000000 -919.000000 2862.000000 -876.000000 -2901.000000 2915.000000 
17.809999 24.610001 70.959999 -13.090000 -44.730000 0.000000 3135.000000 -859.000000 2867.000000 -914.000000 -2936.000000 2972.000000 
18.049999 24.580000 71.220001 -12.830000 -44.209999 0.000000 2698.000000 -744.000000 3009.000000 -958.000000 -2867.000000 2967.000000 
18.290001 24.570000 71.480003 -12.730000 -43.520000 0.000000 2864.000000 -879.000000 2964.000000 -964.000000 -2823.000000 3033.000000 
18.480000 24.549999 71.680000 -12.570000 -43.259998 0.000000 3160.000000 -778.000000 2862.000000 -886.000000 -2888.000000 3010.000000 
18.590000 24.500000 71.839996 -12.500000 -43.180000 0.000000 3079.000000 -809.000000 2855.000000 -931.000000 -2904.000000 2983.000000 
18.730000 24.469999 72.059998 -12.500000 -43.160000 0.000000 3100.000000 -809.000000 2834.000000 -901.000000 -2896.000000 2953.000000 
18.889999 24.420000 72.209999 -12.590000 -43.220001 0.000000 3083.000000 -850.000000 2850.000000 -884.000000 -2926.000000 2974.000000 
18.990000 24.360001 72.320000 -12.760000 -43.450001 0.000000 3082.000000 -873.000000 2847.000000 -886.000000 -2942.000000 2938.000000 
18.980000 24.320000 72.389999 -12.880000 -43.619999 0.000000 3339.000000 -872.000000 2862.000000 -826.000000 -2938.000000 2928.000000 
18.980000 24.200001 72.440002 -13.310000 -43.869999 0.000000 3170.000000 -1459.000000 2722.000000 -965.000000 -3014.000000 2948.000000 
18.980000 24.080000 72.529999 -13.540000 -44.090000 0.000000 2899.000000 -1129.000000 2994.000000 -900.000000 -3013.000000 2866.000000 
19.020000 24.070000 72.660004 -13.550000 -44.270000 0.000000 2998.000000 -864.000000 3163.000000 -758.000000 -2949.000000 2843.000000 
18.940001 23.980000 72.730003 -14.010000 -44.320000 0.000000 3324.000000 -1649.000000 2880.000000 -853.000000 -2966.000000 2895.000000 
19.020000 23.889999 72.849998 -14.210000 -44.509998 0.000000 2909.000000 -1087.000000 2781.000000 -915.000000 -3025.000000 2891.000000 
19.120001 23.770000 73.010002 -14.150000 -44.360001 0.000000 3158.000000 -698.000000 2805.000000 -797.000000 -2947.000000 2914.000000 
19.070000 23.660000 73.099998 -14.270000 -44.450001 0.000000 2990.000000 -1017.000000 2794.000000 -901.000000 -2997.000000 2901.000000 
19.070000 23.520000 73.230003 -14.350000 -44.410000 0.000000 3064.000000 -985.000000 2762.000000 -801.000000 -2978.000000 2910.000000 
19.110001 23.459999 73.339996 -14.390000 -44.400002 0.000000 3075.000000 -984.000000 2833.000000 -815.000000 -2956.000000 2917.000000 
19.030001 23.469999 73.440002 -14.400000 -44.320000 0.000000 3108.000000 -971.000000 2789.000000 -832.000000 -2964.000000 2949.000000 
19.000000 23.549999 73.540001 -14.380000 -44.439999 0.000000 3076.000000 -949.000000 2814.000000 -909.000000 -2997.000000 2871.000000 
19.049999 23.650000 73.669998 -14.380000 -44.450001 0.000000 2991.000000 -971.000000 2835.000000 -909.000000 -2947.000000 2885.000000 
19.090000 23.730000 73.779999 -14.370000 -44.419998 0.000000 2995.000000 -978.000000 2860.000000 -921.000000 -2994.000000 2922.000000 
19.120001 23.730000 73.919998 -14.370000 -44.369999 0.000000 3050.000000 -959.000000 2837.000000 -881.000000 -2954.000000 2928.000000 
19.129999 23.680000 74.040001 -14.360000 -44.130001 0.000000 3080.000000 -933.000000 2842.000000 -842.000000 -2926.000000 2952.000000 
19.209999 23.650000 74.120003 -14.390000 -44.160000 0.000000 3126.000000 -952.000000 2782.000000 -825.000000 -2974.000000 2924.000000 
19.309999 23.590000 74.290001 -14.460000 -44.049999 0.000000 3053.000000 -975.000000 2831.000000 -881.000000 -2938.000000 2947.000000 
19.360001 23.510000 74.370003 -14.520000 -43.970001 0.000000 3125.000000 -954.000000 2805.000000 -796.000000 -2944.000000 2943.000000 
19.299999 23.379999 74.459999 -14.640000 -44.130001 0.000000 3034.000000 -1040.000000 2801.000000 -934.000000 -3002.000000 2951.000000 
19.379999 23.430000 74.589996 -14.680000 -44.139999 0.000000 2586.000000 -1161.000000 3258.000000 -797.000000 -2935.000000 2894.000000 
19.320000 23.400000 74.639999 -14.800000 -44.230000 0.000000 3202.000000 -1053.000000 2679.000000 -824.000000 -2938.000000 2892.000000 
19.250000 23.389999 74.699997 -14.910000 -44.290001 0.000000 3018.000000 -1037.000000 2793.000000 -858.000000 -3001.000000 2914.000000 
19.230000 23.400000 74.830002 -14.970000 -44.389999 0.000000 3077.000000 -998.000000 2793.000000 -808.000000 -2969.000000 2875.000000 
19.250000 23.440001 74.970001 -15.010000 -44.360001 0.000000 3440.000000 -1042.000000 2860.000000 -824.000000 -2924.000000 2891.000000 
19.250000 23.459999 75.110001 -14.980000 -44.430000 0.000000 2958.000000 -895.000000 2741.000000 -940.000000 -2986.000000 2892.000000 
19.230000 23.480000 75.230003 -14.970000 -44.270000 0.000000 3113.000000 -944.000000 2812.000000 -818.000000 -2965.000000 2953.000000 
19.250000 23.510000 75.290001 -14.970000 -44.250000 0.000000 2991.000000 -992.000000 2858.000000 -863.000000 -2965.000000 2908.000000 
19.290001 23.530001 75.389999 -14.970000 -44.240002 0.000000 3034.000000 -973.000000 2811.000000 -930.000000 -2941.000000 2915.000000 
19.309999 23.520000 75.480003 -14.960000 -44.150002 0.000000 3075.000000 -962.000000 2814.000000 -829.000000 -2948.000000 2936.000000 
19.290001 23.490000 75.519997 -14.960000 -44.160000 0.000000 3123.000000 -970.000000 2798.000000 -840.000000 -2969.000000 2936.000000 
19.299999 23.469999 75.540001 -14.960000 -44.099998 0.000000 3085.000000 -959.000000 2799.000000 -838.000000 -2968.000000 2942.000000 
19.280001 23.490000 75.650002 -14.970000 -44.230000 0.000000 3004.000000 -984.000000 2840.000000 -850.000000 -2944.000000 2906.000000 
19.240000 23.510000 75.709999 -14.990000 -44.240002 0.000000 3099.000000 -986.000000 2808.000000 -847.000000 -2967.000000 2920.000000 
19.209999 23.510000 75.709999 -15.010000 -44.209999 0.000000 3070.000000 -973.000000 2783.000000 -809.000000 -2969.000000 2930.000000 
19.219999 23.510000 75.750000 -15.040000 -44.209999 0.000000 3067.000000 -984.000000 2825.000000 -840.000000 -2965.000000 2943.000000 
19.209999 23.540001 75.790001 -15.070000 -44.240002 0.000000 3045.000000 -970.000000 2793.000000 -845.000000 -2947.000000 2925.000000 
19.180000 23.590000 75.800003 -15.110000 -44.180000 0.000000 3064.000000 -973.000000 2811.000000 -862.000000 -2957.000000 2926.000000 
19.170000 23.629999 75.809998 -15.160000 -44.259998 0.000000 3044.000000 -984.000000 2824.000000 -860.000000 -2949.000000 2922.000000 
19.190001 23.660000 75.820000 -15.220000 -44.240002 0.000000 3019.000000 -1002.000000 2882.000000 -874.000000 -2964.000000 2903.000000 
19.200001 23.660000 75.849998 -15.270000 -44.290001 0.000000 3053.000000 -985.000000 2821.000000 -890.000000 -2966.000000 2905.000000 
19.200001 23.670000 75.830002 -15.330000 -44.250000 0.000000 3029.000000 -997.000000 2828.000000 -861.000000 -2951.000000 2915.000000 
19.180000 23.660000 75.849998 -15.370000 -44.259998 0.000000 3045.000000 -996.000000 2839.000000 -893.000000 -2975.000000 2920.000000 
19.190001 23.650000 75.889999 -15.420000 -44.240002 0.000000 3049.000000 -1014.000000 2822.000000 -855.000000 -2945.000000 2903.000000 
19.180000 23.620001 75.900002 -15.450000 -44.209999 0.000000 3070.000000 -988.000000 2791.000000 -851.000000 -2958.000000 2920.000000 
19.160000 23.610001 75.940002 -15.490000 -44.220001 0.000000 3073.000000 -990.000000 2825.000000 -843.000000 -2976.000000 2927.000000 
19.160000 23.660000 75.919998 -15.550000 -44.310001 0.000000 3030.000000 -1013.000000 2783.000000 -862.000000 -2968.000000 2908.000000 
19.120001 23.680000 75.919998 -15.610000 -44.380001 0.000000 3069.000000 -1006.000000 2808.000000 -877.000000 -2985.000000 2891.000000 
19.090000 23.680000 75.910004 -15.680000 -44.380001 0.000000 3030.000000 -1019.000000 2804.000000 -872.000000 -2975.000000 2901.000000 
19.070000 23.719999 75.910004 -15.760000 -44.439999 0.000000 3019.000000 -1047.000000 2835.000000 -892.000000 -2961.000000 2883.000000 
19.059999 23.730000 75.959999 -15.830000 -44.610001 0.000000 2980.000000 -1059.000000 2888.000000 -902.000000 -2986.000000 2892.000000 
19.070000 23.740000 76.010002 -15.860000 -44.590000 0.000000 2998.000000 -1034.000000 2859.000000 -919.000000 -2970.000000 2893.000000 
