-4.152434 -13.314825 -43.490089
-4.138745 -13.311348 -43.540779
-4.147568 -13.306397 -43.582817
-4.162844 -13.29772 -43.55664
-4.193499 -13.324451 -43.488019
-4.262622 -13.318688 -43.469852
-4.331609 -13.290066 -43.494428
-4.561538 -13.143315 -43.500118
-5.005074 -12.856069 -43.675643
-5.473068 -12.467867 -43.796357
-5.676206 -11.997879 -43.972794
-6.050331 -11.072067 -44.315279
-6.329041 -10.285399 -44.642065
-6.659635 -9.789355 -44.720187
-6.927456 -9.769978 -44.517127
-7.246103 -10.212049 -43.907781
-7.704538 -11.008157 -42.942174
-8.277017 -11.894147 -41.797688
-8.681098 -12.668269 -40.540611
-8.768309 -13.263546 -39.220004
-8.432928 -13.726816 -37.815893
-7.790516 -14.394555 -36.266875
-7.066045 -15.241268 -34.511258
-6.224378 -16.097221 -32.838192
-5.179896 -17.150108 -30.821328
-4.173111 -18.411503 -28.263982
-2.034203 -22.015851 -22.841671
-1.149966 -23.141231 -19.620542
-0.401465 -24.089071 -16.413341
0.354001 -24.759841 -13.357665
1.153639 -25.219953 -10.397774
2.098027 -25.524907 -7.528085
3.180513 -25.771408 -4.570085
4.272087 -26.014327 -1.510288
5.236922 -26.202218 1.380328
6.087932 -26.26455 4.022507
6.959491 -26.133667 6.362678
7.90641 -25.804155 8.366065
8.748771 -25.501468 10.553428
9.394323 -25.326892 13.178114
9.893752 -25.232764 16.250195
10.39171 -25.02813 19.420854
10.892818 -24.646505 22.2951
11.354055 -24.025251 24.374209
11.824093 -23.172017 25.478887
12.33738 -22.192384 25.83855
12.813075 -21.135008 25.351367
13.188627 -20.115357 24.363936
13.445669 -19.150221 22.858598
13.602291 -18.203525 20.928449
13.763027 -17.292364 19.07458
13.931418 -16.352156 17.113357
14.086462 -15.278466 14.402607
14.100148 -13.916791 10.014299
13.913373 -12.315546 3.558937
13.646387 -10.733048 -3.385795
13.387869 -9.391345 -9.317391
13.17401 -8.340613 -13.811157
12.731675 -7.781869 -15.673902
12.186854 -7.550776 -16.000862
11.831861 -6.921533 -18.352272
11.5425 -6.152529 -21.27281
11.263227 -5.282376 -24.793207
10.99618 -4.381751 -28.795392
11.455239 -4.340905 -26.334375
10.62427 -3.473519 -32.59247
10.240994 -2.894169 -36.244851
10.759454 -3.268651 -33.120645
11.077606 -3.48505 -31.718902
11.419946 -3.948807 -28.845562
11.759215 -4.396607 -26.052326
11.973922 -4.993513 -22.536026
12.14555 -5.595975 -19.140029
12.292536 -6.233526 -15.504069
12.486965 -6.971768 -11.315553
12.666605 -7.864285 -6.317754
12.792469 -8.846708 -1.02526
12.814402 -9.871897 4.241996
12.728709 -10.919528 9.283063
12.610865 -11.942912 13.900989
12.416089 -12.988792 18.458579
12.180297 -13.998356 22.866992
11.852197 -14.960974 27.098031
11.501137 -15.811889 30.829171
11.096685 -16.610032 34.461775
10.584056 -17.353664 37.666124
9.954685 -18.033836 40.417065
9.17021 -18.607051 42.796973
8.239643 -19.043195 44.814494
7.204575 -19.350871 46.665767
6.168989 -19.6029 48.825452
5.09315 -19.723676 50.718806
3.982678 -19.767336 52.755912
2.928432 -19.645602 54.461769
1.891274 -19.396673 56.146329
0.85437 -19.155535 58.637745
-0.169453 -18.942993 61.753959
-1.160157 -18.817352 65.753374
-2.159998 -18.729426 69.958872
-3.192534 -18.627461 73.99776
-4.197674 -18.417189 77.313953
-5.091164 -18.018087 79.504447
-5.814993 -17.483752 80.735911
-6.351709 -17.038186 81.912322
-6.649664 -16.758678 83.174766
-6.735914 -16.575606 83.999031
-6.614897 -16.498977 84.710099
-6.353865 -16.42673 84.782803
-6.038415 -16.324763 83.968649
-5.747818 -16.103235 81.846847
-5.395231 -15.829268 79.262627
-5.002139 -15.490664 76.316916
-4.561753 -15.178922 73.848531
-4.060712 -14.961045 72.368868
-3.567378 -14.858706 71.824987
-3.145276 -14.785103 71.584575
-2.830065 -14.698181 71.423787
-2.506887 -14.598279 70.99374
-2.134053 -14.54241 70.200565
-1.727034 -14.514061 68.473965
-1.15543 -14.549843 65.615778
-0.657812 -14.453859 60.63054
-0.43546 -14.26333 55.386932
-0.380765 -14.095579 51.264933
-0.452091 -13.898239 48.136088
-0.360789 -13.768815 45.85847
-0.237385 -13.778293 44.805993
-0.082667 -13.761926 43.365111
0.237356 -13.777961 41.288409
0.55966 -13.627102 38.230046
0.83621 -13.412945 35.560372
1.04371 -13.169287 33.449999
1.242644 -13.084532 32.691063
1.407689 -13.270614 33.772207
1.685683 -13.632809 35.618628
1.984264 -14.061251 37.752018
2.261798 -14.451122 39.270109
2.492437 -14.598361 39.58764
2.761653 -14.628539 39.134765
3.088272 -14.698919 38.858515
3.40232 -14.947275 39.556318
3.810702 -15.405224 41.145601
4.18343 -15.955939 43.048861
4.437214 -16.557163 45.314817
4.623922 -17.034922 46.908909
4.697168 -17.345835 47.642252
4.799393 -17.509283 47.593916
4.954859 -17.626353 47.341835
5.109395 -17.823055 47.738895
5.29239 -18.077943 48.426668
5.470418 -18.399587 49.522852
5.58315 -18.695663 50.626625
5.614491 -18.971981 51.857246
5.69293 -19.259302 53.172022
5.842818 -19.551145 54.417399
6.034386 -19.850124 55.688586
6.269971 -20.13123 56.722694
6.517206 -20.405891 57.581745
6.761644 -20.650376 58.185404
6.983813 -20.85356 58.469818
7.186244 -21.067207 58.6806
7.427765 -21.292401 58.770923
7.729548 -21.501698 58.165154
7.751272 -21.667256 57.553708
7.715801 -21.684692 56.045239
7.616811 -22.232464 58.102762
7.472682 -22.586396 59.101945
7.500315 -22.842682 60.299664
7.716767 -22.984518 60.78558
7.505577 -22.679665 59.368008
7.943078 -22.321255 57.012253
9.063164 -22.302282 55.689669
10.047694 -22.166364 52.643277
10.65633 -21.499781 46.560949
10.683127 -20.587837 40.730285
10.903524 -19.721056 35.703477
11.082783 -18.756901 30.573728
11.41066 -17.841113 25.677068
11.548222 -16.917001 21.130493
11.553965 -16.183165 17.734661
11.517732 -15.558416 15.06097
11.354935 -14.820112 12.268459
11.224518 -13.858309 8.805358
11.20945 -12.796268 4.918362
11.361867 -11.732877 0.822451
11.626889 -10.692736 -3.661245
11.904902 -9.738905 -8.260497
12.180969 -8.904205 -12.888652
12.350011 -8.08374 -17.531378
12.381277 -7.189342 -22.293857
12.318459 -6.118297 -27.422869
12.315913 -5.165685 -32.019025
12.304882 -4.328629 -36.134781
12.362029 -3.602318 -39.931342
12.538804 -3.068593 -43.275749
12.82034 -2.802423 -45.829826
13.095902 -2.720595 -47.443155
13.303879 -2.709806 -48.411065
13.402402 -2.769316 -48.726262
13.322282 -2.912413 -48.277546
13.222936 -3.21474 -47.310247
13.288468 -3.494082 -46.721663
13.475844 -3.701154 -46.432552
13.589363 -3.959709 -45.657487
13.492021 -4.306258 -44.053338
12.89563 -4.673069 -41.306424
12.145176 -5.057713 -38.543759
11.844854 -5.433709 -36.884824
11.882884 -5.805612 -35.904181
12.093284 -6.202633 -35.262422
12.165905 -6.773844 -34.091341
11.741847 -7.441032 -32.158274
10.796871 -8.139085 -29.834079
9.664275 -8.83018 -27.718623
8.96627 -9.441888 -26.342882
8.81448 -9.912244 -25.799544
8.799275 -10.306236 -25.525392
8.460898 -10.714411 -25.09597
7.822287 -11.172739 -24.507817
7.139788 -11.69119 -23.893985
6.766545 -12.191981 -23.526365
6.866222 -12.641898 -23.341502
7.254111 -13.00375 -23.349238
7.762832 -13.311742 -23.430779
8.196833 -13.656207 -23.485847
8.505382 -14.077597 -23.310311
8.622177 -14.582219 -22.92999
8.60037 -15.099221 -22.450738
8.568666 -15.579401 -22.034962
8.442332 -16.064076 -21.695911
8.322382 -16.561503 -21.488044
8.070745 -17.177463 -21.20563
7.379716 -17.909591 -20.689862
6.551559 -18.607392 -20.246007
5.716953 -19.237957 -19.807641
4.832559 -19.770724 -19.403094
4.044409 -20.280119 -19.043116
3.383113 -20.762429 -18.694078
2.971955 -21.1833 -18.455065
2.930206 -21.490127 -18.56153
3.008844 -21.765168 -18.840194
3.136851 -22.170394 -19.22387
2.881177 -22.651932 -19.735803
1.707268 -22.935709 -20.528004
0.697573 -23.487539 -21.029232
0.312831 -24.086099 -21.313339
0.050295 -24.505574 -21.465282
-0.755702 -24.668448 -21.909234
-1.69907 -24.635573 -22.377119
-2.464679 -24.385043 -22.957534
-2.885686 -23.890148 -23.645947
-3.02482 -23.324927 -24.323475
-2.9552 -22.777667 -25.018738
-2.690203 -22.29082 -25.580159
-2.379657 -21.834275 -26.07304
-2.086409 -21.474895 -26.453288
-1.962276 -21.113322 -26.824193
-1.984133 -20.756465 -27.179907
-1.951913 -20.573173 -27.254842
-1.895729 -20.482224 -27.262001
-1.925603 -20.383682 -27.244345
-2.137415 -20.121302 -27.446864
-2.29881 -19.887343 -27.670074
-2.358991 -19.723778 -27.839467
-2.340688 -19.646269 -27.889316
-2.157231 -19.566482 -28.017061
-1.919612 -19.4277 -28.126217
-1.706871 -19.363211 -28.236133
-1.566484 -19.238509 -28.430156
-1.499608 -18.994864 -28.70691
0.685501 -16.746547 -31.79311
2.401268 -15.373911 -26.22875
2.462375 -15.374584 -26.339939
2.620201 -15.256236 -26.525397
2.857148 -15.158082 -26.728137
3.148844 -15.080873 -26.946361
3.493514 -15.026572 -27.20699
6.682762 -19.656022 -21.256382
6.307488 -20.543125 -20.732281
5.977357 -21.400991 -20.35423
5.804372 -22.141195 -20.066192
5.563707 -22.804303 -19.841408
5.168687 -23.503698 -19.539891
4.745831 -24.094828 -19.246051
4.163383 -24.279432 -19.447716
3.477987 -23.840171 -20.417169
3.187701 -23.367757 -21.243084
3.203669 -22.976537 -21.88335
3.213049 -22.543031 -22.593636
3.126787 -22.030026 -23.295061
3.007936 -21.543888 -24.003755
2.76715 -21.057751 -24.653145
2.332717 -20.557722 -25.259794
1.718104 -20.333492 -25.611251
1.011902 -20.293813 -25.75469
0.329416 -20.002447 -26.095175
-0.030872 -19.552452 -26.472065
-0.176843 -19.302785 -26.689293
-0.237027 -19.307427 -26.734773
-0.173311 -19.342308 -26.774979
-0.033621 -19.373223 -26.85323
11.033737 -24.396883 -4.82066
11.460889 -25.244947 -4.069347
11.769716 -26.156727 -3.396286
11.994223 -27.043854 -2.860467
12.175411 -27.896272 -2.466941
12.306044 -28.699993 -2.120178
12.384641 -29.454363 -1.848447
12.36674 -30.186615 -1.663552
11.935044 -30.74174 -1.828553
10.865131 -30.885904 -2.659175
9.612649 -30.575039 -4.076666
8.411355 -30.127926 -5.643313
7.290969 -29.499804 -7.274255
6.265937 -29.000205 -8.651636
5.474945 -28.66857 -9.639945
4.80778 -28.037353 -10.833503
4.306464 -27.154836 -12.072304
3.976494 -26.215966 -13.282605
3.847215 -25.343906 -14.376254
3.7692 -24.553279 -15.401611
3.658885 -23.93206 -16.305655
3.372653 -23.458814 -17.103457
3.017757 -23.026794 -17.812926
2.802149 -22.717469 -18.318897
2.679807 -22.55256 -18.605924
2.57163 -22.525431 -18.772713
2.466427 -22.545614 -18.968321
2.37841 -22.580538 -19.119968
2.329545 -22.621256 -19.181444
