5.869608 -13.994957 -25.293462
5.586582 -14.152351 -23.833937
5.55979 -14.029664 -22.67138
6.137601 -13.446046 -22.542248
7.505416 -12.266186 -24.070985
9.558422 -10.494605 -27.80506
11.74189 -8.482794 -33.161707
13.777017 -6.348108 -39.912982
15.512016 -4.150979 -47.777193
16.95981 -1.956869 -56.123812
18.195646 0.122641 -64.292863
19.228543 2.129962 -72.007123
19.941204 4.199173 -79.580579
20.244963 6.320435 -87.440496
20.131947 8.384794 -95.423519
19.648343 10.311023 -103.568465
18.936774 12.09974 -112.015281
18.198532 13.791027 -120.81077
17.521925 15.457049 -129.838248
17.029534 17.105927 -138.88011
16.638133 18.90904 -147.602317
16.6369 20.874333 -155.979208
16.878894 22.593916 -162.561475
16.933245 24.403568 -167.518059
16.908855 25.878163 -171.034499
16.294308 27.141061 -172.337477
15.885412 27.868347 -173.52188
14.234237 27.299227 -168.430113
13.32706 28.856164 -170.486429
13.01921 30.208878 -173.282401
13.016944 31.159563 -175.817544
12.724438 31.739891 -176.87646
11.961408 32.379582 -177.095657
10.963553 32.968044 -176.777203
9.918644 33.587039 -176.487061
8.926257 34.220404 -176.529569
8.074449 34.862345 -177.186332
7.041163 35.972497 -178.415145
5.822238 37.024354 -179.418646
4.554946 38.025873 179.701756
3.450109 38.537734 179.883312
2.741561 39.384118 178.724867
1.94251 39.908632 178.493456
1.691246 40.14941 177.732563
1.372346 40.252847 177.349119
0.685126 40.454175 176.967948
0.254934 40.581614 175.466954
0.41237 40.562446 172.82925
0.009273 40.713715 171.395938
-1.049714 40.753934 172.276699
-2.17897 40.507431 174.503902
-2.93392 40.504043 176.323623
-3.012982 40.831233 176.350843
-3.427292 41.142265 176.53349
-3.450073 41.0265 176.036103
-3.524015 40.437775 175.96064
-3.691694 39.876501 176.061306
-3.81693 39.572709 175.90327
-4.022986 39.450342 176.046155
-4.979072 39.462742 178.048961
-4.751628 39.392707 178.33618
-4.399825 39.170413 178.874124
-4.176381 38.973032 179.42892
-3.893639 38.849744 179.406939
-3.369029 38.540021 178.791181
-2.73404 38.272775 177.668306
-2.232712 38.179149 176.289784
-1.780733 38.137852 174.75602
-1.205436 38.081052 172.936147
-0.27705 38.059244 170.371877
0.701034 38.049479 167.854531
1.708528 38.151726 165.381926
2.919861 38.389638 162.684939
4.393799 38.635752 159.724286
6.100748 38.751562 156.642117
7.862972 38.692856 153.737751
9.699603 38.534196 150.847151
11.565321 38.307056 147.733761
13.528045 38.022394 144.341865
15.456759 37.666887 140.938591
17.226079 37.260946 137.816279
18.956016 36.863778 134.772205
20.756475 36.434448 131.64548
22.478154 35.920971 128.731026
24.04144 35.386322 126.207208
25.494013 34.787682 123.965471
26.838778 34.15336 121.894216
28.086504 33.516429 119.972862
29.287225 32.861012 118.109802
30.495828 32.177878 116.089136
31.679631 31.360272 113.8903
32.8491 30.533589 111.613573
33.964562 29.683241 109.40961
35.01135 28.85479 107.360998
35.931866 28.084392 105.662421
36.818215 27.333612 104.109303
37.6518 26.710582 102.910273
38.41167 26.020851 101.887086
39.135733 25.465026 101.248052
39.835567 24.859554 100.611535
40.506413 24.338412 100.179347
41.180829 23.615459 99.595606
41.81148 22.763883 98.834718
42.454624 22.297441 98.610806
43.075234 21.574735 97.976822
43.604363 20.783799 97.420114
44.212084 19.881018 96.665394
44.858451 18.840534 95.729149
45.504465 17.749369 94.825079
46.09332 16.406568 93.815266
46.679117 14.995045 92.910202
47.192001 13.273195 91.6135
47.609796 11.692022 90.491065
47.935392 10.306292 89.653317
48.110558 9.186708 89.426033
48.235182 8.630502 90.254144
48.343387 8.127933 91.299979
48.45091 7.474362 92.205775
48.494253 6.696254 92.988121
48.551924 5.726898 92.911492
48.571573 4.736867 92.569467
48.458787 3.889819 92.440939
48.282359 3.715332 93.180968
48.32175 4.151283 94.540219
48.486185 4.704843 95.686686
48.596672 5.395345 97.100445
48.724629 5.999157 98.25105
48.872179 6.460898 99.025772
48.940116 6.94616 99.763246
48.87658 7.685157 100.732116
48.605515 8.489474 101.949336
48.237007 9.470611 103.558284
47.871397 10.910959 105.708994
47.659001 12.801867 108.059703
47.499037 14.773571 110.320949
47.19131 16.528376 112.487892
46.615751 18.468266 115.421373
45.936238 20.343159 118.394557
44.857966 22.027617 122.05801
43.654587 23.606308 125.700943
42.558887 25.404469 129.337657
41.770397 27.169432 131.831589
40.95374 28.849567 134.27338
39.963968 30.334259 136.735153
38.831183 31.768966 139.268668
37.515814 33.021582 142.099448
36.385386 34.169415 144.447655
35.16896 34.954363 146.632683
33.739001 35.19822 148.916489
32.287004 35.123781 151.403569
30.786477 35.316839 154.177173
29.369194 35.553178 156.521943
27.758788 35.590073 159.098563
26.418911 35.879182 161.042656
25.23247 36.173143 162.692951
24.164824 36.511301 164.047965
23.203254 36.508964 165.30974
22.170009 36.234853 167.023862
20.635505 35.946761 170.366662
19.340977 35.594115 173.279981
18.064767 35.237305 176.270318
16.670789 34.857985 179.286986
15.509498 34.722314 -178.254965
14.236833 34.527514 -175.673857
12.939307 34.241474 -173.065278
11.629286 34.173986 -170.5199
10.120515 34.252936 -167.691731
8.592311 34.282748 -164.82732
6.995049 34.108548 -161.694141
5.615398 33.957789 -159.095425
4.584593 33.806323 -157.211857
3.716356 33.589755 -155.55104
3.0399 33.447782 -154.109237
2.141442 33.417526 -152.559609
1.049678 33.407368 -150.684124
0.844256 33.327882 -149.779333
0.27691 33.354573 -148.77728
-0.824196 33.539928 -147.742857
-1.778409 33.436202 -146.564542
-1.454688 33.835565 -147.817983
0.375022 34.079275 -151.0762
1.936055 34.204316 -153.103146
3.127521 33.79198 -153.705359
3.426355 33.043536 -152.401667
3.495569 32.577121 -151.143463
3.513747 32.365605 -150.578235
3.091449 32.199427 -149.56012
2.641485 31.928312 -148.494099
2.355004 31.612547 -147.590608
2.063144 31.321809 -146.63355
1.821451 31.106226 -145.730826
1.491978 30.931589 -144.767043
0.995416 30.9223 -143.904608
0.471772 31.040286 -143.43679
-0.007883 31.242905 -143.353477
-0.320778 31.355847 -143.350371
-0.354756 31.580927 -143.947164
-0.23383 31.933322 -144.857655
-0.460519 32.370443 -144.989709
0.049596 32.604031 -146.092823
-0.216418 32.432439 -145.018296
-0.190269 32.743069 -144.994995
0.238865 33.200119 -145.779464
0.917217 33.477873 -146.742139
1.456344 33.587138 -147.219611
2.284645 33.814421 -148.26295
3.593333 34.24132 -149.983866
5.703592 34.725617 -152.567914
8.415143 35.12457 -155.460393
11.66276 35.354854 -158.555673
15.152697 35.369242 -161.60626
18.463526 35.186322 -164.285104
21.415066 34.795498 -166.550551
24.113684 34.240496 -168.560523
26.733882 33.502409 -170.514981
29.525081 32.582985 -172.697313
32.449453 31.459426 -174.970939
35.238767 30.168852 -176.856653
37.653822 28.81729 -178.048141
39.637276 27.491234 -178.451749
41.239967 26.221453 -178.235306
42.293899 25.155622 -177.106317
42.968839 24.19589 -175.481435
43.33048 23.261066 -173.514319
43.270341 22.43609 -171.020667
42.550977 21.55026 -167.571901
41.553168 20.841086 -163.92066
40.340714 20.335751 -160.098559
38.947434 19.97882 -156.002414
37.528917 19.768597 -151.867087
36.08665 19.666268 -147.603583
34.670043 19.638724 -143.259797
33.217592 19.658079 -138.804495
31.671742 19.73588 -134.195372
30.092285 19.855759 -129.692334
28.41842 19.957443 -125.423449
26.624198 20.031828 -121.410977
24.768931 20.078695 -117.783199
23.012171 20.102687 -114.695742
21.456719 20.10918 -112.086115
20.265167 20.053386 -109.93597
19.482855 19.940957 -108.24002
18.92078 19.721489 -106.745468
18.443959 19.344942 -105.159767
18.014584 18.790741 -103.351697
17.536431 18.077501 -101.347111
17.075366 17.27759 -99.292838
16.562713 16.538321 -96.963789
16.761465 15.957101 -95.713911
17.268765 14.614752 -94.069967
18.105123 11.363134 -89.646201
18.461049 7.692114 -84.205602
18.125564 4.982612 -79.890467
17.163523 2.887939 -76.310558
15.729967 1.072055 -72.947767
14.344321 -0.653619 -69.660678
13.559162 -2.227257 -66.853077
12.901306 -3.215934 -64.848213
12.354416 -3.988797 -63.111589
12.21176 -4.946071 -61.214598
12.099761 -5.954365 -59.218069
11.861856 -6.966787 -57.185565
11.526545 -8.182227 -54.928037
11.073757 -9.478369 -52.577562
10.526021 -10.833838 -50.203023
10.02801 -12.268435 -47.78373
9.18172 -13.772342 -45.421735
8.35507 -15.160506 -43.157956
8.132958 -15.980655 -41.416524
8.128022 -16.405435 -40.198808
7.30987 -16.526736 -39.585105
5.910982 -16.465546 -39.669306
4.656743 -16.216432 -40.010011
3.663801 -15.807769 -40.334049
3.56538 -14.917821 -41.002044
4.435062 -14.031976 -41.746292
5.462028 -13.48182 -42.203912
6.371738 -13.204004 -42.433207
7.125554 -13.216803 -42.309668
7.622686 -13.452002 -41.86019
7.912949 -13.601233 -41.52533
7.990835 -13.69328 -41.256875
7.890993 -13.764248 -40.96346
7.596492 -13.909334 -40.597591
19.47225 10.587697 -79.7109
19.3453 9.691589 -78.141496
19.325118 8.669674 -76.65563
19.355744 7.394818 -74.976622
19.510116 5.741326 -72.75045
20.080501 4.09204 -70.703445
20.272685 2.419992 -68.294919
19.930091 -0.347257 -63.737386
20.06502 -4.064544 -57.702295
20.370632 -7.263663 -52.126639
20.209801 -9.912533 -47.792552
19.342162 -12.691903 -43.975949
17.762069 -15.443273 -40.276608
15.960142 -17.379889 -37.635902
14.515353 -18.292785 -36.443384
13.069441 -18.610097 -35.92288
11.131969 -18.442105 -35.844195
9.148439 -17.664105 -36.477751
7.438549 -16.650378 -37.395621
6.036141 -15.957032 -37.926777
5.15222 -15.407134 -38.161518
5.035769 -14.798818 -38.186424
5.573917 -14.307098 -37.985068
6.224628 -13.799296 -37.884511
6.830863 -13.266893 -37.987316
7.535705 -12.972398 -37.874028
8.346234 -12.827483 -37.592989
9.206096 -12.708836 -37.378308
9.956398 -12.622663 -37.17744
10.482932 -12.682821 -36.758897
10.75757 -12.852152 -36.170748
10.818785 -13.165743 -35.36173
10.714166 -13.49704 -34.576751
10.388747 -13.812447 -33.803294
10.066275 -14.116584 -33.054057
9.675685 -14.352949 -32.432412
9.377796 -14.498635 -31.988317
9.159661 -14.576325 -31.637503
8.971337 -14.620642 -31.428803
8.86263 -14.651475 -31.277012
8.80049 -14.661854 -31.112007
8.779656 -14.650079 -31.004616
8.765544 -14.658712 -30.879522
8.722632 -14.65942 -30.814747
8.656002 -14.67644 -30.667969
8.604445 -14.712548 -30.576607
8.5762 -14.778454 -30.367988
8.532224 -14.761726 -30.377783
8.405644 -14.757064 -30.311109
8.177683 -14.790197 -30.21132
7.938774 -14.793013 -30.141752
7.724156 -14.822466 -30.027228
7.533131 -14.855444 -29.89479
7.371083 -14.871258 -29.765798
7.233898 -14.964353 -29.509467
7.222302 -14.949419 -29.429834
7.267317 -15.008905 -29.203905
7.190824 -15.071752 -29.002578
