4.819081 -26.870535 -5.800103
4.859679 -26.868403 -5.806999
4.844783 -26.858997 -5.869117
4.8286 -26.858666 -5.875346
4.813823 -26.820504 -5.932146
4.787573 -26.814001 -5.901446
4.77336 -26.809121 -5.96305
4.777426 -26.813891 -5.973817
4.757195 -26.808767 -5.969263
4.743795 -26.819105 -6.040365
4.734676 -26.795683 -6.13761
4.703675 -26.786163 -6.195896
4.69466 -26.811458 -6.129497
4.709964 -26.804346 -6.163047
4.725268 -26.797239 -6.196599
4.726112 -26.771601 -6.240776
4.722002 -26.774582 -6.279291
4.682357 -26.780634 -6.239676
4.653168 -26.782864 -6.21552
4.631004 -26.779644 -6.245561
4.6162 -26.772449 -6.227602
4.615772 -26.755004 -6.24587
4.662039 -26.757813 -6.211204
4.676751 -26.74735 -6.205237
4.691848 -26.724935 -6.24781
4.65088 -26.737688 -6.232298
4.636508 -26.746784 -6.23606
4.615845 -26.746548 -6.281922
4.608225 -26.716585 -6.344899
4.614406 -26.70037 -6.407782
4.648378 -26.689357 -6.499049
4.764871 -26.688217 -6.504145
4.912039 -26.687449 -6.559253
5.033139 -26.736148 -6.539791
5.086163 -26.751112 -6.549609
5.058384 -26.795186 -6.576366
5.069597 -26.828849 -6.63328
5.007785 -26.890833 -6.709046
4.992615 -26.982462 -6.78204
5.020421 -27.023035 -6.888556
5.210234 -27.158586 -6.866847
5.45785 -27.269405 -6.851062
5.708089 -27.333588 -6.922284
5.893716 -27.294317 -7.15817
6.163172 -27.040222 -7.532407
6.218712 -26.579352 -8.183617
6.236551 -26.197351 -8.536628
6.513808 -25.944872 -8.60526
6.628795 -25.933123 -8.438191
6.838058 -26.197123 -7.896935
7.406646 -26.296144 -7.446204
8.270465 -26.321593 -7.10131
8.988866 -26.506937 -6.445007
9.306336 -27.149961 -5.025833
9.649099 -27.930608 -3.107576
10.754937 -28.163778 -1.758329
11.491954 -28.132292 -1.076048
11.949298 -28.240145 -0.509282
12.155868 -28.061162 -0.720178
12.027843 -27.743909 -1.550928
11.787871 -27.453639 -2.708473
11.48257 -27.131142 -4.157503
11.27307 -26.715539 -5.883908
11.26006 -26.169654 -7.75464
11.325709 -25.612983 -9.583384
11.400902 -25.026599 -11.222288
11.583335 -24.468461 -12.684233
11.90902 -23.869711 -14.054868
12.542672 -23.03785 -15.864325
13.288822 -21.928083 -18.381087
14.157943 -20.553575 -21.729194
14.981378 -18.780321 -26.190744
15.405118 -16.429406 -32.111334
15.462208 -13.96368 -37.992635
15.370014 -11.536011 -43.505484
15.094849 -9.180221 -48.308221
14.726705 -6.940776 -52.37718
14.349761 -4.813007 -55.824316
13.851537 -2.791589 -58.67049
13.265423 -0.928933 -60.89671
12.581927 0.783257 -62.561614
11.79554 2.345753 -63.869785
10.973319 3.782986 -64.854624
10.183413 5.127978 -65.592409
9.2289 6.325007 -66.036323
8.410097 7.541596 -66.563361
7.460893 8.634907 -66.874827
6.306688 9.6931 -66.882134
5.414797 10.682543 -66.887643
4.215251 11.409465 -66.468811
2.924312 11.728497 -65.774292
1.753919 11.914468 -65.151852
1.310444 12.302503 -64.845836
1.106561 12.570909 -64.559108
0.184688 12.574121 -63.825638
-0.914444 12.677704 -63.147019
-1.624641 12.885142 -62.868686
-1.024427 12.988566 -62.992944
-0.377066 12.987227 -63.096443
-0.637813 13.063115 -62.936294
-1.251224 12.358825 -62.322341
-1.627986 11.683184 -61.847701
-2.095143 11.132521 -61.440732
-2.497796 10.474919 -61.077107
-2.953364 9.801217 -60.725821
-3.515074 9.318597 -60.461343
-3.911675 8.74356 -60.29832
-3.840968 7.955643 -60.124008
-4.381495 7.667026 -59.922135
-3.477872 6.839283 -59.869404
-3.096685 7.704665 -60.102028
-2.334994 7.765684 -60.31521
-1.597716 7.95034 -60.50515
-0.700078 8.15076 -60.797989
0.205584 8.349242 -61.038101
0.971751 8.503469 -61.222871
1.528916 8.851377 -61.510185
2.166813 8.904771 -61.671824
3.096688 8.582345 -61.65431
3.720261 8.491118 -61.458422
4.36169 8.454576 -61.373682
5.137921 8.270882 -61.251584
5.779021 8.008039 -60.958603
5.860561 7.328101 -60.028741
6.005811 6.618402 -58.994804
6.099269 6.671604 -58.492848
5.880434 6.292658 -57.548919
5.696232 5.650397 -56.517471
5.468927 5.094109 -55.56704
5.226087 4.611915 -54.514503
4.882143 4.158879 -53.441623
4.526875 3.776051 -52.418624
4.542895 3.328355 -51.299287
4.383918 2.90629 -50.136676
3.86216 2.758348 -49.260935
3.45981 2.517918 -48.383911
3.051524 2.350406 -47.590942
2.615507 2.126446 -46.827728
2.462956 1.761863 -45.805447
2.768391 1.72152 -45.087997
3.12806 1.629565 -44.326609
3.34625 1.387169 -43.384591
3.996326 1.113313 -42.540394
4.563294 0.961339 -41.772041
4.445765 0.887706 -41.046484
4.239183 0.90663 -40.550493
4.332559 1.096842 -40.231523
4.887483 1.919672 -41.238675
5.28372 2.936128 -42.963727
5.410393 4.391492 -46.154673
5.596429 5.909831 -50.79903
5.801329 7.360227 -56.974476
5.946071 8.790054 -65.645816
6.111285 10.350873 -79.112425
6.090998 11.967664 -99.260833
5.826259 13.648133 -127.847342
4.721465 15.816616 -161.670406
-0.144659 17.906333 177.555784
-11.061878 -11.8121 -78.296189
17.510375 6.147071 44.378274
16.480117 11.302366 46.871706
16.799162 12.779911 42.073434
17.81702 13.713954 38.106938
18.655476 13.760708 33.564936
19.076934 12.918568 28.64226
19.686791 11.865638 24.64465
20.783489 10.660103 21.641141
21.932105 9.494108 19.347994
22.477349 7.775385 16.803216
23.139877 6.105736 14.861148
24.069705 4.863019 13.847762
24.491315 3.311277 12.762573
24.636268 1.379727 11.543993
25.074076 -0.379991 10.754823
25.944093 -1.941563 10.450179
26.893913 -3.543775 10.314955
27.529909 -5.076726 10.488074
28.066419 -6.437923 10.997546
28.565367 -7.97031 11.450662
28.804362 -9.620646 11.949579
29.094794 -11.160881 12.503549
29.498422 -12.49619 13.152835
29.647776 -13.658086 13.842697
29.496712 -14.863035 14.527459
29.52589 -15.944481 15.227533
29.515514 -16.947799 15.896262
29.385597 -17.907141 16.454541
29.303719 -18.844335 17.055557
29.144853 -19.716687 17.647035
29.147244 -20.452749 18.168089
29.339161 -21.223767 18.827028
29.592473 -21.941108 19.465021
29.78136 -22.680535 20.15065
29.812914 -23.422853 20.841811
29.781772 -23.968866 21.388088
29.811522 -24.426652 21.792107
29.740515 -24.902971 22.152586
29.692015 -25.331707 22.476249
29.656985 -25.759476 22.782033
29.654164 -26.293629 23.114104
29.569292 -26.762032 23.417437
29.422449 -27.122595 23.644214
29.39425 -27.420181 23.855881
29.291556 -27.665704 23.982582
29.028342 -27.929757 24.105143
28.821345 -28.072809 24.128645
28.652307 -28.201547 24.122547
28.537557 -28.269103 23.980137
28.586604 -28.290548 23.837021
28.66234 -28.335288 23.816102
28.665592 -28.315025 23.725334
28.667262 -28.306697 23.643246
28.642562 -28.267933 23.515558
28.702753 -28.211956 23.391622
28.620216 -28.139675 23.251875
28.622566 -27.984254 23.103418
28.786843 -27.872637 23.062318
28.948042 -27.729884 23.012287
29.208099 -27.61313 23.018253
29.395285 -27.501731 22.993317
29.539538 -27.396666 22.959696
29.723862 -27.304921 22.924649
29.891342 -27.235209 22.869963
29.955245 -27.138606 22.792467
30.034855 -27.067721 22.739225
30.149436 -27.004034 22.654898
30.252482 -26.974401 22.64104
30.431985 -26.931547 22.752989
30.637142 -26.936724 22.846326
30.832165 -26.920029 22.938334
31.056483 -26.896752 23.044767
31.325648 -26.811876 23.081697
31.532919 -26.729957 23.029275
31.677773 -26.661466 22.974239
31.790138 -26.61119 22.949167
31.843168 -26.62091 23.036729
31.885579 -26.576289 22.980657
31.945189 -26.548689 22.980155
31.989952 -26.472473 22.995086
32.021645 -26.413791 22.911235
32.039761 -26.404661 22.910944
32.087141 -26.371695 22.945453
32.066169 -26.302086 22.830636
32.066467 -26.240081 22.761509
32.088288 -26.196384 22.75452
32.092262 -26.153108 22.73421
32.031035 -26.2134 22.78591
32.004389 -26.20276 22.793654
32.016486 -26.178555 22.818725
32.042461 -26.195321 22.902963
32.068365 -26.154647 22.891796
32.068697 -26.126713 22.878678
32.034157 -26.101182 22.862525
31.977122 -26.074075 22.864468
31.957312 -26.092488 22.876173
31.962925 -26.061675 22.909585
31.988973 -26.053056 22.934343
32.06136 -26.04733 22.989439
32.206674 -25.988391 23.053427
32.267709 -25.981053 23.102401
32.324189 -25.982116 23.168502
32.4067 -25.939777 23.140329
32.478946 -25.928013 23.240678
32.567677 -25.946122 23.256311
32.628352 -25.951894 23.338196
32.678879 -25.92591 23.41633
32.737859 -25.942544 23.484136
32.765177 -25.933815 23.535792
32.832496 -25.939048 23.615637
32.894638 -25.943096 23.609126
32.940906 -25.901634 23.647404
33.036654 -25.917513 23.747932
33.098662 -25.932443 23.775174
33.115691 -25.922567 23.835836
33.124135 -25.94197 23.860912
33.16897 -25.986277 23.965127
33.242185 -26.000173 24.073756
33.250439 -26.04496 24.145374
33.303172 -26.048596 24.192225
33.322737 -26.066865 24.201997
33.29939 -26.058944 24.19085
33.304829 -26.043319 24.193475
33.294814 -26.031153 24.168808
33.280634 -25.993004 24.121643
33.260989 -25.940437 24.114281
33.265493 -25.896252 24.111166
33.243278 -25.82191 24.022548
33.204769 -25.705246 23.933746
33.194225 -25.585682 23.895416
33.125604 -25.383873 23.691553
33.073109 -25.133188 23.475251
33.110817 -24.790788 23.151479
33.192163 -24.307092 22.78826
33.184135 -23.683582 22.309283
33.212129 -22.870242 21.784295
33.302359 -21.872318 21.0978
33.431702 -20.654309 20.271768
33.542811 -19.17175 19.300819
33.696923 -17.428906 18.229081
33.821996 -15.425949 17.137577
33.863247 -13.275646 16.101225
33.829342 -10.994612 15.154099
33.88924 -8.699239 14.368839
33.830133 -6.407906 13.729756
33.699595 -3.952457 13.25041
33.484702 -1.382645 12.951938
33.297096 1.298954 12.955424
32.972128 4.242376 13.313522
32.461425 7.382356 14.104953
31.632283 10.480474 15.237837
30.394555 13.591575 16.892311
28.773103 16.655139 19.169983
26.665287 19.573804 22.150081
24.029012 22.215867 25.910467
20.779138 24.626523 30.666715
16.747963 26.792363 36.76875
11.565097 28.619355 44.443686
5.053566 29.998751 54.265184
-3.338141 30.608432 67.151382
-13.342304 29.705179 83.031993
-23.280494 26.255965 100.457716
-31.504313 18.638247 118.792299
-36.109685 5.693763 137.500667
-35.636682 -10.552451 157.277962
-29.217599 -23.82828 178.877662
-18.835675 -30.404576 -160.331181
-7.789411 -32.855784 -141.954343
1.905214 -33.310879 -126.587581
9.699386 -32.601703 -113.936296
15.842791 -31.222437 -103.318808
20.290701 -29.407961 -94.972082
23.669276 -27.433867 -87.925862
26.12712 -25.390361 -82.254514
28.036272 -23.256707 -77.210852
29.430023 -21.055253 -72.632032
30.393191 -18.879706 -68.708624
31.105486 -16.841773 -65.451549
31.537736 -15.092904 -64.466518
31.79972 -13.698865 -66.938347
32.021788 -12.718914 -73.307895
32.040262 -12.463996 -90.735236
30.158069 -11.088892 -166.484038
26.123172 -7.036204 44.754882
26.364007 -4.404254 6.465878
26.420054 -3.222245 -5.226932
26.283784 -2.406447 -9.013403
25.948063 -1.812132 -9.060179
25.514452 -1.239657 -8.979386
25.163279 -0.614894 -9.706756
24.75484 0.106197 -10.862042
24.217888 0.740261 -10.941843
23.548648 1.179289 -9.784619
22.900656 1.377219 -7.658337
22.264138 1.549009 -5.736648
21.641368 1.772655 -4.354011
21.172903 2.041263 -3.320425
20.649884 2.277975 -2.169336
19.844202 2.469606 -0.934863
18.896028 2.492468 0.514963
18.49626 2.208967 2.650977
17.630958 2.239397 3.677651
17.4247 2.184437 4.553044
17.463077 1.831948 6.106012
17.548372 1.239111 8.197713
17.53705 0.590697 10.377139
16.9899 -0.168575 12.650374
16.337451 -0.863723 14.451036
15.667468 -1.56427 16.05046
15.593618 -1.910922 16.797545
15.893981 -2.062835 17.092634
16.121305 -2.165612 17.258456
16.445954 -2.196152 17.249747
16.633402 -2.254876 17.290946
16.171185 -2.550457 17.61814
15.537732 -3.143972 18.33718
14.933869 -3.77242 19.024207
15.30682 -3.879211 18.972705
14.971192 -3.574216 17.843014
15.331433 -3.81982 18.07302
15.47271 -3.573207 17.264644
14.856766 -3.829512 16.962393
15.159072 -4.27839 17.326185
15.529143 -4.678984 17.696899
14.75217 -4.601833 16.797653
14.772062 -4.2622 15.727243
14.404355 -3.821979 14.407542
15.058137 -4.059612 14.354366
15.51227 -4.886866 15.219175
15.830633 -5.690878 16.096105
15.821982 -6.351149 16.445259
15.849514 -6.719197 16.229795
16.004217 -6.911517 15.79055
16.036559 -6.767684 14.77313
16.17972 -6.507392 13.680664
15.977621 -6.212722 12.372638
15.584798 -5.644702 10.758373
15.47041 -5.06745 9.244046
15.709782 -4.892308 8.503935
15.755963 -4.549566 7.366883
15.524583 -3.897858 5.79525
15.552126 -3.698201 4.799012
15.531233 -3.746103 4.166946
15.300336 -3.394416 2.888775
14.981071 -3.048014 1.578402
14.682631 -2.882393 0.529919
14.379959 -2.560377 -0.694093
13.902082 -2.34646 -1.784376
13.707068 -1.892629 -3.215243
13.216207 -1.417594 -4.63706
12.492016 -1.210691 -5.619061
11.780786 -1.106367 -6.293513
11.147303 -0.922521 -6.91784
10.732577 -0.49596 -7.731139
11.029877 0.130446 -8.926845
11.451313 0.530045 -9.920621
11.65323 0.676684 -10.767771
11.702998 0.567188 -11.14583
11.861526 0.271473 -11.233807
12.039237 -0.21434 -10.892988
12.328167 -0.688222 -10.499283
12.937033 -0.984418 -10.338644
13.76516 -1.0805 -10.28086
14.622307 -1.010259 -10.547473
15.510711 -0.80287 -11.01964
16.549815 -0.712506 -11.293612
17.585767 -0.867206 -11.075087
18.596644 -1.311867 -10.199028
19.536556 -1.930498 -8.819922
20.367517 -2.646891 -7.175009
21.114431 -3.45842 -5.183324
21.687223 -4.202041 -3.188752
22.165248 -4.701109 -1.862646
22.642045 -4.968946 -1.216401
23.165752 -5.18138 -0.655925
23.740272 -5.489079 -0.002992
24.345388 -6.083991 1.353538
25.044382 -7.060068 3.928994
25.795633 -8.242429 7.059624
26.496371 -9.489551 10.310678
27.09836 -10.832083 13.711409
27.648247 -12.23226 17.091116
28.075109 -13.587944 20.158282
28.353378 -14.80673 22.735777
28.5544 -16.028476 25.181625
28.591876 -17.316135 27.583037
28.620786 -18.569158 29.677108
28.597337 -19.702363 31.438603
28.513613 -20.773371 32.933911
28.392807 -21.79158 34.265521
28.268972 -22.727075 35.414736
28.143327 -23.687465 36.680973
28.017947 -24.570245 37.769588
27.850744 -25.274962 38.462715
27.633248 -25.889289 38.94613
27.249321 -26.451451 39.181655
26.648728 -26.920246 39.038054
25.885313 -27.34183 38.631727
25.054631 -27.690173 38.174959
24.16471 -27.913341 37.520561
23.548613 -28.156618 37.130772
23.545538 -28.297147 36.79595
23.439706 -28.373092 36.050996
21.846332 -27.765993 33.343149
20.47485 -27.586892 31.278969
18.607979 -27.864491 29.980885
17.034921 -28.186506 29.009947
15.847047 -28.425362 28.2456
15.310548 -29.016022 28.27718
15.489102 -29.56289 28.704752
15.96374 -29.516262 28.586731
16.429264 -29.069881 27.976323
16.856483 -28.635812 27.379711
17.244262 -28.332974 26.868781
17.462212 -28.00684 26.14602
17.580931 -27.559436 25.093405
17.654176 -26.999807 23.893519
17.688545 -26.428333 22.5495
17.532874 -25.867552 21.077087
17.265185 -25.406583 19.628054
16.954258 -25.224042 18.629118
16.713941 -25.255355 18.018295
16.56257 -25.288537 17.454775
16.482006 -25.335666 16.999351
16.410557 -25.432124 16.650866
16.248061 -25.511568 16.291378
16.142042 -25.511782 15.785124
16.070043 -25.429161 15.203856
16.007942 -25.308032 14.626117
15.970972 -25.164498 13.966586
15.98884 -25.029247 13.360751
16.011414 -24.879063 12.722205
16.073606 -24.720616 12.167724
16.181315 -24.599297 11.711592
17.018003 -26.195212 30.14688
17.294378 -25.662734 29.187429
17.551288 -25.115151 28.184674
17.802631 -24.753287 27.395744
17.964668 -24.604035 26.863862
18.023881 -24.492483 26.347551
17.994113 -24.380861 25.753995
17.966015 -24.304357 25.146798
17.912465 -24.37164 24.717317
17.96097 -24.635947 24.693901
17.870004 -24.923061 24.559009
17.648997 -25.131971 24.199784
17.405012 -25.330788 23.786927
17.036009 -25.489665 23.38125
16.635348 -25.638043 22.93093
16.21646 -25.721748 22.451142
15.929557 -25.737897 21.914815
15.761543 -25.712084 21.438752
15.713421 -25.644418 20.984539
15.652009 -25.553869 20.635506
15.702205 -25.446101 20.203566
15.787676 -25.329086 19.774292
15.914047 -25.243721 19.466655
16.0439 -25.145579 19.053913
16.121707 -25.068026 18.683176
16.145526 -25.041394 18.412629
16.161199 -25.006589 18.039041
16.127689 -25.003225 17.696527
16.058151 -25.024339 17.398795
15.97891 -25.054392 17.106026
15.833846 -25.066458 16.768885
15.695972 -25.090026 16.530775
15.552952 -25.149746 16.358588
15.482695 -25.149302 16.09331
15.434306 -25.125046 15.812285
15.393921 -25.099684 15.548611
15.364778 -25.082746 15.225122
15.296666 -25.097276 14.96661
15.237571 -25.095404 14.687963
15.141059 -25.088895 14.459428
14.739495 -4.813109 -37.277223
15.061519 -5.771221 -35.624481
15.280844 -6.578338 -34.101744
15.426146 -7.172794 -32.77674
15.551923 -7.596936 -31.672619
15.699759 -7.891428 -30.721023
15.981914 -8.104304 -29.81856
16.429908 -8.290846 -28.994477
16.926211 -8.570935 -28.018753
17.359398 -9.009365 -26.884683
17.658882 -9.544912 -25.778551
17.781471 -10.138118 -24.798121
17.685453 -10.72165 -23.962256
17.498214 -11.270869 -23.239403
17.275544 -11.758774 -22.603157
16.989616 -12.228227 -21.922879
16.629985 -12.691625 -21.223814
16.293626 -13.151241 -20.389257
16.15881 -13.611607 -19.340684
16.150286 -13.73386 -18.686119
16.221274 -13.76341 -18.360623
16.089122 -13.815535 -18.28296
15.741822 -13.93526 -18.31287
15.25027 -14.136018 -18.419179
14.676488 -14.363617 -18.560167
14.275689 -14.461072 -18.906555
14.022753 -14.484463 -19.389583
13.536736 -14.294802 -20.051174
12.770492 -13.569477 -21.360075
12.256246 -12.995595 -22.297226
11.675253 -12.486859 -23.044947
10.926043 -11.974097 -23.885815
10.154472 -11.914706 -24.201745
9.476171 -12.193001 -24.017814
8.917146 -12.497335 -23.773827
8.491177 -12.681507 -23.688604
8.23486 -12.598115 -23.844458
8.105861 -12.293728 -24.249005
8.056328 -11.840415 -24.923708
7.986948 -11.332177 -25.730656
7.988479 -10.769545 -26.621727
8.038338 -10.102608 -27.695699
8.126213 -9.434692 -28.851402
8.250018 -8.730408 -30.057498
8.386189 -8.015888 -31.304557
8.539921 -7.310343 -32.550422
8.618469 -6.663177 -33.633929
8.648244 -6.032485 -34.771244
8.541412 -5.524057 -35.649386
8.280219 -5.145319 -36.340896
7.890902 -4.908168 -36.737792
7.453694 -4.698124 -37.079771
7.014538 -4.763833 -37.062806
6.648616 -5.057078 -36.756748
6.29699 -5.33668 -36.494237
6.060382 -5.539933 -36.376855
5.937204 -5.704002 -36.230723
5.919846 -5.859898 -36.1542
5.905633 -6.006063 -36.081847
5.850622 -6.142888 -35.981382
5.795695 -6.242869 -35.940854
5.775433 -6.326256 -35.911033
5.7715 -6.351855 -35.966337
5.802424 -6.325952 -36.074777
5.846043 -6.294902 -36.189437
5.897997 -6.27454 -36.319641
5.918332 -6.255512 -36.4696
5.905223 -6.244565 -36.582083
5.878956 -6.246213 -36.645728
5.858679 -6.224038 -36.753429
5.778349 -6.193284 -36.801024
5.663318 -6.171541 -36.901899
5.534957 -6.126518 -36.963848
7.195389 -4.175346 -40.756372
5.438622 -4.150501 -40.908906
4.069398 -4.316697 -40.835108
2.961601 -4.567499 -40.601929
2.073521 -4.896147 -40.239195
1.423762 -5.117128 -39.968498
1.198362 -5.348299 -39.792591
1.400943 -5.457828 -39.841918
1.542256 -5.540464 -40.015921
1.368672 -5.765032 -40.005325
1.174444 -5.954553 -40.131614
1.242792 -5.956058 -40.473903
1.671277 -5.696706 -41.064016
2.295505 -5.152087 -41.973672
2.954238 -4.475745 -43.071974
