-2.801408 -6.969264 -36.117963
-1.737413 -7.375125 -35.992552
-0.918043 -7.807197 -35.738271
-0.301488 -8.299033 -35.640761
0.086144 -9.091306 -35.024326
-0.034057 -10.074299 -33.787869
-0.440147 -10.640745 -32.796327
-0.416198 -11.050916 -31.610874
-0.028531 -10.993973 -30.073467
0.15751 -9.270861 -32.14891
0.468542 -8.379953 -35.288588
0.492136 -8.221798 -37.601935
-0.083242 -7.906015 -37.831827
-0.67267 -7.833683 -37.552337
-1.034149 -7.938254 -37.466135
-1.020456 -8.022847 -37.855274
-0.381487 -8.178365 -38.264216
0.412428 -8.099581 -39.03745
1.325626 -7.852811 -40.383473
2.375053 -7.533906 -42.241572
3.455024 -7.106525 -44.631141
4.465926 -6.554338 -47.579681
5.308018 -5.934391 -50.817775
6.040773 -5.376541 -54.058998
6.706337 -4.913966 -57.193131
7.292092 -4.67167 -59.697846
7.875913 -4.627164 -61.692851
8.43321 -4.78797 -62.929036
8.924066 -5.121295 -63.225818
9.312315 -5.496934 -62.816246
9.670588 -5.725231 -62.606903
10.091512 -5.70796 -63.572399
10.551653 -5.465759 -65.776735
10.990183 -5.065331 -68.740575
11.365797 -4.59086 -72.077834
11.754265 -4.045639 -76.181623
12.214221 -3.435578 -81.443518
12.758657 -2.737826 -88.336584
13.373898 -1.957653 -97.281115
13.991666 -1.137796 -108.284631
14.629608 -0.264225 -121.985072
15.348601 0.625291 -139.020932
16.187072 1.433869 -159.44104
17.147819 2.124932 177.061369
18.275511 2.60099 152.033339
19.442673 2.838095 128.032908
20.527694 2.96485 108.061303
21.479352 3.157842 93.159905
22.322118 3.479124 82.697375
23.038013 3.952482 75.950035
23.604316 4.480991 71.607279
24.078977 4.874268 68.28013
24.621309 5.284299 66.090632
25.334174 5.272972 62.628877
26.158865 4.892229 58.353139
26.906576 4.264611 54.060086
27.519865 3.613333 50.214369
28.008506 3.237224 47.675654
28.470394 3.428581 47.188124
28.959127 4.065843 48.059117
29.380956 4.971919 49.651447
29.697639 6.127014 51.674117
29.860952 7.425671 53.74899
29.756822 9.043928 56.672336
29.487846 10.693201 59.750463
29.154769 12.189096 62.765473
28.55634 13.728483 66.242949
27.975621 15.344528 69.445644
27.484173 16.708741 71.733245
27.168015 17.70263 73.085347
27.22256 18.208635 73.016225
27.360918 18.645062 72.724054
27.550607 19.133591 72.796847
27.636499 19.790739 73.450154
27.261669 20.797632 75.318923
26.384643 22.090468 78.335704
24.892461 23.6922 82.680349
22.603537 25.386113 88.480838
19.564488 27.116803 95.858216
16.502273 28.406146 102.623921
13.748917 29.315667 108.207361
11.376539 29.831766 112.429568
8.711257 30.195479 116.973504
5.724658 30.505166 122.518073
1.828473 30.582822 129.063558
-5.45954 30.006719 141.822068
-14.542639 27.523084 158.904069
-22.145381 22.664314 176.150097
-27.951488 13.885947 -164.756195
-29.983599 -0.806978 -141.499631
-22.630305 -18.989597 -107.601196
-0.60245 -26.774341 -61.174278
20.115675 -21.076367 -19.370043
27.360363 -12.095569 1.866752
29.357477 -5.083051 13.437337
29.89866 0.611311 22.211694
29.802288 4.711125 28.40106
29.494392 6.943307 31.896554
29.362356 6.76936 31.406163
29.34256 6.527072 30.742041
28.838139 8.41176 33.744129
27.130889 12.827692 41.652285
24.381512 17.214669 50.714956
21.333022 20.350496 58.59097
18.005603 22.719482 65.996034
14.947738 24.321999 72.365032
12.668421 25.272253 76.57223
10.303274 25.988633 80.790501
7.558578 26.502672 85.523429
4.768628 26.635305 89.949225
2.713331 26.625621 92.923558
0.389644 26.804338 96.645623
-1.996224 26.963823 100.125226
-3.502061 26.934887 101.665396
-4.516526 26.730557 102.380666
-5.650749 26.535551 103.40516
-6.878704 26.367405 104.97611
-8.149282 26.270959 106.86921
-9.23247 26.169997 108.527291
-10.249943 25.964399 109.988158
-11.631254 25.592598 112.198661
-12.957511 25.253374 114.112211
-14.089545 24.900749 115.450655
-15.147646 24.616081 116.611486
-15.982702 24.344524 117.026068
-16.727192 23.996998 117.286564
-17.526056 23.586219 117.894379
-18.514918 23.148524 119.125652
-19.509622 22.641429 120.578972
-20.539332 22.046888 122.344374
-21.669006 21.308762 124.465651
-22.839761 20.372354 127.031507
-24.037354 19.320911 129.789763
-25.177853 18.20403 132.496371
-26.201761 17.025927 135.004445
-27.141189 15.898648 137.291151
-28.046768 14.738094 139.590795
-28.814328 13.630663 141.565953
-29.429446 12.555161 143.268068
-30.000799 11.398913 145.07067
-30.545943 10.034181 147.241325
-31.082967 8.553069 149.719202
-31.578393 6.984341 152.412463
-32.025855 5.379954 155.108454
-32.445251 3.725468 158.002293
-32.825681 2.151541 160.659351
-33.051091 0.711143 162.803782
-33.12302 -0.652601 164.660979
-33.135584 -1.972204 166.36582
-33.117201 -3.124089 167.845755
-33.124567 -4.165502 169.128434
-33.134884 -5.176734 170.471946
-33.096764 -6.21079 171.918685
-33.011758 -7.241574 173.331894
-32.86501 -8.15614 174.534636
-32.714852 -8.932884 175.474345
-32.642233 -9.496077 176.036198
-32.634098 -9.806728 176.087277
-32.735654 -9.85698 175.653068
-32.908034 -9.835913 175.208526
-33.075214 -9.84498 174.949439
-33.208671 -9.837436 174.68335
-33.198599 -9.856877 174.443999
-33.145519 -9.955626 174.292231
-33.130736 -10.114517 174.337234
-33.140611 -10.265108 174.423844
-33.193578 -10.316328 174.425379
-33.249523 -10.325879 174.544937
-33.287908 -10.265334 174.650059
-33.302989 -10.038721 174.367799
-33.361568 -9.76449 174.161789
-33.540185 -9.430357 173.938402
-33.760729 -8.931128 173.322068
-34.041312 -8.329346 172.659085
-34.306981 -7.665836 172.064944
-34.412308 -7.16102 172.012186
-34.396822 -6.878281 172.75417
-34.353373 -6.664076 173.767718
-34.425564 -6.294716 174.17031
-34.608935 -5.762859 174.054144
-34.80695 -4.988848 173.184227
-35.008813 -4.194957 172.45436
-35.232188 -3.507356 172.316346
-35.364595 -3.003132 172.937401
-35.490415 -2.540116 173.841436
-35.585134 -2.142581 174.713436
-35.731208 -1.694416 175.551885
-35.8424 -1.134548 175.879728
-36.015926 -0.354879 175.545112
-36.128323 0.542209 174.774164
-36.024366 1.37026 173.88785
-35.810337 2.06076 173.198199
-35.545535 2.619996 172.884032
-35.414471 3.219033 172.740329
-35.28441 3.792202 172.656888
-35.243798 4.247944 173.268532
-35.272613 4.791509 173.804321
-35.174021 5.461435 173.741556
-34.999408 6.266141 173.011829
-34.666901 7.235089 171.659338
-34.139064 8.350598 169.915967
-33.623818 9.38899 168.544179
-33.158185 10.286032 167.826907
-32.781098 10.989666 167.927962
-32.481341 11.597952 168.455831
-32.245234 12.222016 169.065381
-31.896391 13.147091 168.533767
-31.316581 14.276751 167.07177
-30.619345 15.546482 165.041104
-29.796217 16.706082 163.178986
-28.970629 17.671509 161.693087
-28.030904 18.390958 160.430505
-27.15736 18.98941 159.725232
-26.251762 19.660271 158.733099
-25.206528 20.476892 157.156823
-24.066955 21.432762 155.189805
-22.660872 22.430531 152.365765
-20.913911 23.372225 148.830561
-19.012294 24.330699 144.856608
-16.882095 25.123556 140.638524
-14.67292 25.733694 136.509897
-12.574108 26.1957 132.945009
-10.690322 26.625058 130.275874
-8.806014 26.953748 127.63604
-6.903079 27.123801 124.886796
-4.944895 27.202333 121.863532
-2.876161 27.223002 118.357144
-0.456136 27.157967 113.634602
2.040954 26.994878 108.572813
4.571523 26.602528 103.207554
6.958315 25.998647 98.187749
9.084416 25.309283 94.048524
10.971262 24.544306 90.638043
12.716899 23.80346 87.688339
14.496106 22.928822 84.157831
16.05387 22.004632 80.559
17.360061 20.994999 76.876601
18.519197 19.833506 72.821316
19.549707 18.605462 68.95868
20.408427 17.320042 65.416167
21.174419 15.978302 62.392359
21.843886 14.645985 59.476522
22.458357 13.198326 56.369312
22.998304 11.736857 53.18277
23.460722 10.339176 50.103541
23.69835 9.032731 47.282159
23.821054 7.817753 44.774262
23.817184 6.714738 42.609506
23.829727 5.590621 40.631763
23.859041 4.207789 38.079796
23.807201 2.810243 35.514512
23.731654 1.656654 33.493384
23.585335 0.670663 31.72025
23.337746 -0.324521 29.734398
23.065008 -1.344202 27.711125
22.750606 -2.330513 25.683065
22.499511 -3.344413 23.680993
22.322786 -4.359976 21.773856
22.146318 -5.403952 19.795522
21.736763 -6.45875 17.433963
21.149774 -7.432853 15.056943
20.641983 -8.301471 13.08441
20.156435 -9.331321 10.925443
19.629286 -10.265775 8.786403
19.267794 -11.024756 7.017061
18.945257 -11.573508 5.53341
18.687424 -11.883103 4.44233
18.443615 -12.024841 3.611545
18.139702 -12.061036 2.863408
17.831138 -12.216641 2.060175
17.565474 -12.52586 1.255286
17.206371 -12.878815 0.102055
16.871999 -13.291074 -1.024695
16.604434 -13.575542 -1.853245
16.47881 -13.763456 -2.442957
16.3706 -13.795649 -2.845042
16.28705 -13.767806 -3.166733
16.209624 -13.757349 -3.464099
16.199451 -13.753072 -3.551721
16.147126 -13.871717 -3.911292
16.047773 -13.924689 -4.30249
15.96707 -13.967338 -4.525378
15.823957 -14.162978 -5.036687
15.747416 -14.488003 -5.487432
15.607603 -14.819826 -6.114439
15.435433 -15.056574 -6.749418
15.147983 -15.242155 -7.900573
14.990595 -15.221499 -8.503933
14.864875 -15.114697 -8.659301
14.917817 -15.292948 -8.582436
14.584835 -15.43465 -9.264489
13.969377 -15.626332 -10.56286
13.581998 -15.79374 -11.241586
13.134318 -16.378222 -12.604204
12.097998 -17.009388 -14.899905
11.494813 -16.646663 -15.703252
12.428677 -16.621124 -13.015042
13.158537 -16.59462 -10.678121
13.370403 -16.644731 -9.611648
13.375389 -17.137157 -9.689139
13.383309 -17.467068 -9.803618
13.629114 -17.694172 -9.355826
13.893288 -17.849937 -8.798591
14.074441 -17.900958 -8.41098
14.2628 -17.926278 -8.017205
14.615495 -18.047063 -7.310459
14.998252 -18.243079 -6.748596
15.393791 -18.349523 -6.097476
15.871879 -18.332481 -5.173369
16.330987 -18.452957 -4.435556
16.734237 -18.606648 -3.855522
17.337346 -18.768085 -2.654271
17.564785 -18.97734 -2.130149
17.61874 -18.982598 -1.85626
17.99709 -19.173958 -1.151604
18.577433 -19.08649 0.562976
18.403586 -18.91305 1.183874
17.702957 -18.985418 0.897711
16.738609 -19.145096 0.006275
15.882392 -19.379107 -0.617631
15.37345 -19.958344 -0.820565
14.807555 -20.573419 -1.300375
13.723191 -21.055843 -2.556559
12.103053 -21.610623 -4.954869
10.198117 -22.357895 -8.025081
8.054451 -23.115496 -11.414729
5.4449 -23.626037 -15.700963
2.184485 -23.864756 -21.394186
-1.37156 -23.543194 -27.745018
-4.606059 -22.738743 -33.483357
-7.212127 -21.792905 -37.666653
-9.621811 -20.927635 -41.099628
-12.527039 -19.647857 -45.899012
-15.919658 -17.437119 -52.703321
-19.424494 -13.477762 -62.181116
-21.911011 -7.617912 -72.812889
-22.571826 0.037679 -85.348922
-21.231375 7.903272 -98.585428
-17.937392 14.364021 -111.273047
-13.225288 18.585664 -122.540875
-8.19704 20.55724 -130.835107
-3.643016 20.712692 -135.302005
0.294192 19.866518 -137.324779
3.28597 18.501935 -136.574701
5.417498 17.028214 -133.700832
6.746996 15.604055 -128.839553
7.54135 14.229398 -122.624247
7.926748 12.782224 -115.244945
8.01163 11.22608 -106.924866
8.018626 9.613641 -98.740389
8.041175 8.008115 -91.097799
8.042152 6.511315 -84.086527
8.151667 5.052822 -77.663718
8.295464 3.631971 -71.698706
8.422719 2.168068 -65.834999
8.502778 0.572435 -59.724353
8.519211 -1.035824 -53.652887
8.461365 -2.474714 -48.238055
8.327489 -3.706637 -43.687891
8.141778 -4.721247 -40.093316
7.969698 -5.639312 -37.128831
7.889949 -6.543335 -34.533137
7.905793 -7.398999 -32.283935
8.09104 -8.197817 -30.322311
8.427079 -8.895076 -28.63197
8.738484 -9.437542 -27.178368
8.974034 -9.769006 -26.142437
9.163041 -9.942576 -25.414472
9.436505 -10.089075 -24.854997
9.800661 -10.358157 -24.186383
10.15674 -10.691972 -23.45048
10.44282 -11.035158 -22.754713
10.661549 -11.312511 -22.202342
10.776942 -11.510789 -21.815799
10.717294 -11.756806 -21.319894
10.557774 -12.080609 -20.638978
10.366066 -12.497826 -19.75898
10.300554 -12.956448 -18.841214
10.382584 -13.352852 -17.993937
10.568956 -13.670058 -17.262877
10.789738 -13.884746 -16.702303
10.956236 -13.965675 -16.420807
10.927622 -14.118592 -16.197524
10.663637 -14.436348 -15.711177
10.234782 -14.758479 -15.168041
9.878151 -15.015605 -14.702499
9.659725 -15.222087 -14.210789
9.578132 -15.385848 -13.707696
9.518443 -15.48423 -13.27515
9.467924 -15.498387 -13.010297
9.432311 -15.456196 -12.933208
8.916099 -15.490115 -12.950418
8.671444 -15.652968 -12.744282
8.403392 -15.898044 -12.263168
7.930065 -15.9219 -12.154783
7.826658 -15.793251 -12.222739
7.8747 -15.220052 -13.20244
7.8048 -14.653294 -14.426926
7.264216 -14.749981 -14.652598
6.67249 -15.583552 -13.570219
6.102947 -16.369201 -12.446958
5.831243 -16.769575 -11.793097
5.842663 -16.618091 -11.97794
6.014285 -16.179819 -12.79658
6.224606 -15.86349 -13.601433
6.351637 -15.669861 -14.37792
6.384019 -15.522976 -15.16525
6.309396 -15.370396 -15.980394
5.988438 -15.194479 -16.801764
5.385579 -15.158661 -17.428841
4.699418 -15.25737 -17.85438
3.87138 -15.280626 -18.200482
3.022813 -15.097007 -18.660412
2.120658 -14.723215 -19.225502
1.337671 -14.197301 -19.855664
0.757452 -13.457823 -20.702023
0.389948 -12.757123 -21.529166
0.254883 -12.366129 -22.114831
0.197132 -12.349435 -22.279457
0.159184 -12.523347 -22.18672
0.021211 -12.640881 -22.059909
-0.211921 -12.589412 -22.066318
-0.475067 -12.337798 -22.329132
-0.77805 -11.983784 -22.631103
-1.061464 -11.546832 -23.055036
-1.249054 -11.151288 -23.490882
-1.33366 -10.946799 -23.725959
-1.372129 -10.956028 -23.758484
-1.394188 -11.090996 -23.645584
-1.439381 -11.175255 -23.608607
-1.543083 -11.147171 -23.663569
-1.668073 -11.025384 -23.812153
-1.814714 -10.864086 -24.017417
-1.989639 -10.694372 -24.19553
-1.566778 -8.43259 -26.333639
-1.622982 -8.43888 -26.293259
-1.655841 -8.404756 -26.282021
-1.606044 -8.330567 -26.355302
-1.502232 -8.255256 -26.44529
-1.438948 -8.143816 -26.579016
-1.456159 -8.02144 -26.702285
-1.527045 -7.976565 -26.777356
-1.654317 -7.944815 -26.778475
-1.808314 -7.857314 -26.842821
-1.882943 -7.761472 -26.906438
-1.958564 -7.772547 -26.84859
-2.070075 -7.799182 -26.798478
-1.464152 -10.836896 -25.397661
-1.501307 -10.784955 -25.445512
-1.4988 -10.625799 -25.579675
-1.519747 -10.362847 -25.854233
-1.538494 -10.146847 -26.048095
-1.531044 -10.00207 -26.177084
-1.536395 -9.755649 -26.404
-1.546888 -9.663424 -26.511689
-1.631503 -9.786553 -26.374614
-1.770107 -10.055195 -26.113779
-1.913571 -10.245755 -25.906448
-1.923695 -10.279098 -25.854805
-1.827517 -10.132953 -25.93761
-1.683715 -9.895027 -26.217778
-1.562794 -9.735942 -26.393687
-1.49122 -9.666118 -26.468689
-1.489136 -9.616257 -26.510516
-1.549474 -9.668087 -26.49142
-1.672999 -9.790631 -26.380278
