3.120000 16.860001 126.269997 -1105.000000 265.000000 3912.000000
3.140000 16.860001 126.269997 -1116.000000 301.000000 3898.000000
3.170000 16.860001 126.269997 -1108.000000 324.000000 3924.000000
3.180000 16.860001 126.279999 -1125.000000 314.000000 3911.000000
3.200000 16.870001 126.269997 -1136.000000 295.000000 3891.000000
3.200000 16.889999 126.290001 -1164.000000 265.000000 3880.000000
3.210000 16.910000 126.290001 -1163.000000 258.000000 3884.000000
3.210000 16.930000 126.290001 -1174.000000 231.000000 3866.000000
3.210000 16.950001 126.300003 -1192.000000 234.000000 3889.000000
3.210000 16.950001 126.290001 -1143.000000 221.000000 3878.000000
3.220000 16.940001 126.290001 -1124.000000 236.000000 3917.000000
3.220000 16.930000 126.290001 -1100.000000 250.000000 3888.000000
3.240000 16.910000 126.269997 -1069.000000 292.000000 3951.000000
3.260000 16.900000 126.279999 -1081.000000 316.000000 3899.000000
3.270000 16.900000 126.260002 -1116.000000 296.000000 3905.000000
3.280000 16.920000 126.260002 -1140.000000 290.000000 3867.000000
3.290000 16.930000 126.250000 -1180.000000 283.000000 3888.000000
3.290000 16.930000 126.239998 -1174.000000 266.000000 3900.000000
3.290000 16.930000 126.220001 -1145.000000 260.000000 3873.000000
3.290000 16.930000 126.209999 -1156.000000 261.000000 3919.000000
3.290000 16.920000 126.209999 -1053.000000 253.000000 3975.000000
3.290000 16.910000 126.209999 -987.000000 248.000000 4032.000000
3.310000 16.940001 126.220001 -901.000000 317.000000 4037.000000
3.310000 17.020000 126.230003 -817.000000 314.000000 3987.000000
3.300000 17.129999 126.269997 -626.000000 320.000000 4050.000000
3.250000 17.299999 126.330002 -421.000000 216.000000 4168.000000
3.150000 17.600000 126.430000 -525.000000 95.000000 4165.000000
3.010000 18.070000 126.580002 -815.000000 -50.000000 4310.000000
2.870000 18.700001 126.730003 -864.000000 -176.000000 4454.000000
2.770000 19.469999 126.889999 -559.000000 -376.000000 4582.000000
2.790000 20.450001 127.019997 -160.000000 -444.000000 4661.000000
2.940000 21.750000 127.169998 16.000000 -374.000000 4722.000000
3.200000 23.420000 127.309998 -405.000000 -355.000000 4741.000000
3.520000 25.420000 127.470001 -1059.000000 -517.000000 4865.000000
3.990000 27.610001 127.610001 -1444.000000 -578.000000 4411.000000
4.610000 29.809999 127.650002 -2040.000000 -745.000000 4245.000000
5.300000 31.590000 127.370003 -2351.000000 -202.000000 4239.000000
6.110000 32.970001 126.900002 -2026.000000 100.000000 4032.000000
6.980000 34.000000 126.379997 -1976.000000 111.000000 3850.000000
7.870000 34.770000 125.639999 -2030.000000 209.000000 3739.000000
8.800000 35.250000 124.730003 -2016.000000 493.000000 3641.000000
9.690000 35.430000 123.660004 -1868.000000 637.000000 3572.000000
10.580000 35.369999 122.449997 -1695.000000 856.000000 3424.000000
11.460000 35.150002 121.160004 -1566.000000 1067.000000 3373.000000
12.290000 34.830002 119.760002 -1464.000000 1132.000000 3266.000000
13.120000 34.470001 118.300003 -1568.000000 1360.000000 3169.000000
13.910000 34.160000 116.830002 -1494.000000 1605.000000 3152.000000
14.680000 34.000000 115.430000 -1310.000000 1820.000000 3097.000000
15.430000 34.049999 114.129997 -1144.000000 1995.000000 2984.000000
16.150000 34.320000 112.940002 -1175.000000 2146.000000 2866.000000
16.830000 34.799999 111.820000 -1357.000000 2195.000000 2692.000000
17.430000 35.459999 110.790001 -1734.000000 2185.000000 2684.000000
17.889999 36.279999 109.800003 -2315.000000 2095.000000 2463.000000
18.200001 37.180000 108.820000 -2737.000000 2021.000000 2298.000000
18.299999 38.040001 107.809998 -2991.000000 1790.000000 2328.000000
18.209999 38.790001 106.779999 -2957.000000 1654.000000 2237.000000
17.959999 39.450001 105.760002 -2963.000000 1595.000000 2176.000000
17.600000 40.049999 104.760002 -2984.000000 1494.000000 2029.000000
17.190001 40.700001 103.860001 -2874.000000 1303.000000 1869.000000
16.780001 41.490002 103.080002 -2928.000000 1079.000000 1941.000000
16.350000 42.509998 102.430000 -3347.000000 624.000000 1852.000000
15.950000 43.680000 101.930000 -3887.000000 319.000000 1679.000000
15.560000 44.799999 101.489998 -4343.000000 273.000000 1642.000000
15.100000 45.720001 100.980003 -4551.000000 195.000000 1796.000000
14.530000 46.400002 100.379997 -4482.000000 145.000000 1836.000000
13.900000 46.820000 99.739998 -4352.000000 147.000000 2111.000000
13.260000 47.110001 99.120003 -3963.000000 45.000000 1965.000000
12.660000 47.369999 98.620003 -3574.000000 29.000000 1940.000000
12.160000 47.700001 98.239998 -3377.000000 123.000000 1871.000000
11.670000 48.160000 97.940002 -3364.000000 -67.000000 1992.000000
11.270000 48.759998 97.730003 -3220.000000 -95.000000 2033.000000
10.970000 49.450001 97.559998 -3414.000000 27.000000 2238.000000
10.710000 50.200001 97.389999 -3562.000000 -54.000000 2288.000000
10.470000 50.980000 97.220001 -3758.000000 -239.000000 2269.000000
10.270000 51.709999 97.029999 -3589.000000 -169.000000 2242.000000
10.080000 52.369999 96.800003 -3272.000000 -114.000000 2230.000000
9.950000 52.959999 96.550003 -3269.000000 -21.000000 2204.000000
9.840000 53.529999 96.300003 -3382.000000 15.000000 1999.000000
9.700000 53.980000 95.989998 -3219.000000 18.000000 2111.000000
9.610000 54.330002 95.660004 -2980.000000 151.000000 2195.000000
9.500000 54.560001 95.279999 -2928.000000 234.000000 2308.000000
9.310000 54.730000 94.809998 -3080.000000 129.000000 2330.000000
9.050000 54.830002 94.269997 -3162.000000 83.000000 2189.000000
8.670000 54.849998 93.629997 -3080.000000 -142.000000 2203.000000
8.290000 54.799999 92.959999 -3027.000000 -224.000000 2269.000000
8.000000 54.740002 92.279999 -3084.000000 -25.000000 2321.000000
7.720000 54.650002 91.570000 -3230.000000 40.000000 2366.000000
7.390000 54.480000 90.809998 -3212.000000 55.000000 2606.000000
6.920000 54.349998 90.050003 -3407.000000 -158.000000 2224.000000
6.510000 54.290001 89.519997 -4157.000000 -337.000000 2164.000000
6.080000 54.299999 89.000000 -3822.000000 -372.000000 1987.000000
5.660000 54.310001 88.470001 -3523.000000 -476.000000 2141.000000
5.380000 54.490002 88.040001 -3989.000000 -596.000000 2246.000000
5.310000 54.740002 87.760002 -4606.000000 -181.000000 2339.000000
5.290000 54.730000 87.489998 -4573.000000 -87.000000 2484.000000
5.340000 54.259998 87.209999 -3763.000000 -5.000000 2590.000000
5.500000 53.590000 87.040001 -3055.000000 290.000000 2796.000000
5.670000 53.009998 86.910004 -2904.000000 329.000000 2621.000000
5.830000 52.669998 86.820000 -3176.000000 238.000000 2254.000000
5.980000 52.450001 86.800003 -3527.000000 340.000000 2032.000000
6.150000 52.230000 86.849998 -3481.000000 563.000000 1811.000000
6.250000 52.119999 86.900002 -3652.000000 349.000000 1641.000000
6.340000 52.189999 87.010002 -4073.000000 235.000000 1563.000000
6.470000 52.340000 87.209999 -4396.000000 362.000000 1697.000000
6.650000 52.480000 87.470001 -4585.000000 359.000000 1853.000000
6.940000 52.560001 87.879997 -4709.000000 535.000000 1925.000000
7.340000 52.549999 88.459999 -4667.000000 741.000000 2003.000000
7.850000 52.470001 89.180000 -4571.000000 947.000000 1965.000000
8.440000 52.369999 90.080002 -4612.000000 1114.000000 1856.000000
9.090000 52.290001 91.110001 -4538.000000 1196.000000 1655.000000
9.800000 52.250000 92.269997 -4339.000000 1281.000000 1476.000000
10.540000 52.279999 93.550003 -4251.000000 1297.000000 1388.000000
11.340000 52.410000 94.949997 -4101.000000 1387.000000 1385.000000
12.150000 52.599998 96.459999 -4105.000000 1373.000000 1279.000000
12.980000 52.810001 98.070000 -4186.000000 1334.000000 1243.000000
13.800000 52.939999 99.739998 -4127.000000 1343.000000 1334.000000
14.600000 53.000000 101.459999 -4013.000000 1284.000000 1310.000000
15.370000 53.020000 103.239998 -3992.000000 1281.000000 1312.000000
16.129999 52.980000 105.059998 -3893.000000 1279.000000 1360.000000
16.860001 52.919998 106.919998 -3705.000000 1280.000000 1365.000000
17.580000 52.869999 108.839996 -3566.000000 1253.000000 1325.000000
18.280001 52.860001 110.790001 -3453.000000 1233.000000 1486.000000
18.940001 52.849998 112.760002 -3300.000000 1207.000000 1636.000000
19.580000 52.849998 114.739998 -3140.000000 1212.000000 1705.000000
20.200001 52.869999 116.730003 -3120.000000 1168.000000 1726.000000
20.830000 52.930000 118.760002 -2911.000000 1180.000000 1640.000000
21.480000 53.080002 120.860001 -2882.000000 1199.000000 1565.000000
22.139999 53.380001 123.000000 -2879.000000 1119.000000 1497.000000
22.790001 53.799999 125.150002 -2816.000000 1004.000000 1658.000000
23.430000 54.330002 127.300003 -2774.000000 889.000000 1759.000000
24.040001 54.939999 129.429993 -2862.000000 791.000000 1792.000000
24.670000 55.610001 131.600006 -2912.000000 770.000000 1753.000000
25.340000 56.330002 133.809998 -2934.000000 808.000000 1544.000000
26.040001 57.070000 136.029999 -2885.000000 887.000000 1364.000000
26.709999 57.830002 138.179993 -2837.000000 829.000000 1288.000000
27.240000 58.610001 140.169998 -2963.000000 573.000000 1379.000000
27.600000 59.360001 141.970001 -3100.000000 390.000000 1521.000000
27.760000 60.000000 143.520004 -3092.000000 302.000000 1663.000000
27.750000 60.560001 144.860001 -3115.000000 201.000000 1687.000000
27.600000 61.060001 146.039993 -3133.000000 125.000000 1595.000000
27.299999 61.470001 147.000000 -3264.000000 152.000000 1431.000000
26.740000 61.740002 147.639999 -3301.000000 95.000000 1385.000000
25.850000 61.869999 147.899994 -3071.000000 -52.000000 1551.000000
24.650000 61.860001 147.830002 -2766.000000 -247.000000 1956.000000
23.389999 61.869999 147.720001 -2676.000000 -380.000000 2062.000000
22.230000 62.009998 147.729996 -2860.000000 -382.000000 2041.000000
21.150000 62.259998 147.830002 -2972.000000 -377.000000 1884.000000
20.049999 62.619999 147.889999 -3150.000000 -491.000000 1723.000000
18.910000 63.040001 147.869995 -3659.000000 -715.000000 1604.000000
17.680000 63.470001 147.720001 -4179.000000 -789.000000 1668.000000
16.280001 63.830002 147.330002 -4194.000000 -855.000000 2017.000000
14.750000 64.080002 146.759995 -3838.000000 -918.000000 2183.000000
13.200000 64.239998 146.110001 -3548.000000 -846.000000 2083.000000
11.750000 64.360001 145.529999 -3584.000000 -773.000000 1945.000000
10.320000 64.389999 144.919998 -3650.000000 -821.000000 2006.000000
8.890000 64.330002 144.259995 -3711.000000 -924.000000 2119.000000
7.510000 64.120003 143.580002 -3853.000000 -1102.000000 2308.000000
6.190000 63.830002 142.929993 -3770.000000 -1037.000000 2406.000000
4.930000 63.459999 142.289993 -3655.000000 -1015.000000 2390.000000
3.760000 63.060001 141.710007 -3499.000000 -1002.000000 2323.000000
2.690000 62.709999 141.220001 -3431.000000 -970.000000 2299.000000
1.670000 62.400002 140.759995 -3336.000000 -938.000000 2363.000000
0.690000 62.139999 140.320007 -3274.000000 -950.000000 2477.000000
-0.270000 61.950001 139.899994 -3407.000000 -1027.000000 2555.000000
-1.190000 61.830002 139.500000 -3620.000000 -1043.000000 2464.000000
-2.050000 61.669998 139.130005 -3601.000000 -905.000000 2326.000000
-2.880000 61.430000 138.750000 -3434.000000 -808.000000 2181.000000
-3.700000 61.080002 138.350006 -3250.000000 -740.000000 2219.000000
-4.530000 60.590000 137.910004 -3233.000000 -811.000000 2455.000000
-5.320000 60.040001 137.470001 -3266.000000 -951.000000 2504.000000
-6.040000 59.410000 137.089996 -3324.000000 -942.000000 2565.000000
-6.680000 58.720001 136.740005 -3019.000000 -931.000000 2499.000000
-7.270000 58.080002 136.429993 -2816.000000 -858.000000 2414.000000
-7.860000 57.580002 136.119995 -2965.000000 -873.000000 2336.000000
-8.440000 57.189999 135.770004 -2992.000000 -910.000000 2414.000000
-9.040000 56.869999 135.369995 -2940.000000 -925.000000 2413.000000
-9.610000 56.590000 134.970001 -2885.000000 -909.000000 2592.000000
-10.150000 56.369999 134.580002 -2922.000000 -893.000000 2598.000000
-10.660000 56.240002 134.229996 -3171.000000 -981.000000 2521.000000
-11.110000 56.150002 133.919998 -3258.000000 -1008.000000 2445.000000
-11.510000 56.099998 133.660004 -3324.000000 -930.000000 2305.000000
-11.830000 56.060001 133.449997 -3385.000000 -799.000000 2163.000000
-12.090000 55.980000 133.309998 -3435.000000 -729.000000 2124.000000
-12.270000 55.840000 133.210007 -3404.000000 -614.000000 2196.000000
-12.410000 55.660000 133.169998 -3320.000000 -554.000000 2318.000000
-12.520000 55.450001 133.169998 -3217.000000 -479.000000 2458.000000
-12.630000 55.240002 133.160004 -3285.000000 -407.000000 2500.000000
-12.750000 55.020000 133.169998 -3258.000000 -385.000000 2577.000000
-12.870000 54.810001 133.169998 -3285.000000 -336.000000 2434.000000
-12.990000 54.599998 133.179993 -3390.000000 -293.000000 2312.000000
-13.080000 54.349998 133.190002 -3392.000000 -245.000000 2206.000000
-13.150000 54.020000 133.210007 -3310.000000 -214.000000 2238.000000
-13.210000 53.630001 133.240005 -3190.000000 -194.000000 2312.000000
-13.280000 53.209999 133.240005 -3176.000000 -263.000000 2439.000000
-13.390000 52.720001 133.199997 -3022.000000 -569.000000 2908.000000
-13.460000 52.470001 133.149994 -4289.000000 -754.000000 3013.000000
-13.450000 52.369999 133.210007 -4399.000000 -680.000000 2559.000000
-13.330000 52.119999 133.300003 -2935.000000 -291.000000 2310.000000
-13.210000 51.869999 133.369995 -2308.000000 -146.000000 2159.000000
-13.190000 51.790001 133.380005 -2816.000000 -254.000000 2144.000000
-13.230000 51.730000 133.360001 -3124.000000 -351.000000 2316.000000
-13.330000 51.570000 133.259995 -3171.000000 -552.000000 2517.000000
-13.460000 51.330002 133.149994 -3228.000000 -755.000000 2614.000000
-13.590000 51.049999 133.070007 -3355.000000 -808.000000 2545.000000
-13.690000 50.730000 133.009995 -3377.000000 -716.000000 2482.000000
-13.770000 50.369999 132.990005 -3221.000000 -704.000000 2428.000000
-13.880000 49.980000 132.960007 -3129.000000 -780.000000 2509.000000
-14.020000 49.570000 132.929993 -3038.000000 -777.000000 2652.000000
-14.210000 49.180000 132.899994 -3087.000000 -820.000000 2607.000000
-14.460000 48.779999 132.830002 -3200.000000 -949.000000 2591.000000
-14.720000 48.330002 132.759995 -3223.000000 -1152.000000 2997.000000
-14.910000 47.959999 132.679993 -2624.000000 -909.000000 3262.000000
-15.160000 47.779999 132.449997 -2122.000000 -816.000000 3467.000000
-15.490000 47.770000 132.130005 -2427.000000 -936.000000 2773.000000
-15.840000 47.730000 131.910004 -2943.000000 -1340.000000 2626.000000
-16.160000 47.630001 131.800003 -3242.000000 -1397.000000 2417.000000
-16.510000 47.360001 131.720001 -3113.000000 -1601.000000 2610.000000
-16.900000 46.950001 131.610001 -2731.000000 -1967.000000 2916.000000
-17.280001 46.490002 131.470001 -2495.000000 -2374.000000 3130.000000
-17.590000 46.080002 131.330002 -2463.000000 -2692.000000 3118.000000
-17.799999 45.740002 131.229996 -2373.000000 -2823.000000 3105.000000
-17.879999 45.509998 131.190002 -2292.000000 -2819.000000 3028.000000
-17.870001 45.480000 131.199997 -2425.000000 -2818.000000 2851.000000
-17.790001 45.680000 131.270004 -2795.000000 -2815.000000 2668.000000
-17.629999 46.000000 131.389999 -3176.000000 -2876.000000 2714.000000
-17.400000 46.290001 131.580002 -3152.000000 -2894.000000 2750.000000
-17.100000 46.470001 131.850006 -3036.000000 -2889.000000 2721.000000
-16.730000 46.520000 132.199997 -2806.000000 -2840.000000 2559.000000
-16.320000 46.500000 132.600006 -2503.000000 -2656.000000 2173.000000
-15.820000 46.509998 133.050003 -2263.000000 -2265.000000 1956.000000
-15.220000 46.590000 133.550003 -2335.000000 -1786.000000 1714.000000
-14.570000 46.720001 134.059998 -2700.000000 -1435.000000 1411.000000
-13.910000 46.770000 134.539993 -3078.000000 -1223.000000 1352.000000
-13.300000 46.590000 134.949997 -3224.000000 -1150.000000 1487.000000
-12.750000 46.160000 135.259995 -3081.000000 -1175.000000 1761.000000
-12.280000 45.549999 135.460007 -2534.000000 -1200.000000 2021.000000
-11.850000 44.900002 135.570007 -2315.000000 -1072.000000 1885.000000
-11.430000 44.320000 135.630005 -2921.000000 -992.000000 1827.000000
-10.980000 43.779999 135.710007 -3566.000000 -787.000000 1856.000000
-10.480000 43.189999 135.759995 -3858.000000 -541.000000 2007.000000
-9.980000 42.490002 135.759995 -3566.000000 -316.000000 2166.000000
-9.480000 41.660000 135.690002 -3024.000000 -147.000000 2316.000000
-9.010000 40.779999 135.509995 -2677.000000 -66.000000 2264.000000
-8.590000 39.970001 135.259995 -2817.000000 -183.000000 2419.000000
-8.200000 39.270000 134.960007 -2889.000000 -230.000000 2538.000000
-7.800000 38.590000 134.589996 -3023.000000 -172.000000 2692.000000
-7.390000 37.840000 134.130005 -2726.000000 0.000000 2670.000000
-6.940000 37.060001 133.600006 -2468.000000 260.000000 2656.000000
-6.490000 36.349998 133.020004 -2559.000000 499.000000 2820.000000
-6.070000 35.770000 132.399994 -2772.000000 731.000000 2783.000000
-5.680000 35.209999 131.710007 -2880.000000 1017.000000 2855.000000
-5.330000 34.520000 130.940002 -2809.000000 1200.000000 2881.000000
-5.010000 33.599998 130.130005 -2450.000000 1340.000000 2949.000000
-4.720000 32.450001 129.289993 -2453.000000 1350.000000 3027.000000
-4.510000 31.150000 128.410004 -2200.000000 1263.000000 2972.000000
-4.360000 29.850000 127.410004 -2249.000000 1505.000000 3041.000000
-4.280000 28.610001 126.320000 -2481.000000 1823.000000 3242.000000
-4.200000 27.440001 125.239998 -2276.000000 2127.000000 3485.000000
-4.130000 26.280001 124.220001 -1855.000000 2361.000000 3614.000000
-4.110000 25.139999 123.230003 -1950.000000 2403.000000 3979.000000
-4.210000 24.070000 122.279999 -2217.000000 2051.000000 4222.000000
-4.350000 23.080000 121.400002 -2393.000000 1666.000000 4368.000000
-4.470000 22.080000 120.599998 -2300.000000 1480.000000 4404.000000
-4.500000 21.110001 119.900002 -1892.000000 1607.000000 4131.000000
-4.460000 20.190001 119.239998 -1967.000000 1847.000000 3765.000000
-4.410000 19.260000 118.629997 -1954.000000 1874.000000 3559.000000
-4.370000 18.360001 118.070000 -1735.000000 1802.000000 3359.000000
-4.350000 17.469999 117.570000 -1766.000000 1556.000000 3523.000000
-4.350000 16.650000 117.139999 -1569.000000 1289.000000 3511.000000
-4.370000 15.930000 116.790001 -1111.000000 1109.000000 3367.000000
-4.380000 15.370000 116.519997 -996.000000 1123.000000 3861.000000
-4.370000 15.110000 116.339996 -796.000000 897.000000 3947.000000
-4.350000 15.150000 116.239998 -1020.000000 840.000000 3832.000000
-4.300000 15.230000 116.139999 -1402.000000 978.000000 3806.000000
-4.220000 15.170000 116.010002 -1254.000000 1061.000000 3953.000000
-4.150000 14.990000 115.870003 -1104.000000 958.000000 4291.000000
-4.100000 14.790000 115.720001 -1487.000000 660.000000 4649.000000
-4.040000 14.600000 115.599998 -1766.000000 391.000000 4886.000000
-3.890000 14.410000 115.559998 -1685.000000 370.000000 4883.000000
-3.650000 14.180000 115.580002 -1160.000000 440.000000 4634.000000
-3.370000 13.960000 115.620003 -788.000000 495.000000 4157.000000
-3.170000 13.820000 115.629997 -771.000000 206.000000 3866.000000
-3.040000 13.780000 115.599998 -933.000000 -94.000000 3750.000000
-2.940000 13.780000 115.550003 -1006.000000 -301.000000 3827.000000
-2.840000 13.790000 115.500000 -1065.000000 -378.000000 3900.000000
-2.730000 13.790000 115.480003 -1109.000000 -386.000000 3918.000000
-2.600000 13.790000 115.470001 -1094.000000 -316.000000 3854.000000
-2.470000 13.750000 115.440002 -1085.000000 -367.000000 4022.000000
-2.360000 13.660000 115.400002 -1013.000000 -454.000000 4134.000000
-2.280000 13.570000 115.339996 -1025.000000 -643.000000 4413.000000
-2.190000 13.490000 115.290001 -900.000000 -518.000000 4364.000000
-2.040000 13.480000 115.260002 -702.000000 -212.000000 4228.000000
-1.850000 13.610000 115.230003 -747.000000 46.000000 4022.000000
-1.680000 13.840000 115.199997 -877.000000 122.000000 3931.000000
-1.540000 14.130000 115.160004 -1001.000000 70.000000 3858.000000
-1.420000 14.440000 115.129997 -1161.000000 43.000000 3813.000000
-1.290000 14.710000 115.099998 -1224.000000 86.000000 3785.000000
-1.140000 14.920000 115.089996 -1186.000000 158.000000 3721.000000
-1.000000 15.050000 115.089996 -1138.000000 167.000000 3803.000000
-0.860000 15.110000 115.070000 -1114.000000 137.000000 3839.000000
-0.760000 15.130000 115.050003 -1093.000000 24.000000 3964.000000
-0.700000 15.130000 115.029999 -1196.000000 -148.000000 4272.000000
-0.600000 15.110000 115.000000 -1025.000000 -17.000000 4209.000000
-0.490000 15.120000 115.000000 -911.000000 87.000000 4139.000000
