-20.379999 36.959999 32.480000 -18.680000 -43.990002 0.000000 2690.000000 -1299.000000 3114.000000 428.000000 -3019.000000 2971.000000 
-20.450001 37.099998 32.410000 -18.709999 -43.990002 0.000000 2652.000000 -1313.000000 3125.000000 411.000000 -3038.000000 2986.000000 
-20.540001 37.139999 32.209999 -18.719999 -44.000000 0.000000 2669.000000 -1294.000000 3112.000000 424.000000 -3038.000000 2980.000000 
-19.920000 36.820000 32.630001 -18.719999 -43.990002 0.000000 2689.000000 -1288.000000 3115.000000 452.000000 -3030.000000 3015.000000 
-19.389999 36.700001 32.990002 -18.690001 -43.990002 0.000000 2684.000000 -1265.000000 3158.000000 429.000000 -3018.000000 2996.000000 
-19.540001 36.950001 32.740002 -18.660000 -43.990002 0.000000 2693.000000 -1241.000000 3174.000000 441.000000 -3003.000000 3005.000000 
-19.469999 37.049999 32.650002 -18.660000 -44.009998 0.000000 2691.000000 -1248.000000 3100.000000 448.000000 -2986.000000 2980.000000 
-18.990000 37.290001 32.939999 -18.680000 -44.040001 0.000000 2668.000000 -1216.000000 3139.000000 431.000000 -2983.000000 3015.000000 
-18.940001 37.619999 32.840000 -18.719999 -44.139999 0.000000 2679.000000 -1239.000000 3172.000000 389.000000 -3041.000000 2990.000000 
-19.030001 37.930000 32.770000 -18.799999 -44.279999 0.000000 2654.000000 -1233.000000 3171.000000 385.000000 -3058.000000 2981.000000 
-19.750000 38.230000 32.209999 -18.930000 -44.480000 0.000000 2636.000000 -1257.000000 3133.000000 365.000000 -3094.000000 2928.000000 
-20.309999 38.520000 31.860001 -19.110001 -44.650002 0.000000 2615.000000 -1281.000000 3152.000000 401.000000 -3056.000000 2962.000000 
-20.620001 38.779999 31.490000 -19.309999 -44.840000 0.000000 2628.000000 -1270.000000 3169.000000 346.000000 -3068.000000 2975.000000 
-20.530001 39.180000 31.440001 -19.540001 -45.040001 0.000000 2661.000000 -1247.000000 3181.000000 379.000000 -3064.000000 2981.000000 
-20.480000 39.389999 31.370001 -19.850000 -45.320000 0.000000 2620.000000 -1273.000000 3156.000000 421.000000 -3143.000000 2962.000000 
-20.750000 38.689999 31.120001 -20.219999 -45.660000 0.000000 2700.000000 -1243.000000 3134.000000 457.000000 -3189.000000 2989.000000 
-21.230000 38.139999 30.650000 -20.820000 -46.020000 0.000000 2888.000000 -1433.000000 2827.000000 518.000000 -3150.000000 3019.000000 
-21.340000 38.950001 30.420000 -21.209999 -46.509998 0.000000 2297.000000 -1058.000000 3483.000000 455.000000 -3295.000000 3026.000000 
-21.870001 39.799999 29.930000 -21.860001 -46.930000 0.000000 2762.000000 -1105.000000 3100.000000 368.000000 -3189.000000 3169.000000 
-22.959999 40.580002 28.990000 -22.639999 -47.389999 0.000000 2460.000000 -2121.000000 5379.000000 312.000000 -3246.000000 3249.000000 
-23.639999 41.470001 28.299999 -22.150000 -47.759998 0.000000 1589.000000 -1401.000000 4430.000000 -307.000000 -4280.000000 4755.000000 
-24.370001 42.250000 27.570000 -21.430000 -47.430000 0.000000 4523.000000 -1815.000000 5856.000000 -1839.000000 -5592.000000 5885.000000 
-24.760000 42.959999 27.070000 -20.120001 -46.169998 0.000000 3066.000000 -1354.000000 6165.000000 809.000000 -3634.000000 4450.000000 
-24.660000 43.540001 26.879999 -18.530001 -45.110001 0.000000 2584.000000 -1121.000000 5062.000000 233.000000 -2967.000000 3207.000000 
-23.510000 44.680000 27.250000 -16.879999 -44.270000 0.000000 2378.000000 -852.000000 4355.000000 -1845.000000 -2932.000000 2932.000000 
-22.389999 45.720001 27.690001 -15.600000 -43.689999 0.000000 1701.000000 -1696.000000 4916.000000 -1877.000000 -3356.000000 2852.000000 
-21.420000 46.680000 28.389999 -14.120000 -43.110001 0.000000 -254.000000 -912.000000 5955.000000 -3496.000000 -3534.000000 4670.000000 
-21.209999 47.939999 28.990000 -13.120000 -42.590000 0.000000 832.000000 -1046.000000 6352.000000 -2055.000000 -3135.000000 3955.000000 
-21.100000 49.570000 29.700001 -12.260000 -42.020000 0.000000 1720.000000 -820.000000 5420.000000 -3009.000000 -3118.000000 4052.000000 
-20.980000 51.290001 30.410000 -11.210000 -41.389999 0.000000 637.000000 -630.000000 4734.000000 -2981.000000 -2968.000000 3802.000000 
-21.030001 52.860001 30.980000 -10.290000 -40.630001 0.000000 58.000000 -755.000000 4732.000000 -2288.000000 -2571.000000 3416.000000 
-21.230000 54.139999 31.459999 -9.450000 -39.689999 0.000000 -60.000000 -746.000000 4591.000000 -1521.000000 -2121.000000 2978.000000 
-21.570000 55.189999 31.809999 -8.550000 -38.610001 0.000000 300.000000 -481.000000 4339.000000 -1450.000000 -1881.000000 2894.000000 
-21.860001 56.119999 32.139999 -7.610000 -37.410000 0.000000 610.000000 -328.000000 3992.000000 -1415.000000 -2168.000000 3514.000000 
-21.950001 57.029999 32.630001 -6.660000 -36.130001 0.000000 713.000000 -275.000000 3781.000000 -1483.000000 -2504.000000 3932.000000 
-21.730000 57.919998 33.410000 -5.750000 -34.770000 0.000000 633.000000 -341.000000 3759.000000 -1884.000000 -2213.000000 3107.000000 
-21.129999 58.700001 34.619999 -4.780000 -33.389999 0.000000 679.000000 -257.000000 3697.000000 -1384.000000 -1803.000000 2516.000000 
-20.450001 59.340000 35.980000 -3.770000 -31.950001 0.000000 846.000000 -151.000000 3530.000000 -652.000000 -1454.000000 2198.000000 
-19.480000 59.689999 37.660000 -2.820000 -30.510000 0.000000 1082.000000 -90.000000 3270.000000 -101.000000 -1202.000000 2091.000000 
-18.820000 59.160000 39.130001 -1.940000 -29.299999 0.000000 1265.000000 -68.000000 2882.000000 417.000000 -1047.000000 2071.000000 
-19.520000 58.369999 39.419998 -1.140000 -28.320000 0.000000 1387.000000 -37.000000 2327.000000 902.000000 -1063.000000 2147.000000 
-21.170000 57.669998 38.830002 -0.500000 -27.500000 0.000000 1464.000000 -146.000000 1901.000000 1155.000000 -1178.000000 2120.000000 
-23.260000 56.860001 37.779999 -0.120000 -26.870001 0.000000 1386.000000 -403.000000 1654.000000 1073.000000 -1303.000000 1819.000000 
-25.469999 55.799999 36.509998 0.060000 -26.459999 0.000000 1439.000000 -555.000000 1716.000000 1132.000000 -1643.000000 1881.000000 
-27.570000 54.450001 35.180000 -0.070000 -26.180000 0.000000 1625.000000 -1045.000000 2198.000000 1148.000000 -1988.000000 2077.000000 
-29.459999 52.759998 33.900002 -0.290000 -25.920000 0.000000 1869.000000 -1319.000000 2788.000000 1241.000000 -2280.000000 2513.000000 
-31.070000 50.840000 32.740002 -0.410000 -25.629999 0.000000 2147.000000 -1356.000000 3282.000000 1600.000000 -2496.000000 3109.000000 
-32.290001 48.820000 31.790001 -0.360000 -25.389999 0.000000 2503.000000 -1132.000000 3476.000000 1783.000000 -2614.000000 3517.000000 
-33.189999 46.889999 31.020000 -0.220000 -25.270000 0.000000 2797.000000 -1014.000000 3426.000000 1879.000000 -2573.000000 3306.000000 
-34.200001 45.189999 30.139999 -0.080000 -25.340000 0.000000 2902.000000 -877.000000 3198.000000 1854.000000 -2495.000000 2883.000000 
-35.500000 43.689999 29.040001 -0.140000 -25.590000 0.000000 2909.000000 -1145.000000 3206.000000 1752.000000 -2348.000000 2327.000000 
-36.860001 42.259998 27.840000 -0.400000 -25.980000 0.000000 2551.000000 -1307.000000 3013.000000 1796.000000 -2389.000000 2371.000000 
-38.049999 40.750000 26.709999 -0.860000 -26.459999 0.000000 2213.000000 -1432.000000 2666.000000 1906.000000 -2549.000000 2640.000000 
-39.099998 39.060001 25.670000 -1.590000 -26.940001 0.000000 2065.000000 -1731.000000 2434.000000 1947.000000 -2708.000000 2863.000000 
-39.950001 37.139999 24.820000 -2.490000 -27.440001 0.000000 2057.000000 -1776.000000 1921.000000 1669.000000 -2819.000000 2734.000000 
-40.599998 35.049999 24.150000 -3.580000 -28.010000 0.000000 2164.000000 -1907.000000 1678.000000 1363.000000 -2795.000000 2484.000000 
-41.139999 32.849998 23.610001 -4.870000 -28.590000 0.000000 2311.000000 -2130.000000 1924.000000 1979.000000 -2724.000000 2371.000000 
-41.669998 30.590000 23.170000 -6.350000 -29.280001 0.000000 2463.000000 -2148.000000 2150.000000 2399.000000 -2633.000000 2271.000000 
-42.340000 28.320000 22.719999 -8.020000 -30.129999 0.000000 2568.000000 -2191.000000 2248.000000 2249.000000 -2991.000000 2781.000000 
-43.240002 26.090000 22.200001 -9.960000 -30.990000 0.000000 2504.000000 -2317.000000 2478.000000 2374.000000 -3219.000000 3317.000000 
-44.279999 23.920000 21.650000 -12.140000 -31.730000 0.000000 2504.000000 -2563.000000 2657.000000 2045.000000 -3283.000000 3512.000000 
-45.160000 21.700001 21.250000 -14.430000 -32.389999 0.000000 2770.000000 -2385.000000 1852.000000 1751.000000 -3499.000000 3557.000000 
-45.840000 19.520000 20.959999 -17.120001 -32.939999 0.000000 2790.000000 -2779.000000 1726.000000 2331.000000 -3309.000000 3498.000000 
-46.459999 17.500000 20.730000 -20.180000 -33.459999 0.000000 2886.000000 -2983.000000 2193.000000 2491.000000 -3112.000000 3325.000000 
-47.119999 15.640000 20.510000 -23.330000 -33.689999 0.000000 3622.000000 -2813.000000 2818.000000 2643.000000 -3846.000000 5561.000000 
-47.700001 13.790000 20.340000 -26.549999 -33.310001 0.000000 3947.000000 -2627.000000 2836.000000 1862.000000 -2599.000000 4061.000000 
-47.790001 12.090000 20.190001 -30.059999 -33.509998 0.000000 9240.000000 -3515.000000 -3450.000000 3305.000000 -2871.000000 3203.000000 
-48.680000 11.350000 19.680000 -33.360001 -33.619999 0.000000 105.000000 -2438.000000 3321.000000 3016.000000 -2240.000000 2945.000000 
-47.980000 11.060000 19.420000 -36.599998 -33.849998 0.000000 3619.000000 -2856.000000 1553.000000 1365.000000 -2581.000000 3451.000000 
-47.389999 10.340000 19.389999 -39.439999 -33.669998 0.000000 3251.000000 -2803.000000 1802.000000 1974.000000 -1746.000000 2906.000000 
-47.570000 9.420000 19.070000 -41.430000 -33.330002 0.000000 4076.000000 -1480.000000 777.000000 2305.000000 -1570.000000 3120.000000 
-46.990002 9.350000 18.680000 -42.730000 -33.119999 0.000000 3952.000000 -1596.000000 1665.000000 2344.000000 -1781.000000 3347.000000 
-46.900002 9.760000 17.840000 -44.049999 -33.580002 0.000000 5093.000000 -1193.000000 -684.000000 1710.000000 -2262.000000 3336.000000 
-46.700001 9.800000 16.870001 -45.580002 -34.080002 0.000000 2069.000000 -932.000000 -1019.000000 2870.000000 -2134.000000 3155.000000 
-47.139999 10.020000 16.240000 -46.160000 -35.090000 0.000000 -5903.000000 -5266.000000 11875.000000 1215.000000 -2518.000000 2823.000000 
-47.619999 10.350000 15.620000 -47.889999 -36.139999 0.000000 5522.000000 -162.000000 -3247.000000 2326.000000 -2976.000000 2741.000000 
-48.320000 10.760000 15.210000 -48.990002 -35.990002 0.000000 3131.000000 -2561.000000 1264.000000 1760.000000 -2009.000000 3094.000000 
-48.779999 11.560000 14.720000 -49.849998 -36.240002 0.000000 3802.000000 -1818.000000 1029.000000 2227.000000 -2160.000000 2890.000000 
-49.090000 11.180000 14.020000 -50.860001 -36.450001 0.000000 3594.000000 -1719.000000 1214.000000 2708.000000 -1960.000000 3105.000000 
-48.840000 11.510000 13.100000 -52.279999 -37.119999 0.000000 2975.000000 -2418.000000 1944.000000 1464.000000 -2479.000000 3359.000000 
-49.060001 12.320000 12.560000 -54.049999 -38.080002 0.000000 2836.000000 -2841.000000 2067.000000 1643.000000 -2732.000000 3058.000000 
-49.630001 12.490000 11.960000 -56.040001 -38.849998 0.000000 2986.000000 -2719.000000 1261.000000 2094.000000 -2625.000000 2833.000000 
-50.320000 12.590000 11.380000 -57.900002 -39.590000 0.000000 3378.000000 -2628.000000 949.000000 2203.000000 -2757.000000 2743.000000 
-51.020000 13.040000 10.850000 -59.790001 -40.270000 0.000000 3198.000000 -2463.000000 550.000000 1710.000000 -2797.000000 2822.000000 
-51.630001 13.350000 10.240000 -61.610001 -40.880001 0.000000 3640.000000 -2620.000000 843.000000 2124.000000 -2797.000000 2838.000000 
-52.110001 13.940000 9.740000 -62.959999 -41.430000 0.000000 3845.000000 -2705.000000 1137.000000 2032.000000 -2993.000000 3041.000000 
-52.410000 14.520000 9.190000 -63.759998 -41.669998 0.000000 4346.000000 -3022.000000 1574.000000 2290.000000 -3173.000000 3586.000000 
-52.480000 14.210000 8.810000 -64.080002 -41.680000 0.000000 4869.000000 -3691.000000 2263.000000 2574.000000 -3438.000000 4192.000000 
-52.470001 14.140000 8.350000 -64.339996 -41.619999 0.000000 5177.000000 -3748.000000 2176.000000 2941.000000 -3724.000000 4649.000000 
-52.680000 14.330000 7.720000 -64.599998 -41.549999 0.000000 5436.000000 -3756.000000 1975.000000 3127.000000 -3581.000000 4297.000000 
-52.330002 15.000000 7.100000 -64.760002 -41.639999 0.000000 5663.000000 -3683.000000 1622.000000 2164.000000 -4151.000000 4310.000000 
-52.060001 15.930000 6.370000 -64.570000 -41.410000 0.000000 5882.000000 -3252.000000 1314.000000 2323.000000 -3775.000000 4280.000000 
-51.849998 17.150000 5.750000 -64.160004 -41.290001 0.000000 5381.000000 -3356.000000 1072.000000 2508.000000 -3419.000000 3680.000000 
-51.689999 18.860001 5.030000 -63.599998 -41.330002 0.000000 5175.000000 -3132.000000 976.000000 1845.000000 -3478.000000 3592.000000 
-51.849998 20.709999 4.220000 -62.900002 -41.720001 0.000000 5117.000000 -3984.000000 1754.000000 553.000000 -3719.000000 3565.000000 
-52.090000 23.299999 3.320000 -61.959999 -41.990002 0.000000 5241.000000 -4490.000000 2065.000000 1019.000000 -3777.000000 4614.000000 
-52.830002 26.860001 2.170000 -60.790001 -42.279999 0.000000 5166.000000 -4605.000000 1936.000000 118.000000 -3798.000000 4640.000000 
-54.660000 31.070000 0.550000 -59.540001 -42.720001 0.000000 4697.000000 -4390.000000 1629.000000 -995.000000 -3884.000000 4325.000000 
-57.340000 35.560001 -1.580000 -58.380001 -43.430000 0.000000 3795.000000 -4303.000000 1564.000000 -1817.000000 -3882.000000 3497.000000 
-60.820000 40.220001 -4.260000 -57.430000 -44.419998 0.000000 3373.000000 -4166.000000 1453.000000 -2343.000000 -4278.000000 3004.000000 
-65.320000 44.910000 -7.710000 -56.529999 -45.349998 0.000000 3327.000000 -3978.000000 1593.000000 -1967.000000 -4199.000000 3400.000000 
-71.089996 49.560001 -12.190000 -55.669998 -46.099998 0.000000 3202.000000 -4160.000000 1954.000000 -2316.000000 -3941.000000 3650.000000 
-78.559998 54.060001 -18.240000 -54.779999 -46.930000 0.000000 3262.000000 -4020.000000 2061.000000 -2419.000000 -3791.000000 3360.000000 
-88.349998 58.070000 -26.450001 -53.910000 -47.900002 0.000000 2482.000000 -3465.000000 1623.000000 -2226.000000 -3245.000000 2377.000000 
-101.010002 61.160000 -37.410000 -52.990002 -49.130001 0.000000 2077.000000 -2731.000000 1368.000000 -2225.000000 -2941.000000 1742.000000 
-116.570000 62.779999 -51.240002 -52.029999 -50.720001 0.000000 1949.000000 -2240.000000 1391.000000 -2818.000000 -2648.000000 1390.000000 
-133.580002 62.340000 -66.500000 -51.169998 -52.509998 0.000000 1035.000000 -2206.000000 1505.000000 -4347.000000 -2401.000000 1631.000000 
-149.399994 59.740002 -80.449997 -50.180000 -53.669998 0.000000 102.000000 -2199.000000 1747.000000 -4652.000000 -2152.000000 1800.000000 
-162.279999 55.610001 -91.220001 -48.529999 -54.790001 0.000000 -1096.000000 -1982.000000 1932.000000 -4705.000000 -2043.000000 1179.000000 
-172.360001 50.709999 -98.769997 -46.189999 -54.630001 0.000000 -1790.000000 -1971.000000 1756.000000 -4934.000000 -2026.000000 701.000000 
179.509995 45.549999 -103.949997 -42.549999 -35.759998 0.000000 -2101.000000 -1415.000000 1568.000000 -3757.000000 -1778.000000 224.000000 
172.649994 40.240002 -107.510002 -37.590000 108.690002 0.000000 -2170.000000 -1189.000000 977.000000 -4842.000000 -1187.000000 -347.000000 
166.580002 34.830002 -109.980003 -30.870001 112.480003 0.000000 -1772.000000 -994.000000 1048.000000 -3781.000000 -1140.000000 -425.000000 
161.300003 29.540001 -111.510002 -21.700001 111.709999 0.000000 -1796.000000 -757.000000 1327.000000 -3385.000000 -543.000000 -27.000000 
156.710007 24.650000 -112.389999 -9.570000 110.660004 0.000000 -1864.000000 -90.000000 1109.000000 -3108.000000 -116.000000 -195.000000 
152.580002 20.129999 -112.949997 4.690000 109.669998 0.000000 -2349.000000 1021.000000 480.000000 -2816.000000 502.000000 -505.000000 
148.910004 15.990000 -113.320000 19.450001 108.709999 0.000000 -3446.000000 1895.000000 -42.000000 -3013.000000 1069.000000 -744.000000 
145.699997 12.310000 -113.500000 33.630001 107.209999 0.000000 -3644.000000 2010.000000 484.000000 -2481.000000 1672.000000 -632.000000 
142.869995 8.990000 -113.580002 45.700001 105.830002 0.000000 -3649.000000 2066.000000 976.000000 -1927.000000 2065.000000 -770.000000 
140.350006 6.170000 -113.589996 54.970001 104.440002 0.000000 -3166.000000 2303.000000 1242.000000 -1179.000000 2455.000000 -659.000000 
138.089996 3.730000 -113.519997 61.730000 103.360001 0.000000 -2936.000000 2475.000000 1275.000000 -488.000000 2847.000000 -823.000000 
136.029999 1.690000 -113.339996 66.680000 102.540001 0.000000 -2761.000000 2759.000000 1170.000000 -538.000000 3183.000000 -984.000000 
134.110001 -0.060000 -113.010002 70.470001 101.779999 0.000000 -2918.000000 2961.000000 1187.000000 -825.000000 3500.000000 -948.000000 
132.369995 -1.460000 -112.529999 73.410004 100.980003 0.000000 -2889.000000 2951.000000 1183.000000 -1042.000000 3446.000000 -842.000000 
130.820007 -2.570000 -111.970001 75.739998 99.940002 0.000000 -2750.000000 2861.000000 1252.000000 -1097.000000 3346.000000 -499.000000 
129.419998 -3.340000 -111.379997 77.699997 98.949997 0.000000 -2887.000000 2783.000000 1229.000000 -939.000000 3220.000000 -434.000000 
128.169998 -3.820000 -110.830002 79.269997 98.070000 0.000000 -2813.000000 2740.000000 1171.000000 -1225.000000 3097.000000 -461.000000 
127.010002 -4.080000 -110.309998 80.480003 97.099998 0.000000 -2840.000000 2663.000000 1226.000000 -1494.000000 3213.000000 -267.000000 
125.989998 -4.140000 -109.879997 81.230003 96.129997 0.000000 -2719.000000 2653.000000 1359.000000 -1389.000000 3192.000000 -294.000000 
125.120003 -4.000000 -109.570000 81.720001 95.089996 0.000000 -2767.000000 2712.000000 1402.000000 -1088.000000 3259.000000 -175.000000 
124.320000 -3.720000 -109.360001 81.779999 93.900002 0.000000 -2453.000000 2658.000000 1519.000000 -796.000000 3286.000000 115.000000 
123.669998 -3.380000 -109.199997 81.440002 92.720001 0.000000 -2194.000000 2559.000000 1668.000000 -580.000000 3146.000000 198.000000 
123.129997 -3.000000 -109.040001 80.860001 91.550003 0.000000 -1736.000000 2422.000000 1828.000000 -614.000000 3077.000000 389.000000 
122.650002 -2.640000 -108.849998 80.309998 90.470001 0.000000 -1771.000000 2320.000000 1779.000000 -770.000000 3050.000000 335.000000 
122.209999 -2.140000 -108.599998 79.800003 89.470001 0.000000 -1700.000000 2269.000000 1747.000000 -945.000000 2902.000000 275.000000 
121.769997 -1.600000 -108.349998 79.330002 88.529999 0.000000 -1865.000000 2214.000000 1771.000000 -1156.000000 2869.000000 412.000000 
121.379997 -1.000000 -108.120003 78.930000 87.620003 0.000000 -1935.000000 2230.000000 1754.000000 -1097.000000 2872.000000 468.000000 
120.959999 -0.410000 -107.919998 78.480003 86.669998 0.000000 -1662.000000 2282.000000 1846.000000 -913.000000 2864.000000 764.000000 
120.639999 0.000000 -107.790001 78.040001 85.779999 0.000000 -1552.000000 2286.000000 1919.000000 -800.000000 2932.000000 958.000000 
120.389999 0.350000 -107.690002 77.610001 84.970001 0.000000 -1444.000000 2355.000000 1986.000000 -617.000000 3036.000000 804.000000 
120.150002 0.580000 -107.580002 77.250000 84.250000 0.000000 -1531.000000 2380.000000 1997.000000 -783.000000 3131.000000 585.000000 
119.989998 0.910000 -107.410004 76.949997 83.750000 0.000000 -1729.000000 2406.000000 1959.000000 -1090.000000 3181.000000 434.000000 
119.959999 1.360000 -107.250000 76.660004 83.449997 0.000000 -1892.000000 2346.000000 1886.000000 -1259.000000 3152.000000 329.000000 
119.949997 1.890000 -107.099998 76.379997 83.180000 0.000000 -1981.000000 2277.000000 1869.000000 -1344.000000 3119.000000 326.000000 
119.849998 2.200000 -107.040001 76.050003 82.589996 0.000000 -1835.000000 2233.000000 1951.000000 -1135.000000 3126.000000 567.000000 
119.809998 2.440000 -106.989998 75.629997 81.879997 0.000000 -1733.000000 2239.000000 2059.000000 -1006.000000 3132.000000 704.000000 
119.690002 2.640000 -106.940002 75.209999 81.169998 0.000000 -1613.000000 2315.000000 2208.000000 -939.000000 3212.000000 785.000000 
119.680000 2.670000 -106.900002 74.849998 80.519997 0.000000 -1546.000000 2421.000000 2240.000000 -919.000000 3282.000000 799.000000 
119.639999 2.720000 -106.830002 74.629997 80.089996 0.000000 -1703.000000 2534.000000 2171.000000 -993.000000 3324.000000 706.000000 
119.779999 2.910000 -106.730003 74.519997 79.820000 0.000000 -1862.000000 2537.000000 2166.000000 -1205.000000 3414.000000 688.000000 
119.970001 3.040000 -106.639999 74.489998 79.980003 0.000000 -1988.000000 2568.000000 2101.000000 -1241.000000 3494.000000 476.000000 
120.260002 3.150000 -106.599998 74.510002 80.290001 0.000000 -2152.000000 2607.000000 2085.000000 -1407.000000 3577.000000 357.000000 
120.529999 3.210000 -106.589996 74.559998 80.730003 0.000000 -2293.000000 2551.000000 2005.000000 -1521.000000 3605.000000 120.000000 
120.800003 3.290000 -106.599998 74.580002 81.139999 0.000000 -2331.000000 2515.000000 2003.000000 -1608.000000 3629.000000 123.000000 
121.099998 3.350000 -106.589996 74.470001 81.489998 0.000000 -2329.000000 2449.000000 2109.000000 -1493.000000 3618.000000 189.000000 
121.339996 3.360000 -106.599998 74.279999 81.699997 0.000000 -2209.000000 2426.000000 2198.000000 -1488.000000 3650.000000 346.000000 
121.529999 3.260000 -106.629997 74.089996 81.870003 0.000000 -2201.000000 2455.000000 2271.000000 -1406.000000 3672.000000 376.000000 
121.750000 3.150000 -106.610001 73.980003 82.059998 0.000000 -2209.000000 2547.000000 2264.000000 -1418.000000 3762.000000 385.000000 
122.000000 3.040000 -106.570000 73.980003 82.400002 0.000000 -2359.000000 2646.000000 2200.000000 -1546.000000 3808.000000 233.000000 
122.260002 2.970000 -106.500000 74.160004 82.870003 0.000000 -2557.000000 2719.000000 2108.000000 -1588.000000 3913.000000 86.000000 
122.550003 2.900000 -106.419998 74.400002 83.349998 0.000000 -2651.000000 2755.000000 2059.000000 -1630.000000 3916.000000 8.000000 
122.790001 2.800000 -106.389999 74.580002 83.800003 0.000000 -2653.000000 2739.000000 2085.000000 -1580.000000 3989.000000 -2.000000 
123.040001 2.690000 -106.370003 74.690002 84.209999 0.000000 -2635.000000 2738.000000 2128.000000 -1683.000000 3975.000000 -24.000000 
123.220001 2.580000 -106.349998 74.809998 84.650002 0.000000 -2677.000000 2728.000000 2075.000000 -1779.000000 4045.000000 -109.000000 
123.410004 2.480000 -106.320000 74.959999 85.070000 0.000000 -2787.000000 2760.000000 2028.000000 -1705.000000 4082.000000 -143.000000 
123.559998 2.390000 -106.300003 75.059998 85.440002 0.000000 -2792.000000 2809.000000 2038.000000 -1622.000000 4103.000000 -165.000000 
123.680000 2.340000 -106.279999 75.120003 85.760002 0.000000 -2785.000000 2810.000000 2053.000000 -1543.000000 4097.000000 -121.000000 
123.779999 2.270000 -106.260002 75.089996 85.970001 0.000000 -2645.000000 2826.000000 2095.000000 -1474.000000 4058.000000 14.000000 
123.790001 2.150000 -106.220001 75.000000 86.089996 0.000000 -2609.000000 2796.000000 2137.000000 -1465.000000 4020.000000 101.000000 
123.839996 2.050000 -106.139999 74.839996 86.080002 0.000000 -2539.000000 2772.000000 2151.000000 -1525.000000 3941.000000 189.000000 
123.820000 1.930000 -106.040001 74.730003 86.120003 0.000000 -2523.000000 2767.000000 2165.000000 -1497.000000 3998.000000 172.000000 
123.800003 1.840000 -105.940002 74.709999 86.309998 0.000000 -2594.000000 2844.000000 2106.000000 -1561.000000 4045.000000 28.000000 
123.809998 1.820000 -105.830002 74.800003 86.550003 0.000000 -2710.000000 2913.000000 2016.000000 -1516.000000 4073.000000 -68.000000 
123.820000 1.810000 -105.699997 74.830002 86.760002 0.000000 -2688.000000 2899.000000 2024.000000 -1564.000000 4029.000000 -68.000000 
123.760002 1.860000 -105.589996 74.779999 86.930000 0.000000 -2669.000000 2845.000000 2038.000000 -1625.000000 3979.000000 -50.000000 
123.730003 1.890000 -105.489998 74.629997 86.959999 0.000000 -2598.000000 2783.000000 2032.000000 -1547.000000 3912.000000 59.000000 
123.730003 1.920000 -105.389999 74.430000 86.889999 0.000000 -2572.000000 2729.000000 2074.000000 -1471.000000 3871.000000 125.000000 
123.709999 1.910000 -105.300003 74.160004 86.730003 0.000000 -2454.000000 2700.000000 2102.000000 -1484.000000 3864.000000 185.000000 
123.680000 1.880000 -105.199997 73.910004 86.690002 0.000000 -2444.000000 2730.000000 2103.000000 -1399.000000 3859.000000 115.000000 
123.660004 1.880000 -105.089996 73.699997 86.690002 0.000000 -2479.000000 2734.000000 2064.000000 -1465.000000 3824.000000 102.000000 
123.660004 1.880000 -104.980003 73.510002 86.669998 0.000000 -2496.000000 2718.000000 2059.000000 -1499.000000 3817.000000 121.000000 
123.660004 1.830000 -104.870003 73.279999 86.589996 0.000000 -2470.000000 2693.000000 2072.000000 -1444.000000 3802.000000 169.000000 
123.669998 1.790000 -104.750000 73.099998 86.500000 0.000000 -2419.000000 2695.000000 2055.000000 -1363.000000 3801.000000 184.000000 
123.730003 1.770000 -104.610001 72.919998 86.440002 0.000000 -2424.000000 2705.000000 2050.000000 -1407.000000 3813.000000 173.000000 
123.739998 1.710000 -104.480003 72.730003 86.550003 0.000000 -2452.000000 2689.000000 2039.000000 -1441.000000 3823.000000 55.000000 
123.779999 1.700000 -104.330002 72.629997 86.680000 0.000000 -2519.000000 2707.000000 1995.000000 -1520.000000 3849.000000 23.000000 
123.779999 1.660000 -104.199997 72.559998 86.820000 0.000000 -2560.000000 2707.000000 1954.000000 -1623.000000 3823.000000 -38.000000 
123.830002 1.700000 -104.070000 72.440002 86.949997 0.000000 -2588.000000 2698.000000 1954.000000 -1441.000000 3848.000000 -36.000000 
123.809998 1.720000 -103.940002 72.260002 86.989998 0.000000 -2574.000000 2700.000000 1984.000000 -1566.000000 3804.000000 25.000000 
123.860001 1.720000 -103.809998 71.989998 86.870003 0.000000 -2484.000000 2677.000000 2020.000000 -1470.000000 3788.000000 153.000000 
123.849998 1.760000 -103.660004 71.690002 86.680000 0.000000 -2451.000000 2644.000000 2063.000000 -1484.000000 3755.000000 195.000000 
123.860001 1.780000 -103.500000 71.389999 86.540001 0.000000 -2432.000000 2633.000000 2083.000000 -1526.000000 3751.000000 188.000000 
123.870003 1.740000 -103.360001 71.099998 86.370003 0.000000 -2447.000000 2633.000000 2083.000000 -1511.000000 3788.000000 219.000000 
123.870003 1.760000 -103.199997 70.849998 86.309998 0.000000 -2445.000000 2631.000000 2089.000000 -1467.000000 3785.000000 177.000000 
123.870003 1.750000 -103.019997 70.620003 86.300003 0.000000 -2456.000000 2656.000000 2077.000000 -1419.000000 3828.000000 146.000000 
123.870003 1.810000 -102.839996 70.400002 86.330002 0.000000 -2426.000000 2710.000000 2100.000000 -1408.000000 3886.000000 124.000000 
123.870003 1.890000 -102.699997 70.209999 86.410004 0.000000 -2505.000000 2748.000000 2057.000000 -1597.000000 3824.000000 71.000000 
123.900002 1.960000 -102.580002 70.139999 86.540001 0.000000 -2582.000000 2776.000000 1944.000000 -1559.000000 3850.000000 15.000000 
123.919998 2.080000 -102.470001 70.040001 86.550003 0.000000 -2645.000000 2767.000000 1951.000000 -1551.000000 3803.000000 105.000000 
123.900002 2.090000 -102.410004 69.730003 86.489998 0.000000 -2455.000000 2652.000000 2051.000000 -1445.000000 3780.000000 149.000000 
123.900002 2.110000 -102.339996 69.400002 86.419998 0.000000 -2423.000000 2640.000000 2098.000000 -1454.000000 3768.000000 153.000000 
123.930000 2.170000 -102.250000 69.010002 86.290001 0.000000 -2348.000000 2616.000000 2103.000000 -1484.000000 3771.000000 193.000000 
123.970001 2.270000 -102.120003 68.669998 86.190002 0.000000 -2406.000000 2629.000000 2100.000000 -1413.000000 3760.000000 177.000000 
123.970001 2.350000 -102.000000 68.320000 86.099998 0.000000 -2438.000000 2635.000000 2088.000000 -1458.000000 3740.000000 176.000000 
123.970001 2.440000 -101.900002 68.000000 85.940002 0.000000 -2456.000000 2638.000000 2085.000000 -1509.000000 3699.000000 220.000000 
123.959999 2.590000 -101.809998 67.720001 85.769997 0.000000 -2492.000000 2630.000000 2012.000000 -1534.000000 3657.000000 243.000000 
123.970001 2.890000 -101.730003 67.400002 85.650002 0.000000 -2485.000000 2627.000000 2074.000000 -1647.000000 3630.000000 222.000000 
124.070000 3.250000 -101.690002 67.110001 85.610001 0.000000 -2502.000000 2649.000000 2031.000000 -1523.000000 3622.000000 175.000000 
124.139999 3.610000 -101.739998 66.779999 85.430000 0.000000 -2507.000000 2635.000000 2005.000000 -1467.000000 3576.000000 245.000000 
124.269997 4.030000 -101.849998 66.379997 85.260002 0.000000 -2490.000000 2649.000000 2006.000000 -1395.000000 3545.000000 252.000000 
124.459999 4.630000 -102.010002 65.940002 85.070000 0.000000 -2446.000000 2633.000000 1998.000000 -1334.000000 3531.000000 264.000000 
124.690002 5.360000 -102.250000 65.550003 84.940002 0.000000 -2513.000000 2712.000000 1895.000000 -1380.000000 3563.000000 240.000000 
125.059998 6.350000 -102.599998 65.250000 84.980003 0.000000 -2722.000000 2902.000000 1727.000000 -1343.000000 3595.000000 71.000000 
125.570000 7.660000 -103.110001 64.879997 85.059998 0.000000 -2918.000000 3129.000000 1496.000000 -1432.000000 3644.000000 -109.000000 
126.209999 9.360000 -103.839996 64.279999 85.089996 0.000000 -3038.000000 3319.000000 1268.000000 -1308.000000 3692.000000 -294.000000 
126.970001 11.450000 -104.830002 63.330002 84.949997 0.000000 -3000.000000 3397.000000 1108.000000 -1160.000000 3675.000000 -392.000000 
127.860001 14.040000 -106.070000 61.930000 84.559998 0.000000 -2747.000000 3431.000000 998.000000 -1078.000000 3579.000000 -384.000000 
128.789993 17.040001 -107.540001 59.959999 83.800003 0.000000 -2403.000000 3363.000000 972.000000 -954.000000 3482.000000 -291.000000 
129.759995 20.450001 -109.239998 57.410000 82.589996 0.000000 -2066.000000 3277.000000 909.000000 -752.000000 3327.000000 -188.000000 
130.710007 24.290001 -111.120003 54.240002 80.820000 0.000000 -1693.000000 3209.000000 864.000000 -690.000000 3090.000000 -10.000000 
131.589996 28.400000 -113.199997 50.470001 78.370003 0.000000 -1288.000000 3025.000000 830.000000 -585.000000 2842.000000 199.000000 
132.380005 32.759998 -115.449997 46.099998 75.139999 0.000000 -855.000000 2897.000000 788.000000 -447.000000 2662.000000 430.000000 
133.050003 37.369999 -117.889999 41.169998 71.040001 0.000000 -507.000000 2769.000000 832.000000 -272.000000 2438.000000 676.000000 
133.550003 42.209999 -120.540001 35.790001 66.110001 0.000000 -9.000000 2491.000000 958.000000 -171.000000 2165.000000 784.000000 
133.820007 47.209999 -123.419998 30.150000 60.209999 0.000000 423.000000 2055.000000 1113.000000 -117.000000 1844.000000 1083.000000 
133.820007 52.340000 -126.529999 24.480000 53.380001 0.000000 695.000000 1610.000000 1275.000000 -286.000000 1452.000000 1403.000000 
133.399994 57.549999 -129.979996 18.889999 45.799999 0.000000 963.000000 1183.000000 1355.000000 -500.000000 1082.000000 1569.000000 
132.240005 62.750000 -134.119995 13.550000 37.759998 0.000000 1110.000000 719.000000 1482.000000 -727.000000 767.000000 1810.000000 
129.830002 67.809998 -139.429993 8.500000 29.840000 0.000000 1283.000000 233.000000 1740.000000 -933.000000 604.000000 2175.000000 
125.230003 72.610001 -146.830002 4.060000 22.469999 0.000000 1434.000000 -52.000000 1954.000000 -1221.000000 354.000000 2456.000000 
116.570000 76.900002 -158.210007 0.200000 16.030001 0.000000 1849.000000 -479.000000 2248.000000 -893.000000 55.000000 2617.000000 
99.500000 80.209999 -177.789993 -3.240000 10.510000 0.000000 1994.000000 -811.000000 2602.000000 -978.000000 -147.000000 2852.000000 
68.599998 81.730003 149.729996 -6.240000 5.860000 0.000000 2281.000000 -1137.000000 2879.000000 -865.000000 -374.000000 3194.000000 
34.730000 81.070000 115.000000 -8.880000 1.840000 0.000000 2337.000000 -1455.000000 3102.000000 -990.000000 -794.000000 3427.000000 
14.120000 78.949997 92.910004 -11.270000 -1.630000 0.000000 2521.000000 -1713.000000 3282.000000 -1312.000000 -951.000000 3755.000000 
3.050000 76.349998 80.129997 -13.410000 -4.610000 0.000000 2555.000000 -1852.000000 3434.000000 -1307.000000 -1029.000000 3997.000000 
-3.140000 73.589996 72.250000 -15.340000 -7.220000 0.000000 2625.000000 -1937.000000 3496.000000 -1408.000000 -1147.000000 4086.000000 
-6.970000 70.910004 66.839996 -17.049999 -9.540000 0.000000 2537.000000 -2028.000000 3514.000000 -1297.000000 -1289.000000 4059.000000 
-9.590000 68.349998 62.770000 -18.570000 -11.690000 0.000000 2536.000000 -2099.000000 3458.000000 -1375.000000 -1567.000000 3931.000000 
-11.760000 66.040001 59.259998 -19.980000 -13.710000 0.000000 2691.000000 -2337.000000 3404.000000 -1446.000000 -1907.000000 3988.000000 
-13.450000 63.840000 56.389999 -21.360001 -15.630000 0.000000 2927.000000 -2674.000000 3514.000000 -1715.000000 -2296.000000 4330.000000 
-14.870000 61.799999 53.910000 -22.709999 -17.420000 0.000000 3097.000000 -2864.000000 3693.000000 -1604.000000 -2493.000000 4775.000000 
-16.350000 59.889999 51.509998 -24.000000 -19.120001 0.000000 3283.000000 -2989.000000 3751.000000 -1249.000000 -2572.000000 5055.000000 
-18.150000 58.349998 49.009998 -25.200001 -20.700001 0.000000 3343.000000 -2935.000000 3693.000000 -1117.000000 -2587.000000 5025.000000 
-19.879999 57.070000 46.759998 -26.280001 -22.110001 0.000000 3457.000000 -2872.000000 3556.000000 -1055.000000 -2491.000000 4824.000000 
-21.370001 55.950001 44.750000 -27.280001 -23.440001 0.000000 3172.000000 -2761.000000 3324.000000 -942.000000 -2598.000000 4543.000000 
-22.910000 54.900002 42.790001 -28.200001 -24.639999 0.000000 3096.000000 -2709.000000 3136.000000 -1202.000000 -2623.000000 4344.000000 
-24.410000 53.860001 40.919998 -29.059999 -25.879999 0.000000 3144.000000 -2628.000000 2964.000000 -1074.000000 -2820.000000 4252.000000 
-25.940001 52.619999 39.090000 -29.930000 -27.250000 0.000000 3488.000000 -2733.000000 2955.000000 -1393.000000 -3553.000000 4140.000000 
-27.870001 50.990002 37.119999 -30.799999 -28.690001 0.000000 3879.000000 -3054.000000 3210.000000 -1033.000000 -3649.000000 5067.000000 
-29.469999 49.810001 35.470001 -31.600000 -29.860001 0.000000 4124.000000 -3183.000000 3202.000000 642.000000 -3528.000000 5964.000000 
-30.540001 48.880001 34.270000 -32.290001 -30.840000 0.000000 3894.000000 -3066.000000 2948.000000 -20.000000 -3248.000000 5075.000000 
-31.410000 48.189999 33.270000 -32.950001 -31.670000 0.000000 3698.000000 -2884.000000 2657.000000 -1384.000000 -3132.000000 4030.000000 
-31.969999 47.639999 32.599998 -33.619999 -32.430000 0.000000 3564.000000 -2755.000000 2535.000000 -626.000000 -2878.000000 3878.000000 
-32.529999 46.970001 31.940001 -34.250000 -33.160000 0.000000 3595.000000 -2607.000000 2368.000000 162.000000 -2892.000000 3941.000000 
-33.360001 46.049999 31.090000 -34.889999 -33.980000 0.000000 3749.000000 -2677.000000 2331.000000 -154.000000 -3086.000000 3854.000000 
-33.779999 44.360001 30.469999 -35.610001 -34.840000 0.000000 3821.000000 -2867.000000 2413.000000 -209.000000 -3349.000000 4068.000000 
-34.020000 42.660000 30.030001 -36.380001 -35.740002 0.000000 4067.000000 -2938.000000 2589.000000 -37.000000 -3436.000000 4086.000000 
-34.770000 41.240002 29.120001 -37.200001 -36.560001 0.000000 3996.000000 -2960.000000 2648.000000 87.000000 -3256.000000 4133.000000 
-34.880001 40.840000 28.719999 -38.049999 -37.320000 0.000000 3766.000000 -2870.000000 2596.000000 -31.000000 -3159.000000 4074.000000 
-35.430000 40.720001 28.120001 -38.860001 -37.910000 0.000000 3626.000000 -2718.000000 2409.000000 39.000000 -3021.000000 4013.000000 
-35.869999 40.650002 27.670000 -39.570000 -38.340000 0.000000 3150.000000 -2396.000000 2041.000000 175.000000 -2861.000000 3799.000000 
-36.980000 40.570000 26.860001 -41.160000 -39.139999 0.000000 -694.000000 -471.000000 -1487.000000 -28.000000 -3198.000000 3202.000000 
-37.480000 40.070000 26.540001 -41.619999 -39.689999 0.000000 6888.000000 -2529.000000 2655.000000 -1997.000000 -3621.000000 3646.000000 
-35.950001 38.310001 27.660000 -41.950001 -39.880001 0.000000 2729.000000 -2406.000000 1363.000000 1008.000000 -3015.000000 3151.000000 
-35.419998 35.820000 28.120001 -41.820000 -40.299999 0.000000 4263.000000 -2621.000000 2060.000000 556.000000 -3162.000000 3058.000000 
-34.570000 33.680000 28.780001 -41.480000 -39.889999 0.000000 3386.000000 -2569.000000 2155.000000 5203.000000 -13373.000000 21050.000000 
-34.560001 31.990000 28.950001 -41.430000 -38.849998 0.000000 3530.000000 -1743.000000 1487.000000 1647.000000 -2821.000000 3699.000000 
-34.169998 31.450001 29.170000 -41.830002 -38.700001 0.000000 4050.000000 -1677.000000 815.000000 694.000000 -1220.000000 1632.000000 
-33.310001 32.099998 29.400000 -42.209999 -39.080002 0.000000 1429.000000 -393.000000 -1825.000000 1080.000000 -2151.000000 1919.000000 
-32.450001 32.119999 29.680000 -41.990002 -38.570000 0.000000 3997.000000 -1976.000000 1312.000000 215.000000 -2729.000000 4531.000000 
-32.090000 31.500000 29.830000 -41.689999 -38.380001 0.000000 3622.000000 -1869.000000 1461.000000 1173.000000 -2684.000000 3513.000000 
-32.380001 30.740000 29.740000 -41.270000 -38.419998 0.000000 3715.000000 -1768.000000 1445.000000 935.000000 -2631.000000 3342.000000 
-32.630001 30.100000 29.530001 -40.779999 -38.480000 0.000000 3650.000000 -1771.000000 1506.000000 900.000000 -2714.000000 3416.000000 
-33.360001 30.520000 28.670000 -40.340000 -38.619999 0.000000 3432.000000 -1957.000000 1573.000000 678.000000 -2802.000000 3367.000000 
-34.349998 31.120001 28.120001 -39.799999 -38.799999 0.000000 3465.000000 -1947.000000 1582.000000 516.000000 -2845.000000 3222.000000 
-35.299999 31.750000 27.690001 -39.209999 -38.959999 0.000000 3407.000000 -2175.000000 1614.000000 536.000000 -2956.000000 3216.000000 
-36.380001 32.130001 27.230000 -38.419998 -38.990002 0.000000 3304.000000 -2222.000000 1596.000000 627.000000 -3030.000000 3250.000000 
-37.529999 32.110001 26.770000 -37.360001 -38.939999 0.000000 2763.000000 -2603.000000 2167.000000 645.000000 -3188.000000 3350.000000 
-38.619999 32.299999 26.230000 -36.240002 -38.790001 0.000000 3181.000000 -2902.000000 1896.000000 407.000000 -3442.000000 3526.000000 
-39.610001 33.029999 25.820000 -34.419998 -38.770000 0.000000 2226.000000 -3661.000000 3376.000000 483.000000 -3035.000000 2423.000000 
-39.880001 32.970001 25.910000 -31.570000 -39.240002 0.000000 3904.000000 -4727.000000 6134.000000 -414.000000 -4496.000000 4576.000000 
-40.889999 33.799999 25.559999 -27.230000 -39.119999 0.000000 3611.000000 -3355.000000 3458.000000 551.000000 -4840.000000 6965.000000 
-41.400002 35.349998 25.570000 -22.980000 -38.509998 0.000000 6898.000000 -2471.000000 2786.000000 1011.000000 -5112.000000 6678.000000 
-42.110001 36.099998 25.549999 -19.629999 -37.790001 0.000000 5265.000000 -2309.000000 2517.000000 658.000000 -4770.000000 4181.000000 
-42.950001 36.930000 25.360001 -17.219999 -37.020000 0.000000 4375.000000 -2580.000000 1809.000000 1652.000000 -3837.000000 2310.000000 
-43.820000 37.919998 24.969999 -15.490000 -36.450001 0.000000 3881.000000 -2621.000000 1736.000000 2207.000000 -3356.000000 1584.000000 
-44.770000 38.950001 24.340000 -14.320000 -36.290001 0.000000 3323.000000 -2741.000000 2493.000000 1451.000000 -3374.000000 1759.000000 
-45.900002 40.070000 23.530001 -13.460000 -36.509998 0.000000 2932.000000 -2759.000000 2845.000000 362.000000 -3557.000000 2219.000000 
-46.959999 41.060001 22.799999 -12.750000 -36.910000 0.000000 2572.000000 -2577.000000 2843.000000 -142.000000 -3573.000000 2579.000000 
-47.830002 41.689999 22.270000 -12.170000 -37.360001 0.000000 2218.000000 -2396.000000 2471.000000 -89.000000 -3384.000000 2628.000000 
-48.380001 41.950001 22.040001 -11.720000 -37.840000 0.000000 1937.000000 -2122.000000 1794.000000 93.000000 -3141.000000 2499.000000 
-48.590000 41.889999 22.080000 -11.440000 -38.299999 0.000000 1925.000000 -1862.000000 1387.000000 394.000000 -2734.000000 2243.000000 
-48.340000 41.570000 22.540001 -11.260000 -38.700001 0.000000 1940.000000 -1588.000000 1216.000000 770.000000 -2365.000000 2116.000000 
-47.869999 41.150002 23.129999 -11.190000 -39.000000 0.000000 1835.000000 -1358.000000 1183.000000 1270.000000 -2160.000000 2050.000000 
-47.340000 40.580002 23.740000 -11.120000 -39.220001 0.000000 2020.000000 -1163.000000 1337.000000 1793.000000 -1962.000000 2095.000000 
-46.759998 39.810001 24.260000 -11.030000 -39.450001 0.000000 2524.000000 -1000.000000 1607.000000 2054.000000 -1854.000000 2203.000000 
-45.880001 38.939999 24.809999 -10.910000 -39.709999 0.000000 3051.000000 -858.000000 2229.000000 2023.000000 -1841.000000 2443.000000 
-44.630001 38.119999 25.430000 -10.650000 -40.020000 0.000000 3431.000000 -747.000000 2715.000000 1770.000000 -1920.000000 2734.000000 
-43.139999 37.360001 26.040001 -10.190000 -40.310001 0.000000 3463.000000 -639.000000 2811.000000 1407.000000 -1965.000000 3111.000000 
-41.470001 36.730000 26.620001 -9.560000 -40.570000 0.000000 3189.000000 -594.000000 2593.000000 1214.000000 -2078.000000 3460.000000 
-39.689999 36.230000 27.160000 -8.830000 -40.709999 0.000000 2695.000000 -445.000000 2175.000000 922.000000 -2073.000000 3507.000000 
-37.860001 35.830002 27.610001 -8.120000 -40.779999 0.000000 2411.000000 -409.000000 2138.000000 745.000000 -2021.000000 3401.000000 
-36.029999 35.500000 28.040001 -7.530000 -40.770000 0.000000 2301.000000 -413.000000 2094.000000 658.000000 -1917.000000 3133.000000 
-34.340000 35.139999 28.299999 -7.040000 -40.750000 0.000000 2320.000000 -397.000000 2311.000000 582.000000 -1832.000000 2880.000000 
-32.759998 34.770000 28.440001 -6.670000 -40.740002 0.000000 2429.000000 -471.000000 2775.000000 688.000000 -1787.000000 2693.000000 
-31.400000 34.570000 28.360001 -6.330000 -40.759998 0.000000 2487.000000 -465.000000 3026.000000 784.000000 -1873.000000 2760.000000 
-30.360001 34.549999 28.000000 -6.010000 -40.820000 0.000000 2480.000000 -502.000000 3198.000000 648.000000 -2021.000000 2900.000000 
-29.500000 34.630001 27.420000 -5.610000 -40.959999 0.000000 2308.000000 -452.000000 3343.000000 185.000000 -2218.000000 2963.000000 
-28.809999 34.790001 26.639999 -5.230000 -41.180000 0.000000 2034.000000 -508.000000 3550.000000 -490.000000 -2410.000000 3191.000000 
-28.219999 35.029999 25.820000 -4.930000 -41.380001 0.000000 1876.000000 -552.000000 3867.000000 -1025.000000 -2533.000000 3365.000000 
-27.660000 35.320000 25.000000 -4.620000 -41.529999 0.000000 1505.000000 -526.000000 3973.000000 -1428.000000 -2598.000000 3485.000000 
-27.160000 35.630001 24.240000 -4.330000 -41.570000 0.000000 1161.000000 -409.000000 3822.000000 -1469.000000 -2530.000000 3469.000000 
-26.740000 35.939999 23.520000 -4.170000 -41.500000 0.000000 915.000000 -433.000000 3683.000000 -1394.000000 -2356.000000 3335.000000 
-26.450001 36.189999 22.820000 -4.130000 -41.299999 0.000000 654.000000 -483.000000 3684.000000 -1408.000000 -2150.000000 3145.000000 
-26.190001 36.310001 22.180000 -4.050000 -41.029999 0.000000 465.000000 -369.000000 3660.000000 -1545.000000 -2052.000000 2823.000000 
-25.870001 36.310001 21.650000 -3.990000 -40.759998 0.000000 513.000000 -324.000000 3618.000000 -1867.000000 -2017.000000 2588.000000 
-25.469999 36.220001 21.230000 -3.960000 -40.549999 0.000000 622.000000 -265.000000 3709.000000 -1974.000000 -2013.000000 2641.000000 
-25.059999 36.080002 20.920000 -3.990000 -40.410000 0.000000 757.000000 -262.000000 3815.000000 -1812.000000 -2010.000000 2736.000000 
-24.730000 35.950001 20.690001 -4.090000 -40.340000 0.000000 744.000000 -283.000000 3747.000000 -1611.000000 -1974.000000 2796.000000 
-24.500000 35.840000 20.520000 -4.220000 -40.320000 0.000000 686.000000 -215.000000 3545.000000 -1471.000000 -1867.000000 2766.000000 
-24.290001 35.779999 20.440001 -4.470000 -40.410000 0.000000 697.000000 -248.000000 3369.000000 -2422.000000 -6494.000000 8683.000000 
-25.030001 35.650002 19.610001 -2.020000 -39.070000 0.000000 -9776.000000 5177.000000 10363.000000 -3806.000000 -9426.000000 1654.000000 
-24.580000 36.200001 20.209999 -0.130000 -38.939999 0.000000 6673.000000 -8596.000000 6927.000000 1166.000000 -2070.000000 45.000000 
-24.450001 37.540001 20.959999 3.420000 -37.529999 0.000000 3250.000000 3272.000000 4441.000000 -1879.000000 -4218.000000 4227.000000 
-23.850000 37.810001 21.680000 5.090000 -35.660000 0.000000 -103.000000 1465.000000 4926.000000 -2580.000000 -2443.000000 5036.000000 
-22.700001 37.720001 22.639999 4.620000 -34.880001 0.000000 960.000000 1175.000000 5498.000000 1031.000000 -2106.000000 3349.000000 
-20.570000 37.500000 24.180000 3.810000 -34.770000 0.000000 2243.000000 647.000000 3161.000000 -979.000000 -229.000000 3759.000000 
-18.690001 37.419998 25.459999 3.580000 -34.360001 0.000000 2846.000000 678.000000 3332.000000 816.000000 -913.000000 3070.000000 
-17.440001 36.930000 26.240000 3.300000 -34.410000 0.000000 1858.000000 404.000000 4098.000000 1041.000000 -2476.000000 4375.000000 
-17.520000 35.970001 26.330000 2.140000 -35.130001 0.000000 3059.000000 -48.000000 3290.000000 1526.000000 -3042.000000 3744.000000 
-18.240000 35.029999 26.059999 0.350000 -36.240002 0.000000 3611.000000 -394.000000 2802.000000 1936.000000 -2926.000000 3284.000000 
-18.930000 34.150002 25.629999 -1.740000 -37.669998 0.000000 5178.000000 -156.000000 2424.000000 904.000000 -3206.000000 3098.000000 
-19.200001 33.590000 25.209999 -4.270000 -38.980000 0.000000 2401.000000 -1270.000000 2484.000000 1116.000000 -2996.000000 3044.000000 
-17.959999 32.919998 25.500000 -6.900000 -40.250000 0.000000 2448.000000 -1799.000000 2969.000000 596.000000 -2986.000000 2959.000000 
-16.350000 32.610001 26.059999 -9.480000 -41.509998 0.000000 2741.000000 -1833.000000 3009.000000 487.000000 -3149.000000 2798.000000 
-15.180000 32.020000 26.490000 -11.750000 -42.669998 0.000000 2625.000000 -1872.000000 2911.000000 584.000000 -3236.000000 2737.000000 
-15.350000 31.350000 26.250000 -13.700000 -43.639999 0.000000 2496.000000 -2041.000000 2973.000000 494.000000 -3247.000000 2673.000000 
-16.200001 31.379999 25.760000 -15.300000 -44.430000 0.000000 2491.000000 -2154.000000 2973.000000 513.000000 -3315.000000 2640.000000 
-17.080000 31.670000 25.280001 -16.510000 -44.980000 0.000000 2376.000000 -2193.000000 2981.000000 354.000000 -3355.000000 2643.000000 
-17.820000 32.160000 24.910000 -17.309999 -45.299999 0.000000 2329.000000 -2165.000000 3014.000000 252.000000 -3349.000000 2639.000000 
-18.260000 32.840000 24.760000 -17.719999 -45.330002 0.000000 2394.000000 -2045.000000 3040.000000 265.000000 -3231.000000 2759.000000 
-18.570000 33.490002 24.719999 -17.799999 -45.209999 0.000000 2397.000000 -1904.000000 3102.000000 365.000000 -3185.000000 2780.000000 
-18.750000 33.860001 24.950001 -17.650000 -44.950001 0.000000 2503.000000 -1770.000000 3050.000000 436.000000 -3150.000000 2868.000000 
-18.770000 33.450001 25.430000 -17.340000 -44.570000 0.000000 2559.000000 -1632.000000 3095.000000 547.000000 -3067.000000 2984.000000 
-18.700001 32.869999 25.940001 -16.980000 -44.110001 0.000000 2621.000000 -1539.000000 3058.000000 594.000000 -2963.000000 3037.000000 
-17.990000 32.849998 26.670000 -16.620001 -43.619999 0.000000 2583.000000 -1470.000000 3095.000000 558.000000 -2892.000000 3133.000000 
-17.309999 33.250000 27.270000 -16.320000 -43.169998 0.000000 2463.000000 -1456.000000 3168.000000 501.000000 -2862.000000 3148.000000 
-17.000000 33.889999 27.530001 -16.080000 -42.810001 0.000000 2405.000000 -1437.000000 3242.000000 477.000000 -2852.000000 3134.000000 
-16.990000 34.549999 27.620001 -15.940000 -42.520000 0.000000 2375.000000 -1458.000000 3239.000000 413.000000 -2868.000000 3157.000000 
-17.059999 35.130001 27.730000 -15.900000 -42.320000 0.000000 2377.000000 -1497.000000 3233.000000 404.000000 -2877.000000 3125.000000 
-17.389999 35.680000 27.600000 -15.910000 -42.189999 0.000000 2399.000000 -1510.000000 3218.000000 411.000000 -2893.000000 3100.000000 
-17.540001 35.959999 27.740000 -15.980000 -42.090000 0.000000 2441.000000 -1535.000000 3203.000000 415.000000 -2909.000000 3123.000000 
-17.820000 36.070000 27.760000 -16.080000 -42.020000 0.000000 2456.000000 -1545.000000 3220.000000 449.000000 -2907.000000 3100.000000 
-18.139999 35.919998 27.820000 -16.219999 -41.990002 0.000000 2446.000000 -1578.000000 3140.000000 462.000000 -2940.000000 3082.000000 
-18.549999 35.720001 27.750000 -16.340000 -41.970001 0.000000 2473.000000 -1587.000000 3187.000000 462.000000 -2946.000000 3090.000000 
-18.639999 35.439999 27.990000 -16.440001 -41.959999 0.000000 2450.000000 -1573.000000 3155.000000 469.000000 -2974.000000 3064.000000 
-19.100000 35.540001 27.750000 -16.530001 -41.939999 0.000000 2473.000000 -1573.000000 3192.000000 446.000000 -2959.000000 3064.000000 
-19.330000 35.490002 27.770000 -16.580000 -41.900002 0.000000 2455.000000 -1574.000000 3180.000000 448.000000 -2965.000000 3092.000000 
-19.330000 35.450001 28.059999 -16.620001 -41.840000 0.000000 2467.000000 -1568.000000 3170.000000 436.000000 -2943.000000 3089.000000 
-19.120001 35.410000 28.469999 -16.629999 -41.779999 0.000000 2443.000000 -1558.000000 3196.000000 457.000000 -2938.000000 3073.000000 
-19.120001 35.450001 28.709999 -16.620001 -41.700001 0.000000 2430.000000 -1536.000000 3210.000000 462.000000 -2929.000000 3083.000000 
-19.170000 35.529999 28.840000 -16.600000 -41.619999 0.000000 2469.000000 -1531.000000 3200.000000 452.000000 -2915.000000 3106.000000 
-18.629999 35.509998 29.469999 -16.570000 -41.520000 0.000000 2446.000000 -1489.000000 3190.000000 455.000000 -2899.000000 3130.000000 
-18.379999 35.490002 29.870001 -16.570000 -41.439999 0.000000 2442.000000 -1491.000000 3203.000000 464.000000 -2881.000000 3121.000000 
-18.520000 35.680000 29.830000 -16.590000 -41.360001 0.000000 2429.000000 -1479.000000 3216.000000 451.000000 -2860.000000 3139.000000 
