1.950000 27.540001 59.619999 -12.790000 -24.820000 0.000000 2343.000000 -809.000000 3572.000000 -1182.000000 -1882.000000 3944.000000 
1.850000 27.549999 59.509998 -12.990000 -24.709999 0.000000 2342.000000 -723.000000 3618.000000 -1127.000000 -1796.000000 3995.000000 
1.990000 27.230000 59.549999 -13.270000 -24.379999 0.000000 2650.000000 -637.000000 3529.000000 -1295.000000 -1683.000000 4317.000000 
2.310000 27.000000 59.689999 -13.290000 -24.270000 0.000000 2281.000000 62.000000 3280.000000 -1080.000000 -1509.000000 4108.000000 
2.530000 26.820000 59.720001 -13.650000 -24.360001 0.000000 2776.000000 -382.000000 3561.000000 -1167.000000 -1623.000000 4236.000000 
2.550000 26.980000 59.610001 -13.850000 -24.650000 0.000000 1900.000000 -530.000000 3307.000000 -1116.000000 -1593.000000 4254.000000 
2.370000 27.600000 59.430000 -14.480000 -25.389999 0.000000 1709.000000 -810.000000 2212.000000 -1123.000000 -1830.000000 4164.000000 
1.900000 28.430000 59.080002 -14.470000 -26.200001 0.000000 3158.000000 -489.000000 3711.000000 -1021.000000 -1715.000000 4137.000000 
1.440000 29.190001 58.619999 -14.240000 -27.840000 0.000000 2988.000000 -1060.000000 3858.000000 10.000000 -2287.000000 4226.000000 
0.780000 29.379999 58.150002 -13.670000 -29.240000 0.000000 3894.000000 -263.000000 4167.000000 2151.000000 -4211.000000 9569.000000 
1.130000 30.780001 57.869999 -13.330000 -29.590000 0.000000 1034.000000 -851.000000 6798.000000 -5132.000000 -2856.000000 3256.000000 
1.010000 34.169998 57.419998 -12.960000 -30.639999 0.000000 996.000000 -685.000000 7575.000000 -2529.000000 -2045.000000 3572.000000 
-0.390000 37.560001 56.200001 -12.730000 -31.410000 0.000000 2279.000000 -1326.000000 7017.000000 -1245.000000 -1605.000000 2727.000000 
-1.930000 40.610001 54.810001 -12.240000 -32.459999 0.000000 1834.000000 -1229.000000 6257.000000 -1555.000000 -1635.000000 2161.000000 
-2.520000 43.310001 53.869999 -11.270000 -33.720001 0.000000 929.000000 -547.000000 5027.000000 -2896.000000 -2000.000000 2107.000000 
-2.610000 45.340000 53.040001 -10.260000 -35.090000 0.000000 719.000000 -535.000000 3724.000000 -3999.000000 -2580.000000 2839.000000 
-2.200000 46.880001 52.610001 -8.990000 -36.130001 0.000000 1241.000000 -305.000000 3150.000000 -4151.000000 -2867.000000 3516.000000 
-1.500000 48.240002 52.619999 -7.590000 -36.799999 0.000000 1271.000000 -177.000000 3633.000000 -4040.000000 -2523.000000 3144.000000 
-1.910000 49.180000 51.849998 -6.160000 -36.889999 0.000000 1375.000000 14.000000 4328.000000 -3180.000000 -1677.000000 2603.000000 
-1.530000 49.750000 51.570000 -4.800000 -36.380001 0.000000 1535.000000 122.000000 4190.000000 -1550.000000 -1171.000000 2084.000000 
-0.460000 50.020000 51.750000 -3.420000 -35.869999 0.000000 1475.000000 262.000000 3171.000000 -1026.000000 -983.000000 1829.000000 
0.780000 50.080002 52.060001 -2.070000 -35.610001 0.000000 1242.000000 337.000000 2409.000000 -1655.000000 -1073.000000 1778.000000 
1.590000 50.270000 52.180000 -1.040000 -35.549999 0.000000 1145.000000 264.000000 2215.000000 -1869.000000 -1370.000000 1943.000000 
1.710000 50.509998 51.810001 -0.360000 -35.560001 0.000000 978.000000 206.000000 2457.000000 -1900.000000 -1567.000000 1991.000000 
1.600000 50.580002 51.320000 -0.270000 -35.580002 0.000000 877.000000 21.000000 2900.000000 -1876.000000 -1834.000000 2176.000000 
1.150000 50.330002 50.650002 -0.620000 -35.770000 0.000000 995.000000 -172.000000 3119.000000 -1632.000000 -2321.000000 2616.000000 
0.120000 50.049999 49.570000 -1.200000 -35.750000 0.000000 1041.000000 -320.000000 3167.000000 -2067.000000 -2486.000000 2750.000000 
-1.090000 49.590000 48.299999 -1.780000 -35.860001 0.000000 1060.000000 -313.000000 2995.000000 -1850.000000 -2442.000000 2444.000000 
-2.120000 48.590000 47.259998 -2.550000 -35.820000 0.000000 1134.000000 -476.000000 2684.000000 -1392.000000 -2386.000000 2363.000000 
-3.170000 47.209999 46.169998 -3.460000 -35.500000 0.000000 1365.000000 -647.000000 2575.000000 -1003.000000 -2334.000000 2529.000000 
-4.180000 45.610001 45.209999 -4.610000 -35.369999 0.000000 1691.000000 -1049.000000 2906.000000 -968.000000 -2541.000000 2477.000000 
-5.510000 44.209999 44.009998 -5.880000 -35.509998 0.000000 1577.000000 -1094.000000 3172.000000 -1216.000000 -2673.000000 2141.000000 
-6.710000 42.599998 42.950001 -7.240000 -35.570000 0.000000 1662.000000 -1226.000000 3751.000000 -1726.000000 -2833.000000 2286.000000 
-7.630000 40.950001 42.090000 -8.530000 -35.599998 0.000000 1943.000000 -1358.000000 4431.000000 -1662.000000 -3008.000000 2681.000000 
-8.360000 39.360001 41.349998 -9.550000 -35.369999 0.000000 2168.000000 -1337.000000 4897.000000 -1388.000000 -2995.000000 2865.000000 
-9.000000 37.900002 40.779999 -10.230000 -35.119999 0.000000 2347.000000 -1243.000000 4569.000000 -588.000000 -2831.000000 2736.000000 
-9.570000 36.590000 40.250000 -10.750000 -34.900002 0.000000 2294.000000 -1339.000000 3956.000000 -414.000000 -2861.000000 2791.000000 
-10.390000 35.509998 39.619999 -11.240000 -34.779999 0.000000 2083.000000 -1466.000000 3249.000000 -364.000000 -3061.000000 2942.000000 
-11.280000 34.500000 38.919998 -11.780000 -34.599998 0.000000 1750.000000 -1486.000000 2618.000000 -568.000000 -3144.000000 3057.000000 
-12.060000 33.480000 38.279999 -12.400000 -34.299999 0.000000 1812.000000 -1479.000000 2527.000000 -502.000000 -3113.000000 3133.000000 
-12.690000 32.259998 37.669998 -13.150000 -33.790001 0.000000 1750.000000 -1441.000000 2632.000000 -393.000000 -2930.000000 2974.000000 
-13.000000 30.670000 37.200001 -14.080000 -33.130001 0.000000 1739.000000 -1498.000000 2820.000000 -139.000000 -2711.000000 2959.000000 
-13.000000 28.799999 36.939999 -15.050000 -32.599998 0.000000 1198.000000 -1004.000000 2302.000000 285.000000 -2768.000000 2749.000000 
-12.490000 26.840000 36.939999 -16.230000 -32.259998 0.000000 1924.000000 -1748.000000 2234.000000 -245.000000 -2609.000000 2361.000000 
-12.390000 24.770000 36.740002 -17.620001 -31.969999 0.000000 1460.000000 -1992.000000 1806.000000 -260.000000 -2491.000000 1916.000000 
-13.000000 23.000000 36.259998 -19.290001 -31.690001 0.000000 1347.000000 -2195.000000 2038.000000 -200.000000 -2705.000000 2035.000000 
-13.730000 21.110001 35.860001 -21.209999 -31.410000 0.000000 1513.000000 -2488.000000 2846.000000 -157.000000 -3059.000000 2367.000000 
-14.430000 18.990000 35.509998 -23.270000 -31.000000 0.000000 1798.000000 -2581.000000 3648.000000 -260.000000 -3394.000000 2954.000000 
-15.140000 16.920000 35.250000 -25.290001 -30.590000 0.000000 2054.000000 -2576.000000 4114.000000 -271.000000 -3626.000000 3494.000000 
-15.820000 14.950000 35.020000 -27.190001 -30.219999 0.000000 2554.000000 -2535.000000 4206.000000 -206.000000 -3787.000000 3961.000000 
-16.490000 13.230000 34.880001 -28.879999 -29.889999 0.000000 2718.000000 -2487.000000 3969.000000 -302.000000 -3765.000000 4213.000000 
-17.090000 11.770000 34.799999 -30.370001 -29.549999 0.000000 2676.000000 -2356.000000 3701.000000 -243.000000 -3472.000000 4166.000000 
-17.240000 10.450000 34.970001 -31.760000 -29.200001 0.000000 2609.000000 -2218.000000 3298.000000 -40.000000 -2960.000000 3630.000000 
-16.780001 9.320000 35.250000 -33.220001 -28.870001 0.000000 2378.000000 -2163.000000 2901.000000 130.000000 -2442.000000 2893.000000 
-16.389999 8.920000 35.660000 -34.880001 -28.549999 0.000000 2078.000000 -2112.000000 2259.000000 469.000000 -2082.000000 2602.000000 
-16.139999 8.470000 36.049999 -36.830002 -28.260000 0.000000 1823.000000 -2084.000000 1024.000000 849.000000 -1971.000000 2801.000000 
-15.950000 6.980000 36.299999 -39.080002 -28.150000 0.000000 1941.000000 -2206.000000 1233.000000 1548.000000 -2294.000000 2796.000000 
-15.980000 5.430000 36.340000 -40.270000 -27.980000 0.000000 3379.000000 -2476.000000 3016.000000 1551.000000 -2250.000000 3234.000000 
-15.360000 4.550000 36.380001 -41.650002 -28.219999 0.000000 4478.000000 -2711.000000 2281.000000 275.000000 -3432.000000 4913.000000 
-14.930000 5.110000 36.279999 -42.400002 -28.700001 0.000000 2843.000000 -2422.000000 2585.000000 -403.000000 -3781.000000 5463.000000 
-14.530000 5.570000 36.389999 -42.520000 -29.000000 0.000000 2778.000000 -2364.000000 2932.000000 -172.000000 -3464.000000 4432.000000 
-14.400000 5.740000 36.560001 -43.290001 -29.209999 0.000000 3323.000000 -2495.000000 2575.000000 -141.000000 -3005.000000 3675.000000 
-13.960000 6.330000 36.820000 -43.470001 -29.480000 0.000000 2757.000000 -2431.000000 2709.000000 180.000000 -2677.000000 3365.000000 
-13.440000 6.940000 37.020000 -43.970001 -29.790001 0.000000 2454.000000 -2362.000000 2345.000000 802.000000 -2269.000000 2754.000000 
-13.180000 7.410000 37.139999 -44.250000 -30.240000 0.000000 2537.000000 -2557.000000 2689.000000 290.000000 -2276.000000 2337.000000 
-13.210000 8.130000 37.150002 -44.209999 -30.840000 0.000000 2778.000000 -2216.000000 2430.000000 -280.000000 -2524.000000 2411.000000 
-13.420000 8.950000 37.090000 -44.540001 -31.540001 0.000000 2019.000000 -2395.000000 2739.000000 -281.000000 -2805.000000 2939.000000 
-13.820000 9.740000 37.080002 -44.509998 -32.200001 0.000000 2449.000000 -2287.000000 2785.000000 352.000000 -2962.000000 3707.000000 
-14.220000 10.440000 37.070000 -45.080002 -32.709999 0.000000 3241.000000 -1799.000000 2005.000000 373.000000 -2925.000000 4207.000000 
-14.290000 10.900000 37.049999 -45.599998 -33.020000 0.000000 3148.000000 -1705.000000 2051.000000 435.000000 -2671.000000 3871.000000 
-13.650000 10.860000 37.230000 -46.279999 -33.200001 0.000000 3009.000000 -1974.000000 2022.000000 189.000000 -2333.000000 3322.000000 
-13.050000 10.450000 37.320000 -46.840000 -33.389999 0.000000 3035.000000 -2283.000000 2271.000000 184.000000 -2174.000000 3217.000000 
-12.660000 9.890000 37.320000 -47.130001 -33.759998 0.000000 2473.000000 -1755.000000 1930.000000 445.000000 -2468.000000 3143.000000 
-12.240000 10.120000 37.389999 -48.419998 -34.230000 0.000000 3166.000000 -1856.000000 1453.000000 588.000000 -2325.000000 2965.000000 
-12.250000 10.490000 37.380001 -49.340000 -34.770000 0.000000 3429.000000 -2055.000000 1687.000000 610.000000 -2330.000000 3155.000000 
-12.900000 10.240000 37.290001 -49.730000 -35.509998 0.000000 3223.000000 -3759.000000 5668.000000 388.000000 -2792.000000 3327.000000 
-13.770000 10.720000 37.080002 -50.500000 -36.320000 0.000000 2257.000000 -2959.000000 2424.000000 5.000000 -2992.000000 3340.000000 
-14.380000 11.490000 36.750000 -50.810001 -37.110001 0.000000 2677.000000 -2394.000000 1922.000000 91.000000 -3286.000000 3432.000000 
-15.090000 11.270000 36.549999 -51.070000 -37.810001 0.000000 989.000000 -433.000000 1719.000000 401.000000 -3213.000000 3131.000000 
-15.750000 11.400000 36.270000 -51.840000 -38.509998 0.000000 2574.000000 -2597.000000 1898.000000 540.000000 -3270.000000 3468.000000 
-16.540001 11.650000 36.070000 -52.310001 -39.080002 0.000000 2316.000000 -2800.000000 2039.000000 646.000000 -3081.000000 3169.000000 
-17.230000 11.520000 35.889999 -53.110001 -39.500000 0.000000 2635.000000 -2418.000000 1392.000000 444.000000 -2964.000000 2789.000000 
-17.940001 11.430000 35.660000 -53.970001 -39.799999 0.000000 2718.000000 -2406.000000 1420.000000 212.000000 -2916.000000 2993.000000 
-18.600000 11.070000 35.419998 -55.009998 -40.029999 0.000000 2732.000000 -2623.000000 1486.000000 1026.000000 -3185.000000 3114.000000 
-18.809999 11.320000 35.270000 -55.939999 -40.250000 0.000000 2734.000000 -2485.000000 1421.000000 58.000000 -3228.000000 3086.000000 
-18.790001 11.420000 35.049999 -56.549999 -40.450001 0.000000 -1164.000000 -21.000000 1883.000000 -192.000000 -3144.000000 3085.000000 
-18.639999 11.510000 35.220001 -57.240002 -40.580002 0.000000 2470.000000 -2672.000000 1677.000000 233.000000 -2713.000000 2758.000000 
-18.860001 10.770000 35.169998 -57.889999 -40.720001 0.000000 2938.000000 -3003.000000 1733.000000 181.000000 -3181.000000 3269.000000 
-19.080000 10.170000 35.110001 -58.820000 -40.770000 0.000000 3295.000000 -2811.000000 1379.000000 970.000000 -2947.000000 3356.000000 
-19.120001 9.550000 35.330002 -59.689999 -40.799999 0.000000 3185.000000 -2625.000000 1179.000000 832.000000 -2996.000000 3653.000000 
-18.830000 9.050000 35.549999 -59.900002 -40.820000 0.000000 3226.000000 -2691.000000 1397.000000 998.000000 -2939.000000 3622.000000 
-18.450001 8.740000 35.790001 -60.540001 -40.889999 0.000000 3115.000000 -2707.000000 1052.000000 1040.000000 -2977.000000 3446.000000 
-18.760000 8.610000 35.810001 -61.250000 -40.630001 0.000000 3228.000000 -2760.000000 779.000000 1379.000000 -3385.000000 4407.000000 
-19.129999 8.900000 35.919998 -61.700001 -40.130001 0.000000 3275.000000 -2882.000000 966.000000 40.000000 -3449.000000 3567.000000 
-19.020000 8.950000 36.150002 -61.980000 -39.779999 0.000000 3391.000000 -2911.000000 934.000000 -288.000000 -3216.000000 2909.000000 
-18.549999 9.520000 36.360001 -61.509998 -39.459999 0.000000 3186.000000 -3134.000000 1370.000000 1019.000000 -2708.000000 2743.000000 
-18.700001 10.390000 36.430000 -60.840000 -39.369999 0.000000 3187.000000 -3247.000000 1472.000000 880.000000 -2705.000000 2713.000000 
-19.270000 10.830000 36.490002 -60.020000 -39.439999 0.000000 3794.000000 -3205.000000 1473.000000 843.000000 -2696.000000 2723.000000 
-20.000000 11.720000 36.320000 -59.070000 -39.610001 0.000000 4179.000000 -3072.000000 1479.000000 1108.000000 -3066.000000 3654.000000 
-20.360001 13.000000 36.250000 -57.189999 -39.820000 0.000000 3777.000000 -2892.000000 2026.000000 235.000000 -3184.000000 3608.000000 
-20.160000 14.350000 36.169998 -55.660000 -39.980000 0.000000 3423.000000 -2790.000000 1707.000000 445.000000 -2932.000000 3185.000000 
-20.459999 15.800000 36.090000 -54.860001 -40.070000 0.000000 3146.000000 -2710.000000 1442.000000 1326.000000 -2715.000000 3220.000000 
-20.870001 17.139999 35.849998 -54.380001 -40.090000 0.000000 3116.000000 -2745.000000 1311.000000 298.000000 -2970.000000 3276.000000 
-20.730000 18.070000 35.689999 -53.750000 -39.930000 0.000000 3095.000000 -2763.000000 1460.000000 -443.000000 -3338.000000 3833.000000 
-20.049999 18.690001 35.730000 -52.869999 -39.680000 0.000000 2964.000000 -2928.000000 1760.000000 -152.000000 -3202.000000 3766.000000 
-19.459999 19.610001 35.720001 -52.279999 -39.490002 0.000000 2757.000000 -3045.000000 1786.000000 28.000000 -2722.000000 2922.000000 
-19.410000 19.959999 35.750000 -51.689999 -39.459999 0.000000 2911.000000 -3194.000000 1790.000000 -40.000000 -2456.000000 2707.000000 
-20.080000 20.480000 35.580002 -50.680000 -39.720001 0.000000 3319.000000 -3025.000000 1869.000000 248.000000 -2599.000000 3232.000000 
-20.420000 21.250000 35.240002 -49.779999 -40.340000 0.000000 3327.000000 -2852.000000 1559.000000 -247.000000 -2768.000000 3196.000000 
-21.090000 23.200001 34.919998 -48.130001 -41.180000 0.000000 3335.000000 -2607.000000 1990.000000 -786.000000 -2959.000000 3100.000000 
-21.990000 25.270000 34.459999 -46.529999 -42.009998 0.000000 3508.000000 -2636.000000 2087.000000 -98.000000 -3293.000000 3948.000000 
-23.350000 26.889999 33.810001 -44.889999 -42.770000 0.000000 3536.000000 -2683.000000 2303.000000 1109.000000 -3166.000000 3954.000000 
-24.740000 28.559999 32.990002 -43.200001 -43.650002 0.000000 3170.000000 -2873.000000 2580.000000 -420.000000 -3322.000000 3274.000000 
-25.770000 30.570000 32.230000 -41.720001 -44.630001 0.000000 2939.000000 -3044.000000 2761.000000 -1549.000000 -3618.000000 2926.000000 
-26.370001 32.750000 31.660000 -40.290001 -45.529999 0.000000 2821.000000 -3121.000000 2996.000000 -1524.000000 -3580.000000 2959.000000 
-27.030001 34.910000 31.150000 -38.820000 -46.259998 0.000000 2754.000000 -3037.000000 3105.000000 -1088.000000 -3318.000000 2796.000000 
-27.770000 37.139999 30.690001 -37.230000 -46.980000 0.000000 2788.000000 -2676.000000 2925.000000 -820.000000 -2866.000000 2431.000000 
-28.549999 39.299999 30.180000 -35.599998 -47.810001 0.000000 2905.000000 -2547.000000 2853.000000 -643.000000 -2654.000000 2270.000000 
-29.700001 41.520000 29.240000 -34.279999 -48.860001 0.000000 2702.000000 -2402.000000 2484.000000 -558.000000 -2727.000000 2380.000000 
-31.450001 43.990002 27.969999 -32.900002 -50.119999 0.000000 2627.000000 -2108.000000 2554.000000 -531.000000 -2469.000000 2008.000000 
-33.700001 46.320000 26.219999 -31.780001 -51.250000 0.000000 2329.000000 -2246.000000 2818.000000 -1319.000000 -3374.000000 3616.000000 
-36.130001 48.669998 24.150000 -30.740000 -52.639999 0.000000 2155.000000 -2371.000000 3110.000000 -1343.000000 -2683.000000 2009.000000 
-38.740002 51.279999 21.870001 -29.520000 -54.520000 0.000000 1842.000000 -2439.000000 3488.000000 -2096.000000 -2851.000000 1523.000000 
-41.830002 53.950001 19.200001 -28.290001 -56.680000 0.000000 1889.000000 -2549.000000 3772.000000 -2486.000000 -3053.000000 1401.000000 
-45.660000 56.580002 15.920000 -27.129999 -59.080002 0.000000 1489.000000 -2586.000000 3816.000000 -2794.000000 -3112.000000 1125.000000 
-50.380001 59.169998 11.880000 -25.940001 -61.680000 0.000000 1220.000000 -2351.000000 3780.000000 -2848.000000 -3006.000000 682.000000 
-56.150002 61.590000 6.980000 -24.740000 -64.430000 0.000000 959.000000 -2148.000000 3760.000000 -3023.000000 -3029.000000 482.000000 
-62.939999 63.730000 1.150000 -23.500000 -67.330002 0.000000 1011.000000 -1978.000000 3678.000000 -3031.000000 -3154.000000 463.000000 
-70.879997 65.449997 -5.760000 -22.230000 -70.349998 0.000000 1087.000000 -1831.000000 3736.000000 -2810.000000 -3113.000000 414.000000 
-80.019997 66.699997 -13.800000 -21.000000 -73.550003 0.000000 1061.000000 -1752.000000 3852.000000 -3279.000000 -3095.000000 297.000000 
-90.199997 67.449997 -22.879999 -19.719999 -76.830002 0.000000 776.000000 -1491.000000 3856.000000 -3313.000000 -3027.000000 323.000000 
-100.910004 67.620003 -32.459999 -18.299999 -80.019997 0.000000 667.000000 -1228.000000 3810.000000 -3155.000000 -2804.000000 362.000000 
-111.370003 67.160004 -41.810001 -16.860001 -83.230003 0.000000 339.000000 -1041.000000 3733.000000 -3268.000000 -2593.000000 207.000000 
-121.099998 66.150002 -50.430000 -15.540000 -86.620003 0.000000 31.000000 -903.000000 3457.000000 -3011.000000 -2281.000000 27.000000 
-129.839996 64.680000 -57.970001 -14.230000 -90.290001 0.000000 -7.000000 -760.000000 3140.000000 -2958.000000 -2112.000000 -342.000000 
-137.350006 62.790001 -64.260002 -12.850000 -94.070000 0.000000 -92.000000 -692.000000 3269.000000 -3099.000000 -2088.000000 -307.000000 
-143.820007 60.480000 -69.489998 -11.340000 -98.250000 0.000000 -254.000000 -643.000000 3315.000000 -3245.000000 -2044.000000 -458.000000 
-149.559998 57.930000 -73.980003 -9.540000 -102.730003 0.000000 -590.000000 -477.000000 3230.000000 -3400.000000 -2123.000000 -301.000000 
-154.559998 55.250000 -77.709999 -7.580000 -107.389999 0.000000 -664.000000 -400.000000 2881.000000 -3202.000000 -2081.000000 -566.000000 
-158.789993 52.570000 -80.750000 -5.500000 -112.120003 0.000000 -789.000000 -12.000000 2768.000000 -3452.000000 -1924.000000 -1163.000000 
-162.259995 49.860001 -83.120003 -3.810000 -116.629997 0.000000 121.000000 196.000000 2639.000000 -2798.000000 -1717.000000 -1333.000000 
-165.009995 46.950001 -84.839996 -2.630000 -121.050003 0.000000 -699.000000 -133.000000 2590.000000 -2965.000000 -1734.000000 -1246.000000 
-167.470001 43.919998 -86.279999 -1.590000 -125.690002 0.000000 -606.000000 39.000000 2823.000000 -2875.000000 -1504.000000 -1267.000000 
-169.610001 40.849998 -87.449997 -0.990000 -130.649994 0.000000 891.000000 -1144.000000 3242.000000 -3057.000000 -1207.000000 -1568.000000 
-171.440002 37.680000 -88.440002 -0.360000 -135.460007 0.000000 -775.000000 -106.000000 2897.000000 -2643.000000 -1025.000000 -1326.000000 
-173.029999 34.459999 -89.209999 0.080000 -140.479996 0.000000 -1972.000000 236.000000 2288.000000 -2748.000000 -850.000000 -1691.000000 
-174.479996 31.610001 -89.720001 0.380000 -145.660004 0.000000 -2153.000000 285.000000 1738.000000 -2472.000000 -542.000000 -1855.000000 
-175.490005 29.070000 -89.860001 0.740000 -150.750000 0.000000 -1627.000000 439.000000 1764.000000 -2472.000000 -337.000000 -2377.000000 
-176.490005 26.559999 -89.980003 1.070000 -155.259995 0.000000 -2079.000000 335.000000 1800.000000 -2754.000000 -432.000000 -2358.000000 
-177.389999 23.830000 -90.110001 1.290000 -159.380005 0.000000 -2286.000000 333.000000 1626.000000 -2518.000000 -319.000000 -2297.000000 
-178.179993 21.000000 -90.050003 1.440000 -163.289993 0.000000 -2833.000000 238.000000 1337.000000 -2513.000000 -275.000000 -2342.000000 
-178.919998 18.980000 -89.760002 1.730000 -166.889999 0.000000 -5897.000000 209.000000 1022.000000 -3002.000000 -414.000000 -1904.000000 
-179.470001 17.230000 -89.519997 3.320000 -170.369995 0.000000 -5710.000000 561.000000 -319.000000 -3076.000000 -486.000000 -1705.000000 
-179.729996 15.890000 -89.239998 6.680000 -173.470001 0.000000 -2671.000000 600.000000 -25.000000 -2901.000000 -469.000000 -2189.000000 
-179.649994 14.600000 -88.750000 10.910000 -175.600006 0.000000 -3417.000000 390.000000 727.000000 -2962.000000 -322.000000 -1984.000000 
-179.759995 12.620000 -88.610001 14.740000 -177.210007 0.000000 -2115.000000 344.000000 1625.000000 -2464.000000 139.000000 -2719.000000 
-179.990005 10.490000 -88.379997 17.600000 -178.759995 0.000000 -2400.000000 297.000000 1230.000000 -1816.000000 650.000000 -3387.000000 
179.550003 9.280000 -88.000000 21.879999 179.460007 0.000000 -5047.000000 801.000000 12.000000 -1803.000000 1037.000000 -3849.000000 
179.050003 8.360000 -87.680000 28.730000 177.429993 0.000000 -5981.000000 789.000000 -551.000000 -1724.000000 908.000000 -3272.000000 
178.699997 7.110000 -87.110001 40.630001 175.570007 0.000000 -5076.000000 548.000000 -550.000000 -1886.000000 671.000000 -2931.000000 
178.320007 5.650000 -86.419998 53.349998 174.020004 0.000000 -3355.000000 609.000000 288.000000 -1960.000000 809.000000 -3057.000000 
177.970001 4.420000 -85.510002 63.419998 172.720001 0.000000 -3802.000000 662.000000 60.000000 -1808.000000 970.000000 -3415.000000 
177.520004 3.350000 -84.550003 75.019997 171.500000 0.000000 -3760.000000 530.000000 -464.000000 -2465.000000 806.000000 -3787.000000 
176.770004 2.430000 -83.559998 86.290001 170.050003 0.000000 -4919.000000 -191.000000 637.000000 -2857.000000 664.000000 -3457.000000 
175.910004 1.690000 -82.669998 98.169998 168.369995 0.000000 -4314.000000 466.000000 125.000000 -1855.000000 934.000000 -3743.000000 
175.279999 0.950000 -81.800003 108.070000 166.529999 0.000000 -4138.000000 383.000000 568.000000 -1968.000000 1119.000000 -3675.000000 
174.720001 0.400000 -81.080002 117.769997 164.479996 0.000000 -4740.000000 513.000000 -164.000000 -2043.000000 1168.000000 -3459.000000 
174.199997 -0.070000 -80.349998 125.989998 162.419998 0.000000 -5328.000000 895.000000 -1202.000000 -1786.000000 1106.000000 -3529.000000 
173.610001 -0.220000 -79.629997 130.850006 160.539993 0.000000 -4616.000000 874.000000 -1328.000000 -1674.000000 1260.000000 -3228.000000 
173.160004 -0.270000 -78.879997 133.880005 159.119995 0.000000 -4345.000000 913.000000 -1522.000000 -2639.000000 1244.000000 -3304.000000 
172.830002 -0.620000 -77.940002 135.779999 157.850006 0.000000 -4022.000000 849.000000 -970.000000 -1777.000000 1584.000000 -3451.000000 
172.639999 -0.540000 -77.110001 137.479996 156.690002 0.000000 -4199.000000 813.000000 -799.000000 -2206.000000 1466.000000 -3430.000000 
172.610001 -0.240000 -76.199997 139.039993 155.550003 0.000000 -4560.000000 555.000000 -377.000000 -3061.000000 1362.000000 -3432.000000 
172.300003 0.100000 -75.230003 140.330002 154.210007 0.000000 -4084.000000 679.000000 -527.000000 -2227.000000 1545.000000 -3344.000000 
171.639999 0.830000 -74.410004 141.710007 152.660004 0.000000 -4545.000000 767.000000 -924.000000 -892.000000 1973.000000 -3809.000000 
171.339996 1.560000 -73.690002 142.850006 151.089996 0.000000 -4301.000000 972.000000 -1552.000000 502.000000 2438.000000 -4022.000000 
171.259995 2.110000 -73.070000 143.619995 149.660004 0.000000 -4403.000000 1150.000000 -2028.000000 -1098.000000 1982.000000 -3305.000000 
171.339996 2.620000 -72.449997 143.660004 148.350006 0.000000 -4961.000000 546.000000 -903.000000 -2283.000000 1810.000000 -3311.000000 
171.330002 2.930000 -71.889999 143.059998 147.149994 0.000000 -4421.000000 1028.000000 -1137.000000 -1382.000000 2090.000000 -3547.000000 
170.990005 2.910000 -71.400002 142.149994 146.059998 0.000000 -3861.000000 916.000000 -929.000000 -955.000000 2162.000000 -3249.000000 
170.410004 3.080000 -70.820000 141.130005 145.100006 0.000000 -3624.000000 708.000000 -538.000000 -1422.000000 1936.000000 -2595.000000 
169.830002 3.130000 -70.269997 139.970001 144.289993 0.000000 -3351.000000 1160.000000 -788.000000 -1614.000000 1832.000000 -2437.000000 
169.369995 2.860000 -69.779999 138.940002 143.550003 0.000000 -3672.000000 1147.000000 -876.000000 -1427.000000 1951.000000 -2415.000000 
169.139999 2.590000 -69.309998 137.710007 142.970001 0.000000 -3573.000000 972.000000 -581.000000 -1323.000000 2143.000000 -2560.000000 
168.949997 2.490000 -68.820000 136.600006 142.550003 0.000000 -3799.000000 1029.000000 -494.000000 -1704.000000 2171.000000 -2676.000000 
168.770004 2.640000 -68.260002 135.839996 142.139999 0.000000 -3736.000000 992.000000 -608.000000 -1510.000000 2203.000000 -2725.000000 
168.570007 2.580000 -67.739998 135.309998 141.759995 0.000000 -3952.000000 965.000000 -620.000000 -2405.000000 1903.000000 -2367.000000 
168.350006 2.230000 -67.309998 135.149994 141.279999 0.000000 -3442.000000 1130.000000 -1200.000000 -1759.000000 2071.000000 -2603.000000 
168.289993 1.880000 -66.919998 134.770004 140.899994 0.000000 -4124.000000 1025.000000 -721.000000 -2000.000000 2111.000000 -2632.000000 
168.279999 1.830000 -66.629997 134.470001 140.720001 0.000000 -4002.000000 845.000000 -638.000000 -2042.000000 2156.000000 -2621.000000 
168.259995 2.230000 -66.480003 134.110001 140.610001 0.000000 -3980.000000 1208.000000 -823.000000 -1702.000000 2373.000000 -2732.000000 
168.350006 2.720000 -66.309998 133.850006 140.529999 0.000000 -3972.000000 1186.000000 -804.000000 -1565.000000 2491.000000 -2935.000000 
168.410004 3.200000 -66.209999 133.339996 140.419998 0.000000 -3995.000000 1219.000000 -767.000000 -1547.000000 2468.000000 -2831.000000 
168.350006 3.580000 -66.139999 132.610001 140.270004 0.000000 -4017.000000 1238.000000 -700.000000 -1486.000000 2419.000000 -2759.000000 
168.339996 3.790000 -66.099998 131.649994 140.100006 0.000000 -3787.000000 1288.000000 -632.000000 -1488.000000 2270.000000 -2578.000000 
168.270004 4.000000 -66.000000 130.559998 139.919998 0.000000 -3615.000000 1236.000000 -636.000000 -1596.000000 2192.000000 -2356.000000 
168.100006 4.150000 -65.900002 129.330002 139.759995 0.000000 -3348.000000 1213.000000 -557.000000 -1553.000000 2081.000000 -2233.000000 
167.940002 4.180000 -65.839996 127.989998 139.619995 0.000000 -3272.000000 1156.000000 -335.000000 -1495.000000 2139.000000 -2171.000000 
167.929993 4.070000 -65.720001 126.699997 139.500000 0.000000 -3229.000000 1239.000000 -263.000000 -1478.000000 2116.000000 -2200.000000 
167.960007 3.870000 -65.650002 125.639999 139.440002 0.000000 -3265.000000 1239.000000 -219.000000 -1469.000000 2130.000000 -2212.000000 
167.990005 3.660000 -65.540001 124.760002 139.460007 0.000000 -3363.000000 1199.000000 -237.000000 -1719.000000 2145.000000 -2374.000000 
168.020004 3.410000 -65.379997 124.050003 139.520004 0.000000 -3420.000000 1157.000000 -220.000000 -1630.000000 2231.000000 -2556.000000 
168.009995 3.200000 -65.230003 123.660004 139.580002 0.000000 -3642.000000 1149.000000 -385.000000 -1574.000000 2277.000000 -2602.000000 
167.970001 3.180000 -65.029999 123.489998 139.649994 0.000000 -3775.000000 1199.000000 -465.000000 -1549.000000 2202.000000 -2549.000000 
168.020004 3.190000 -64.889999 123.239998 139.770004 0.000000 -3720.000000 1150.000000 -484.000000 -1726.000000 2158.000000 -2631.000000 
168.220001 3.120000 -64.760002 122.910004 139.910004 0.000000 -3659.000000 1154.000000 -504.000000 -1658.000000 2230.000000 -2786.000000 
168.429993 3.060000 -64.669998 122.510002 140.080002 0.000000 -3806.000000 1102.000000 -497.000000 -1837.000000 2265.000000 -2964.000000 
168.529999 3.060000 -64.580002 122.099998 140.220001 0.000000 -3966.000000 1193.000000 -503.000000 -1762.000000 2312.000000 -3047.000000 
168.600006 3.130000 -64.500000 121.750000 140.300003 0.000000 -3997.000000 1091.000000 -510.000000 -1701.000000 2264.000000 -2957.000000 
168.699997 3.180000 -64.489998 121.349998 140.289993 0.000000 -3889.000000 1082.000000 -503.000000 -1561.000000 2247.000000 -2772.000000 
168.880005 3.230000 -64.489998 120.870003 140.229996 0.000000 -3836.000000 1085.000000 -457.000000 -1490.000000 2212.000000 -2607.000000 
168.970001 3.230000 -64.500000 120.449997 140.190002 0.000000 -3692.000000 1152.000000 -504.000000 -1413.000000 2214.000000 -2543.000000 
169.020004 3.110000 -64.510002 119.910004 140.210007 0.000000 -3563.000000 1183.000000 -473.000000 -1364.000000 2229.000000 -2634.000000 
169.100006 2.910000 -64.489998 119.290001 140.289993 0.000000 -3576.000000 1246.000000 -484.000000 -1423.000000 2300.000000 -2759.000000 
169.149994 2.730000 -64.410004 118.690002 140.399994 0.000000 -3587.000000 1231.000000 -440.000000 -1509.000000 2315.000000 -2855.000000 
169.169998 2.560000 -64.290001 118.129997 140.500000 0.000000 -3790.000000 1245.000000 -474.000000 -1537.000000 2317.000000 -2879.000000 
169.160004 2.400000 -64.180000 117.570000 140.589996 0.000000 -3832.000000 1187.000000 -411.000000 -1672.000000 2251.000000 -2877.000000 
169.100006 2.250000 -63.950001 116.989998 140.649994 0.000000 -3844.000000 1117.000000 -322.000000 -1742.000000 2196.000000 -2789.000000 
169.039993 2.160000 -63.799999 116.389999 140.679993 0.000000 -3817.000000 1101.000000 -237.000000 -1830.000000 2154.000000 -2704.000000 
168.960007 2.060000 -63.650002 115.940002 140.710007 0.000000 -3779.000000 1071.000000 -212.000000 -1815.000000 2132.000000 -2698.000000 
168.940002 1.970000 -63.490002 115.540001 140.720001 0.000000 -3723.000000 1090.000000 -226.000000 -1704.000000 2183.000000 -2715.000000 
168.910004 1.760000 -63.419998 115.110001 140.750000 0.000000 -3783.000000 1136.000000 -171.000000 -1770.000000 2198.000000 -2739.000000 
168.910004 1.630000 -63.270000 114.849998 140.800003 0.000000 -3734.000000 1143.000000 -226.000000 -1871.000000 2217.000000 -2797.000000 
168.850006 1.570000 -63.090000 114.580002 140.850006 0.000000 -3946.000000 1183.000000 -164.000000 -1735.000000 2289.000000 -2891.000000 
168.839996 1.570000 -62.910000 114.279999 140.869995 0.000000 -3872.000000 1208.000000 -171.000000 -1742.000000 2299.000000 -2857.000000 
168.779999 1.410000 -62.799999 114.269997 140.839996 0.000000 -3887.000000 1236.000000 -301.000000 -1604.000000 2277.000000 -2789.000000 
168.720001 1.350000 -62.630001 114.330002 140.820007 0.000000 -3836.000000 1241.000000 -346.000000 -1789.000000 2201.000000 -2697.000000 
168.649994 1.270000 -62.500000 114.279999 140.820007 0.000000 -3826.000000 1154.000000 -321.000000 -1690.000000 2198.000000 -2690.000000 
168.639999 1.090000 -62.360001 114.050003 140.820007 0.000000 -3852.000000 1253.000000 -272.000000 -1668.000000 2245.000000 -2741.000000 
168.639999 0.960000 -62.230000 113.849998 140.860001 0.000000 -3881.000000 1207.000000 -236.000000 -1736.000000 2240.000000 -2810.000000 
168.619995 1.030000 -62.060001 113.589996 140.929993 0.000000 -4005.000000 1253.000000 -270.000000 -1877.000000 2235.000000 -2929.000000 
168.630005 1.220000 -61.880001 113.309998 140.960007 0.000000 -4022.000000 1199.000000 -256.000000 -1741.000000 2271.000000 -2927.000000 
168.669998 1.390000 -61.720001 112.919998 140.960007 0.000000 -3966.000000 1187.000000 -219.000000 -1822.000000 2193.000000 -2807.000000 
168.660004 1.570000 -61.590000 112.680000 140.929993 0.000000 -3942.000000 1157.000000 -315.000000 -1813.000000 2120.000000 -2640.000000 
168.600006 1.790000 -61.509998 111.900002 140.899994 0.000000 -3716.000000 1149.000000 -144.000000 -1715.000000 2121.000000 -2570.000000 
168.649994 1.800000 -61.419998 110.959999 140.880005 0.000000 -3650.000000 1202.000000 -104.000000 -1681.000000 2158.000000 -2587.000000 
168.699997 1.670000 -61.410000 110.230003 140.889999 0.000000 -3741.000000 1206.000000 -120.000000 -1613.000000 2183.000000 -2688.000000 
168.750000 1.670000 -61.320000 109.750000 140.940002 0.000000 -3853.000000 1165.000000 -202.000000 -1728.000000 2186.000000 -2769.000000 
168.740005 1.700000 -61.270000 109.239998 141.029999 0.000000 -3840.000000 1188.000000 -174.000000 -1934.000000 2176.000000 -2920.000000 
168.660004 1.770000 -61.230000 108.470001 141.089996 0.000000 -3925.000000 1205.000000 -83.000000 -1723.000000 2177.000000 -2911.000000 
168.589996 1.670000 -61.180000 107.589996 141.089996 0.000000 -3733.000000 1108.000000 -33.000000 -1878.000000 2111.000000 -2750.000000 
168.559998 1.490000 -61.119999 106.980003 141.050003 0.000000 -3799.000000 1101.000000 -60.000000 -1758.000000 2043.000000 -2648.000000 
168.580002 1.420000 -61.020000 106.389999 141.020004 0.000000 -3744.000000 1095.000000 -27.000000 -1810.000000 2032.000000 -2622.000000 
168.649994 1.350000 -60.950001 106.050003 141.009995 0.000000 -3851.000000 1120.000000 -78.000000 -1741.000000 2072.000000 -2638.000000 
168.800003 1.280000 -60.910000 106.080002 141.050003 0.000000 -3887.000000 1157.000000 -295.000000 -1726.000000 2113.000000 -2708.000000 
168.880005 1.240000 -60.889999 105.919998 141.119995 0.000000 -3923.000000 1184.000000 -250.000000 -1754.000000 2090.000000 -2682.000000 
169.020004 1.240000 -60.869999 105.760002 141.220001 0.000000 -4009.000000 1166.000000 -310.000000 -1747.000000 2084.000000 -2626.000000 
169.309998 1.320000 -60.860001 105.769997 141.389999 0.000000 -4133.000000 1223.000000 -413.000000 -1810.000000 2054.000000 -2643.000000 
169.720001 1.430000 -60.799999 105.540001 141.649994 0.000000 -4066.000000 1193.000000 -332.000000 -1782.000000 2093.000000 -2766.000000 
170.139999 1.580000 -60.799999 105.419998 141.949997 0.000000 -4134.000000 1234.000000 -399.000000 -1762.000000 2132.000000 -2791.000000 
170.440002 1.750000 -60.869999 105.250000 142.300003 0.000000 -4277.000000 1260.000000 -447.000000 -1662.000000 2111.000000 -2820.000000 
170.669998 2.090000 -60.990002 104.300003 142.669998 0.000000 -3861.000000 1185.000000 -221.000000 -1916.000000 2027.000000 -2760.000000 
170.860001 2.380000 -61.110001 103.180000 143.009995 0.000000 -3849.000000 1142.000000 -236.000000 -1817.000000 1957.000000 -2644.000000 
171.210007 2.700000 -61.160000 101.830002 143.399994 0.000000 -4060.000000 1133.000000 -251.000000 -2042.000000 1832.000000 -2561.000000 
171.619995 3.170000 -61.259998 100.080002 143.899994 0.000000 -3719.000000 1037.000000 -257.000000 -2030.000000 1771.000000 -2726.000000 
172.089996 3.600000 -61.450001 97.320000 144.410004 0.000000 -4029.000000 1138.000000 70.000000 -2127.000000 1780.000000 -2638.000000 
172.589996 4.020000 -61.599998 94.980003 145.050003 0.000000 -4218.000000 1129.000000 -221.000000 -1542.000000 1920.000000 -2981.000000 
173.059998 4.590000 -61.790001 91.959999 145.839996 0.000000 -4389.000000 1213.000000 -64.000000 -2190.000000 1805.000000 -2981.000000 
173.460007 5.210000 -61.959999 88.269997 146.699997 0.000000 -3913.000000 1303.000000 96.000000 -2287.000000 1764.000000 -3120.000000 
173.839996 5.920000 -62.099998 84.550003 147.470001 0.000000 -3391.000000 1497.000000 224.000000 -2290.000000 1793.000000 -3170.000000 
174.199997 6.560000 -62.240002 81.449997 148.110001 0.000000 -3710.000000 1685.000000 341.000000 -2047.000000 1737.000000 -3074.000000 
174.679993 7.280000 -62.380001 78.930000 148.649994 0.000000 -3750.000000 1562.000000 174.000000 -2288.000000 1657.000000 -2942.000000 
175.130005 8.030000 -62.580002 75.629997 149.130005 0.000000 -3796.000000 1416.000000 389.000000 -2360.000000 1634.000000 -2979.000000 
175.410004 8.670000 -62.830002 72.610001 149.639999 0.000000 -4536.000000 1302.000000 280.000000 -2317.000000 1543.000000 -2951.000000 
175.619995 9.320000 -63.070000 69.360001 150.149994 0.000000 -4161.000000 1561.000000 576.000000 -2476.000000 1455.000000 -2845.000000 
175.910004 10.060000 -63.360001 66.269997 150.630005 0.000000 -4127.000000 1444.000000 559.000000 -2379.000000 1513.000000 -2943.000000 
176.250000 10.750000 -63.610001 62.610001 151.100006 0.000000 -3567.000000 1348.000000 764.000000 -2859.000000 1485.000000 -3022.000000 
176.389999 11.240000 -63.919998 58.790001 151.369995 0.000000 -3002.000000 1547.000000 1163.000000 -2626.000000 1400.000000 -2735.000000 
176.490005 11.560000 -64.169998 55.910000 151.460007 0.000000 -3644.000000 1686.000000 1352.000000 -2520.000000 1377.000000 -2661.000000 
176.570007 11.830000 -64.389999 53.610001 151.539993 0.000000 -3427.000000 1740.000000 1488.000000 -2703.000000 1281.000000 -2575.000000 
176.699997 12.220000 -64.529999 51.840000 151.520004 0.000000 -3666.000000 1766.000000 1518.000000 -2657.000000 1324.000000 -2612.000000 
176.820007 12.950000 -64.699997 50.639999 151.460007 0.000000 -3381.000000 1836.000000 1455.000000 -2618.000000 1525.000000 -3003.000000 
176.880005 13.710000 -64.959999 49.779999 151.350006 0.000000 -3932.000000 1910.000000 1288.000000 -2623.000000 1382.000000 -2750.000000 
176.889999 14.640000 -65.279999 48.770000 151.270004 0.000000 -4466.000000 1797.000000 1012.000000 -2748.000000 1187.000000 -2431.000000 
176.990005 15.440000 -65.629997 47.450001 151.449997 0.000000 -4479.000000 1581.000000 923.000000 -3461.000000 1133.000000 -2619.000000 
177.199997 16.090000 -65.989998 45.810001 151.429993 0.000000 -3246.000000 1684.000000 1465.000000 -2835.000000 1272.000000 -2633.000000 
177.300003 16.549999 -66.400002 44.549999 151.119995 0.000000 -3255.000000 1863.000000 1660.000000 -2699.000000 1298.000000 -2450.000000 
177.259995 17.200001 -66.870003 43.810001 150.630005 0.000000 -3177.000000 1905.000000 1668.000000 -2699.000000 1175.000000 -2123.000000 
177.250000 18.010000 -67.320000 43.259998 149.970001 0.000000 -3147.000000 1761.000000 1770.000000 -2700.000000 1141.000000 -1898.000000 
177.220001 18.840000 -67.809998 43.290001 149.350006 0.000000 -4623.000000 2212.000000 1175.000000 -2688.000000 1088.000000 -1779.000000 
177.320007 19.590000 -68.290001 42.610001 149.119995 0.000000 -1876.000000 1950.000000 2046.000000 -2837.000000 1092.000000 -1982.000000 
177.360001 20.340000 -68.879997 42.150002 148.960007 0.000000 -4185.000000 3084.000000 1617.000000 -3023.000000 1036.000000 -1833.000000 
177.729996 21.650000 -69.430000 41.099998 149.220001 0.000000 -3399.000000 1945.000000 1635.000000 -3518.000000 1057.000000 -2161.000000 
178.130005 23.459999 -69.989998 39.459999 149.690002 0.000000 -1608.000000 1658.000000 2113.000000 -3849.000000 1206.000000 -3012.000000 
178.639999 25.250000 -70.650002 38.810001 149.729996 0.000000 -2901.000000 1981.000000 1747.000000 -3193.000000 1249.000000 -2443.000000 
179.100006 26.629999 -71.330002 38.230000 149.589996 0.000000 -1577.000000 1928.000000 2313.000000 -3178.000000 1371.000000 -2510.000000 
179.449997 28.240000 -72.010002 37.730000 149.270004 0.000000 -2045.000000 2164.000000 2363.000000 -2998.000000 1382.000000 -2343.000000 
179.759995 30.190001 -72.680000 36.849998 149.009995 0.000000 -2233.000000 2068.000000 2483.000000 -3106.000000 1263.000000 -2253.000000 
-179.740005 32.110001 -73.269997 35.720001 148.889999 0.000000 -2170.000000 2215.000000 2649.000000 -3306.000000 1098.000000 -2056.000000 
-179.020004 34.060001 -73.699997 34.209999 148.600006 0.000000 -2186.000000 2135.000000 2976.000000 -3387.000000 728.000000 -1312.000000 
-178.169998 36.200001 -74.139999 32.419998 149.050003 0.000000 -1457.000000 1989.000000 3144.000000 -4283.000000 527.000000 -1408.000000 
-177.320007 38.639999 -74.730003 30.830000 148.669998 0.000000 -2193.000000 2028.000000 3000.000000 -3987.000000 456.000000 -1025.000000 
-176.410004 41.320000 -75.419998 29.240000 147.720001 0.000000 -2205.000000 1966.000000 2897.000000 -4192.000000 470.000000 -1052.000000 
-175.429993 44.150002 -76.139999 27.700001 145.160004 0.000000 -1948.000000 1909.000000 2756.000000 -3952.000000 440.000000 -830.000000 
-174.389999 47.169998 -76.879997 26.230000 139.550003 0.000000 -1965.000000 2096.000000 2633.000000 -3744.000000 422.000000 -615.000000 
-173.210007 50.340000 -77.570000 24.680000 127.410004 0.000000 -1352.000000 1970.000000 2750.000000 -3133.000000 550.000000 -573.000000 
-171.880005 53.599998 -78.129997 22.900000 97.160004 0.000000 -1061.000000 1408.000000 2604.000000 -3373.000000 617.000000 -565.000000 
-170.520004 56.759998 -78.589996 21.230000 39.000000 0.000000 -1119.000000 1527.000000 2671.000000 -2988.000000 637.000000 -99.000000 
-169.029999 59.889999 -78.860001 19.700001 11.350000 0.000000 -615.000000 1508.000000 2623.000000 -3106.000000 624.000000 -46.000000 
-167.289993 62.990002 -78.730003 18.190001 1.050000 0.000000 -334.000000 1313.000000 2533.000000 -2846.000000 717.000000 77.000000 
-165.110001 66.029999 -78.059998 16.799999 -4.250000 0.000000 -185.000000 1279.000000 2577.000000 -2760.000000 633.000000 178.000000 
-162.320007 68.849998 -76.620003 15.210000 -7.740000 0.000000 300.000000 977.000000 2868.000000 -2930.000000 157.000000 932.000000 
-159.020004 71.349998 -74.529999 13.210000 -11.360000 0.000000 751.000000 512.000000 3746.000000 -3281.000000 -330.000000 1594.000000 
-155.240005 73.529999 -71.820000 11.350000 -13.840000 0.000000 1016.000000 463.000000 4385.000000 -5104.000000 -1516.000000 3669.000000 
-150.789993 75.680000 -68.519997 9.630000 -13.940000 0.000000 1012.000000 426.000000 4469.000000 -2412.000000 -208.000000 837.000000 
-145.360001 77.269997 -64.099998 8.080000 -13.820000 0.000000 702.000000 274.000000 4288.000000 -2126.000000 279.000000 124.000000 
-137.649994 78.559998 -57.349998 7.070000 -14.710000 0.000000 452.000000 519.000000 4057.000000 -3156.000000 119.000000 -320.000000 
-127.660004 79.529999 -48.150002 6.500000 -16.150000 0.000000 231.000000 714.000000 3441.000000 -3426.000000 -376.000000 648.000000 
-113.849998 80.150002 -35.049999 5.870000 -17.680000 0.000000 -116.000000 757.000000 2899.000000 -3205.000000 -382.000000 459.000000 
-96.900002 80.220001 -18.790001 4.840000 -19.420000 0.000000 -173.000000 565.000000 2741.000000 -2358.000000 -377.000000 87.000000 
-79.550003 79.589996 -2.240000 3.350000 -21.910000 0.000000 -280.000000 271.000000 2498.000000 -3641.000000 -1704.000000 2748.000000 
-64.629997 78.180000 11.670000 1.530000 -23.660000 0.000000 -265.000000 -101.000000 2582.000000 -3513.000000 -1707.000000 2683.000000 
-52.790001 76.510002 22.430000 -0.460000 -24.639999 0.000000 622.000000 -360.000000 3497.000000 -2999.000000 -1099.000000 1217.000000 
-43.279999 74.459999 30.770000 -2.840000 -25.680000 0.000000 1416.000000 -1414.000000 4201.000000 -3183.000000 -1665.000000 2519.000000 
-36.610001 72.120003 36.250000 -5.020000 -26.540001 0.000000 1638.000000 -727.000000 4199.000000 -2760.000000 -1708.000000 2776.000000 
-32.369999 69.790001 39.490002 -7.140000 -27.000000 0.000000 2120.000000 -971.000000 4463.000000 -2017.000000 -1555.000000 2992.000000 
-28.059999 67.019997 42.630001 -8.850000 -27.280001 0.000000 2281.000000 -641.000000 4172.000000 -1667.000000 -1608.000000 3302.000000 
-24.709999 64.349998 44.910000 -10.690000 -27.500000 0.000000 2951.000000 -1022.000000 4020.000000 -1323.000000 -1409.000000 2973.000000 
-22.570000 61.680000 45.970001 -12.070000 -27.930000 0.000000 2816.000000 -679.000000 3508.000000 -1102.000000 -1507.000000 2839.000000 
-20.980000 59.099998 46.500000 -13.490000 -28.549999 0.000000 2703.000000 -794.000000 3332.000000 -1349.000000 -1830.000000 3310.000000 
-19.900000 56.439999 46.680000 -15.150000 -29.340000 0.000000 2513.000000 -1074.000000 3434.000000 -1068.000000 -1962.000000 3375.000000 
-18.940001 53.950001 46.709999 -16.790001 -30.299999 0.000000 2692.000000 -1303.000000 3781.000000 -1749.000000 -2431.000000 3903.000000 
-18.420000 51.500000 46.430000 -18.299999 -31.200001 0.000000 2868.000000 -1361.000000 3933.000000 -1379.000000 -2671.000000 4431.000000 
-18.250000 49.070000 45.860001 -19.690001 -32.119999 0.000000 2969.000000 -1447.000000 3946.000000 -912.000000 -2554.000000 3797.000000 
-17.940001 46.660000 45.369999 -20.809999 -32.830002 0.000000 2935.000000 -1337.000000 3764.000000 -1914.000000 -2479.000000 3342.000000 
-17.190001 44.369999 44.919998 -21.700001 -33.209999 0.000000 3148.000000 -1324.000000 3420.000000 -724.000000 -2311.000000 3702.000000 
-16.230000 41.930000 44.849998 -22.820000 -33.669998 0.000000 2336.000000 -1465.000000 2869.000000 -692.000000 -2623.000000 3699.000000 
-15.540000 39.480000 44.669998 -24.110001 -34.119999 0.000000 3365.000000 -1807.000000 3112.000000 -734.000000 -2530.000000 3463.000000 
-14.960000 37.080002 44.419998 -25.430000 -34.610001 0.000000 2902.000000 -1802.000000 2885.000000 -1359.000000 -2862.000000 3262.000000 
-14.620000 34.799999 44.020000 -26.850000 -35.110001 0.000000 3243.000000 -2083.000000 2956.000000 -688.000000 -2688.000000 2975.000000 
-14.370000 32.689999 43.500000 -28.270000 -35.540001 0.000000 2958.000000 -2288.000000 3029.000000 -1144.000000 -2894.000000 3164.000000 
-14.170000 30.780001 43.070000 -29.490000 -36.049999 0.000000 2864.000000 -2378.000000 3241.000000 -1074.000000 -3115.000000 3586.000000 
-14.540000 29.000000 42.410000 -30.549999 -36.680000 0.000000 3156.000000 -2429.000000 3616.000000 -570.000000 -3104.000000 3684.000000 
-15.470000 27.719999 41.500000 -31.469999 -37.450001 0.000000 3103.000000 -2425.000000 3592.000000 -599.000000 -3113.000000 3556.000000 
-16.410000 26.750000 40.639999 -32.099998 -38.290001 0.000000 3011.000000 -2238.000000 3322.000000 -60.000000 -3140.000000 3527.000000 
-17.330000 25.900000 39.880001 -32.560001 -39.020000 0.000000 3137.000000 -2160.000000 3104.000000 -64.000000 -3199.000000 3721.000000 
-18.090000 24.780001 39.130001 -32.990002 -39.660000 0.000000 2982.000000 -2172.000000 3105.000000 -219.000000 -3288.000000 3885.000000 
-18.520000 23.719999 38.330002 -33.520000 -40.209999 0.000000 2756.000000 -2252.000000 2924.000000 -577.000000 -3532.000000 4203.000000 
-18.760000 22.719999 37.669998 -33.709999 -40.730000 0.000000 3097.000000 -2162.000000 3070.000000 -1068.000000 -3422.000000 3909.000000 
-18.450001 21.530001 37.250000 -33.709999 -41.130001 0.000000 3122.000000 -2040.000000 2894.000000 -1334.000000 -3222.000000 3530.000000 
-17.879999 20.610001 37.029999 -33.639999 -41.430000 0.000000 2781.000000 -1836.000000 2525.000000 -292.000000 -3430.000000 3652.000000 
-17.750000 20.150000 36.930000 -33.980000 -41.599998 0.000000 3265.000000 -2054.000000 2183.000000 -483.000000 -3096.000000 3295.000000 
-17.530001 18.389999 36.810001 -34.560001 -41.599998 0.000000 3441.000000 -2260.000000 2171.000000 70.000000 -3079.000000 3436.000000 
-16.910000 16.600000 36.869999 -35.220001 -41.709999 0.000000 3476.000000 -2389.000000 2305.000000 42.000000 -2951.000000 3057.000000 
-15.970000 15.370000 36.980000 -35.580002 -41.669998 0.000000 3272.000000 -2373.000000 2487.000000 146.000000 -2880.000000 3152.000000 
-15.250000 14.510000 36.759998 -35.549999 -41.520000 0.000000 3451.000000 -2319.000000 2703.000000 -115.000000 -2980.000000 3429.000000 
-14.580000 13.260000 36.750000 -35.330002 -41.310001 0.000000 3516.000000 -2296.000000 2907.000000 -248.000000 -2983.000000 3610.000000 
-13.790000 12.350000 36.770000 -34.919998 -41.060001 0.000000 3565.000000 -2141.000000 2725.000000 -76.000000 -2897.000000 3568.000000 
-13.300000 12.020000 36.750000 -34.470001 -40.759998 0.000000 3373.000000 -2006.000000 2525.000000 -13.000000 -2810.000000 3630.000000 
-12.930000 11.710000 36.700001 -34.360001 -40.470001 0.000000 3355.000000 -1956.000000 2163.000000 226.000000 -2624.000000 3351.000000 
-12.680000 11.130000 36.580002 -34.349998 -40.220001 0.000000 3276.000000 -1789.000000 1985.000000 669.000000 -2623.000000 3279.000000 
-12.910000 10.660000 36.570000 -34.919998 -39.970001 0.000000 3169.000000 -2069.000000 1718.000000 490.000000 -2613.000000 3241.000000 
-13.090000 10.070000 36.439999 -35.680000 -39.830002 0.000000 2758.000000 -2136.000000 1531.000000 467.000000 -2640.000000 3122.000000 
-13.080000 9.680000 36.310001 -36.150002 -39.509998 0.000000 2565.000000 -1905.000000 1593.000000 448.000000 -2526.000000 3183.000000 
-12.520000 8.610000 36.240002 -36.820000 -39.290001 0.000000 2599.000000 -1912.000000 1486.000000 339.000000 -2401.000000 2966.000000 
-11.670000 8.030000 36.090000 -37.389999 -39.349998 0.000000 2591.000000 -1887.000000 1497.000000 15.000000 -2345.000000 2666.000000 
-11.400000 7.910000 36.020000 -37.889999 -39.570000 0.000000 2840.000000 -1849.000000 1356.000000 -5.000000 -2379.000000 2611.000000 
-12.000000 7.440000 35.849998 -38.369999 -39.599998 0.000000 3076.000000 -1853.000000 1383.000000 456.000000 -2757.000000 3292.000000 
-12.640000 6.580000 35.630001 -38.860001 -39.560001 0.000000 3218.000000 -1934.000000 1610.000000 620.000000 -2737.000000 3383.000000 
-12.540000 5.290000 35.419998 -38.840000 -39.520000 0.000000 3336.000000 -2112.000000 1966.000000 229.000000 -2837.000000 3471.000000 
-12.020000 4.220000 35.360001 -38.720001 -39.500000 0.000000 3153.000000 -2183.000000 2116.000000 260.000000 -2716.000000 3245.000000 
-12.000000 3.130000 35.310001 -38.799999 -39.410000 0.000000 3097.000000 -2238.000000 1995.000000 556.000000 -2787.000000 3345.000000 
-12.500000 2.730000 35.250000 -39.500000 -39.450001 0.000000 2826.000000 -2340.000000 1648.000000 849.000000 -2898.000000 3303.000000 
-12.990000 2.400000 35.139999 -40.150002 -39.430000 0.000000 2762.000000 -2416.000000 1680.000000 1614.000000 -2676.000000 2945.000000 
-13.430000 1.740000 35.080002 -40.990002 -39.680000 0.000000 2507.000000 -2501.000000 1570.000000 798.000000 -2962.000000 2995.000000 
-13.750000 1.380000 35.000000 -41.450001 -40.090000 0.000000 2852.000000 -2498.000000 1798.000000 432.000000 -2971.000000 2763.000000 
-13.740000 1.150000 34.990002 -42.029999 -40.369999 0.000000 2893.000000 -2555.000000 1704.000000 -1027.000000 -3023.000000 2442.000000 
-13.350000 0.700000 35.029999 -41.480000 -40.560001 0.000000 6398.000000 -2523.000000 3751.000000 -540.000000 -3253.000000 3340.000000 
-13.380000 -0.510000 35.040001 -41.270000 -40.040001 0.000000 4172.000000 -2635.000000 2293.000000 1390.000000 -5249.000000 7272.000000 
-13.830000 -1.030000 35.029999 -40.720001 -39.570000 0.000000 3523.000000 -2920.000000 2585.000000 2178.000000 -3057.000000 4037.000000 
-13.110000 -0.530000 35.099998 -40.930000 -39.139999 0.000000 2884.000000 -2349.000000 1467.000000 526.000000 -2546.000000 2982.000000 
-11.940000 -0.750000 35.110001 -40.919998 -39.020000 0.000000 2758.000000 -2137.000000 1276.000000 271.000000 -2533.000000 2776.000000 
-11.290000 -0.700000 35.320000 -41.020000 -38.919998 0.000000 2972.000000 -2319.000000 1508.000000 1008.000000 -2443.000000 2661.000000 
-11.780000 -0.860000 35.389999 -40.799999 -38.630001 0.000000 3148.000000 -2389.000000 1833.000000 801.000000 -3090.000000 3685.000000 
-12.130000 -0.840000 35.540001 -40.660000 -38.520000 0.000000 3255.000000 -2636.000000 1955.000000 552.000000 -2821.000000 3185.000000 
-11.660000 -1.180000 35.770000 -39.500000 -38.139999 0.000000 4116.000000 -2546.000000 2773.000000 912.000000 -2785.000000 3357.000000 
-11.240000 -1.770000 35.889999 -39.139999 -37.750000 0.000000 3561.000000 -2258.000000 1797.000000 1084.000000 -2662.000000 3277.000000 
-11.250000 -1.970000 36.119999 -38.250000 -37.290001 0.000000 3622.000000 -3734.000000 3964.000000 960.000000 -2496.000000 3156.000000 
-10.910000 -1.690000 36.290001 -36.930000 -36.869999 0.000000 4296.000000 -3260.000000 3735.000000 689.000000 -2790.000000 3579.000000 
-10.580000 -1.740000 36.349998 -36.380001 -36.560001 0.000000 3027.000000 -2901.000000 2861.000000 832.000000 -2342.000000 2906.000000 
-9.990000 -1.350000 36.480000 -36.320000 -36.439999 0.000000 3235.000000 -3145.000000 2748.000000 604.000000 -2205.000000 2601.000000 
-9.860000 -0.630000 36.580002 -35.970001 -36.220001 0.000000 3502.000000 -2687.000000 2240.000000 571.000000 -2643.000000 3327.000000 
-9.690000 -0.060000 36.660000 -34.770000 -35.810001 0.000000 3671.000000 -1772.000000 2051.000000 677.000000 -2891.000000 3905.000000 
-9.350000 0.680000 36.660000 -32.759998 -35.480000 0.000000 2940.000000 -1535.000000 2268.000000 1200.000000 -2154.000000 3044.000000 
-8.910000 1.490000 36.680000 -31.920000 -35.540001 0.000000 3729.000000 -1832.000000 1567.000000 212.000000 -2447.000000 3054.000000 
-8.130000 2.300000 36.700001 -30.620001 -35.540001 0.000000 3185.000000 -945.000000 616.000000 -319.000000 -2474.000000 3070.000000 
-7.740000 3.350000 36.720001 -29.650000 -34.939999 0.000000 3205.000000 -2582.000000 3368.000000 1290.000000 59.000000 714.000000 
-7.370000 3.870000 36.919998 -29.420000 -34.660000 0.000000 3275.000000 -1573.000000 1738.000000 959.000000 -1580.000000 2044.000000 
-7.830000 3.850000 36.840000 -29.389999 -34.709999 0.000000 2346.000000 -2507.000000 2663.000000 580.000000 -2697.000000 3214.000000 
-7.380000 4.670000 36.889999 -28.910000 -34.590000 0.000000 3357.000000 -1693.000000 2173.000000 -282.000000 -2917.000000 3381.000000 
-7.100000 5.460000 36.889999 -28.040001 -33.990002 0.000000 2806.000000 -1087.000000 1726.000000 636.000000 -2454.000000 3363.000000 
-6.870000 6.070000 37.020000 -27.690001 -33.150002 0.000000 3315.000000 -1701.000000 2306.000000 761.000000 -2418.000000 3628.000000 
-6.080000 6.210000 37.040001 -27.209999 -32.209999 0.000000 3638.000000 -1648.000000 2300.000000 631.000000 -2325.000000 3749.000000 
-5.600000 6.370000 37.009998 -26.459999 -31.410000 0.000000 3426.000000 -1305.000000 2151.000000 620.000000 -2333.000000 3875.000000 
-4.900000 6.250000 37.160000 -25.650000 -30.830000 0.000000 3311.000000 -1357.000000 2270.000000 762.000000 -2296.000000 3856.000000 
-4.460000 5.680000 37.320000 -25.430000 -30.400000 0.000000 3400.000000 -1455.000000 2277.000000 641.000000 -2306.000000 3888.000000 
-4.210000 5.310000 37.450001 -24.639999 -30.209999 0.000000 3323.000000 -1225.000000 2288.000000 453.000000 -2305.000000 3796.000000 
-3.600000 5.120000 37.590000 -25.010000 -30.170000 0.000000 3456.000000 -1517.000000 2187.000000 546.000000 -2262.000000 3683.000000 
-2.990000 4.890000 37.770000 -24.530001 -29.790001 0.000000 5005.000000 1540.000000 540.000000 731.000000 -2080.000000 3987.000000 
-2.370000 5.150000 37.860001 -24.420000 -30.010000 0.000000 1946.000000 -1932.000000 2781.000000 73.000000 -2255.000000 3586.000000 
-1.800000 5.730000 38.060001 -23.950001 -30.480000 0.000000 3795.000000 -1111.000000 1952.000000 387.000000 -2216.000000 3383.000000 
-1.780000 5.870000 38.270000 -24.590000 -31.160000 0.000000 2955.000000 -1800.000000 2255.000000 444.000000 -2441.000000 3368.000000 
-2.400000 6.390000 38.279999 -25.150000 -31.910000 0.000000 3178.000000 -1652.000000 2190.000000 241.000000 -2575.000000 3181.000000 
-3.020000 6.830000 38.240002 -25.820000 -32.509998 0.000000 2988.000000 -1862.000000 2237.000000 -207.000000 -2770.000000 2992.000000 
-3.740000 6.950000 38.270000 -26.570000 -32.980000 0.000000 2970.000000 -1938.000000 2194.000000 261.000000 -2879.000000 3273.000000 
-4.500000 6.560000 38.169998 -27.410000 -33.230000 0.000000 3033.000000 -2039.000000 2209.000000 658.000000 -2780.000000 3395.000000 
-5.030000 5.960000 38.160000 -27.990000 -33.180000 0.000000 3510.000000 -1853.000000 2089.000000 930.000000 -2701.000000 3680.000000 
-5.200000 5.290000 38.160000 -28.610001 -33.169998 0.000000 3310.000000 -1918.000000 2148.000000 744.000000 -2689.000000 3689.000000 
-5.300000 4.690000 38.150002 -29.270000 -33.389999 0.000000 3155.000000 -2420.000000 2382.000000 760.000000 -2692.000000 3526.000000 
-5.700000 4.200000 38.090000 -29.639999 -33.630001 0.000000 3945.000000 -2350.000000 2516.000000 857.000000 -2793.000000 3567.000000 
-6.330000 3.880000 38.009998 -29.850000 -33.889999 0.000000 3544.000000 -2468.000000 2326.000000 831.000000 -2845.000000 3481.000000 
-7.050000 3.710000 37.950001 -29.650000 -34.130001 0.000000 3303.000000 -2547.000000 2400.000000 862.000000 -2997.000000 3465.000000 
-7.970000 3.620000 37.860001 -28.940001 -34.060001 0.000000 3212.000000 -2788.000000 2534.000000 1400.000000 -3345.000000 4158.000000 
-8.990000 3.520000 37.790001 -27.139999 -33.520000 0.000000 5042.000000 -2029.000000 2284.000000 6001.000000 -3503.000000 5594.000000 
-9.890000 3.320000 37.720001 -25.780001 -32.810001 0.000000 4996.000000 -2454.000000 2882.000000 1552.000000 -3217.000000 3540.000000 
-10.490000 3.140000 37.540001 -24.059999 -32.490002 0.000000 4428.000000 -3278.000000 5680.000000 -1997.000000 -3799.000000 3985.000000 
-10.890000 3.030000 37.310001 -21.639999 -32.490002 0.000000 4256.000000 -2567.000000 5045.000000 -1849.000000 -3880.000000 4420.000000 
-11.360000 3.080000 37.169998 -19.690001 -32.509998 0.000000 4842.000000 -2701.000000 3573.000000 -131.000000 -3508.000000 4330.000000 
-11.910000 3.410000 37.020000 -17.870001 -32.459999 0.000000 3778.000000 -2515.000000 2064.000000 923.000000 -3190.000000 4028.000000 
-11.650000 4.600000 37.119999 -16.440001 -32.599998 0.000000 2685.000000 -2297.000000 1596.000000 264.000000 -2914.000000 3340.000000 
-11.310000 5.970000 37.540001 -15.510000 -32.970001 0.000000 1947.000000 -2081.000000 1889.000000 -1169.000000 -3103.000000 3192.000000 
-11.000000 7.540000 38.240002 -14.840000 -33.599998 0.000000 1935.000000 -1876.000000 2689.000000 -1629.000000 -3307.000000 3336.000000 
-11.030000 9.040000 39.250000 -14.310000 -34.470001 0.000000 2153.000000 -1830.000000 3300.000000 -1650.000000 -3404.000000 3300.000000 
-11.700000 10.360000 40.459999 -13.930000 -35.619999 0.000000 2449.000000 -1806.000000 3468.000000 -987.000000 -3570.000000 3449.000000 
-12.660000 11.970000 41.730000 -13.570000 -36.680000 0.000000 2823.000000 -1814.000000 3356.000000 535.000000 -3572.000000 3709.000000 
-13.750000 13.940000 42.939999 -13.130000 -37.470001 0.000000 3163.000000 -1890.000000 3051.000000 1675.000000 -3361.000000 3722.000000 
-14.780000 16.180000 43.970001 -12.540000 -38.060001 0.000000 3300.000000 -1799.000000 2474.000000 2312.000000 -3059.000000 3493.000000 
-15.630000 18.690001 44.770000 -11.950000 -38.529999 0.000000 3048.000000 -1744.000000 2001.000000 2028.000000 -2666.000000 2969.000000 
-16.129999 21.400000 45.389999 -11.390000 -39.049999 0.000000 2516.000000 -1517.000000 1726.000000 1129.000000 -2484.000000 2357.000000 
-16.059999 24.190001 46.020000 -11.020000 -39.740002 0.000000 1875.000000 -1371.000000 1852.000000 33.000000 -2317.000000 2108.000000 
-15.540000 26.799999 46.830002 -10.690000 -40.750000 0.000000 1523.000000 -1277.000000 2439.000000 -789.000000 -2269.000000 2057.000000 
-14.780000 29.170000 47.820000 -10.210000 -41.980000 0.000000 1299.000000 -1128.000000 2775.000000 -1474.000000 -2254.000000 2065.000000 
-13.920000 31.250000 48.950001 -9.630000 -43.110001 0.000000 1205.000000 -951.000000 2810.000000 -1687.000000 -2277.000000 2150.000000 
-13.130000 33.070000 50.090000 -8.960000 -43.669998 0.000000 1247.000000 -762.000000 2789.000000 -1353.000000 -2051.000000 2136.000000 
-12.550000 34.770000 51.240002 -8.350000 -43.799999 0.000000 1389.000000 -734.000000 2687.000000 -985.000000 -1844.000000 1929.000000 
-12.040000 36.340000 52.380001 -7.460000 -43.689999 0.000000 1090.000000 -473.000000 2514.000000 -1093.000000 -1587.000000 1729.000000 
-11.570000 37.750000 53.450001 -6.360000 -43.639999 0.000000 946.000000 -119.000000 2258.000000 -1298.000000 -1412.000000 1531.000000 
-11.120000 38.959999 54.500000 -5.380000 -43.459999 0.000000 908.000000 66.000000 2245.000000 -1437.000000 -1352.000000 1598.000000 
-10.720000 39.959999 55.500000 -4.680000 -42.840000 0.000000 1100.000000 160.000000 2670.000000 -1221.000000 -1317.000000 2062.000000 
-10.430000 40.779999 56.330002 -4.140000 -42.310001 0.000000 1439.000000 259.000000 3363.000000 -812.000000 -1292.000000 2403.000000 
-10.270000 41.430000 56.939999 -3.550000 -41.849998 0.000000 1852.000000 361.000000 3541.000000 -720.000000 -1327.000000 2671.000000 
-10.170000 41.990002 57.330002 -2.990000 -41.459999 0.000000 2279.000000 408.000000 3564.000000 -842.000000 -1399.000000 2858.000000 
-10.060000 42.490002 57.599998 -2.190000 -41.130001 0.000000 1825.000000 754.000000 3117.000000 -1428.000000 -1521.000000 2993.000000 
-9.840000 42.880001 57.810001 -1.530000 -40.799999 0.000000 1361.000000 505.000000 3201.000000 -2287.000000 -1712.000000 3142.000000 
-9.550000 43.150002 58.040001 -1.120000 -40.500000 0.000000 1009.000000 361.000000 3991.000000 -2793.000000 -1658.000000 3015.000000 
-9.330000 43.220001 58.230000 -0.790000 -40.060001 0.000000 810.000000 289.000000 4422.000000 -2794.000000 -1571.000000 2660.000000 
-9.170000 43.040001 58.389999 -0.230000 -39.380001 0.000000 1079.000000 576.000000 3980.000000 -2641.000000 -1568.000000 2592.000000 
-8.870000 42.630001 58.580002 0.390000 -38.689999 0.000000 1313.000000 871.000000 3700.000000 -2356.000000 -1729.000000 2997.000000 
-8.470000 42.110001 58.790001 0.950000 -38.049999 0.000000 1828.000000 924.000000 3675.000000 -2162.000000 -1977.000000 3566.000000 
-7.880000 41.570000 59.000000 1.360000 -37.470001 0.000000 2273.000000 897.000000 4111.000000 -2014.000000 -2121.000000 4029.000000 
-7.270000 41.160000 59.200001 1.700000 -36.880001 0.000000 2328.000000 757.000000 4476.000000 -2109.000000 -2041.000000 4077.000000 
-6.600000 40.900002 59.439999 2.110000 -36.529999 0.000000 2091.000000 768.000000 4459.000000 -2570.000000 -1974.000000 3742.000000 
-5.810000 40.689999 59.770000 2.500000 -36.419998 0.000000 1423.000000 719.000000 4213.000000 -3058.000000 -1945.000000 3366.000000 
-4.990000 40.500000 60.150002 2.590000 -36.240002 0.000000 1012.000000 501.000000 4537.000000 -3126.000000 -1885.000000 3265.000000 
-4.310000 40.369999 60.529999 2.600000 -36.090000 0.000000 1351.000000 528.000000 4628.000000 -2743.000000 -1991.000000 3561.000000 
-3.790000 40.250000 60.849998 2.660000 -35.740002 0.000000 1890.000000 597.000000 4241.000000 -2145.000000 -2100.000000 4186.000000 
-3.270000 40.119999 61.130001 2.680000 -35.220001 0.000000 1917.000000 481.000000 4963.000000 -2222.000000 -2056.000000 4482.000000 
-2.690000 40.020000 61.400002 2.790000 -34.930000 0.000000 2070.000000 438.000000 4852.000000 -2491.000000 -2013.000000 4129.000000 
-2.200000 39.970001 61.529999 2.960000 -34.130001 0.000000 2057.000000 363.000000 4229.000000 -1414.000000 -1727.000000 4023.000000 
-1.540000 39.830002 61.770000 3.090000 -33.500000 0.000000 1425.000000 245.000000 3708.000000 -1563.000000 -1553.000000 3699.000000 
-0.590000 39.700001 62.230000 3.180000 -33.169998 0.000000 949.000000 268.000000 3547.000000 -2302.000000 -1630.000000 3521.000000 
0.470000 39.369999 62.790001 3.230000 -32.630001 0.000000 1385.000000 274.000000 3530.000000 -1976.000000 -1531.000000 3709.000000 
1.400000 38.910000 63.320000 3.310000 -31.820000 0.000000 2129.000000 441.000000 3411.000000 -1585.000000 -1286.000000 3398.000000 
2.150000 38.310001 63.750000 3.320000 -31.070000 0.000000 2466.000000 436.000000 3280.000000 -1348.000000 -1180.000000 3188.000000 
2.630000 37.779999 64.040001 3.120000 -30.549999 0.000000 2091.000000 217.000000 3389.000000 -948.000000 -1296.000000 3368.000000 
2.710000 37.310001 63.930000 2.700000 -30.459999 0.000000 1571.000000 15.000000 3870.000000 -1280.000000 -1535.000000 3532.000000 
2.540000 36.810001 63.730000 2.050000 -30.500000 0.000000 1667.000000 -488.000000 4516.000000 -2001.000000 -1709.000000 3642.000000 
1.920000 36.220001 63.180000 1.560000 -30.500000 0.000000 2047.000000 -568.000000 5066.000000 -2113.000000 -1770.000000 3510.000000 
0.860000 35.459999 62.500000 1.270000 -30.559999 0.000000 2179.000000 -640.000000 5172.000000 -1380.000000 -1675.000000 3568.000000 
-0.110000 34.980000 61.810001 1.240000 -30.350000 0.000000 2231.000000 -431.000000 4588.000000 -360.000000 -1597.000000 3722.000000 
-0.860000 34.880001 61.349998 1.270000 -30.420000 0.000000 1846.000000 -330.000000 4114.000000 -491.000000 -1512.000000 3591.000000 
-1.440000 35.130001 60.919998 1.250000 -31.110001 0.000000 1652.000000 -378.000000 3718.000000 -1664.000000 -1709.000000 3495.000000 
-2.370000 35.360001 60.389999 1.220000 -31.719999 0.000000 1737.000000 -310.000000 3184.000000 -2012.000000 -1653.000000 3411.000000 
-3.070000 35.240002 59.810001 1.190000 -31.830000 0.000000 1244.000000 -155.000000 3096.000000 -1125.000000 -1582.000000 4068.000000 
-3.070000 34.669998 59.599998 1.070000 -31.549999 0.000000 1377.000000 -313.000000 3027.000000 -422.000000 -1657.000000 4917.000000 
-2.030000 33.110001 59.959999 1.140000 -31.309999 0.000000 1926.000000 -72.000000 2414.000000 -2016.000000 -1531.000000 4015.000000 
-1.080000 31.150000 60.160000 1.110000 -30.410000 0.000000 1777.000000 -144.000000 2378.000000 -833.000000 -2409.000000 7635.000000 
-0.550000 29.059999 60.150002 0.960000 -29.150000 0.000000 1780.000000 -76.000000 2701.000000 -1657.000000 -1556.000000 4793.000000 
0.110000 27.049999 60.189999 0.650000 -28.420000 0.000000 3367.000000 -96.000000 4203.000000 -857.000000 -1441.000000 3704.000000 
1.630000 25.240000 60.619999 1.220000 -27.410000 0.000000 4490.000000 4117.000000 11090.000000 -568.000000 -1282.000000 4326.000000 
3.120000 23.850000 60.930000 0.560000 -26.700001 0.000000 2239.000000 -1810.000000 968.000000 -1265.000000 -1554.000000 6188.000000 
4.030000 22.670000 61.160000 -0.210000 -26.770000 0.000000 3263.000000 -2487.000000 4964.000000 -516.000000 -940.000000 3751.000000 
4.540000 22.139999 61.369999 -0.120000 -27.520000 0.000000 2147.000000 194.000000 3740.000000 -1123.000000 -1187.000000 3922.000000 
5.080000 22.389999 61.560001 -0.490000 -28.180000 0.000000 3067.000000 -686.000000 3529.000000 -1301.000000 -1264.000000 4125.000000 
4.810000 23.090000 61.389999 -0.930000 -29.230000 0.000000 747.000000 -647.000000 4391.000000 -866.000000 -2993.000000 4650.000000 
4.340000 23.840000 61.110001 -1.470000 -29.620001 0.000000 1521.000000 -718.000000 4040.000000 -2042.000000 -1632.000000 4323.000000 
3.720000 24.240000 60.730000 -2.070000 -30.440001 0.000000 1314.000000 -799.000000 3985.000000 -1087.000000 -1582.000000 3608.000000 
3.160000 24.440001 60.439999 -2.650000 -31.280001 0.000000 1546.000000 -901.000000 4092.000000 -1443.000000 -1727.000000 3735.000000 
2.800000 24.370001 60.330002 -3.160000 -32.040001 0.000000 1700.000000 -909.000000 3899.000000 -1245.000000 -1710.000000 3743.000000 
2.580000 23.840000 60.299999 -3.560000 -32.590000 0.000000 1912.000000 -926.000000 3804.000000 -1173.000000 -1654.000000 3807.000000 
2.410000 23.110001 60.250000 -3.810000 -32.650002 0.000000 2143.000000 -852.000000 3767.000000 -861.000000 -1581.000000 3997.000000 
2.340000 22.450001 60.320000 -3.990000 -32.750000 0.000000 2175.000000 -857.000000 3739.000000 -1098.000000 -1591.000000 3965.000000 
2.330000 22.100000 60.450001 -4.160000 -32.849998 0.000000 2060.000000 -904.000000 3747.000000 -1067.000000 -1567.000000 3810.000000 
2.430000 22.059999 60.599998 -4.230000 -32.639999 0.000000 2069.000000 -815.000000 3722.000000 -1136.000000 -1493.000000 3867.000000 
2.550000 22.059999 60.720001 -4.240000 -32.360001 0.000000 2125.000000 -750.000000 3758.000000 -1192.000000 -1481.000000 3968.000000 
2.660000 22.090000 60.919998 -4.240000 -32.080002 0.000000 2060.000000 -729.000000 3784.000000 -1202.000000 -1448.000000 3961.000000 
2.780000 22.219999 61.029999 -4.240000 -31.879999 0.000000 2015.000000 -690.000000 3803.000000 -1246.000000 -1435.000000 3923.000000 
2.780000 22.379999 61.049999 -4.310000 -31.770000 0.000000 1920.000000 -720.000000 3840.000000 -1231.000000 -1497.000000 3906.000000 
2.650000 22.600000 61.049999 -4.430000 -32.070000 0.000000 1844.000000 -750.000000 3830.000000 -1296.000000 -1549.000000 3854.000000 
2.430000 22.920000 60.990002 -4.630000 -32.259998 0.000000 1722.000000 -854.000000 3867.000000 -1337.000000 -1573.000000 3766.000000 
2.220000 23.160000 60.980000 -4.770000 -32.320000 0.000000 1843.000000 -791.000000 3815.000000 -1236.000000 -1556.000000 3853.000000 
2.050000 23.209999 60.970001 -4.870000 -32.220001 0.000000 1909.000000 -774.000000 3840.000000 -1214.000000 -1520.000000 3891.000000 
1.930000 23.219999 60.950001 -4.960000 -31.940001 0.000000 1925.000000 -764.000000 3841.000000 -1218.000000 -1504.000000 3898.000000 
1.940000 23.180000 60.970001 -5.020000 -31.820000 0.000000 1958.000000 -768.000000 3772.000000 -1186.000000 -1518.000000 3901.000000 
1.930000 23.200001 61.020000 -5.090000 -31.770000 0.000000 1877.000000 -779.000000 3832.000000 -1225.000000 -1530.000000 3881.000000 
1.830000 23.240000 61.070000 -5.150000 -31.670000 0.000000 1940.000000 -744.000000 3751.000000 -1172.000000 -1521.000000 3960.000000 
1.700000 23.240000 61.080002 -5.240000 -31.740000 0.000000 1979.000000 -826.000000 3787.000000 -1216.000000 -1550.000000 3826.000000 
