11.682795 -16.988628 -36.017721
12.402351 -16.807806 -36.455345
13.31245 -16.628079 -36.920175
14.345626 -16.425295 -37.3938
15.654202 -16.10199 -38.202241
17.162121 -15.589562 -39.343731
18.647981 -14.957366 -40.547485
19.989166 -14.314029 -41.585859
21.041156 -13.6379 -42.540746
21.864049 -12.701115 -43.966195
22.446878 -11.167853 -46.80532
22.859427 -9.055983 -51.344026
23.113112 -6.55889 -56.92619
23.271803 -3.788212 -63.104847
23.443384 -0.806844 -69.444105
23.254615 2.270189 -75.682179
22.581388 5.225707 -81.399625
21.420171 7.819308 -86.142318
19.911888 9.906827 -89.53398
18.203049 11.555776 -91.768986
16.491985 12.775369 -93.030165
14.93982 13.58309 -93.509798
13.602035 14.009015 -93.391562
12.422856 14.175732 -92.888296
11.380453 14.222076 -92.215442
10.362782 14.208392 -91.542484
9.366464 14.167864 -90.934249
8.332597 14.222075 -90.46012
7.250423 14.344424 -90.13621
6.446033 14.527357 -89.905177
5.714329 14.579295 -89.407718
5.487531 14.637868 -88.952598
5.122932 14.421788 -87.941328
4.48777 13.421244 -86.06559
3.952457 12.168637 -84.273588
3.484782 10.989273 -82.757229
3.206615 9.976386 -81.541287
4.2543 9.381675 -80.672041
5.466818 9.081593 -80.08331
6.693487 8.217499 -78.591464
7.707981 6.759392 -76.798302
7.853732 5.440723 -75.205435
7.917351 4.402393 -73.889738
8.170889 3.317464 -72.484254
8.450306 2.270101 -71.066434
8.529518 1.312809 -69.835311
8.636702 0.196618 -68.517028
8.616285 -0.879191 -67.277197
8.777081 -1.756272 -65.788921
9.375097 -1.726035 -65.035962
9.797806 -1.934984 -63.969702
9.119141 -2.738137 -62.868019
8.553883 -3.707958 -61.735183
8.072908 -4.6712 -60.625173
7.647698 -4.092193 -60.605547
6.80743 -3.795062 -60.513984
5.897369 -4.094953 -59.889502
5.14101 -4.708085 -59.062589
5.482028 -5.198083 -57.924224
5.292321 -5.887892 -56.731613
5.184749 -5.380171 -56.689135
5.351362 -4.892649 -56.651002
5.421774 -4.374593 -56.738001
5.538416 -3.915393 -56.756353
5.576847 -3.488723 -56.760219
5.007555 -4.053045 -56.11616
4.494502 -4.623269 -55.479416
4.011635 -5.221067 -54.970993
3.802639 -5.929862 -54.243434
3.604086 -6.605014 -53.541391
3.013531 -6.944882 -53.048137
2.29262 -6.566454 -52.985738
1.65812 -5.745153 -53.395726
1.189105 -4.67018 -53.939999
0.782585 -3.479957 -54.669777
0.564964 -2.16026 -55.477986
0.435678 -0.794837 -56.405749
0.224977 0.675682 -57.532888
0.009692 2.246485 -58.911246
-0.249278 3.91404 -60.659604
-0.548622 5.744001 -62.881755
-0.775536 7.606174 -65.5482
-0.93076 9.451049 -68.668118
-0.98129 11.323163 -72.413842
-0.899299 13.261023 -77.023342
-0.63725 15.242621 -82.686322
-0.054831 17.254977 -89.908209
1.019755 19.267529 -99.11641
2.76085 21.212532 -110.78079
5.361023 22.998239 -125.208954
9.040785 24.552447 -142.953999
13.98327 25.690617 -164.653183
20.110301 25.898139 169.53125
26.989514 23.747755 139.877354
33.498851 16.527924 107.108374
37.590468 1.925293 72.234879
36.599491 -16.441763 34.728387
25.926232 -30.000463 -9.687731
0.251621 -34.285033 -66.882251
-26.532688 -29.064534 -123.332412
-39.179785 -16.333466 -163.989449
-42.431837 -0.650743 166.23204
-40.858706 12.930422 142.339563
-36.719221 22.355601 122.347049
-31.26009 28.263513 105.474303
-25.368206 31.748955 91.377174
-19.675563 33.684347 79.643957
-14.486732 34.677785 69.976976
-9.901022 35.022249 61.928227
-5.982023 34.938263 55.281311
-2.653154 34.568867 49.73789
0.106134 34.037726 45.212477
2.268177 33.446076 41.650035
4.054856 32.850944 38.858239
5.48505 32.33474 36.710484
6.724644 31.977143 35.06276
7.615225 31.503793 33.704671
8.578366 31.243503 32.555532
9.569696 31.064995 31.453029
10.658206 30.808798 30.349991
11.476736 30.449957 29.372593
12.218485 30.139577 28.486317
13.148635 29.799566 27.584476
13.762219 29.373384 26.844329
14.261801 29.042908 26.253369
14.763395 28.815443 25.715222
15.318145 28.699529 25.272804
15.81411 28.637823 24.90099
16.096587 28.569324 24.631293
16.232932 28.54376 24.47096
16.185025 28.504039 24.546346
16.107125 28.522465 24.758399
16.318471 28.526259 24.985372
16.515625 28.369799 25.209062
16.726432 28.250977 25.448666
17.296772 28.111418 25.480608
18.052532 27.953634 25.383564
18.807106 27.759619 25.272393
19.42648 27.488564 25.218612
19.821178 27.176553 25.231968
20.029246 26.904619 25.484571
20.141738 26.655196 25.805651
20.315667 26.430748 26.122871
20.564115 26.13967 26.391507
20.864801 25.80051 26.588861
21.114443 25.48521 26.843705
21.423918 25.215028 27.128403
21.598784 24.910914 27.395867
21.416621 24.564209 27.866871
21.70346 24.194206 28.106558
22.129661 23.860614 28.268446
22.56312 23.493923 28.349564
23.039094 23.049515 28.376712
23.642638 22.458895 28.29483
24.190719 21.744249 28.344247
24.564179 21.050242 28.52756
24.769515 20.392195 28.761679
24.784062 19.876807 29.079463
24.882459 19.346064 29.329295
24.900717 18.699494 29.794607
24.965098 18.231915 30.074935
24.91618 17.965034 30.49635
25.057068 17.720834 30.765634
25.206833 17.415661 31.13867
25.249961 17.039597 31.48132
25.110575 16.808913 31.82553
25.08761 16.791011 32.057464
25.054995 16.734846 32.282372
24.803606 16.71322 32.577794
24.806028 16.700246 32.750893
25.068855 16.656133 32.85152
25.269402 16.72961 32.888491
25.718673 16.603764 32.929028
25.970383 16.250459 32.971368
25.789429 16.096294 33.135324
25.466363 16.015607 33.36452
25.197308 15.984592 33.55997
25.209928 16.06846 33.688689
25.434878 16.200297 33.712668
25.604297 16.270775 33.760565
25.704155 16.301305 33.768081
25.773119 16.357952 33.860833
25.781806 16.364271 33.949007
25.688861 16.43057 34.08423
25.49485 16.662566 34.17371
25.346103 17.26531 34.320288
25.252854 18.139759 34.50579
24.949047 19.226698 34.865697
24.365287 20.567899 35.516098
23.337591 22.016006 36.627898
21.996234 23.320453 38.084037
20.547284 24.513223 39.852183
19.075913 25.688354 41.914576
17.301174 26.759459 44.427235
15.074915 27.754985 47.433762
12.530867 28.685306 50.707382
9.714066 29.464661 54.298148
6.803201 30.043833 57.981184
4.005083 30.44132 61.682263
1.127406 30.722665 65.828061
-1.753795 30.923878 70.461296
-5.079508 31.022914 76.162135
-9.107737 30.85051 83.044806
-13.439034 30.296513 90.559454
-17.591167 29.343714 98.130641
-21.244322 27.96747 105.396799
-24.572446 26.144031 112.713013
-27.562931 23.802282 120.104218
-30.202582 20.861406 127.713741
-32.515405 17.132905 135.9389
-34.351707 12.509737 144.717198
-35.673151 6.93804 154.410807
-36.258289 0.295945 165.440777
-35.714388 -7.172639 178.23097
-33.494663 -14.730216 -167.042436
-29.276187 -21.235144 -150.372271
-22.782475 -26.05864 -131.575117
-14.335627 -29.100617 -110.441742
-4.869348 -30.582981 -87.74751
4.5502 -30.767904 -63.94559
12.903869 -30.268795 -36.499067
19.172825 -29.55041 -2.285007
23.982879 -28.345338 47.278204
26.675449 -21.141582 114.199869
27.008258 -17.998214 -175.661706
26.583834 -17.163174 -128.171552
25.818697 -15.051222 -98.345462
24.867288 -13.237343 -79.974667
23.663639 -12.117052 -67.580394
22.257632 -11.529243 -58.751894
20.713284 -11.373077 -52.099686
19.113868 -11.555208 -46.92282
17.577132 -11.934821 -43.013171
16.122566 -12.454928 -40.020212
14.775232 -13.056026 -37.74843
13.4737 -13.737093 -35.942746
12.127435 -14.353663 -34.642256
10.707453 -14.871452 -33.783062
9.199651 -15.288785 -33.283557
7.648056 -15.556278 -33.09727
6.154777 -15.732617 -33.139876
4.812869 -15.862714 -33.394249
3.546321 -16.046485 -33.722308
2.325294 -16.182327 -34.170185
1.196424 -16.229204 -34.739785
0.097329 -16.187126 -35.261746
-1.046042 -16.103655 -35.756652
-2.118657 -15.939469 -36.347744
-3.064329 -15.709853 -37.02946
-3.949913 -15.518255 -37.698436
-4.905109 -15.414047 -38.281738
-5.929584 -15.445913 -38.813566
-6.972856 -15.530508 -39.300146
-8.011777 -15.355604 -39.814067
-9.02587 -15.093668 -40.282688
-9.906415 -14.779946 -40.743972
-10.453993 -14.565869 -41.063376
-10.528817 -14.511655 -41.331405
-10.206943 -14.399361 -41.660379
-9.819738 -14.765155 -41.92765
-10.461291 -15.068303 -42.214263
-11.179646 -14.921861 -42.482914
-11.07863 -14.886803 -42.46249
-11.166939 -15.875917 -42.30982
-11.590214 -16.711968 -42.113875
-11.903862 -17.028442 -42.077232
-11.628356 -17.31663 -42.012157
-11.645821 -17.65666 -41.974639
-11.833176 -17.917993 -41.914811
-12.551046 -17.586636 -42.009331
-12.376289 -16.988474 -42.068512
-11.373445 -16.53204 -42.022622
-10.324813 -16.232262 -41.944163
-9.486659 -15.992083 -42.006101
-8.580883 -16.06552 -42.004372
-7.763423 -16.074772 -42.182891
-6.887966 -16.119683 -42.541863
-6.447813 -16.54632 -42.651145
-7.007871 -17.029793 -42.756994
-7.562456 -17.414716 -42.864084
-7.766332 -17.658077 -42.921929
-8.064981 -17.686577 -43.107503
-8.576113 -17.543843 -43.29912
-8.936587 -17.180281 -43.537853
-8.765952 -16.64941 -43.864336
-8.502789 -16.1121 -44.203127
-8.636077 -15.576614 -44.533232
-9.405461 -14.949639 -44.855952
-10.23703 -14.096342 -45.078125
-10.895544 -12.815669 -45.222561
-11.822742 -10.985371 -45.21831
-12.153364 -8.444882 -45.306245
-11.39042 -5.587991 -45.871464
-10.488357 -2.837699 -46.873354
-9.848412 -0.157554 -48.11621
-8.989125 2.58317 -49.835681
-7.914084 5.258317 -52.025591
-6.634015 7.754916 -54.754689
-5.185437 10.061458 -57.982219
-3.486408 12.140855 -61.60171
-1.711511 13.998199 -65.493102
0.227519 15.6678 -69.708027
2.334753 17.205852 -74.419621
4.708028 18.641676 -79.93932
7.46692 19.929617 -86.666148
10.767367 20.917558 -95.042497
14.385905 21.514723 -104.951991
18.604891 21.349233 -116.895944
23.080809 20.401804 -130.39521
27.632875 18.516211 -145.29703
32.010569 15.316647 -161.434636
35.83503 10.326387 -178.662801
38.49429 3.339014 163.525444
39.468479 -5.293008 145.397244
38.635095 -14.439599 127.008616
35.962788 -22.809892 108.584054
31.740891 -29.676117 90.38799
26.351591 -34.960342 72.6889
19.994152 -38.9409 55.460622
13.13694 -41.66342 39.204192
6.741752 -42.995212 25.041366
2.095566 -43.250514 14.601727
-0.47387 -43.104781 7.596059
-1.095111 -42.810162 3.836117
-0.010774 -42.441879 3.022463
2.15335 -42.240373 4.214366
4.832666 -42.003381 6.666649
8.095507 -41.487655 11.353479
11.930672 -40.660949 19.134759
15.87128 -39.306704 29.717679
19.533543 -37.261403 42.865989
22.599852 -34.330004 58.600257
24.944308 -30.584416 77.444879
26.581463 -26.708206 99.042417
27.516181 -23.504718 122.935821
27.63772 -21.441644 148.925508
27.209511 -20.679277 173.024831
26.609868 -20.379642 -167.8031
26.154852 -20.116891 -155.994299
26.095936 -19.532235 -152.589067
26.63727 -18.431412 -161.878496
27.331078 -17.058685 -177.847685
27.856236 -16.206066 164.157202
28.254054 -16.222278 144.231193
28.940447 -15.838299 132.612895
28.859061 -17.005618 128.042416
26.720856 -17.904255 154.119148
16.826089 -20.128408 -11.549388
14.972513 -21.979052 11.874544
14.895169 -22.499249 17.175373
16.436619 -22.920895 14.580231
16.396683 -23.240202 17.422065
16.143632 -23.43723 20.610314
15.727652 -22.738923 18.775448
15.164569 -21.664428 13.171275
14.439604 -20.721648 7.25124
14.185781 -19.79938 -0.237307
14.915881 -19.218433 -7.63221
15.686958 -18.553991 -15.818341
16.285867 -17.895805 -24.527991
17.037418 -16.88829 -39.952403
17.872113 -16.38749 -53.867903
18.624127 -16.18067 -64.850154
19.463213 -16.022396 -78.713087
20.056357 -16.253622 -86.337807
20.347542 -16.596762 -88.850133
20.170999 -16.922797 -85.117321
19.63065 -17.083262 -77.961043
18.90726 -17.207827 -69.509307
17.888738 -17.093317 -60.628313
17.11069 -17.216509 -53.839024
13.30332 -18.614693 -18.906971
11.987746 -19.047944 -13.456298
11.044147 -19.563627 -8.05407
10.918109 -19.676389 -6.531563
11.196183 -19.737821 -6.564698
11.739188 -19.792273 -7.464229
12.367503 -19.831359 -8.563707
13.089259 -19.708289 -10.758654
13.729143 -19.44643 -13.494917
14.269138 -19.173446 -16.135154
14.836777 -18.806201 -19.973389
15.455414 -18.463762 -24.432536
16.127517 -18.160765 -29.628332
16.816457 -17.880344 -35.473394
14.599019 -19.214614 -0.879365
14.743436 -18.319978 -5.150009
14.915414 -17.581844 -8.993727
15.188682 -17.041242 -12.222291
15.493987 -16.677244 -14.727493
15.752725 -16.461831 -16.38235
15.955312 -16.361746 -17.465776
16.142303 -16.377509 -18.022796
16.258663 -16.555058 -17.70887
16.311706 -16.824387 -16.919463
16.235736 -17.112683 -15.83932
20.100424 -20.226257 -9.399301
20.22924 -20.793309 -5.680149
20.343678 -21.314762 -2.007489
20.512033 -21.735035 1.415104
20.696257 -21.937039 4.039052
20.290209 -21.132692 2.057665
19.709615 -20.051538 -1.575521
19.239235 -19.413412 -3.122236
18.734256 -19.808322 0.892812
18.906227 -20.827759 7.251672
17.450841 -21.92437 11.175794
16.17028 -22.846586 12.203477
15.824692 -24.077739 14.088857
16.314627 -25.090694 16.241329
17.7098 -25.166527 15.92807
18.868898 -24.835371 15.017248
19.216522 -24.238851 13.40871
18.725803 -23.522884 10.783191
17.819915 -22.739901 7.615615
16.95693 -21.906235 4.23288
16.369403 -21.058744 0.851259
15.980443 -20.163934 -2.39589
15.680125 -19.215003 -5.635021
15.354391 -18.218881 -8.906397
14.976421 -17.236113 -12.001702
14.695865 -16.324748 -15.017005
14.549923 -15.668301 -17.379023
14.585379 -15.442591 -18.446883
14.758601 -15.558693 -18.403487
14.944642 -15.886836 -17.639668
15.136355 -16.324529 -16.545343
15.234852 -16.779142 -15.226605
15.225951 -17.18685 -13.923421
15.131965 -17.502148 -12.863267
15.05826 -17.725112 -12.108595
15.005012 -17.846874 -11.703436
14.978617 -17.933908 -11.402843
14.925058 -18.010754 -11.110231
14.92525 -18.02137 -11.019976
