21.840000 26.250000 128.889999 -1718.000000 1415.000000 3400.000000
21.850000 26.250000 128.899994 -1677.000000 1428.000000 3391.000000
21.860001 26.250000 128.899994 -1705.000000 1420.000000 3427.000000
21.860001 26.260000 128.899994 -1724.000000 1404.000000 3426.000000
21.860001 26.260000 128.899994 -1729.000000 1411.000000 3482.000000
21.850000 26.240000 128.889999 -1759.000000 1394.000000 3578.000000
21.820000 26.200001 128.880005 -1819.000000 1365.000000 3658.000000
21.780001 26.160000 128.839996 -1862.000000 1329.000000 3759.000000
21.719999 26.100000 128.729996 -1858.000000 1235.000000 3919.000000
21.690001 26.010000 128.649994 -1846.000000 1276.000000 3887.000000
21.700001 25.850000 128.570007 -1572.000000 1439.000000 3857.000000
21.730000 25.670000 128.529999 -1138.000000 1535.000000 3848.000000
21.780001 25.610001 128.550003 -561.000000 1580.000000 3842.000000
21.809999 25.840000 128.639999 -512.000000 1306.000000 4187.000000
21.910000 26.440001 128.839996 -975.000000 1076.000000 4487.000000
22.120001 27.370001 129.160004 -1367.000000 896.000000 4669.000000
22.549999 28.580000 129.660004 -1487.000000 1092.000000 4410.000000
23.139999 29.990000 130.270004 -1624.000000 1242.000000 4203.000000
23.830000 31.480000 130.919998 -1780.000000 1224.000000 4325.000000
24.700001 33.060001 131.699997 -1782.000000 1348.000000 4062.000000
25.730000 34.680000 132.559998 -1456.000000 1409.000000 3816.000000
26.900000 36.450001 133.529999 -1697.000000 1397.000000 3641.000000
28.320000 38.330002 134.649994 -2039.000000 1531.000000 3311.000000
29.950001 40.220001 135.929993 -2266.000000 1681.000000 3096.000000
31.629999 42.060001 137.220001 -2628.000000 1558.000000 3149.000000
33.349998 43.759998 138.460007 -3185.000000 1757.000000 3013.000000
35.049999 45.169998 139.559998 -3286.000000 1794.000000 2793.000000
36.669998 46.290001 140.509995 -3123.000000 1741.000000 2567.000000
38.180000 47.180000 141.250000 -2801.000000 1676.000000 2360.000000
39.560001 47.889999 141.759995 -2647.000000 1647.000000 2224.000000
40.860001 48.470001 142.080002 -2595.000000 1656.000000 2109.000000
42.110001 48.930000 142.300003 -2605.000000 1739.000000 1936.000000
43.270000 49.290001 142.350006 -2611.000000 1809.000000 1861.000000
44.310001 49.580002 142.220001 -2584.000000 1856.000000 1768.000000
45.200001 49.799999 141.899994 -2529.000000 1860.000000 1770.000000
45.930000 49.970001 141.389999 -2511.000000 1832.000000 1701.000000
46.509998 50.110001 140.679993 -2583.000000 1795.000000 1596.000000
46.959999 50.220001 139.789993 -2659.000000 1835.000000 1453.000000
47.250000 50.320000 138.720001 -2768.000000 1846.000000 1397.000000
47.389999 50.389999 137.470001 -2878.000000 1888.000000 1434.000000
47.400002 50.450001 136.050003 -2887.000000 1843.000000 1409.000000
47.279999 50.500000 134.509995 -2708.000000 1814.000000 1342.000000
47.150002 50.619999 133.029999 -2343.000000 1798.000000 1076.000000
47.020000 50.830002 131.639999 -2185.000000 1660.000000 1103.000000
47.009998 51.189999 130.429993 -2253.000000 1586.000000 1045.000000
47.119999 51.720001 129.429993 -2542.000000 1546.000000 937.000000
47.320000 52.360001 128.600006 -2868.000000 1580.000000 898.000000
47.549999 53.060001 127.860001 -3166.000000 1617.000000 944.000000
47.779999 53.790001 127.180000 -3326.000000 1603.000000 1021.000000
47.990002 54.540001 126.540001 -3431.000000 1499.000000 1116.000000
48.209999 55.290001 125.949997 -3498.000000 1487.000000 1053.000000
48.470001 56.040001 125.459999 -3666.000000 1512.000000 911.000000
48.720001 56.770000 124.989998 -3894.000000 1512.000000 744.000000
48.840000 57.439999 124.430000 -4041.000000 1488.000000 601.000000
48.779999 58.000000 123.680000 -3991.000000 1497.000000 587.000000
48.549999 58.450001 122.800003 -3850.000000 1534.000000 593.000000
48.220001 58.830002 121.830002 -3676.000000 1582.000000 694.000000
47.889999 59.209999 120.940002 -3553.000000 1558.000000 732.000000
47.639999 59.630001 120.209999 -3633.000000 1457.000000 858.000000
47.549999 60.119999 119.720001 -3644.000000 1384.000000 865.000000
47.639999 60.669998 119.500000 -3799.000000 1357.000000 761.000000
47.889999 61.259998 119.510002 -3940.000000 1362.000000 723.000000
48.279999 61.889999 119.739998 -3996.000000 1289.000000 621.000000
48.810001 62.529999 120.150002 -4035.000000 1318.000000 592.000000
49.459999 63.160000 120.720001 -4001.000000 1393.000000 540.000000
50.220001 63.790001 121.419998 -3897.000000 1398.000000 460.000000
51.119999 64.430000 122.330002 -3960.000000 1286.000000 34.000000
51.880001 65.000000 123.180000 -3971.000000 1170.000000 649.000000
52.910000 65.589996 124.230003 -4161.000000 1202.000000 417.000000
53.830002 66.070000 125.139999 -4280.000000 1369.000000 671.000000
54.700001 66.489998 125.959999 -4208.000000 1424.000000 724.000000
55.500000 66.870003 126.699997 -4079.000000 1350.000000 669.000000
56.180000 67.199997 127.290001 -3877.000000 1344.000000 848.000000
56.750000 67.480003 127.739998 -3851.000000 1344.000000 842.000000
57.029999 67.690002 127.839996 -3768.000000 1384.000000 1028.000000
57.119999 67.820000 127.739998 -3645.000000 1393.000000 1003.000000
57.150002 67.959999 127.570000 -3582.000000 1294.000000 948.000000
57.259998 68.120003 127.489998 -3530.000000 1261.000000 908.000000
57.570000 68.309998 127.629997 -3541.000000 1254.000000 788.000000
58.049999 68.529999 127.949997 -3592.000000 1263.000000 767.000000
58.700001 68.779999 128.470001 -3641.000000 1278.000000 686.000000
59.430000 69.040001 129.070007 -3689.000000 1255.000000 645.000000
60.180000 69.309998 129.679993 -3840.000000 1269.000000 599.000000
60.740002 69.550003 130.110001 -3985.000000 1230.000000 769.000000
61.139999 69.800003 130.339996 -4046.000000 1083.000000 802.000000
61.330002 70.019997 130.350006 -4112.000000 1019.000000 815.000000
61.299999 70.190002 130.119995 -4052.000000 1042.000000 840.000000
61.130001 70.309998 129.720001 -3891.000000 1041.000000 739.000000
60.869999 70.400002 129.240005 -3802.000000 1064.000000 724.000000
60.580002 70.480003 128.699997 -3729.000000 1076.000000 704.000000
60.299999 70.540001 128.199997 -3629.000000 1129.000000 683.000000
59.990002 70.599998 127.650002 -3429.000000 1107.000000 760.000000
59.759998 70.709999 127.180000 -3470.000000 1029.000000 730.000000
59.540001 70.860001 126.750000 -3648.000000 931.000000 820.000000
59.450001 71.040001 126.449997 -3794.000000 850.000000 770.000000
59.290001 71.209999 126.089996 -3935.000000 887.000000 834.000000
59.049999 71.349998 125.639999 -3959.000000 869.000000 808.000000
58.700001 71.459999 125.080002 -3917.000000 866.000000 803.000000
58.279999 71.550003 124.410004 -3815.000000 900.000000 850.000000
57.860001 71.599998 123.739998 -3698.000000 1001.000000 813.000000
57.410000 71.639999 123.040001 -3587.000000 1058.000000 802.000000
56.959999 71.650002 122.349998 -3559.000000 1100.000000 789.000000
56.529999 71.680000 121.680000 -3581.000000 1051.000000 785.000000
55.880001 71.709999 120.790001 -3613.000000 953.000000 1016.000000
55.360001 71.779999 120.050003 -3849.000000 906.000000 975.000000
55.029999 71.839996 119.540001 -4062.000000 932.000000 999.000000
55.009998 71.930000 119.349998 -3970.000000 993.000000 798.000000
55.020000 71.980003 119.199997 -3597.000000 1071.000000 720.000000
55.000000 71.980003 119.040001 -3312.000000 1144.000000 795.000000
55.090000 72.000000 119.050003 -3454.000000 985.000000 768.000000
55.439999 72.070000 119.309998 -3668.000000 999.000000 762.000000
55.869999 72.160004 119.680000 -3885.000000 1046.000000 774.000000
56.349998 72.260002 120.099998 -4017.000000 1139.000000 664.000000
56.720001 72.349998 120.419998 -4048.000000 1113.000000 783.000000
57.070000 72.459999 120.709999 -4108.000000 1052.000000 695.000000
57.320000 72.540001 120.870003 -3976.000000 1051.000000 728.000000
57.610001 72.589996 121.099998 -3889.000000 1123.000000 729.000000
58.119999 72.669998 121.550003 -3705.000000 1131.000000 582.000000
58.750000 72.790001 122.139999 -3733.000000 1051.000000 559.000000
59.439999 72.919998 122.790001 -3881.000000 1020.000000 561.000000
60.090000 73.040001 123.400002 -4063.000000 1046.000000 549.000000
60.599998 73.110001 123.870003 -4088.000000 1059.000000 543.000000
61.009998 73.150002 124.250000 -4069.000000 1065.000000 470.000000
61.380001 73.169998 124.599998 -4031.000000 1122.000000 400.000000
61.709999 73.160004 124.930000 -3904.000000 1134.000000 318.000000
62.119999 73.129997 125.370003 -3873.000000 1199.000000 308.000000
62.720001 73.110001 125.989998 -3989.000000 1290.000000 344.000000
63.490002 73.120003 126.800003 -4106.000000 1258.000000 361.000000
64.370003 73.139999 127.750000 -4201.000000 1271.000000 308.000000
65.279999 73.150002 128.729996 -4237.000000 1323.000000 321.000000
66.099998 73.139999 129.639999 -4234.000000 1294.000000 322.000000
66.779999 73.089996 130.429993 -4231.000000 1326.000000 305.000000
67.330002 73.010002 131.110001 -4185.000000 1351.000000 241.000000
67.820000 72.900002 131.729996 -4096.000000 1421.000000 151.000000
68.260002 72.760002 132.339996 -3975.000000 1422.000000 108.000000
68.750000 72.620003 133.039993 -3885.000000 1460.000000 78.000000
69.370003 72.470001 133.910004 -3833.000000 1526.000000 85.000000
70.139999 72.330002 134.960007 -3915.000000 1599.000000 82.000000
71.019997 72.199997 136.169998 -3961.000000 1618.000000 95.000000
71.900002 72.070000 137.440002 -3994.000000 1623.000000 106.000000
72.739998 71.930000 138.679993 -4043.000000 1610.000000 107.000000
73.449997 71.779999 139.820007 -4062.000000 1667.000000 125.000000
74.019997 71.610001 140.869995 -4020.000000 1667.000000 126.000000
74.510002 71.419998 141.869995 -3958.000000 1663.000000 117.000000
74.949997 71.230003 142.850006 -3890.000000 1619.000000 148.000000
75.419998 71.040001 143.889999 -3829.000000 1633.000000 136.000000
75.959999 70.860001 145.029999 -3746.000000 1638.000000 97.000000
76.580002 70.680000 146.309998 -3693.000000 1652.000000 26.000000
77.260002 70.500000 147.660004 -3680.000000 1686.000000 16.000000
78.000000 70.330002 149.110001 -3658.000000 1706.000000 -26.000000
78.769997 70.160004 150.619995 -3668.000000 1710.000000 -1.000000
79.540001 69.989998 152.160004 -3703.000000 1742.000000 83.000000
80.300003 69.820000 153.729996 -3745.000000 1738.000000 129.000000
81.050003 69.650002 155.289993 -3733.000000 1746.000000 132.000000
81.769997 69.480003 156.839996 -3721.000000 1727.000000 142.000000
82.470001 69.330002 158.399994 -3671.000000 1708.000000 95.000000
83.139999 69.169998 159.940002 -3626.000000 1728.000000 58.000000
83.889999 69.019997 161.580002 -3609.000000 1736.000000 -138.000000
84.610001 68.889999 163.240005 -3637.000000 1703.000000 -132.000000
85.300003 68.769997 164.889999 -3639.000000 1694.000000 -196.000000
85.860001 68.650002 166.429993 -3592.000000 1671.000000 -127.000000
86.330002 68.550003 167.919998 -3620.000000 1687.000000 -96.000000
86.660004 68.440002 169.300003 -3606.000000 1711.000000 -95.000000
86.910004 68.339996 170.610001 -3525.000000 1749.000000 -19.000000
87.059998 68.250000 171.869995 -3462.000000 1795.000000 27.000000
87.120003 68.180000 173.059998 -3431.000000 1765.000000 86.000000
87.160004 68.139999 174.270004 -3344.000000 1704.000000 76.000000
87.290001 68.120003 175.580002 -3243.000000 1628.000000 85.000000
87.430000 68.150002 176.940002 -3358.000000 1540.000000 147.000000
87.730003 68.230003 178.460007 -3466.000000 1481.000000 46.000000
88.150002 68.370003 -179.889999 -3637.000000 1398.000000 -125.000000
88.529999 68.550003 -178.259995 -3792.000000 1306.000000 -200.000000
88.870003 68.739998 -176.699997 -3845.000000 1276.000000 -294.000000
89.099998 68.959999 -175.250000 -3925.000000 1238.000000 -335.000000
88.970001 69.230003 -174.210007 -4001.000000 1159.000000 -171.000000
88.769997 69.510002 -173.240005 -3909.000000 1139.000000 -164.000000
88.470001 69.809998 -172.389999 -3934.000000 1103.000000 -19.000000
88.169998 70.129997 -171.589996 -3890.000000 1102.000000 28.000000
87.830002 70.440002 -170.820007 -3878.000000 1104.000000 50.000000
87.430000 70.750000 -170.130005 -3798.000000 1070.000000 15.000000
87.029999 71.050003 -169.479996 -3725.000000 1048.000000 -63.000000
86.500000 71.360001 -168.960007 -3733.000000 1043.000000 -70.000000
85.820000 71.680000 -168.619995 -3771.000000 1014.000000 -27.000000
85.120003 72.000000 -168.289993 -3763.000000 980.000000 -69.000000
84.279999 72.330002 -168.089996 -3817.000000 934.000000 14.000000
83.370003 72.669998 -168.020004 -3854.000000 904.000000 20.000000
82.269997 73.010002 -168.119995 -3859.000000 815.000000 106.000000
81.190002 73.360001 -168.240005 -3721.000000 714.000000 99.000000
80.110001 73.709999 -168.360001 -3700.000000 697.000000 165.000000
78.980003 74.070000 -168.550003 -3783.000000 670.000000 277.000000
77.839996 74.430000 -168.759995 -3811.000000 634.000000 287.000000
76.709999 74.790001 -168.979996 -3745.000000 599.000000 277.000000
75.540001 75.129997 -169.259995 -3789.000000 557.000000 313.000000
74.199997 75.470001 -169.729996 -3884.000000 529.000000 401.000000
72.839996 75.800003 -170.199997 -3833.000000 485.000000 372.000000
71.489998 76.120003 -170.679993 -3787.000000 451.000000 366.000000
70.180000 76.440002 -171.160004 -3741.000000 444.000000 323.000000
68.949997 76.760002 -171.580002 -3649.000000 401.000000 314.000000
67.790001 77.080002 -171.960007 -3664.000000 360.000000 360.000000
66.589996 77.410004 -172.380005 -3751.000000 350.000000 391.000000
65.339996 77.739998 -172.869995 -3756.000000 343.000000 390.000000
63.980000 78.059998 -173.490005 -3763.000000 289.000000 399.000000
62.450001 78.370003 -174.289993 -3845.000000 270.000000 432.000000
60.680000 78.660004 -175.320007 -3839.000000 203.000000 431.000000
58.759998 78.930000 -176.539993 -3753.000000 164.000000 425.000000
56.599998 79.180000 -177.970001 -3802.000000 117.000000 466.000000
54.259998 79.419998 -179.600006 -3850.000000 92.000000 484.000000
51.610001 79.620003 178.440002 -3799.000000 18.000000 529.000000
48.830002 79.800003 176.360001 -3705.000000 0.000000 505.000000
45.889999 79.959999 174.100006 -3609.000000 5.000000 523.000000
42.970001 80.110001 171.869995 -3528.000000 -29.000000 537.000000
40.049999 80.269997 169.619995 -3501.000000 -65.000000 593.000000
37.220001 80.459999 167.429993 -3546.000000 -82.000000 589.000000
34.560001 80.690002 165.419998 -3591.000000 -82.000000 543.000000
31.600000 80.910004 163.110001 -3714.000000 -181.000000 681.000000
28.639999 81.160004 160.789993 -3800.000000 -263.000000 638.000000
25.420000 81.400002 158.229996 -3985.000000 -362.000000 661.000000
21.950001 81.629997 155.399994 -4110.000000 -400.000000 676.000000
18.299999 81.849998 152.429993 -4204.000000 -440.000000 586.000000
14.370000 82.010002 149.160004 -4260.000000 -437.000000 584.000000
10.340000 82.150002 145.789993 -4218.000000 -463.000000 515.000000
6.300000 82.239998 142.410004 -4269.000000 -512.000000 548.000000
2.250000 82.279999 138.970001 -4283.000000 -530.000000 536.000000
-1.600000 82.279999 135.690002 -4239.000000 -534.000000 463.000000
-5.050000 82.260002 132.770004 -4126.000000 -479.000000 497.000000
-8.270000 82.199997 130.029999 -4118.000000 -525.000000 547.000000
-11.480000 82.150002 127.290001 -4118.000000 -535.000000 510.000000
-14.530000 82.059998 124.660004 -4170.000000 -530.000000 632.000000
-17.389999 81.970001 122.199997 -4217.000000 -581.000000 556.000000
-20.000000 81.879997 119.949997 -4134.000000 -590.000000 554.000000
-22.350000 81.790001 117.940002 -4113.000000 -582.000000 482.000000
-24.410000 81.699997 116.190002 -4211.000000 -595.000000 502.000000
-26.250000 81.599998 114.639999 -4254.000000 -579.000000 468.000000
-27.770000 81.480003 113.379997 -4296.000000 -560.000000 477.000000
-28.940001 81.320000 112.440002 -4265.000000 -545.000000 522.000000
-29.850000 81.150002 111.739998 -4145.000000 -561.000000 483.000000
-30.580000 80.959999 111.209999 -4117.000000 -565.000000 496.000000
-31.150000 80.769997 110.830002 -4143.000000 -564.000000 520.000000
-31.770000 80.599998 110.419998 -4082.000000 -624.000000 449.000000
-32.470001 80.489998 109.940002 -4160.000000 -674.000000 395.000000
-33.240002 80.419998 109.400002 -4230.000000 -672.000000 476.000000
-34.040001 80.410004 108.839996 -4227.000000 -638.000000 494.000000
-34.790001 80.430000 108.309998 -4237.000000 -614.000000 495.000000
-35.459999 80.470001 107.860001 -4150.000000 -528.000000 516.000000
-36.009998 80.540001 107.510002 -4053.000000 -456.000000 555.000000
-36.430000 80.589996 107.260002 -4032.000000 -424.000000 610.000000
-36.660000 80.620003 107.209999 -3981.000000 -416.000000 691.000000
-36.700001 80.599998 107.320000 -3878.000000 -402.000000 714.000000
-36.680000 80.559998 107.470001 -3834.000000 -426.000000 656.000000
-36.590000 80.489998 107.680000 -3809.000000 -426.000000 602.000000
-36.549999 80.430000 107.839996 -3783.000000 -446.000000 532.000000
-36.549999 80.370003 107.949997 -3804.000000 -451.000000 537.000000
-36.689999 80.330002 107.930000 -3795.000000 -458.000000 473.000000
-36.970001 80.309998 107.760002 -3877.000000 -431.000000 467.000000
-37.340000 80.309998 107.489998 -3926.000000 -367.000000 428.000000
-37.770000 80.309998 107.169998 -3966.000000 -397.000000 437.000000
-38.209999 80.309998 106.820000 -3993.000000 -404.000000 412.000000
-38.540001 80.300003 106.589996 -4023.000000 -399.000000 432.000000
-38.680000 80.250000 106.519997 -4021.000000 -398.000000 519.000000
-38.639999 80.169998 106.599998 -3898.000000 -426.000000 606.000000
-38.410000 80.040001 106.860001 -3789.000000 -420.000000 683.000000
-38.119999 79.889999 107.190002 -3690.000000 -412.000000 684.000000
-37.910000 79.730003 107.410004 -3627.000000 -416.000000 639.000000
-37.820000 79.599998 107.529999 -3637.000000 -371.000000 610.000000
-38.650002 79.320000 106.820000 -3834.000000 -421.000000 470.000000
-39.169998 79.250000 106.370003 -3931.000000 -404.000000 414.000000
-39.639999 79.180000 105.949997 -3985.000000 -401.000000 479.000000
-40.060001 79.089996 105.589996 -4044.000000 -405.000000 492.000000
-40.380001 78.959999 105.300003 -4079.000000 -458.000000 549.000000
-40.590000 78.820000 105.129997 -4081.000000 -458.000000 558.000000
-40.730000 78.650002 105.029999 -3968.000000 -489.000000 588.000000
-40.820000 78.489998 104.980003 -3909.000000 -480.000000 620.000000
-40.950001 78.339996 104.900002 -3846.000000 -479.000000 605.000000
-41.189999 78.220001 104.709999 -3849.000000 -493.000000 550.000000
-41.470001 78.110001 104.489998 -3877.000000 -528.000000 592.000000
-41.720001 77.930000 104.269997 -3790.000000 -756.000000 992.000000
-42.320000 77.879997 103.690002 -3797.000000 -676.000000 368.000000
-42.259998 77.800003 103.809998 -4452.000000 -359.000000 875.000000
-42.720001 77.830002 103.370003 -4373.000000 -538.000000 489.000000
-42.820000 77.779999 103.290001 -4311.000000 -547.000000 625.000000
-42.799999 77.739998 103.320000 -4153.000000 -576.000000 595.000000
-42.639999 77.669998 103.470001 -4274.000000 -524.000000 531.000000
-42.189999 77.550003 103.900002 -4229.000000 -492.000000 725.000000
-41.700001 77.419998 104.370003 -4071.000000 -559.000000 687.000000
-41.139999 77.279999 104.900002 -4027.000000 -588.000000 818.000000
-40.680000 77.150002 105.339996 -4077.000000 -614.000000 841.000000
-40.240002 77.040001 105.730003 -4077.000000 -587.000000 923.000000
-39.889999 76.949997 106.010002 -3989.000000 -561.000000 859.000000
-39.689999 76.900002 106.169998 -3775.000000 -499.000000 663.000000
-39.740002 76.930000 106.089996 -3505.000000 -384.000000 318.000000
-40.119999 76.989998 105.699997 -3304.000000 -379.000000 92.000000
-40.610001 77.040001 105.209999 -3611.000000 -548.000000 405.000000
-41.000000 77.040001 104.809998 -3813.000000 -524.000000 597.000000
-41.250000 77.040001 104.550003 -4040.000000 -512.000000 535.000000
-41.099998 76.989998 104.720001 -4404.000000 -384.000000 574.000000
-40.700001 76.919998 105.110001 -4399.000000 -303.000000 626.000000
-40.139999 76.800003 105.629997 -4106.000000 -391.000000 691.000000
-39.560001 76.660004 106.199997 -3903.000000 -482.000000 778.000000
-39.150002 76.589996 106.589996 -3886.000000 -483.000000 727.000000
-38.939999 76.580002 106.779999 -3930.000000 -477.000000 742.000000
-38.939999 76.650002 106.769997 -3912.000000 -449.000000 629.000000
-39.080002 76.779999 106.599998 -3891.000000 -471.000000 588.000000
-39.310001 76.940002 106.339996 -3892.000000 -498.000000 597.000000
-39.549999 77.120003 106.070000 -3943.000000 -519.000000 591.000000
-39.730000 77.279999 105.849998 -3980.000000 -511.000000 611.000000
-39.799999 77.410004 105.739998 -4000.000000 -557.000000 701.000000
-39.869999 77.519997 105.639999 -3953.000000 -674.000000 640.000000
-39.900002 77.660004 105.589996 -3885.000000 -602.000000 471.000000
-39.820000 77.730003 105.610001 -3996.000000 -703.000000 590.000000
-39.669998 77.800003 105.720001 -3761.000000 -687.000000 443.000000
-39.439999 77.839996 105.870003 -3549.000000 -722.000000 727.000000
-39.470001 77.910004 105.769997 -3610.000000 -818.000000 639.000000
-39.700001 78.019997 105.449997 -3769.000000 -905.000000 802.000000
-40.090000 78.190002 104.959999 -3950.000000 -899.000000 729.000000
-40.480000 78.389999 104.459999 -4104.000000 -901.000000 711.000000
-40.700001 78.570000 104.110001 -4293.000000 -955.000000 736.000000
-40.720001 78.709999 103.940002 -4372.000000 -1059.000000 640.000000
-40.459999 78.830002 104.040001 -4423.000000 -1177.000000 583.000000
-39.830002 78.930000 104.510002 -4438.000000 -1270.000000 465.000000
-38.889999 79.010002 105.250000 -4333.000000 -1370.000000 300.000000
-37.669998 79.080002 106.260002 -4202.000000 -1430.000000 178.000000
-36.150002 79.139999 107.540001 -4205.000000 -1432.000000 218.000000
-34.349998 79.190002 109.070000 -4279.000000 -1340.000000 284.000000
-32.189999 79.190002 110.910004 -4364.000000 -1265.000000 401.000000
-29.610001 79.129997 113.150002 -4437.000000 -1207.000000 491.000000
-26.639999 78.989998 115.709999 -4398.000000 -1207.000000 484.000000
-23.330000 78.739998 118.559998 -4439.000000 -1246.000000 496.000000
-19.790001 78.379997 121.589996 -4455.000000 -1314.000000 479.000000
-16.120001 77.879997 124.699997 -4467.000000 -1306.000000 492.000000
-12.440000 77.220001 127.769997 -4375.000000 -1212.000000 560.000000
-8.930000 76.419998 130.649994 -4167.000000 -1100.000000 612.000000
-5.680000 75.480003 133.250000 -4046.000000 -957.000000 597.000000
-2.690000 74.370003 135.559998 -4192.000000 -909.000000 512.000000
-0.060000 72.989998 137.479996 -4382.000000 -826.000000 716.000000
2.150000 71.360001 138.910004 -4357.000000 -800.000000 805.000000
3.970000 69.419998 139.899994 -4270.000000 -717.000000 1051.000000
5.490000 67.209999 140.509995 -4218.000000 -610.000000 922.000000
6.730000 64.680000 140.759995 -4152.000000 -496.000000 958.000000
7.780000 61.820000 140.710007 -4018.000000 -162.000000 955.000000
8.630000 58.709999 140.350006 -3763.000000 138.000000 813.000000
9.310000 55.410000 139.750000 -3509.000000 322.000000 893.000000
9.930000 52.029999 138.990005 -3211.000000 452.000000 950.000000
10.500000 48.599998 138.100006 -2878.000000 573.000000 1152.000000
11.000000 45.200001 137.080002 -2422.000000 714.000000 1505.000000
11.480000 41.910000 135.960007 -2093.000000 749.000000 1541.000000
11.930000 38.680000 134.750000 -2282.000000 822.000000 1401.000000
12.370000 35.549999 133.490005 -2352.000000 934.000000 1521.000000
12.840000 32.689999 132.240005 -1775.000000 1045.000000 1669.000000
13.310000 30.150000 130.990005 -1175.000000 1104.000000 1906.000000
13.800000 27.930000 129.720001 -1086.000000 1197.000000 2227.000000
14.330000 25.930000 128.440002 -1474.000000 1548.000000 2139.000000
14.870000 24.080000 127.230003 -1554.000000 2004.000000 2313.000000
15.380000 22.379999 126.089996 -1128.000000 2364.000000 2562.000000
15.730000 20.980000 124.959999 -907.000000 2211.000000 3081.000000
16.030001 19.610001 123.879997 -1370.000000 2062.000000 2978.000000
16.260000 18.350000 122.849998 -1265.000000 2112.000000 3015.000000
16.420000 17.270000 121.820000 -1017.000000 2134.000000 3169.000000
16.530001 16.340000 120.800003 -767.000000 2222.000000 3296.000000
16.620001 15.600000 119.870003 -477.000000 2254.000000 3376.000000
16.719999 15.100000 119.070000 -435.000000 2320.000000 3338.000000
16.830000 14.820000 118.339996 -590.000000 2321.000000 3464.000000
16.930000 14.720000 117.669998 -792.000000 2177.000000 3483.000000
17.020000 14.710000 117.040001 -1009.000000 2083.000000 3472.000000
17.090000 14.740000 116.440002 -1056.000000 2022.000000 3518.000000
17.139999 14.840000 115.870003 -1110.000000 1972.000000 3600.000000
17.200001 14.960000 115.330002 -1226.000000 1982.000000 3487.000000
17.260000 15.120000 114.849998 -1287.000000 2028.000000 3407.000000
17.320000 15.300000 114.410004 -1359.000000 2114.000000 3411.000000
17.360001 15.490000 113.989998 -1295.000000 2147.000000 3379.000000
17.379999 15.690000 113.599998 -1188.000000 2180.000000 3386.000000
17.379999 15.880000 113.230003 -1244.000000 2131.000000 3476.000000
17.389999 16.059999 112.910004 -1336.000000 2127.000000 3437.000000
17.379999 16.180000 112.610001 -1335.000000 2140.000000 3453.000000
17.370001 16.240000 112.339996 -1210.000000 2185.000000 3584.000000
17.340000 16.240000 112.099998 -1107.000000 2194.000000 3691.000000
17.309999 16.209999 111.879997 -1042.000000 2128.000000 3796.000000
17.280001 16.180000 111.699997 -936.000000 2101.000000 3826.000000
17.260000 16.170000 111.550003 -895.000000 2077.000000 3877.000000
17.240000 16.170000 111.440002 -874.000000 2015.000000 3899.000000
17.219999 16.180000 111.360001 -691.000000 1942.000000 3835.000000
17.200001 16.209999 111.309998 -424.000000 1922.000000 3737.000000
17.180000 16.309999 111.290001 -363.000000 1845.000000 3779.000000
17.190001 16.520000 111.320000 -543.000000 1803.000000 3662.000000
17.219999 16.809999 111.370003 -819.000000 1790.000000 3705.000000
17.250000 17.129999 111.419998 -1115.000000 1758.000000 3766.000000
17.299999 17.400000 111.470001 -1364.000000 1747.000000 3884.000000
17.330000 17.610001 111.500000 -1374.000000 1646.000000 4002.000000
17.370001 17.770000 111.510002 -1348.000000 1615.000000 3973.000000
17.400000 17.870001 111.519997 -1206.000000 1578.000000 3917.000000
17.430000 17.930000 111.529999 -1010.000000 1592.000000 3836.000000
17.469999 17.990000 111.540001 -919.000000 1556.000000 3720.000000
17.520000 18.080000 111.550003 -960.000000 1535.000000 3627.000000
17.580000 18.170000 111.559998 -930.000000 1380.000000 3551.000000
17.650000 18.250000 111.550003 -1017.000000 1399.000000 3816.000000
17.750000 18.360001 111.559998 -1127.000000 1326.000000 3736.000000
17.850000 18.430000 111.559998 -1170.000000 1336.000000 3955.000000
17.969999 18.469999 111.550003 -1049.000000 1380.000000 3968.000000
18.129999 18.570000 111.570000 -1029.000000 1379.000000 3709.000000
18.320000 18.740000 111.610001 -1016.000000 1361.000000 3522.000000
18.510000 18.959999 111.660004 -1012.000000 1349.000000 3460.000000
18.709999 19.219999 111.720001 -1042.000000 1326.000000 3406.000000
18.920000 19.559999 111.820000 -1088.000000 1307.000000 3395.000000
19.120001 19.969999 111.940002 -1179.000000 1313.000000 3452.000000
19.340000 20.440001 112.099998 -1306.000000 1317.000000 3546.000000
19.570000 20.950001 112.290001 -1514.000000 1326.000000 3670.000000
19.809999 21.469999 112.500000 -1789.000000 1382.000000 3863.000000
20.059999 21.940001 112.730003 -1987.000000 1431.000000 3962.000000
20.309999 22.340000 112.970001 -2038.000000 1498.000000 3985.000000
20.540001 22.650000 113.169998 -2035.000000 1478.000000 3972.000000
20.730000 22.860001 113.360001 -1895.000000 1477.000000 3848.000000
20.910000 23.030001 113.519997 -1709.000000 1448.000000 3770.000000
21.059999 23.170000 113.660004 -1545.000000 1425.000000 3640.000000
21.209999 23.320000 113.820000 -1488.000000 1416.000000 3585.000000
21.340000 23.490000 113.989998 -1488.000000 1395.000000 3518.000000
21.450001 23.680000 114.169998 -1556.000000 1351.000000 3508.000000
21.540001 23.870001 114.360001 -1587.000000 1358.000000 3553.000000
21.620001 24.049999 114.550003 -1657.000000 1373.000000 3568.000000
21.690001 24.209999 114.739998 -1717.000000 1418.000000 3541.000000
21.770000 24.340000 114.930000 -1733.000000 1487.000000 3524.000000
21.820000 24.440001 115.110001 -1737.000000 1476.000000 3503.000000
