21.540001 25.129999 129.539993 -1686.000000 1360.000000 3421.000000
21.540001 25.129999 129.539993 -1660.000000 1368.000000 3417.000000
21.540001 25.120001 129.520004 -1624.000000 1377.000000 3465.000000
21.540001 25.120001 129.509995 -1654.000000 1376.000000 3447.000000
21.540001 25.120001 129.509995 -1647.000000 1373.000000 3410.000000
21.549999 25.120001 129.520004 -1650.000000 1392.000000 3419.000000
21.549999 25.120001 129.529999 -1660.000000 1396.000000 3428.000000
21.559999 25.129999 129.529999 -1688.000000 1394.000000 3408.000000
21.559999 25.129999 129.529999 -1664.000000 1381.000000 3411.000000
21.549999 25.120001 129.529999 -1659.000000 1360.000000 3425.000000
21.549999 25.120001 129.520004 -1661.000000 1382.000000 3420.000000
21.549999 25.120001 129.509995 -1634.000000 1389.000000 3452.000000
21.549999 25.110001 129.490005 -1633.000000 1386.000000 3461.000000
21.549999 25.110001 129.500000 -1637.000000 1375.000000 3450.000000
21.549999 25.120001 129.500000 -1659.000000 1380.000000 3425.000000
21.549999 25.120001 129.500000 -1655.000000 1391.000000 3444.000000
21.549999 25.120001 129.490005 -1652.000000 1395.000000 3442.000000
21.540001 25.120001 129.500000 -1662.000000 1354.000000 3435.000000
21.540001 25.120001 129.490005 -1655.000000 1372.000000 3410.000000
21.540001 25.120001 129.500000 -1643.000000 1370.000000 3399.000000
21.540001 25.129999 129.490005 -1661.000000 1374.000000 3437.000000
21.540001 25.120001 129.500000 -1656.000000 1398.000000 3430.000000
21.540001 25.120001 129.500000 -1663.000000 1397.000000 3416.000000
21.540001 25.120001 129.500000 -1657.000000 1405.000000 3422.000000
21.540001 25.110001 129.490005 -1656.000000 1398.000000 3428.000000
21.540001 25.110001 129.479996 -1664.000000 1387.000000 3450.000000
21.530001 25.110001 129.479996 -1641.000000 1363.000000 3517.000000
21.510000 25.110001 129.490005 -1604.000000 1347.000000 3606.000000
21.490000 25.139999 129.479996 -1510.000000 1290.000000 3657.000000
21.459999 25.200001 129.460007 -1436.000000 1314.000000 3851.000000
21.440001 25.250000 129.460007 -1157.000000 1437.000000 4008.000000
21.440001 25.400000 129.470001 -1060.000000 1500.000000 4185.000000
21.469999 25.680000 129.570007 -1181.000000 1555.000000 4620.000000
21.580000 26.139999 129.770004 -1224.000000 1644.000000 4935.000000
21.770000 26.900000 130.119995 -1013.000000 1528.000000 5182.000000
22.070000 28.120001 130.660004 -417.000000 1242.000000 5104.000000
22.530001 29.790001 131.309998 -268.000000 1010.000000 5267.000000
23.209999 31.790001 132.110001 -635.000000 922.000000 4518.000000
24.100000 34.070000 133.080002 -1115.000000 761.000000 4600.000000
25.309999 36.540001 134.259995 -1528.000000 885.000000 4284.000000
26.889999 39.169998 135.759995 -1470.000000 1058.000000 3786.000000
29.040001 41.959999 137.720001 -1430.000000 1331.000000 2939.000000
31.680000 44.919998 140.080002 -1892.000000 1438.000000 2445.000000
34.830002 47.939999 142.889999 -2495.000000 1536.000000 1978.000000
38.520000 50.880001 146.270004 -2666.000000 1532.000000 1499.000000
42.669998 53.619999 150.110001 -2982.000000 1321.000000 1300.000000
47.080002 56.139999 154.169998 -4154.000000 1002.000000 1474.000000
51.840000 58.220001 158.419998 -4562.000000 1702.000000 1219.000000
56.660000 59.650002 162.630005 -4291.000000 2013.000000 935.000000
60.869999 60.570000 166.169998 -4369.000000 1736.000000 860.000000
64.260002 61.110001 168.770004 -4309.000000 1557.000000 710.000000
66.930000 61.419998 170.559998 -3879.000000 1567.000000 477.000000
69.080002 61.590000 171.759995 -3371.000000 1643.000000 177.000000
70.779999 61.680000 172.460007 -3291.000000 1714.000000 0.000000
72.089996 61.720001 172.740005 -3601.000000 1794.000000 -569.000000
72.650002 61.650002 172.229996 -3816.000000 1908.000000 -38.000000
72.790001 61.580002 171.149994 -3852.000000 1928.000000 -396.000000
71.599998 61.419998 168.600006 -3208.000000 1796.000000 -49.000000
69.949997 61.189999 165.570007 -2894.000000 1759.000000 -62.000000
68.070000 60.919998 162.279999 -2592.000000 1708.000000 132.000000
66.190002 60.639999 158.990005 -2561.000000 1690.000000 75.000000
64.250000 60.360001 155.649994 -2687.000000 1640.000000 281.000000
62.330002 60.080002 152.330002 -2732.000000 1595.000000 467.000000
60.369999 59.770000 148.940002 -2699.000000 1674.000000 666.000000
58.299999 59.400002 145.429993 -2568.000000 1770.000000 935.000000
56.250000 58.959999 141.979996 -2390.000000 1778.000000 1106.000000
54.360001 58.529999 138.750000 -2283.000000 1740.000000 1295.000000
52.840000 58.240002 135.940002 -2510.000000 1677.000000 1202.000000
51.590000 58.180000 133.490005 -3091.000000 1554.000000 1086.000000
50.540001 58.220001 131.320007 -3507.000000 1535.000000 885.000000
49.540001 58.330002 129.270004 -3639.000000 1542.000000 659.000000
48.480000 58.419998 127.199997 -3590.000000 1558.000000 553.000000
47.320000 58.480000 125.099998 -3581.000000 1526.000000 608.000000
46.099998 58.540001 123.000000 -3645.000000 1442.000000 766.000000
44.880001 58.599998 120.980003 -3750.000000 1376.000000 978.000000
43.740002 58.709999 119.120003 -3869.000000 1280.000000 1173.000000
42.709999 58.869999 117.459999 -3994.000000 1200.000000 1407.000000
41.830002 59.090000 116.019997 -4140.000000 1151.000000 1561.000000
41.160000 59.360001 114.879997 -4126.000000 1140.000000 1589.000000
40.689999 59.700001 114.000000 -4069.000000 1161.000000 1604.000000
40.490002 60.090000 113.459999 -3925.000000 1287.000000 1399.000000
40.570000 60.580002 113.250000 -3530.000000 1379.000000 1158.000000
41.020000 61.220001 113.550003 -3386.000000 1338.000000 893.000000
41.820000 62.020000 114.279999 -3785.000000 1148.000000 817.000000
42.860001 62.910000 115.300003 -4395.000000 1015.000000 780.000000
43.980000 63.709999 116.419998 -4853.000000 1042.000000 786.000000
45.060001 64.370003 117.440002 -4825.000000 1200.000000 926.000000
46.040001 64.879997 118.320000 -4548.000000 1259.000000 822.000000
46.810001 65.250000 118.970001 -4269.000000 1328.000000 853.000000
47.430000 65.510002 119.430000 -4099.000000 1376.000000 770.000000
47.880001 65.680000 119.699997 -3982.000000 1375.000000 810.000000
48.110001 65.790001 119.730003 -3868.000000 1333.000000 898.000000
48.160000 65.809998 119.570000 -3605.000000 1313.000000 993.000000
48.080002 65.779999 119.250000 -3443.000000 1312.000000 1188.000000
47.930000 65.760002 118.809998 -3362.000000 1253.000000 1265.000000
47.720001 65.730003 118.309998 -3312.000000 1234.000000 1371.000000
47.570000 65.720001 117.870003 -3144.000000 1232.000000 1368.000000
47.630001 65.800003 117.660004 -2993.000000 1216.000000 1216.000000
47.889999 65.959999 117.660004 -2947.000000 1187.000000 1178.000000
48.430000 66.260002 117.980003 -3076.000000 1131.000000 1075.000000
49.150002 66.639999 118.500000 -3370.000000 1086.000000 1058.000000
50.020000 67.080002 119.169998 -3610.000000 1110.000000 1024.000000
50.959999 67.510002 119.919998 -3766.000000 1143.000000 998.000000
51.880001 67.930000 120.629997 -3905.000000 1134.000000 968.000000
52.660000 68.320000 121.199997 -3993.000000 1085.000000 1000.000000
53.320000 68.669998 121.639999 -4016.000000 1056.000000 931.000000
53.810001 68.940002 121.900002 -4103.000000 1101.000000 854.000000
54.169998 69.139999 122.029999 -4033.000000 1122.000000 790.000000
54.419998 69.290001 122.050003 -3848.000000 1103.000000 760.000000
54.529999 69.400002 121.900002 -3773.000000 1122.000000 905.000000
54.720001 69.510002 121.830002 -3870.000000 1154.000000 792.000000
54.779999 69.610001 121.629997 -3824.000000 1075.000000 991.000000
54.880001 69.720001 121.449997 -3775.000000 1019.000000 930.000000
54.900002 69.809998 121.209999 -3772.000000 1082.000000 1017.000000
54.930000 69.889999 120.980003 -3761.000000 1072.000000 1021.000000
54.919998 69.989998 120.709999 -3807.000000 1003.000000 1009.000000
54.889999 70.070000 120.400002 -3710.000000 1028.000000 973.000000
54.790001 70.120003 120.050003 -3627.000000 1090.000000 949.000000
54.720001 70.150002 119.690002 -3554.000000 1189.000000 979.000000
54.709999 70.220001 119.419998 -3510.000000 1071.000000 872.000000
54.869999 70.300003 119.379997 -3543.000000 1083.000000 812.000000
55.259998 70.430000 119.599998 -3634.000000 1072.000000 787.000000
55.799999 70.580002 119.980003 -3699.000000 1114.000000 806.000000
56.369999 70.730003 120.400002 -3795.000000 1165.000000 846.000000
56.869999 70.860001 120.750000 -3847.000000 1197.000000 883.000000
57.160000 70.959999 120.910004 -3925.000000 1120.000000 939.000000
57.320000 71.019997 120.940002 -3975.000000 1096.000000 813.000000
57.189999 71.029999 120.699997 -3731.000000 1077.000000 879.000000
56.950001 71.010002 120.330002 -3534.000000 1035.000000 822.000000
56.709999 70.930000 119.980003 -3396.000000 1134.000000 876.000000
56.700001 70.889999 119.860001 -3353.000000 1213.000000 744.000000
56.790001 70.860001 119.889999 -3442.000000 1268.000000 714.000000
57.070000 70.839996 120.139999 -3568.000000 1357.000000 739.000000
57.580002 70.919998 120.610001 -3840.000000 1272.000000 698.000000
58.150002 71.029999 121.169998 -4012.000000 1171.000000 743.000000
58.599998 71.139999 121.599998 -4232.000000 1174.000000 727.000000
58.900002 71.230003 121.860001 -4186.000000 1186.000000 661.000000
59.000000 71.290001 121.919998 -4080.000000 1101.000000 576.000000
59.000000 71.309998 121.860001 -3949.000000 1145.000000 582.000000
59.040001 71.300003 121.860001 -3978.000000 1171.000000 565.000000
59.150002 71.279999 121.930000 -4098.000000 1252.000000 585.000000
59.279999 71.250000 122.040001 -4086.000000 1276.000000 546.000000
59.389999 71.199997 122.139999 -3912.000000 1279.000000 507.000000
59.610001 71.169998 122.349998 -3804.000000 1323.000000 422.000000
59.959999 71.139999 122.709999 -3791.000000 1379.000000 390.000000
60.439999 71.129997 123.220001 -3869.000000 1406.000000 409.000000
61.000000 71.110001 123.849998 -4032.000000 1478.000000 428.000000
61.549999 71.089996 124.480003 -4199.000000 1467.000000 479.000000
62.080002 71.050003 125.120003 -4279.000000 1513.000000 439.000000
62.540001 70.980003 125.690002 -4183.000000 1538.000000 455.000000
62.939999 70.879997 126.230003 -4064.000000 1534.000000 486.000000
63.400002 70.769997 126.839996 -4073.000000 1572.000000 410.000000
63.980000 70.660004 127.610001 -4065.000000 1600.000000 312.000000
64.650002 70.559998 128.509995 -4025.000000 1610.000000 239.000000
65.400002 70.459999 129.520004 -4011.000000 1603.000000 110.000000
66.169998 70.349998 130.600006 -3968.000000 1647.000000 35.000000
66.970001 70.230003 131.770004 -3894.000000 1683.000000 -86.000000
67.769997 70.110001 132.990005 -3922.000000 1705.000000 -69.000000
68.540001 69.970001 134.210007 -3948.000000 1741.000000 -75.000000
69.230003 69.820000 135.410004 -3923.000000 1725.000000 -8.000000
69.769997 69.660004 136.490005 -3925.000000 1635.000000 125.000000
70.230003 69.470001 137.529999 -3845.000000 1665.000000 115.000000
70.629997 69.279999 138.550003 -3716.000000 1651.000000 166.000000
71.099998 69.099998 139.649994 -3627.000000 1635.000000 124.000000
71.660004 68.930000 140.899994 -3616.000000 1645.000000 81.000000
72.349998 68.769997 142.320007 -3579.000000 1658.000000 -15.000000
73.180000 68.629997 143.910004 -3583.000000 1656.000000 -129.000000
74.080002 68.519997 145.619995 -3579.000000 1651.000000 -207.000000
75.000000 68.419998 147.399994 -3640.000000 1659.000000 -204.000000
75.849998 68.320000 149.130005 -3768.000000 1658.000000 -144.000000
76.559998 68.220001 150.740005 -3772.000000 1673.000000 -146.000000
77.120003 68.110001 152.229996 -3710.000000 1676.000000 -136.000000
77.570000 67.989998 153.619995 -3661.000000 1724.000000 -135.000000
77.949997 67.870003 154.979996 -3554.000000 1682.000000 -103.000000
78.330002 67.769997 156.360001 -3561.000000 1679.000000 -182.000000
78.709999 67.690002 157.750000 -3564.000000 1654.000000 -177.000000
79.070000 67.629997 159.169998 -3535.000000 1609.000000 -97.000000
79.389999 67.589996 160.570007 -3514.000000 1579.000000 -52.000000
79.669998 67.559998 161.940002 -3523.000000 1592.000000 13.000000
79.860001 67.540001 163.240005 -3456.000000 1543.000000 93.000000
79.989998 67.529999 164.520004 -3410.000000 1540.000000 65.000000
80.070000 67.519997 165.770004 -3338.000000 1573.000000 18.000000
80.190002 67.519997 167.059998 -3221.000000 1568.000000 -61.000000
80.370003 67.550003 168.460007 -3155.000000 1570.000000 -114.000000
80.660004 67.610001 169.979996 -3170.000000 1520.000000 -10.000000
81.050003 67.730003 171.639999 -3264.000000 1415.000000 90.000000
81.529999 67.930000 173.380005 -3511.000000 1292.000000 237.000000
81.889999 68.180000 175.029999 -3683.000000 1249.000000 395.000000
82.230003 68.459999 176.639999 -3777.000000 1279.000000 267.000000
82.279999 68.750000 177.960007 -3879.000000 1284.000000 319.000000
82.070000 69.050003 179.009995 -3911.000000 1209.000000 342.000000
81.660004 69.339996 179.830002 -3936.000000 1172.000000 360.000000
81.080002 69.639999 -179.490005 -3921.000000 1141.000000 452.000000
80.440002 69.949997 -178.899994 -3820.000000 1076.000000 612.000000
79.849998 70.260002 -178.289993 -3782.000000 1073.000000 639.000000
79.330002 70.589996 -177.589996 -3789.000000 1059.000000 689.000000
79.050003 70.949997 -176.699997 -3842.000000 1030.000000 572.000000
78.900002 71.309998 -175.699997 -4003.000000 998.000000 461.000000
78.669998 71.650002 -174.820007 -4212.000000 1044.000000 401.000000
78.089996 71.980003 -174.309998 -4275.000000 919.000000 539.000000
77.269997 72.330002 -174.039993 -4264.000000 886.000000 546.000000
76.029999 72.650002 -174.220001 -4165.000000 861.000000 768.000000
74.739998 72.949997 -174.460007 -4016.000000 863.000000 706.000000
73.370003 73.209999 -174.789993 -3957.000000 865.000000 827.000000
72.160004 73.500000 -175.000000 -3916.000000 827.000000 777.000000
71.160004 73.790001 -175.029999 -3820.000000 814.000000 721.000000
70.410004 74.110001 -174.830002 -3797.000000 825.000000 620.000000
69.790001 74.449997 -174.500000 -3833.000000 787.000000 589.000000
69.199997 74.820000 -174.160004 -3951.000000 688.000000 566.000000
68.540001 75.209999 -173.910004 -4045.000000 583.000000 575.000000
67.989998 75.610001 -173.580002 -4009.000000 524.000000 494.000000
67.410004 76.000000 -173.300003 -4072.000000 500.000000 482.000000
66.680000 76.389999 -173.210007 -4044.000000 469.000000 505.000000
65.919998 76.760002 -173.169998 -3976.000000 447.000000 455.000000
64.870003 77.120003 -173.449997 -4003.000000 438.000000 566.000000
63.660000 77.470001 -173.910004 -3981.000000 369.000000 586.000000
62.419998 77.809998 -174.399994 -3951.000000 353.000000 516.000000
60.930000 78.120003 -175.190002 -3941.000000 369.000000 531.000000
59.299999 78.400002 -176.119995 -3795.000000 349.000000 454.000000
57.230000 78.639999 -177.520004 -3814.000000 302.000000 467.000000
54.549999 78.839996 -179.509995 -3840.000000 236.000000 519.000000
51.490002 79.000000 178.080002 -3815.000000 157.000000 587.000000
48.340000 79.120003 175.589996 -3818.000000 147.000000 518.000000
44.980000 79.190002 172.860001 -3825.000000 89.000000 601.000000
41.709999 79.239998 170.210007 -3736.000000 127.000000 551.000000
38.490002 79.290001 167.610001 -3673.000000 28.000000 590.000000
35.599998 79.360001 165.289993 -3666.000000 -22.000000 567.000000
33.009998 79.489998 163.229996 -3711.000000 -71.000000 488.000000
30.680000 79.669998 161.429993 -3710.000000 -131.000000 456.000000
28.510000 79.879997 159.759995 -3787.000000 -188.000000 455.000000
26.299999 80.099998 158.039993 -3898.000000 -210.000000 535.000000
24.030001 80.320000 156.250000 -3998.000000 -208.000000 549.000000
21.629999 80.500000 154.320007 -4089.000000 -234.000000 611.000000
19.160000 80.639999 152.309998 -4126.000000 -266.000000 544.000000
16.590000 80.720001 150.190002 -4116.000000 -268.000000 558.000000
13.930000 80.730003 147.949997 -4110.000000 -309.000000 463.000000
11.240000 80.669998 145.649994 -4089.000000 -321.000000 498.000000
8.570000 80.540001 143.369995 -4002.000000 -363.000000 478.000000
6.050000 80.349998 141.199997 -3809.000000 -388.000000 594.000000
3.680000 80.150002 139.179993 -3781.000000 -414.000000 629.000000
1.420000 79.970001 137.229996 -3822.000000 -476.000000 686.000000
-0.660000 79.820000 135.460007 -3813.000000 -491.000000 734.000000
-2.590000 79.699997 133.830002 -3885.000000 -537.000000 711.000000
-4.370000 79.599998 132.330002 -3973.000000 -571.000000 746.000000
-5.970000 79.500000 130.990005 -4012.000000 -559.000000 776.000000
-7.390000 79.410004 129.800003 -4047.000000 -532.000000 767.000000
-8.670000 79.290001 128.740005 -4091.000000 -492.000000 761.000000
-9.780000 79.160004 127.820000 -4101.000000 -473.000000 768.000000
-10.770000 79.019997 127.010002 -4101.000000 -454.000000 769.000000
-11.660000 78.860001 126.279999 -4052.000000 -453.000000 787.000000
-12.450000 78.730003 125.629997 -3960.000000 -432.000000 764.000000
-13.190000 78.629997 125.050003 -3889.000000 -431.000000 778.000000
-13.890000 78.570000 124.500000 -3836.000000 -420.000000 781.000000
-14.620000 78.559998 123.930000 -3870.000000 -438.000000 755.000000
-15.340000 78.559998 123.339996 -3938.000000 -423.000000 766.000000
-16.020000 78.550003 122.800003 -3951.000000 -425.000000 844.000000
-16.620001 78.550003 122.330002 -3982.000000 -389.000000 834.000000
-17.160000 78.510002 121.889999 -3962.000000 -348.000000 933.000000
-17.660000 78.449997 121.489998 -3909.000000 -351.000000 895.000000
-18.120001 78.360001 121.099998 -3890.000000 -371.000000 906.000000
-18.530001 78.230003 120.750000 -3872.000000 -358.000000 911.000000
-18.940001 78.099998 120.389999 -3830.000000 -382.000000 869.000000
-19.360001 77.970001 120.019997 -3813.000000 -378.000000 817.000000
-19.790001 77.870003 119.650002 -3815.000000 -364.000000 730.000000
-20.230000 77.779999 119.269997 -3859.000000 -331.000000 675.000000
-20.709999 77.690002 118.870003 -3952.000000 -347.000000 708.000000
-21.209999 77.589996 118.440002 -3989.000000 -383.000000 763.000000
-21.660000 77.480003 118.040001 -3937.000000 -374.000000 854.000000
-22.090000 77.379997 117.669998 -3900.000000 -357.000000 818.000000
-22.459999 77.250000 117.349998 -3919.000000 -355.000000 895.000000
-22.780001 77.110001 117.070000 -3913.000000 -333.000000 922.000000
-23.100000 76.989998 116.800003 -3880.000000 -326.000000 870.000000
-23.420000 76.860001 116.529999 -3906.000000 -352.000000 860.000000
-23.719999 76.730003 116.279999 -3936.000000 -367.000000 850.000000
-24.010000 76.610001 116.029999 -3916.000000 -343.000000 807.000000
-24.290001 76.500000 115.800003 -3886.000000 -358.000000 781.000000
-24.580000 76.389999 115.559998 -3895.000000 -372.000000 739.000000
-24.879999 76.300003 115.300003 -3956.000000 -350.000000 748.000000
-25.200001 76.230003 115.029999 -3967.000000 -328.000000 732.000000
-25.520000 76.150002 114.760002 -3977.000000 -340.000000 766.000000
-25.809999 76.050003 114.519997 -3945.000000 -349.000000 819.000000
-26.080000 75.940002 114.290001 -3917.000000 -402.000000 876.000000
-26.299999 75.800003 114.120003 -3909.000000 -417.000000 902.000000
-26.459999 75.660004 114.000000 -3857.000000 -383.000000 917.000000
-26.590000 75.519997 113.910004 -3833.000000 -374.000000 931.000000
-26.760000 75.389999 113.769997 -3903.000000 -363.000000 896.000000
-26.950001 75.290001 113.629997 -3883.000000 -363.000000 903.000000
-27.190001 75.220001 113.419998 -3868.000000 -376.000000 820.000000
-27.480000 75.180000 113.169998 -3892.000000 -389.000000 735.000000
-27.760000 75.139999 112.930000 -3925.000000 -394.000000 818.000000
-28.049999 75.110001 112.669998 -3919.000000 -392.000000 780.000000
-28.280001 75.080002 112.470001 -3917.000000 -368.000000 853.000000
-28.459999 75.019997 112.320000 -3951.000000 -353.000000 919.000000
-28.559999 74.930000 112.250000 -3966.000000 -338.000000 1006.000000
-28.590000 74.809998 112.230003 -3884.000000 -335.000000 1003.000000
-28.580000 74.660004 112.260002 -3815.000000 -344.000000 981.000000
-28.549999 74.500000 112.309998 -3758.000000 -385.000000 977.000000
-28.549999 74.360001 112.320000 -3750.000000 -379.000000 884.000000
-28.570000 74.230003 112.320000 -3785.000000 -389.000000 899.000000
-28.680000 74.129997 112.220001 -3789.000000 -401.000000 816.000000
-28.830000 74.050003 112.089996 -3791.000000 -399.000000 887.000000
-29.110001 73.989998 111.830002 -3761.000000 -515.000000 849.000000
-29.270000 73.930000 111.680000 -4154.000000 -430.000000 1028.000000
-29.389999 73.910004 111.559998 -4289.000000 -370.000000 1004.000000
-29.520000 73.900002 111.440002 -4146.000000 -420.000000 1010.000000
-29.549999 73.879997 111.400002 -3954.000000 -397.000000 995.000000
-29.590000 73.879997 111.349998 -3829.000000 -384.000000 952.000000
-29.580000 73.900002 111.360001 -3875.000000 -328.000000 953.000000
-29.570000 73.919998 111.370003 -4073.000000 -326.000000 944.000000
-29.500000 73.919998 111.419998 -4001.000000 -337.000000 881.000000
-29.379999 73.900002 111.529999 -3877.000000 -393.000000 912.000000
-29.250000 73.849998 111.639999 -3875.000000 -409.000000 946.000000
-29.090000 73.769997 111.769997 -3885.000000 -442.000000 947.000000
-28.900000 73.669998 111.930000 -3847.000000 -425.000000 1026.000000
-28.719999 73.550003 112.059998 -3870.000000 -453.000000 1068.000000
-28.600000 73.449997 112.139999 -4012.000000 -503.000000 1083.000000
-28.459999 73.370003 112.230003 -4033.000000 -477.000000 1127.000000
-28.350000 73.320000 112.290001 -4114.000000 -500.000000 1102.000000
-28.200001 73.250000 112.389999 -4121.000000 -564.000000 1239.000000
-28.049999 73.209999 112.470001 -3996.000000 -525.000000 1111.000000
-27.910000 73.190002 112.540001 -3909.000000 -482.000000 982.000000
-27.790001 73.190002 112.580002 -3736.000000 -401.000000 839.000000
-27.740000 73.220001 112.580002 -3506.000000 -384.000000 755.000000
-27.740000 73.250000 112.500000 -3683.000000 -395.000000 804.000000
-27.780001 73.339996 112.400002 -3684.000000 -300.000000 771.000000
-27.870001 73.430000 112.239998 -4041.000000 -321.000000 746.000000
-27.830000 73.480003 112.260002 -4391.000000 -286.000000 761.000000
-27.719999 73.510002 112.320000 -4248.000000 -329.000000 900.000000
-27.590000 73.500000 112.389999 -4034.000000 -435.000000 873.000000
-27.459999 73.470001 112.470001 -3912.000000 -501.000000 932.000000
-27.330000 73.449997 112.540001 -3940.000000 -518.000000 951.000000
-27.219999 73.459999 112.570000 -3952.000000 -513.000000 1039.000000
-27.120001 73.500000 112.589996 -3903.000000 -479.000000 1007.000000
-27.000000 73.550003 112.620003 -3857.000000 -455.000000 1023.000000
-26.889999 73.570000 112.610001 -3743.000000 -526.000000 1184.000000
-26.940001 73.620003 112.440002 -3581.000000 -659.000000 1054.000000
-27.049999 73.660004 112.220001 -3659.000000 -806.000000 1053.000000
-27.160000 73.750000 111.980003 -3869.000000 -991.000000 1159.000000
-27.290001 73.910004 111.720001 -3977.000000 -1077.000000 1024.000000
-27.350000 74.059998 111.510002 -4052.000000 -1136.000000 918.000000
-27.260000 74.190002 111.449997 -4099.000000 -1227.000000 783.000000
-26.920000 74.300003 111.669998 -4477.000000 -1314.000000 725.000000
-26.370001 74.339996 112.080002 -4648.000000 -1449.000000 894.000000
-25.590000 74.360001 112.709999 -4650.000000 -1580.000000 877.000000
-24.559999 74.330002 113.559998 -4674.000000 -1716.000000 1006.000000
-23.299999 74.269997 114.620003 -4634.000000 -1834.000000 1019.000000
-21.830000 74.169998 115.839996 -4383.000000 -1831.000000 1130.000000
-20.100000 74.010002 117.279999 -4166.000000 -1787.000000 1115.000000
-18.110001 73.790001 118.940002 -4195.000000 -1695.000000 1073.000000
-15.850000 73.470001 120.830002 -4325.000000 -1648.000000 984.000000
-13.390000 73.029999 122.860001 -4495.000000 -1698.000000 939.000000
-10.770000 72.419998 125.019997 -4506.000000 -1799.000000 962.000000
-8.080000 71.620003 127.180000 -4318.000000 -1856.000000 1114.000000
-5.430000 70.639999 129.240005 -4086.000000 -1813.000000 1122.000000
-2.870000 69.459999 131.149994 -3854.000000 -1675.000000 1279.000000
-0.430000 68.139999 132.869995 -3680.000000 -1502.000000 1174.000000
1.900000 66.709999 134.410004 -3560.000000 -1297.000000 914.000000
4.050000 65.070000 135.679993 -3714.000000 -1166.000000 815.000000
5.930000 63.180000 136.600006 -3801.000000 -1017.000000 880.000000
7.560000 61.080002 137.179993 -3777.000000 -784.000000 850.000000
8.930000 58.680000 137.419998 -3713.000000 -567.000000 896.000000
10.050000 55.970001 137.309998 -3686.000000 -334.000000 1055.000000
10.990000 53.029999 136.889999 -3388.000000 -116.000000 1066.000000
11.780000 49.910000 136.220001 -2891.000000 194.000000 852.000000
12.390000 46.700001 135.300003 -2451.000000 403.000000 1038.000000
13.010000 43.580002 134.279999 -2061.000000 675.000000 959.000000
13.640000 40.630001 133.179993 -1778.000000 965.000000 1075.000000
14.250000 37.900002 132.029999 -1711.000000 1208.000000 1207.000000
14.810000 35.360001 130.809998 -1781.000000 1401.000000 1424.000000
15.330000 32.970001 129.529999 -1914.000000 1571.000000 1669.000000
15.800000 30.690001 128.199997 -1757.000000 1659.000000 2104.000000
16.200001 28.530001 126.790001 -1587.000000 1620.000000 2311.000000
16.540001 26.450001 125.309998 -1468.000000 1643.000000 2249.000000
16.840000 24.530001 123.800003 -1257.000000 1825.000000 2291.000000
17.090000 22.879999 122.330002 -1175.000000 2033.000000 2550.000000
17.379999 21.530001 120.900002 -1504.000000 2444.000000 2530.000000
17.620001 20.410000 119.580002 -1488.000000 2582.000000 2559.000000
17.790001 19.570000 118.400002 -1167.000000 2573.000000 2699.000000
17.900000 18.990000 117.320000 -830.000000 2525.000000 2977.000000
17.980000 18.660000 116.360001 -734.000000 2383.000000 3183.000000
18.059999 18.520000 115.529999 -1048.000000 2267.000000 3149.000000
18.150000 18.490000 114.790001 -1323.000000 2356.000000 3205.000000
18.240000 18.580000 114.169998 -1308.000000 2447.000000 3140.000000
18.320000 18.730000 113.589996 -1623.000000 2528.000000 3199.000000
18.400000 18.860001 113.059998 -1928.000000 2632.000000 3176.000000
18.459999 18.980000 112.559998 -1803.000000 2750.000000 3058.000000
18.450001 19.090000 112.089996 -1591.000000 2768.000000 3124.000000
18.400000 19.160000 111.639999 -1476.000000 2761.000000 3254.000000
18.340000 19.230000 111.230003 -1522.000000 2647.000000 3268.000000
18.270000 19.280001 110.860001 -1678.000000 2538.000000 3181.000000
18.180000 19.290001 110.529999 -1735.000000 2476.000000 3256.000000
18.080000 19.260000 110.220001 -1681.000000 2425.000000 3241.000000
17.969999 19.190001 109.940002 -1732.000000 2294.000000 3446.000000
17.879999 19.110001 109.720001 -1803.000000 2200.000000 3621.000000
17.820000 19.040001 109.559998 -1894.000000 2060.000000 3876.000000
17.790001 18.969999 109.419998 -1981.000000 1993.000000 3993.000000
17.770000 18.870001 109.339996 -1918.000000 1968.000000 3942.000000
17.790001 18.740000 109.279999 -1815.000000 2021.000000 3907.000000
17.809999 18.590000 109.239998 -1641.000000 1995.000000 3883.000000
17.860001 18.420000 109.220001 -1502.000000 1970.000000 3814.000000
17.930000 18.270000 109.220001 -1394.000000 1938.000000 3777.000000
18.040001 18.150000 109.269997 -1173.000000 1924.000000 3724.000000
18.160000 18.090000 109.339996 -1079.000000 1889.000000 3630.000000
18.309999 18.100000 109.430000 -1060.000000 1865.000000 3586.000000
18.500000 18.170000 109.570000 -969.000000 1845.000000 3470.000000
18.690001 18.299999 109.750000 -863.000000 1802.000000 3450.000000
18.889999 18.450001 109.959999 -842.000000 1811.000000 3403.000000
19.080000 18.610001 110.180000 -744.000000 1805.000000 3304.000000
19.240000 18.760000 110.400002 -570.000000 1810.000000 3220.000000
19.370001 18.889999 110.580002 -552.000000 1823.000000 3210.000000
19.459999 18.990000 110.730003 -599.000000 1797.000000 3239.000000
19.500000 19.020000 110.790001 -873.000000 1748.000000 3353.000000
19.459999 18.910000 110.769997 -1142.000000 1652.000000 3927.000000
19.340000 18.600000 110.699997 -1046.000000 1455.000000 4421.000000
19.219999 18.190001 110.599998 -910.000000 1536.000000 5116.000000
19.170000 17.910000 110.550003 -888.000000 1309.000000 5438.000000
19.240000 17.799999 110.529999 -775.000000 1342.000000 5268.000000
19.420000 17.860001 110.580002 -843.000000 1508.000000 4754.000000
19.719999 18.090000 110.709999 -1075.000000 1683.000000 4068.000000
20.020000 18.450001 110.930000 -1319.000000 1606.000000 3309.000000
20.270000 18.820000 111.169998 -1398.000000 1446.000000 3226.000000
20.480000 19.170000 111.410004 -1499.000000 1334.000000 3220.000000
20.670000 19.490000 111.669998 -1630.000000 1322.000000 3281.000000
20.830000 19.740000 111.940002 -1700.000000 1356.000000 3356.000000
20.950001 19.920000 112.209999 -1691.000000 1373.000000 3463.000000
21.040001 20.020000 112.470001 -1663.000000 1373.000000 3512.000000
21.080000 20.059999 112.720001 -1559.000000 1327.000000 3704.000000
21.110001 20.110001 112.959999 -1449.000000 1279.000000 3720.000000
21.150000 20.180000 113.220001 -1375.000000 1289.000000 3686.000000
21.200001 20.290001 113.510002 -1352.000000 1304.000000 3602.000000
21.250000 20.450001 113.809998 -1358.000000 1339.000000 3544.000000
21.320000 20.639999 114.120003 -1386.000000 1379.000000 3526.000000
21.370001 20.840000 114.430000 -1439.000000 1368.000000 3457.000000
21.420000 21.059999 114.709999 -1591.000000 1396.000000 3476.000000
21.469999 21.270000 114.989998 -1669.000000 1416.000000 3429.000000
21.510000 21.480000 115.250000 -1700.000000 1423.000000 3467.000000
21.540001 21.670000 115.489998 -1699.000000 1410.000000 3454.000000
21.559999 21.850000 115.709999 -1728.000000 1415.000000 3470.000000
21.580000 22.020000 115.910004 -1715.000000 1426.000000 3453.000000
21.600000 22.190001 116.099998 -1701.000000 1421.000000 3448.000000
21.629999 22.330000 116.300003 -1701.000000 1450.000000 3438.000000
21.650000 22.469999 116.470001 -1723.000000 1469.000000 3434.000000
21.670000 22.580000 116.629997 -1714.000000 1455.000000 3438.000000
