10.91063 -3.924685 -36.614288
11.019615 -3.878964 -36.727205
11.093935 -3.856966 -36.829563
11.149907 -3.82299 -36.877624
11.1421 -3.810653 -36.842768
11.113832 -3.855159 -36.782206
11.144872 -3.855996 -36.790225
11.182264 -3.878055 -36.809082
11.199795 -3.901772 -36.755278
11.191254 -3.891759 -36.810929
11.215123 -3.874051 -36.889535
11.265785 -3.878861 -36.848154
11.373389 -3.851431 -36.773143
11.455454 -3.851999 -36.838062
11.410534 -3.696147 -36.880304
11.522635 -3.62897 -36.777949
11.861392 -3.597577 -36.744085
12.294245 -3.492852 -36.826738
12.359017 -3.589061 -36.757542
11.649951 -3.518907 -36.652824
10.845639 -3.038763 -36.890139
10.446528 -2.456987 -37.262997
11.164377 -1.950067 -37.694224
11.961002 -1.187303 -38.290906
12.883472 -0.37337 -38.969168
13.157678 0.48848 -39.651738
13.332575 1.550034 -40.345814
14.323524 2.331024 -40.808593
15.577553 3.991435 -42.558211
16.966567 4.693201 -43.271308
18.403183 5.844848 -44.742578
19.389888 7.165694 -46.521707
20.959643 8.35564 -48.769252
22.875366 9.458576 -51.235652
24.250441 10.326621 -53.367634
25.072535 10.465557 -54.444938
26.366913 10.617555 -55.696696
27.948063 11.036223 -57.343039
29.040887 11.969772 -59.359563
29.189558 12.440251 -59.802611
29.130598 11.606411 -57.69927
28.760798 10.564602 -54.900914
28.311677 9.531803 -52.004173
27.818251 8.726191 -49.472532
27.313137 8.582081 -48.209803
27.134992 7.953596 -46.273211
27.06194 7.174609 -44.328254
27.275005 6.84769 -43.166991
27.648925 7.247402 -43.186339
28.192594 7.780319 -43.38118
28.741383 8.341833 -43.566879
29.230088 8.866187 -43.683348
29.692824 9.279283 -43.594085
30.127439 9.844718 -43.792887
30.457272 10.691281 -44.41193
30.590963 11.715004 -45.315833
30.520819 12.812429 -46.381618
30.314845 13.749345 -47.395348
30.052479 14.51259 -48.078467
29.936732 15.027113 -48.360613
29.927991 15.410086 -48.379636
29.998017 16.009567 -48.600971
30.015819 16.742172 -49.051999
29.993896 17.511579 -49.6315
29.864899 18.232269 -50.259453
29.586775 18.844269 -50.861141
29.18328 19.290555 -51.213236
28.614553 19.791271 -51.711975
27.857563 20.55798 -52.761859
26.7731 21.480573 -54.208666
25.382935 22.413853 -55.773894
23.796695 23.209118 -57.161961
22.022545 23.716387 -58.153102
20.401939 24.222969 -59.129844
19.291509 24.89752 -60.107093
18.584617 25.634887 -61.12991
18.057592 26.36907 -61.976496
17.652792 27.091196 -62.840627
17.054355 27.699712 -63.405661
16.195448 28.17968 -63.921237
14.675129 28.272935 -63.825537
13.0345 27.613071 -62.658323
11.452201 26.904457 -61.544105
9.87417 26.227554 -60.587924
8.324384 25.549628 -59.774313
7.022593 24.982918 -58.974457
6.509824 24.559426 -58.289817
6.859865 24.912854 -58.377457
7.394978 25.341675 -58.609174
7.923333 25.748648 -58.869946
8.359212 25.891052 -58.758136
7.172318 25.936651 -58.316619
7.325336 25.72512 -57.49366
6.282926 25.369324 -56.844647
5.607895 24.963621 -56.150357
5.26837 24.766215 -55.667386
4.835271 25.560833 -56.171768
4.035121 25.231207 -55.273358
3.802513 24.725155 -54.144372
3.891612 24.206259 -53.340683
3.099834 24.027405 -52.862014
3.983098 24.162719 -52.780569
4.572865 24.84269 -53.157831
5.289377 25.146139 -53.016311
6.007012 25.778102 -53.291216
6.65328 26.009259 -53.188983
6.051905 25.553255 -52.468299
6.567346 25.816001 -52.354571
6.355028 26.134482 -52.353714
5.617726 26.564236 -52.643106
6.084517 26.726475 -52.322661
6.721122 26.372532 -51.964024
7.227189 26.527819 -51.992715
7.329175 26.884685 -52.65275
7.554171 27.466036 -53.444041
7.931417 28.21807 -54.263558
8.214237 28.849609 -54.887267
7.884784 29.273779 -55.105647
8.124814 29.74614 -55.013941
7.915232 30.043399 -54.537289
7.693157 30.018547 -53.544348
8.24871 29.599522 -52.17508
8.84383 29.130232 -50.79665
9.037518 28.428667 -49.359923
9.237648 27.65799 -47.948314
9.370732 26.762221 -46.422697
9.110986 25.652681 -44.775932
9.627054 25.582088 -44.118209
9.541205 25.860162 -43.852781
9.180205 25.999594 -43.513154
8.56892 24.960039 -41.950356
8.254103 24.042066 -40.381031
9.164403 23.778457 -39.502312
9.852599 23.749401 -38.921236
9.855775 23.188269 -37.962217
9.689881 22.952692 -37.564068
9.34734 22.446424 -36.628331
9.105138 22.737089 -36.724992
9.755438 23.514772 -37.290025
10.77336 24.370263 -37.841801
12.269629 25.36231 -38.410508
13.833041 26.591511 -39.30903
15.435894 27.66389 -40.252706
17.088327 28.028476 -40.619991
18.745535 28.348773 -41.273942
20.06966 29.112155 -43.084665
21.633251 29.570591 -44.751895
23.264653 30.083778 -46.827057
24.859189 30.71 -49.469661
26.390143 31.424224 -52.852482
28.058701 31.944684 -56.223457
29.676395 32.215561 -58.916112
31.150887 32.325207 -61.22927
32.43129 32.275002 -62.925564
33.497345 31.93492 -63.400246
34.338192 31.451576 -63.794426
34.696118 30.638433 -63.256089
35.262835 29.215126 -59.984625
35.77346 27.556162 -56.372449
36.346603 25.417339 -51.240042
36.739342 22.934242 -45.156042
37.173089 20.850238 -40.23688
37.682968 18.611037 -34.248469
38.096953 17.159289 -30.988396
38.124286 15.411653 -26.351054
38.160927 13.326866 -19.239608
38.192419 11.761421 -13.808076
38.33149 10.588559 -9.889912
38.412557 9.454495 -5.769579
38.491697 8.4185 -1.890362
38.501089 7.422569 1.898304
38.559971 6.462116 6.269325
38.576088 5.494945 11.536096
38.520084 4.49758 18.550101
38.421536 3.662727 25.23638
38.356611 2.783341 35.001312
38.396776 1.902793 48.194913
38.406565 0.792852 67.831694
39.219652 -1.364553 110.231432
45.502441 1.952031 -16.171889
45.271369 1.798045 2.028213
45.415893 1.193502 1.884103
45.784437 0.603712 1.815111
46.275752 -0.042654 1.039553
46.853057 -0.64425 1.442234
47.414043 -1.294395 1.99096
47.910693 -1.910409 3.261469
48.301128 -2.51304 4.985196
48.55348 -3.129954 6.20096
48.69723 -3.797768 6.653401
48.696492 -4.591834 6.159063
48.742229 -5.443003 5.494498
48.937053 -6.308151 5.02289
49.179372 -7.099064 4.91297
49.421728 -7.99728 4.157895
49.672878 -8.973108 3.006599
50.076915 -9.724991 2.344464
50.579807 -9.994509 2.835644
51.176409 -9.889523 4.099907
51.616739 -9.698971 5.33067
51.796172 -9.165256 7.051363
51.861322 -8.550269 8.72895
51.821841 -7.998063 9.963201
51.654311 -7.432107 11.098087
51.560492 -6.800739 12.587195
51.508642 -6.213281 13.819194
51.65828 -5.637619 14.665468
51.890584 -5.010464 15.644726
52.183336 -4.286587 16.806562
52.45903 -3.503753 17.825829
52.588432 -3.00067 18.058943
52.635574 -2.860607 17.494383
52.629549 -2.68917 17.128116
52.557426 -2.132001 17.593115
52.466492 -1.501266 17.913349
52.131293 -1.054216 17.84221
52.010761 -0.843478 17.258657
52.164553 -0.58942 16.956505
52.401061 -0.097438 17.441217
52.646923 0.630047 18.326807
52.695788 1.532881 19.327315
52.704354 2.28279 19.800225
52.850464 3.019434 20.175312
52.918217 3.714686 20.682824
53.047269 4.582011 21.436914
53.180706 5.516131 22.414542
53.260902 6.31448 23.24601
53.344855 6.745692 23.412349
53.196582 7.025121 23.77292
52.997498 7.434186 24.53693
52.967686 7.619537 24.752311
52.908365 8.040079 25.031527
52.880731 8.778758 25.571747
52.978579 9.540145 25.91797
53.106918 10.276487 26.291756
53.181966 10.771058 26.318043
53.191338 10.808685 25.818877
53.123903 10.754121 25.388601
53.012386 10.813238 25.2233
52.824082 10.885369 25.316554
52.791645 11.347134 25.857722
52.083972 12.444769 27.779796
52.138212 13.135221 28.234519
52.220118 13.288521 27.678951
52.160897 13.107102 26.759961
52.269999 13.174412 26.549358
52.510281 13.486581 26.931127
52.685927 13.728483 27.134646
52.848652 13.86386 27.143514
52.96902 14.245421 27.501145
52.921637 14.945077 28.386975
52.57808 15.330528 29.149829
52.30631 15.125686 28.894503
52.343751 14.881394 28.237629
52.292805 14.728391 27.793465
52.185038 14.492924 27.231581
52.024666 14.365362 26.816132
51.867681 14.310713 26.512052
51.863762 14.392255 26.309776
51.910604 14.394468 26.063491
51.787057 14.487735 25.970668
51.940784 15.062028 25.784925
52.348549 15.431406 26.020617
52.023498 15.194627 25.902735
51.840895 14.859727 24.892162
51.086728 15.202512 26.010046
51.238417 15.480923 26.606332
51.357866 15.405496 26.506395
51.310629 14.981 25.737977
51.399199 14.896472 25.453187
51.585229 15.022084 25.693069
51.741647 15.11735 25.780681
51.725118 15.097236 25.608581
51.678224 15.08711 25.357772
51.703288 15.24352 25.446203
51.737639 15.601206 25.921924
51.867945 15.87187 26.230928
52.043701 15.897154 26.270314
52.211096 15.841497 26.233898
52.381069 15.896146 26.498814
52.455912 16.207331 27.347949
52.496535 16.580854 28.282922
52.478392 17.023339 29.230738
52.523979 17.317045 29.74437
52.579277 17.493534 29.948873
52.693369 17.566111 30.000271
52.873674 17.520226 29.87134
53.010653 17.28792 29.611075
53.112748 16.979102 29.238145
53.139485 16.792897 29.08626
53.326504 16.721114 29.176425
53.422116 17.06673 29.8372
53.555795 17.111317 29.88149
53.86503 16.988213 29.808231
54.133822 16.807296 29.512804
54.311452 16.801284 29.488854
54.464357 16.586316 29.315578
54.617713 16.285107 29.172542
54.570148 16.154801 29.405511
54.693637 15.916689 29.665343
54.833524 15.684746 30.162382
55.034974 15.685711 31.176439
55.150727 15.893738 32.87455
55.235483 15.772916 34.180708
55.180364 15.383119 35.311267
55.01887 15.017635 36.620643
55.015977 14.695752 37.919983
55.122105 14.273447 38.873177
55.228494 13.841141 39.665615
55.383989 13.428511 40.154555
55.509653 12.930391 40.355817
56.039026 11.928829 39.844162
56.569013 10.854954 39.051936
57.100712 9.539007 38.005528
57.337491 8.595799 38.105489
57.594932 7.729495 38.516537
57.559512 6.83286 39.12372
57.287948 6.022548 39.996376
57.064963 5.008591 40.499876
56.821229 3.630064 40.479963
56.374028 2.065991 40.021111
55.685696 0.477705 39.250517
54.939043 -0.803606 38.950079
54.331713 -1.939118 39.159522
53.643864 -2.521215 40.727584
53.045876 -2.534519 43.836523
52.745263 -2.239519 47.489182
52.402208 -1.815691 51.964324
52.122281 -0.760297 58.644638
51.218817 -0.279679 64.289482
50.403767 -0.599057 67.792211
49.761131 -0.795375 72.67684
48.965683 -0.692009 80.205935
48.04143 0.169955 91.736962
46.960102 0.9833 105.26632
46.091874 1.112626 117.221827
45.724651 0.800374 126.031351
44.844865 0.388 140.129053
43.953084 -0.052298 156.312719
43.466296 -0.432294 168.70862
42.607512 -0.416169 -174.937882
42.036035 -1.261788 -162.965223
41.69004 -1.819687 -153.529141
41.185165 -2.007371 -144.306878
40.312431 -2.016843 -132.530354
39.396288 -1.570818 -121.974337
38.761754 -0.924165 -114.782069
38.419277 -0.145028 -110.273665
38.170561 0.608485 -106.34314
37.96208 1.266403 -102.235988
37.796955 1.855903 -97.965776
37.579574 2.447976 -93.477631
37.266402 2.979372 -88.710177
36.947131 3.44863 -84.188613
36.537297 3.875603 -79.655836
36.068103 4.230237 -75.02194
35.570913 4.617292 -70.941923
34.993466 5.059054 -67.420932
34.610039 5.5917 -65.207046
34.20639 6.094666 -63.365745
33.795728 6.541138 -61.648484
33.368979 6.937198 -60.161431
32.736672 7.465418 -58.883127
31.95453 8.18365 -58.051675
31.182892 9.099198 -57.821767
30.634948 10.132906 -58.44208
30.478598 11.018575 -59.521236
30.513246 11.721536 -60.572481
30.800598 11.999426 -61.234419
30.820881 12.239041 -61.214707
30.712425 12.417523 -60.880538
30.289502 12.803532 -60.310315
30.02247 13.289267 -60.20421
30.117619 13.637813 -60.532722
30.402202 13.733611 -60.675843
30.779505 13.608826 -60.432847
31.095893 13.504742 -59.876397
31.134078 13.263643 -58.390204
30.482629 13.082453 -55.773397
30.13786 12.478548 -53.344911
30.259148 11.658558 -51.212874
29.296905 11.351457 -48.523721
28.36473 10.437022 -45.476384
28.532435 9.438978 -44.018068
29.034009 8.62535 -43.212474
29.559733 7.923927 -42.542197
29.87317 7.393512 -41.775578
30.113936 6.999686 -41.1272
30.563213 6.478905 -40.451763
31.124016 5.826382 -39.629051
31.481348 5.057565 -38.256618
31.413483 4.386485 -36.432693
31.053001 3.647592 -34.038777
29.750043 3.309505 -31.139717
27.94883 3.223621 -28.561932
26.630197 2.310068 -25.591933
25.623525 1.527899 -23.440598
24.747631 1.37775 -22.815941
23.819374 1.56674 -22.77034
23.468971 1.481487 -22.897788
23.852576 1.414978 -23.572721
24.483196 1.444595 -24.625202
24.995952 1.562625 -25.709577
25.24422 1.537311 -26.329251
25.362686 1.296217 -26.469183
25.677059 1.123742 -26.725886
25.998688 1.038527 -27.172109
26.064871 0.893688 -27.30949
25.605896 0.681345 -27.147151
25.849386 -0.039512 -26.374884
25.881009 -0.160772 -26.535721
25.736443 -0.046309 -27.145996
25.673259 -0.173622 -27.345175
25.407695 -0.002658 -27.945095
25.294721 0.258763 -28.737726
25.416785 0.448262 -29.670863
25.745294 0.520242 -30.650923
26.215839 0.507693 -31.526193
26.553112 0.668144 -32.569643
26.669629 1.052965 -33.86002
26.698883 1.471211 -35.095537
26.721948 1.910175 -36.241338
26.856428 2.335449 -37.360172
27.077258 2.73103 -38.351708
27.27197 3.155118 -39.316917
27.384672 3.632227 -40.253997
27.334617 4.261221 -41.211016
27.177827 5.158386 -42.542483
26.931144 6.303077 -44.140275
26.920084 7.513394 -45.977608
27.302762 8.663999 -47.931511
28.008321 9.74826 -49.930378
28.953442 10.73406 -52.030401
30.004211 11.499116 -53.887184
31.013744 11.918572 -55.137026
31.834297 12.002322 -55.589909
32.42108 11.957037 -55.341437
32.806858 12.0368 -54.939188
33.07972 12.343184 -54.605157
33.359946 12.552976 -53.922946
33.615405 12.36463 -52.388062
33.935674 11.969748 -50.446818
34.317166 11.580183 -48.531286
34.678696 11.186814 -46.685289
34.876729 10.837079 -44.865805
34.982963 10.680806 -43.375407
34.86554 10.629574 -41.911734
34.579094 10.55204 -40.197642
34.215913 10.40977 -38.238638
33.783561 10.123126 -35.890362
33.492433 9.806147 -33.738609
33.555422 9.696627 -32.447856
33.895911 9.758169 -31.883418
34.470227 10.112551 -32.389689
35.205723 10.691822 -33.632418
36.046539 11.350936 -35.161809
36.918054 12.049989 -36.648889
37.70121 12.829474 -38.111594
38.329774 13.681447 -39.38343
38.826936 14.451659 -40.138653
39.138887 15.038413 -40.127579
39.320473 15.423022 -39.656207
39.30966 15.775163 -39.284667
39.147408 15.517126 -38.091973
38.844406 15.00051 -36.51867
38.313486 14.310573 -34.480868
37.629264 13.689525 -32.546031
36.865503 12.931625 -30.406563
36.178637 12.03036 -28.140301
35.82188 11.117011 -26.082279
35.738998 10.209796 -24.128006
35.840209 9.345869 -22.305444
36.042473 8.524391 -20.647688
36.282 7.807528 -19.252675
36.522059 7.15186 -18.025476
36.558641 6.496414 -16.776285
36.508652 5.917495 -15.736732
36.299009 5.382425 -14.849376
36.035528 4.79161 -13.897768
35.732654 4.207356 -13.109575
35.383707 3.669531 -12.505014
34.978055 3.24177 -12.152826
34.445153 2.976817 -12.16584
33.804149 2.772153 -12.345982
33.162227 2.73407 -12.709031
33.125234 3.399036 -14.159109
32.849489 4.250968 -15.913691
32.724061 4.661189 -16.947247
31.926784 4.954969 -17.904437
30.282207 4.768319 -18.093805
29.165213 3.406436 -16.674464
28.059886 2.687965 -16.211185
26.794918 2.181262 -15.996732
25.40535 1.636707 -15.733414
24.113178 1.050758 -15.392093
22.9844 0.62111 -15.24418
22.26437 0.470256 -15.423322
22.013031 0.351355 -15.559485
22.100195 0.256848 -15.583167
22.276259 0.005351 -15.463216
22.191238 -0.504271 -15.071475
21.643566 -0.937282 -14.889028
20.947111 -1.154028 -14.896076
20.315768 -1.17361 -15.170563
19.893263 -1.069994 -15.520402
19.570197 -0.85577 -16.02125
19.061643 -0.680426 -16.454281
18.502976 -0.583425 -16.784936
17.954928 -0.480723 -17.172414
17.374351 -0.340176 -17.564252
16.792014 -0.276539 -17.903316
16.16899 -0.310288 -18.045169
15.601887 -0.409539 -18.163806
15.331149 -0.454197 -18.283319
15.181473 -0.503719 -18.394492
15.235942 -0.472006 -18.572057
15.326365 -0.38027 -18.844706
