16.799237 0.190802 -40.866806
18.826887 1.020907 -41.775388
21.551522 1.931576 -42.98708
23.79717 3.077435 -44.710221
24.585268 3.804787 -45.787388
24.695408 3.228823 -44.948097
24.688389 2.878158 -44.113725
24.464358 2.729712 -43.379942
24.560278 1.709387 -41.584315
24.277562 0.730664 -39.688278
23.959481 -0.295293 -37.848084
23.55078 -1.159827 -36.23789
23.086219 -1.770707 -35.103147
22.56707 -2.052465 -34.466891
22.040224 -2.185674 -34.157898
21.621259 -2.325306 -33.882336
21.690006 -2.445197 -33.588202
21.973615 -2.413918 -33.515533
22.496391 -2.111487 -33.770295
23.022305 -1.667605 -34.171446
23.547345 -1.170575 -34.598523
23.974392 -0.552601 -35.245192
24.267906 0.167006 -36.091109
24.464206 1.047007 -37.176352
24.510476 2.004165 -38.346661
24.593783 3.032378 -39.515847
24.829933 4.012532 -40.578879
25.258055 4.886903 -41.486986
25.77704 5.677082 -42.117288
26.262193 6.483284 -42.723227
26.623166 7.286281 -43.384057
26.743893 8.082027 -44.066576
26.572449 8.891139 -44.849816
26.063078 9.782335 -45.798575
25.348828 10.685401 -46.755195
24.577534 11.678236 -47.804874
23.76896 12.691573 -48.797389
22.875645 13.779619 -49.881814
21.998753 14.870889 -50.955037
21.038696 15.985278 -51.993806
20.158314 17.121939 -53.062042
19.20909 18.281125 -54.115771
18.309648 19.406159 -55.224651
17.459311 20.479003 -56.242479
16.457685 21.496328 -57.100033
15.402581 22.413259 -57.933106
13.665834 22.518768 -58.214249
11.901754 22.863001 -58.586865
12.254734 23.224892 -59.051673
12.919185 24.081605 -60.00201
13.853648 24.605409 -60.258408
14.675544 24.693295 -60.119447
13.751543 24.027633 -59.055666
13.139473 23.185115 -58.00836
12.975704 22.410878 -57.167941
13.191047 21.702611 -56.388284
13.465484 21.031992 -55.784067
13.877178 20.510849 -55.375193
15.286645 21.057767 -55.632377
16.5928 21.004381 -55.345961
17.506579 20.572237 -54.622776
18.245543 20.057908 -53.53015
18.513011 19.222277 -52.466433
18.925712 18.431047 -51.205058
19.779069 18.196687 -50.591458
19.748571 18.781812 -50.498536
20.229152 19.344282 -50.44264
20.948561 19.275745 -49.889071
21.951524 19.30518 -49.581541
22.979917 19.12545 -49.078783
23.904321 18.795883 -48.401433
24.498334 18.08569 -47.65242
24.173851 18.374732 -47.640919
24.293954 18.72299 -47.506001
23.896639 17.614152 -46.648772
23.563711 16.271317 -45.925233
24.249653 15.841792 -45.751988
24.331505 16.045272 -45.945572
23.535897 15.115034 -45.648655
22.61974 14.384806 -45.506145
21.701831 13.832563 -45.37117
21.151815 13.224777 -45.111992
21.986883 12.671518 -44.831967
22.478732 12.025686 -44.483741
22.058443 11.338519 -44.368155
21.5944 10.621138 -44.204228
21.195318 9.742364 -43.978586
20.807932 8.976804 -43.732915
20.43549 8.903395 -43.485388
19.859606 8.423796 -43.353477
19.116456 7.870361 -43.20468
18.349663 7.356587 -43.058949
18.554114 7.978804 -43.068006
18.961253 8.794021 -43.276239
18.74584 9.25635 -43.393626
18.351463 8.712676 -43.250805
18.168521 7.922454 -42.977192
17.83916 7.479111 -42.705275
17.862134 8.296641 -42.811772
18.348777 9.198583 -42.988348
19.088953 10.00251 -43.163533
19.847535 10.87596 -43.352756
20.492644 11.874192 -43.686979
20.697701 13.012488 -44.253558
20.393014 14.132787 -44.753002
20.256842 15.141239 -45.385224
20.706957 16.079644 -45.812963
20.802662 17.314724 -46.65554
20.886821 18.650344 -47.516301
21.129601 19.867627 -48.620578
21.471831 20.837077 -49.71962
21.591552 21.615184 -50.765713
21.677133 22.307886 -52.05697
21.842616 23.132937 -53.806201
22.103663 24.12429 -56.293592
22.50449 25.150407 -59.631751
23.051097 26.055824 -63.880769
23.720798 26.706046 -69.057024
24.506291 27.008447 -75.27749
25.505148 26.993595 -82.728327
26.800171 26.687207 -91.897478
28.294523 26.023394 -103.062587
29.805167 25.067807 -116.378752
31.213937 24.045867 -132.071548
32.633414 23.295161 -150.840171
33.908655 23.145905 -173.185589
35.209593 24.016671 160.071635
36.712339 25.018447 129.028098
38.289355 22.513488 96.667753
39.805732 17.340448 67.243328
41.232009 12.571561 42.8039
42.619282 8.262524 23.37422
43.900974 3.878382 8.345572
44.957138 -0.90105 -3.194462
45.531122 -6.212076 -12.306971
45.340852 -12.28065 -20.88697
43.855127 -19.006765 -30.112932
39.851509 -26.278314 -42.345918
30.092741 -32.959299 -61.143041
6.462176 -37.12968 -96.370097
-27.507784 -33.879017 -145.398082
-45.266797 -15.663458 176.4138
-45.641096 12.04011 148.837177
-35.951607 28.485306 123.940866
-22.179378 34.694228 101.150166
-8.436455 36.782807 81.62402
3.130207 37.151055 66.10993
12.323196 36.728508 54.001758
19.29325 35.910217 44.762857
24.811106 34.917193 37.412659
29.552907 33.73593 31.112052
33.606176 32.565274 25.956896
36.143073 31.461801 22.747278
38.045265 30.512958 20.338198
39.564343 29.710353 18.610024
40.784402 28.855394 17.199001
41.732117 27.850178 15.827321
42.706548 26.813588 14.575543
43.434727 25.911088 13.832361
44.142578 25.183818 13.357655
44.703633 24.592538 13.12895
45.190454 24.0668 13.064405
45.462801 23.599253 13.109953
45.53324 23.205382 13.270961
45.75814 22.779365 13.287221
46.251885 22.210403 13.10593
47.002883 21.565724 12.826649
47.59913 20.814116 12.635504
47.957691 20.281715 12.672336
48.148503 19.946647 12.899003
48.608324 19.527032 12.953312
49.09757 18.984469 12.991221
49.420734 18.338544 13.126742
49.953131 17.832212 13.176085
50.522177 17.303538 13.20555
51.045793 16.697548 13.298357
51.265269 16.081453 13.459478
51.383934 15.636631 13.774973
51.481776 15.283846 14.138399
51.522079 14.821751 14.464894
51.442979 14.318709 14.818075
51.431814 13.904092 15.234621
51.66571 13.588897 15.611814
51.89165 13.340918 16.004001
52.165821 13.09121 16.348282
52.263388 12.924271 16.777811
52.310298 12.808518 17.227095
52.267485 12.784652 17.695433
52.502995 12.885066 17.988323
52.841161 13.009455 18.153696
53.066743 13.139464 18.356694
53.342036 13.308285 18.494648
53.726517 13.405136 18.623298
53.882088 13.38506 18.856626
53.877938 13.418086 19.145251
53.931104 13.614493 19.538345
53.973522 13.881963 19.868317
53.93735 14.110797 20.190251
53.927471 14.328808 20.417933
54.092976 14.502226 20.49595
54.350092 14.637844 20.603822
54.548287 14.642871 20.814686
54.699129 14.61312 21.059725
54.868849 14.610338 21.247298
55.043495 14.566748 21.445597
55.139505 14.473944 21.643177
55.093959 14.451788 21.898173
54.95361 14.543991 22.163979
54.890657 14.777894 22.38659
54.891342 14.999071 22.587376
54.782812 15.16022 22.871192
54.741214 15.311577 23.060766
54.905472 15.398546 23.11689
55.075291 15.371048 23.178311
55.084422 15.300028 23.308624
55.033352 15.289324 23.409156
55.029981 15.328743 23.549328
55.071306 15.337153 23.705157
55.032418 15.323368 23.848286
54.953702 15.364943 24.054677
54.819525 15.514271 24.343299
54.722166 15.698926 24.600326
54.76576 15.842202 24.768622
54.776854 15.89453 24.908638
54.768823 15.927309 25.043624
54.80751 15.921025 25.157481
54.784233 15.933075 25.344862
54.784508 16.013187 25.462537
54.891704 16.08886 25.582473
54.950184 16.11638 25.742254
55.002594 16.173603 25.892123
54.978649 16.251308 26.101235
54.867315 16.348944 26.38842
54.745298 16.497575 26.620932
54.652065 16.791473 26.944074
54.591994 17.171494 27.243087
54.479145 17.693223 27.57858
54.27959 18.341688 27.982068
54.054202 19.099439 28.430388
53.80048 19.883814 28.849398
53.534051 20.810359 29.393365
53.276598 21.896624 30.068286
53.000877 23.238266 30.905535
52.485511 24.878767 32.087072
51.612689 26.795219 33.705423
50.192797 29.033487 36.045427
47.76435 31.552429 39.604312
43.681533 34.296187 45.168143
36.56857 37.131912 54.324427
23.039631 39.480232 70.536931
-0.866389 40.466019 97.986587
-29.942477 38.491925 131.849586
-49.853206 30.079445 158.69464
-58.189243 9.217964 177.859376
-57.064578 -18.91375 -164.804747
-44.710268 -35.463461 -142.259507
-16.461638 -40.732984 -107.690753
14.816526 -40.983721 -72.918454
33.274356 -39.542853 -52.88087
42.477531 -37.765086 -43.520935
47.292017 -36.194478 -39.73771
50.236243 -34.938496 -38.748123
52.003782 -34.203875 -40.075972
52.848481 -33.922941 -43.181302
52.783061 -34.247415 -48.275928
52.279389 -35.173025 -54.751043
51.658167 -36.480797 -61.528536
51.183572 -38.044669 -68.037017
50.95913 -39.768909 -73.953683
50.987117 -41.761303 -79.629077
51.195185 -44.13317 -85.530184
51.86325 -46.66452 -90.831105
53.046929 -49.472816 -95.720894
54.510187 -52.601071 -101.24426
56.09594 -55.848402 -108.554624
57.31021 -56.179698 -119.62559
58.145592 -50.730446 -133.469045
58.437035 -42.666065 -150.576559
58.304209 -36.616247 -169.817558
57.898515 -33.647629 170.390492
57.56825 -33.314543 152.984007
57.139079 -34.74372 137.015557
56.850857 -37.434297 123.177116
56.450752 -41.308285 110.168563
56.207766 -45.805652 98.95021
55.865457 -50.306721 89.153799
55.137273 -54.057238 79.85145
54.214805 -56.09492 71.492497
53.468341 -56.578 64.443659
52.919086 -56.027564 58.37396
52.38019 -54.736666 52.843939
51.411203 -52.666241 47.136526
49.919682 -50.394998 41.581025
47.978223 -47.904612 35.984361
45.769544 -45.684949 30.863575
43.601228 -43.808815 26.310606
41.618402 -42.298107 22.414321
39.986617 -41.052363 19.142073
38.815307 -39.966185 16.329528
38.054157 -39.241377 13.953487
37.426033 -38.471047 11.666278
36.672549 -37.610561 9.366975
35.86091 -36.792442 7.154616
34.809658 -36.119223 4.946543
33.386371 -35.393853 2.680006
31.79961 -34.648708 0.586397
30.659462 -33.826572 -1.371484
30.069725 -32.988135 -3.024756
29.738752 -32.130206 -4.499276
29.47198 -31.41372 -5.802659
29.024532 -30.781154 -7.168646
28.638371 -30.252445 -8.391066
28.281221 -29.732226 -9.526904
28.146766 -29.204905 -10.432366
28.028276 -28.693567 -11.213688
27.772091 -28.228942 -12.014652
27.324209 -27.829534 -12.791778
26.648746 -27.429837 -13.642349
25.992636 -27.047682 -14.491853
25.742622 -26.709882 -15.227406
25.957119 -26.409783 -15.801637
25.862453 -25.974339 -16.443994
25.33766 -25.508302 -17.16518
25.06415 -25.249171 -17.675667
25.241336 -25.087594 -17.948166
25.589983 -24.91865 -18.105505
25.801565 -24.92154 -18.255684
25.876005 -25.037977 -18.392285
25.807517 -25.254764 -18.533883
25.520006 -25.354914 -18.82701
25.444589 -25.361961 -19.023957
25.672484 -25.160796 -19.280574
26.355598 -24.944394 -19.385134
26.347288 -25.390745 -19.228566
25.831791 -25.516698 -19.39923
26.059814 -25.32883 -19.554436
27.039987 -25.489843 -19.462721
27.584214 -25.845547 -19.347099
27.303893 -25.969512 -19.474485
26.980413 -25.817429 -19.742705
26.603993 -25.664028 -20.027021
26.277775 -25.646595 -20.235031
26.254274 -25.616987 -20.420843
26.47965 -25.634515 -20.52027
26.732451 -25.711129 -20.597749
26.826952 -25.78649 -20.660384
26.794098 -25.783832 -20.769456
26.85039 -25.886918 -20.820885
26.736865 -26.012842 -20.914385
27.131788 -25.917202 -20.888935
26.657944 -25.727385 -21.010203
26.720709 -25.803663 -20.972237
26.695232 -26.035489 -20.84672
26.431343 -26.150204 -20.872822
26.272769 -26.194778 -20.909857
26.190364 -26.203352 -20.947022
26.147091 -26.19823 -20.962999
26.107049 -26.161322 -21.02859
26.204895 -26.108399 -21.059556
26.282874 -25.94601 -21.122843
26.503025 -25.682443 -21.243611
26.805085 -25.327869 -21.379772
26.926912 -24.840306 -21.561624
26.858152 -24.109559 -21.890179
26.780709 -23.253759 -22.226099
26.667299 -22.240281 -22.58475
26.566457 -21.217452 -22.874121
26.467897 -20.146878 -23.198827
26.178677 -18.99714 -23.491338
25.785147 -17.830573 -23.719805
25.537327 -16.600244 -23.96566
25.333655 -15.348052 -24.131112
25.047495 -14.056276 -24.354388
24.748539 -12.780614 -24.616527
24.541348 -11.565949 -24.931124
24.490261 -10.356598 -25.354965
24.628022 -9.103699 -25.924647
25.025776 -7.770854 -26.683013
25.596575 -6.390837 -27.62901
26.26199 -4.973582 -28.744515
26.909912 -3.541213 -30.01504
27.495694 -2.061276 -31.462789
28.088497 -0.534421 -33.080084
28.632057 1.09466 -34.815295
29.035067 2.772827 -36.57388
29.187257 4.462894 -38.329328
29.271774 6.187975 -40.164345
29.633215 7.830761 -42.113163
30.317606 9.245762 -44.111984
31.162929 10.33031 -46.032278
31.977199 10.945086 -47.64467
32.755975 11.220152 -48.984836
33.50171 11.406706 -50.19629
34.20113 11.545508 -51.352813
34.825624 11.681991 -52.358868
35.425644 11.944626 -53.41878
35.947864 12.302317 -54.411356
36.367412 12.439817 -54.978434
36.686204 12.276026 -55.031755
36.978731 12.022754 -54.791127
37.341337 11.814325 -54.485807
37.748314 11.742543 -54.241648
38.199989 11.838164 -54.121845
38.651939 12.047479 -54.011
39.069969 12.341956 -53.924341
39.398853 12.58693 -53.686369
39.625729 12.657479 -53.203714
39.710607 12.690103 -52.667439
39.637107 12.740247 -52.210373
39.366521 12.815912 -51.780157
38.980482 12.90631 -51.422361
38.527134 13.056071 -51.181945
38.033234 13.1953 -50.98226
37.570944 13.35098 -50.898688
37.198998 13.501403 -50.892466
36.890134 13.610884 -50.886655
36.650124 13.646821 -50.897504
36.446589 13.573883 -50.800685
36.356333 13.508028 -50.753857
36.265724 13.452281 -50.596729
36.190199 13.444727 -50.429943
36.033999 13.388248 -50.250993
35.732744 13.15588 -49.935634
35.258764 12.62433 -49.180358
34.608562 11.713024 -47.883258
33.912673 10.602737 -46.32116
33.275032 9.476413 -44.69253
32.73345 8.462042 -43.148788
32.21091 7.678486 -41.95144
31.840861 7.229906 -41.188493
31.414642 6.967891 -40.665727
30.333653 6.791239 -40.297474
28.997139 6.342936 -39.691964
27.81493 5.689384 -38.992318
27.15657 5.157877 -38.37843
26.715149 4.693644 -37.85165
26.788577 4.507797 -37.534221
26.845967 4.616012 -37.688877
26.554867 4.506552 -37.638673
26.449175 4.076981 -37.427769
26.035001 3.82572 -37.419909
25.782023 3.186619 -36.867267
24.815021 2.298838 -36.048411
23.436586 0.496137 -34.377152
22.247953 -1.307231 -32.862403
20.682083 -2.265672 -32.168139
19.103929 -2.762149 -31.919796
18.14829 -3.14469 -31.525645
18.285732 -3.186513 -31.36325
18.869888 -2.847333 -31.644919
19.291818 -2.371318 -32.145268
19.501435 -1.979512 -32.632429
19.259434 -1.888044 -32.829677
18.590535 -1.932352 -32.858499
17.751735 -1.911016 -32.936414
17.053931 -1.878783 -32.989065
16.567729 -1.766133 -33.117992
16.346157 -1.469781 -33.356257
16.268297 -1.159044 -33.605123
16.0026 -0.882952 -33.847813
15.486079 -0.711758 -33.911543
15.038475 -0.61101 -33.881745
14.683841 -0.442999 -33.966492
14.51296 -0.207619 -34.058432
14.494353 0.03888 -34.176281
14.622009 0.171519 -34.23981
14.769028 0.274494 -34.272427
14.817209 0.393903 -34.279059
14.791946 0.444465 -34.265924
14.603335 0.443445 -34.146625
14.269314 0.526642 -34.126083
13.877399 0.64286 -34.175177
13.633665 0.727837 -34.094475
13.581128 0.817857 -34.04313
13.520913 0.934344 -34.052849
13.459885 1.032297 -34.075104
13.434553 1.061337 -34.053715
16.217161 -5.001688 -31.189831
16.166587 -4.184459 -32.226863
15.978689 -3.539626 -33.03107
15.538269 -3.10712 -33.51136
14.801613 -2.703028 -33.867053
13.78691 -2.4647 -34.054031
12.890906 -2.563383 -33.912515
12.533298 -2.860388 -33.532842
12.648182 -2.928596 -33.313803
12.783696 -2.80997 -33.300732
12.970537 -2.656298 -33.351289
13.096673 -2.58576 -33.321943
13.194289 -2.501096 -33.287694
13.313318 -2.348514 -33.393288
13.424061 -2.168896 -33.511875
13.487135 -1.958698 -33.685653
13.450502 -1.779873 -33.808446
13.354545 -1.607736 -33.949359
13.245129 -1.549869 -33.92044
12.995804 -1.487533 -33.904527
12.664339 -1.475965 -33.95744
12.461745 -1.490031 -33.968995
12.338438 -1.523544 -33.920884
14.356128 -0.967116 -22.65793
14.44435 -0.952014 -22.749487
14.492539 -0.919069 -22.849663
14.381048 -0.962536 -22.929302
14.100156 -1.102101 -22.938601
13.768665 -1.273561 -22.887418
13.586382 -1.372894 -22.925451
13.584042 -1.368374 -23.033392
17.954928 -0.480723 -17.172414
17.374351 -0.340176 -17.564252
16.792014 -0.276539 -17.903316
16.16899 -0.310288 -18.045169
15.601887 -0.409539 -18.163806
15.331149 -0.454197 -18.283319
15.181473 -0.503719 -18.394492
15.235942 -0.472006 -18.572057
15.326365 -0.38027 -18.844706
