28.205108 -5.51488 -23.253547
27.611517 -6.38208 -21.778854
27.221313 -7.093891 -20.517899
27.051464 -7.625579 -19.519025
27.287315 -7.899019 -18.910065
27.827121 -7.964488 -18.505881
28.392588 -7.787131 -18.396061
28.8592 -7.336907 -18.74559
29.374546 -6.668831 -19.390124
30.001167 -5.904084 -20.189452
30.729508 -5.087046 -21.047036
31.376495 -4.17367 -22.066292
32.01781 -3.204927 -23.158998
32.484811 -2.135054 -24.558391
32.777113 -0.978873 -26.245603
32.884686 0.272153 -28.134573
32.736606 1.536312 -30.275905
32.299377 2.876764 -32.696029
31.439387 4.385612 -35.430696
30.233421 6.062246 -38.297922
28.834243 7.747916 -41.172037
27.264419 9.445843 -43.951445
25.619944 11.179408 -46.549004
24.080666 12.890189 -48.991759
22.548062 14.500656 -51.186029
20.863967 15.948962 -53.077313
19.281246 17.29187 -54.661884
17.879542 18.557524 -55.980943
16.657148 19.702448 -56.995745
15.616039 20.732805 -57.771393
14.790263 21.629782 -58.502713
13.86434 22.402862 -59.083256
13.195715 23.028717 -59.451599
12.157973 23.691802 -59.830881
11.407672 24.329476 -60.145314
10.415357 24.633106 -59.991188
10.081988 25.20691 -60.079552
10.668442 26.144233 -60.604494
11.598051 26.962127 -60.99443
12.637835 27.725762 -61.317756
12.342359 28.0615 -61.018286
12.385301 27.698878 -60.052022
12.628016 27.267947 -59.124229
13.547003 26.592205 -58.236109
13.961916 25.768761 -57.251552
13.942268 24.421105 -56.022767
14.06465 22.913306 -54.857341
13.893141 21.437542 -53.74306
14.129018 20.315003 -52.774245
13.85748 19.798896 -52.187265
14.999567 20.869081 -52.657547
16.225949 22.054167 -53.247252
17.418996 22.937102 -53.615006
18.509459 23.257913 -53.578901
19.503296 23.442482 -53.336918
19.79084 22.823917 -52.461662
19.79077 22.188134 -51.625607
19.81774 21.638828 -50.844231
19.603325 21.112069 -50.107684
19.186867 20.516356 -49.297247
17.996472 20.179827 -48.744153
17.104417 20.476085 -48.881438
16.013399 19.433949 -48.194954
15.287208 18.516824 -47.53596
14.857096 17.721181 -46.938757
15.04685 18.513978 -47.192629
15.494176 19.461344 -47.573751
15.983203 20.266936 -47.903246
16.689131 20.834713 -48.184562
16.97063 20.065171 -47.648178
16.924118 20.117341 -47.564807
17.947802 20.684166 -47.746428
19.078562 20.9218 -47.932861
19.924292 20.998936 -48.13781
19.809702 20.016119 -47.555739
19.707212 18.837258 -47.059768
19.532906 18.161897 -46.901604
19.354837 18.169507 -47.053986
19.529204 17.767493 -46.793893
19.586617 16.791286 -46.483324
19.84651 15.805701 -46.091176
19.578038 14.96281 -45.825222
20.261121 15.098513 -45.966338
20.802142 15.662285 -46.261249
20.265639 15.894428 -46.456842
20.789985 16.249536 -46.739814
20.938921 16.17232 -46.800271
19.998795 15.897555 -46.626611
19.226368 15.51638 -46.422545
19.050076 14.823917 -46.042536
18.406679 14.900406 -45.974787
18.621365 15.301097 -46.147244
18.98911 15.589009 -46.387348
19.323177 15.456681 -46.217919
18.897595 15.089887 -46.260527
17.931973 15.527316 -46.354654
17.502821 16.545606 -46.725239
17.555692 17.456249 -47.219569
17.273508 18.538921 -47.687264
16.564896 19.483681 -48.136201
15.299725 20.104381 -48.433734
13.456018 20.145918 -48.915518
12.507362 19.914529 -49.10325
10.975095 19.139048 -49.229601
9.22335 18.642999 -49.430362
8.390857 18.560636 -50.104115
8.431748 19.279614 -51.387365
8.575629 20.210928 -53.104814
8.517679 21.07063 -55.218208
8.267659 21.716104 -57.665249
7.864917 22.181908 -60.392651
7.34026 22.5338 -63.408047
6.997353 22.799953 -66.672218
6.945797 23.048132 -70.295248
7.241197 23.348432 -74.467046
7.91643 23.718882 -79.579984
9.083414 24.121497 -85.838568
10.67335 24.444897 -93.392085
12.630169 24.63819 -102.444128
14.908337 24.631323 -113.053876
17.483838 24.448864 -125.737225
20.067591 24.060066 -140.65256
22.467794 23.503912 -157.884297
24.676693 22.754838 -177.521463
26.712958 21.485173 160.323418
28.60371 18.967879 135.282011
30.369554 14.205249 106.584523
31.768912 6.772375 73.653772
32.171194 -2.357223 37.563202
30.249236 -12.206341 0.104972
24.278878 -21.25585 -37.513975
13.007549 -27.458671 -74.911319
-2.144316 -29.803561 -111.007214
-16.806367 -28.355791 -142.331696
-27.606655 -23.819088 -166.36766
-34.291146 -17.102727 176.266576
-37.935668 -9.271635 163.58256
-39.304072 -1.073718 153.275436
-39.125809 6.474995 144.4497
-38.10108 12.709837 136.883111
-36.492908 17.559161 130.209135
-34.497438 21.277702 124.106424
-32.131055 24.476891 117.791892
-29.23972 26.853939 111.601693
-26.398101 28.616032 106.272647
-23.702119 29.883162 101.825713
-21.154467 30.893842 97.870999
-18.5381 31.819546 93.938375
-15.496997 32.649361 89.504539
-12.022674 33.3545 84.470334
-8.05021 33.736625 78.600941
-4.1075 33.81574 72.898951
-0.650034 33.863678 67.769891
2.544915 33.894319 63.085653
5.435436 33.720911 58.837774
8.045778 33.545405 55.227638
10.24663 33.420352 52.2775
12.572394 33.154955 49.064442
15.119702 32.909593 45.590519
17.672246 32.642541 42.055927
20.010664 32.291297 38.71535
22.15958 31.740846 35.407743
23.821238 31.03448 32.73292
24.910325 30.479283 30.940334
25.804736 30.17439 29.758605
26.749241 30.02904 28.857627
27.731769 29.84783 27.929368
28.656654 29.476648 26.855594
29.75298 29.219685 25.705954
30.895647 29.057891 24.57003
31.296018 28.792486 24.005872
31.123482 28.479729 23.768643
30.98813 28.261277 23.598449
31.430928 27.987043 22.906625
32.455599 27.544117 21.563132
33.653759 26.960608 19.977309
34.72668 26.277989 18.570266
35.652824 25.715506 17.486453
36.459295 25.20628 16.547627
37.356411 24.634718 15.552919
38.41115 24.077281 14.612649
39.482245 23.572219 13.993546
40.544343 23.225326 13.654228
41.462146 23.076066 13.667038
42.484756 22.992317 13.672713
43.477457 22.848025 13.629262
44.430486 22.557428 13.480725
45.180178 22.279899 13.378658
45.623235 22.128623 13.481772
46.097308 21.962831 13.537997
46.358413 21.674807 13.599312
46.373878 21.269774 13.655338
46.352233 20.902074 13.765903
46.607984 20.659611 13.864557
47.203286 20.39198 13.853549
47.723728 20.113383 13.956716
48.100161 19.780005 14.110488
48.330441 19.497503 14.297704
48.410416 19.219454 14.583436
48.617866 18.826784 14.692465
48.798808 18.407025 14.818413
49.169644 18.028956 14.913174
49.836439 17.67687 14.957474
49.980417 17.186822 15.296235
49.909173 16.847348 15.704073
49.787035 16.712864 16.160132
49.633469 16.449563 16.591341
49.923448 16.170426 16.888663
50.654424 15.924393 17.139212
51.527305 15.659192 17.450339
52.289988 15.357187 17.899852
52.66526 15.223515 18.474451
52.920633 15.154093 19.032927
53.168569 15.018968 19.528109
53.468061 14.906513 20.026385
53.772836 15.00745 20.541834
53.80173 15.198125 21.024257
53.893831 15.244133 21.447531
54.053069 15.273216 21.847207
54.218369 15.337504 22.239766
54.40922 15.419003 22.666438
54.824543 15.378209 22.970787
55.320139 15.45574 23.332336
55.693226 15.579836 23.65978
56.111841 15.724205 23.974531
56.467664 15.902473 24.260953
56.568349 16.228931 24.637807
56.803243 16.562661 24.953704
56.779425 16.820287 25.318727
56.550515 17.147258 25.674989
56.565703 17.469703 25.950626
56.645638 17.693396 26.173934
56.591534 17.90575 26.423376
56.595049 18.118527 26.640933
56.276621 18.289522 26.976541
55.86262 18.382344 27.270318
55.682277 18.549086 27.561551
55.789616 18.776 27.822845
55.794778 18.968119 28.122943
55.742044 19.075796 28.389929
55.630023 19.15375 28.654226
55.56324 19.265843 28.911624
55.569325 19.362034 29.103291
55.466909 19.477403 29.397715
55.513276 19.604051 29.540943
55.574297 19.721508 29.728393
55.742412 19.893985 29.83574
55.827653 20.055079 30.036537
55.869133 20.142685 30.200948
55.758219 20.171937 30.381311
55.613336 20.225101 30.586885
55.660652 20.407705 30.705498
55.801745 20.653072 30.795599
56.000941 21.041604 30.971835
56.210565 21.604413 31.217304
56.501437 22.307792 31.510659
56.820872 23.224569 31.906588
57.192578 24.254142 32.362227
57.49011 25.424355 32.944886
57.71865 26.801576 33.670276
57.871919 28.462935 34.623732
57.98749 30.487113 35.842929
57.614505 32.881233 37.66893
56.224815 35.622016 40.725652
52.95488 38.587718 45.846355
45.005546 41.464745 55.842631
23.643909 43.603528 79.500861
-24.632836 43.689615 130.537291
-59.499141 38.404669 169.012684
-70.87401 20.556935 -174.609507
-72.895562 -9.978491 -165.145186
-69.621541 -31.393404 -156.408128
-60.227602 -40.225645 -144.256861
-40.231389 -43.354673 -122.759852
-5.897959 -44.109246 -87.512753
25.324375 -43.714027 -55.82673
42.776769 -42.706915 -38.208884
51.740226 -41.431793 -29.426564
56.704839 -40.199505 -25.074735
60.4067 -38.977725 -22.241714
63.212432 -37.808974 -20.63937
65.609384 -36.676821 -19.73848
67.691126 -35.683178 -19.565125
69.481889 -34.949341 -20.269079
71.023596 -34.425642 -21.837676
72.251553 -34.147814 -24.371725
73.164764 -34.208301 -27.930141
73.678511 -34.714448 -32.742185
73.881246 -35.829418 -38.885659
73.779281 -37.85765 -46.681297
73.616895 -41.460801 -56.286154
73.549418 -47.946362 -68.025856
73.788805 -58.797143 -81.620072
74.402841 -71.165637 -96.954606
75.05176 -62.083835 -115.512305
75.638335 -45.444616 -136.691607
75.992128 -36.327023 -159.176273
75.911527 -32.940304 177.948999
75.468702 -33.583008 155.921079
74.410208 -37.897665 134.824769
73.066604 -45.524077 116.375695
71.299623 -55.598566 100.040937
69.129913 -63.797111 86.27234
66.425596 -65.141435 74.664158
63.508044 -61.602947 65.008847
60.884389 -57.256383 56.967101
58.334325 -53.398362 50.058918
56.171747 -50.114727 43.955301
54.277726 -47.295283 38.461079
52.428009 -45.189079 33.832782
50.621266 -43.60476 29.896156
48.918676 -42.191795 26.320877
47.397397 -40.693186 22.799739
46.00846 -39.195807 19.374259
44.48279 -37.798156 16.017883
42.797752 -36.521324 12.770614
41.042474 -35.33193 9.754748
39.383598 -34.228713 7.069892
37.987388 -33.129634 4.644207
36.947013 -32.022608 2.405978
36.175103 -30.9864 0.349901
35.423366 -30.067013 -1.62468
34.653079 -29.225569 -3.578538
33.592797 -28.375805 -5.543977
32.39549 -27.587357 -7.421596
31.407957 -26.807869 -9.103483
30.661341 -26.006116 -10.589548
30.021405 -25.191087 -11.89616
29.535837 -24.443227 -13.042667
29.414721 -23.867267 -14.097487
29.582361 -23.521146 -14.917656
29.727484 -23.236294 -15.70362
29.145576 -22.956193 -16.506582
28.374036 -22.588344 -17.265383
27.648847 -21.98871 -17.905388
27.049096 -21.289324 -18.449244
26.531684 -20.48131 -18.920754
25.495554 -19.755174 -19.361432
23.539159 -19.266207 -19.844325
22.026098 -18.870265 -20.269434
20.67395 -18.432607 -20.697754
19.321136 -18.420926 -21.146629
18.871778 -18.665591 -21.420538
18.859306 -18.763737 -21.531851
18.60676 -18.795261 -21.655332
17.644264 -18.924661 -21.892692
16.480118 -19.132286 -22.168574
15.567389 -19.357166 -22.442552
14.990393 -19.627293 -22.663043
14.651027 -19.808289 -22.780032
14.520098 -19.873094 -22.852584
14.649704 -20.210761 -22.837536
14.686681 -20.749252 -22.936276
14.20395 -21.289594 -23.097287
13.296309 -21.557571 -23.410378
12.743972 -21.571063 -23.653799
12.673739 -21.687055 -23.717276
12.685471 -21.906478 -23.752582
12.463186 -22.104205 -23.851276
12.03473 -22.21027 -23.994759
11.56892 -22.313837 -24.121222
10.831559 -22.480474 -24.436965
10.020554 -22.713236 -24.829519
9.460314 -22.977614 -25.161861
9.334096 -23.34662 -25.35582
9.639136 -23.656274 -25.352553
10.142218 -23.878719 -25.27954
10.687543 -23.994594 -25.086847
11.091962 -23.922865 -24.836745
11.321058 -23.7089 -24.614821
11.527924 -23.539408 -24.444858
11.463846 -23.312314 -24.464032
11.333802 -23.482972 -24.383321
11.40913 -23.818894 -24.322319
11.686111 -23.82183 -24.440848
12.461947 -23.462371 -24.465633
13.128443 -23.410563 -24.33535
13.413452 -23.918345 -24.089042
13.465398 -24.337232 -23.980272
13.754325 -24.251423 -23.90501
14.500692 -24.07914 -23.740785
15.561469 -23.925148 -23.577294
16.734213 -23.943039 -23.337614
17.54844 -24.005107 -23.22007
17.785499 -23.96853 -23.192392
17.673856 -23.811694 -23.267068
17.586093 -23.580121 -23.342749
17.432519 -23.255105 -23.374949
17.009121 -22.870597 -23.447566
16.154531 -22.495916 -23.493707
15.06926 -22.004206 -23.575901
13.989171 -21.404791 -23.645772
13.131736 -20.849609 -23.593314
12.514247 -20.039207 -23.49456
12.49763 -19.036348 -23.235973
13.08116 -17.689234 -22.940038
14.001865 -16.167189 -22.624678
14.930202 -14.519285 -22.328817
15.827975 -12.755364 -22.118888
16.549723 -10.990276 -22.108371
17.005685 -9.243267 -22.380346
17.211493 -7.564574 -22.753186
17.277075 -5.947954 -23.184668
17.235793 -4.422586 -23.650789
17.144397 -3.033445 -24.11802
17.032344 -1.723493 -24.670755
17.061868 -0.484336 -25.301963
17.214987 0.732481 -26.008503
17.631184 1.856221 -26.787486
18.389383 2.91398 -27.716932
19.585931 3.963052 -28.894129
21.077741 4.961841 -30.278467
22.635097 5.861491 -31.686317
23.978261 6.715507 -33.084739
24.988233 7.592927 -34.376467
25.612801 8.511546 -35.537244
26.059625 9.356896 -36.556834
26.72199 10.060236 -37.567694
27.729911 10.493603 -38.552742
29.056698 10.501502 -39.314678
30.475374 10.144705 -39.662242
31.808024 9.531938 -39.500137
33.046162 8.914964 -39.090134
34.103513 8.437542 -38.597717
34.892304 8.060065 -38.052989
35.435531 7.783544 -37.524477
35.757777 7.522121 -36.86969
35.949677 7.249497 -36.146148
36.000159 6.993222 -35.400698
35.94639 6.80362 -34.747991
35.817763 6.773135 -34.376792
35.577061 6.871439 -34.298371
35.286825 7.030227 -34.393308
35.032318 7.139975 -34.702925
34.896699 7.307521 -35.226776
34.876903 7.461131 -35.861864
34.956659 7.589283 -36.513949
35.143169 7.732071 -37.205
35.373412 7.83327 -37.689089
35.581662 7.858045 -37.982137
35.676242 7.813305 -38.045323
35.706558 7.665587 -37.855408
35.663443 7.350314 -37.215261
35.702502 6.814886 -36.170775
35.886724 6.113065 -34.816703
36.281645 5.304383 -33.209506
36.914996 4.440632 -31.437662
37.750309 3.635597 -29.686652
38.565568 2.868867 -27.959723
39.209283 2.180157 -26.386911
39.634419 1.671115 -25.163916
39.80543 1.271023 -24.340169
39.649703 0.930261 -23.705739
39.291669 0.697765 -23.543143
38.808178 0.589092 -23.712197
38.051936 0.525956 -23.971027
36.971368 0.523782 -24.415891
35.652178 0.46948 -24.875094
34.373966 0.203648 -25.04312
33.230297 -0.13908 -25.107742
32.48079 -0.526908 -25.202916
32.233346 -0.992623 -25.264055
32.234657 -1.493941 -25.344621
32.331385 -1.914606 -25.415605
32.406572 -2.057254 -25.887682
31.459005 -1.733379 -27.089366
31.007419 -1.373589 -28.433417
30.085112 -1.309093 -29.350557
28.668092 -1.623821 -29.569763
26.970198 -2.901793 -28.570997
24.29285 -4.107841 -27.902549
21.862911 -5.419086 -27.340204
19.704319 -6.139181 -27.4998
18.070611 -6.318628 -28.19111
17.057474 -6.842427 -28.359706
16.26331 -6.931308 -28.774436
16.193159 -6.017063 -29.963479
16.217161 -5.001688 -31.189831
16.166587 -4.184459 -32.226863
15.978689 -3.539626 -33.03107
15.538269 -3.10712 -33.51136
14.801613 -2.703028 -33.867053
13.78691 -2.4647 -34.054031
12.890906 -2.563383 -33.912515
12.533298 -2.860388 -33.532842
12.648182 -2.928596 -33.313803
12.783696 -2.80997 -33.300732
12.970537 -2.656298 -33.351289
13.096673 -2.58576 -33.321943
13.194289 -2.501096 -33.287694
13.313318 -2.348514 -33.393288
13.424061 -2.168896 -33.511875
13.487135 -1.958698 -33.685653
13.450502 -1.779873 -33.808446
13.354545 -1.607736 -33.949359
13.245129 -1.549869 -33.92044
12.995804 -1.487533 -33.904527
12.664339 -1.475965 -33.95744
12.461745 -1.490031 -33.968995
12.338438 -1.523544 -33.920884
14.356128 -0.967116 -22.65793
14.44435 -0.952014 -22.749487
14.492539 -0.919069 -22.849663
14.381048 -0.962536 -22.929302
14.100156 -1.102101 -22.938601
13.768665 -1.273561 -22.887418
13.586382 -1.372894 -22.925451
13.584042 -1.368374 -23.033392
17.954928 -0.480723 -17.172414
17.374351 -0.340176 -17.564252
16.792014 -0.276539 -17.903316
16.16899 -0.310288 -18.045169
15.601887 -0.409539 -18.163806
15.331149 -0.454197 -18.283319
15.181473 -0.503719 -18.394492
15.235942 -0.472006 -18.572057
15.326365 -0.38027 -18.844706
