4.160000 18.030001 126.300003 -1231.000000 334.000000 3891.000000
4.170000 18.049999 126.309998 -1236.000000 357.000000 3916.000000
4.190000 18.070000 126.309998 -1168.000000 362.000000 3931.000000
4.220000 18.090000 126.309998 -1102.000000 366.000000 3996.000000
4.240000 18.110001 126.309998 -978.000000 365.000000 4013.000000
4.270000 18.150000 126.320000 -698.000000 410.000000 4050.000000
4.230000 18.400000 126.400002 -556.000000 197.000000 4349.000000
4.180000 18.820000 126.500000 -611.000000 102.000000 4338.000000
4.150000 19.400000 126.629997 -619.000000 77.000000 4418.000000
4.150000 20.150000 126.800003 -441.000000 -46.000000 4604.000000
4.230000 21.110001 126.980003 -153.000000 -180.000000 4806.000000
4.410000 22.389999 127.160004 86.000000 -278.000000 4888.000000
4.760000 23.990000 127.349998 -196.000000 -162.000000 4831.000000
5.270000 25.840000 127.540001 -931.000000 52.000000 4831.000000
5.900000 27.760000 127.699997 -1624.000000 186.000000 4862.000000
6.540000 29.510000 127.709999 -2335.000000 -125.000000 5047.000000
7.280000 30.700001 127.320000 -2010.000000 481.000000 4508.000000
8.090000 31.469999 126.809998 -1714.000000 541.000000 4250.000000
8.980000 32.009998 126.279999 -1896.000000 664.000000 3865.000000
9.880000 32.349998 125.599998 -2112.000000 774.000000 3620.000000
10.850000 32.320000 124.760002 -1756.000000 964.000000 3516.000000
11.830000 31.920000 123.709999 -1329.000000 1081.000000 3505.000000
12.790000 31.340000 122.510002 -1134.000000 1164.000000 3599.000000
13.800000 30.770000 121.279999 -1153.000000 1355.000000 3453.000000
14.770000 30.330000 120.059998 -1244.000000 1397.000000 3415.000000
15.760000 30.040001 118.820000 -1194.000000 1470.000000 3148.000000
16.740000 29.940001 117.610001 -1007.000000 1498.000000 3017.000000
17.730000 30.110001 116.449997 -931.000000 1603.000000 2994.000000
18.690001 30.600000 115.330002 -1133.000000 1264.000000 3073.000000
19.730000 31.450001 114.290001 -1368.000000 1328.000000 3022.000000
20.790001 32.560001 113.330002 -1814.000000 1472.000000 3038.000000
21.780001 33.830002 112.470001 -2107.000000 1559.000000 2868.000000
22.629999 35.200001 111.690002 -2605.000000 1549.000000 2523.000000
23.250000 36.560001 110.949997 -2877.000000 1417.000000 2142.000000
23.690001 37.880001 110.220001 -2816.000000 1357.000000 1929.000000
23.950001 39.150002 109.510002 -2698.000000 1362.000000 1840.000000
24.090000 40.430000 108.820000 -2668.000000 1286.000000 1672.000000
24.129999 41.750000 108.190002 -2783.000000 1198.000000 1555.000000
24.030001 43.110001 107.559998 -3144.000000 1103.000000 1782.000000
23.770000 44.480000 106.930000 -3514.000000 889.000000 1894.000000
23.370001 45.810001 106.290001 -3878.000000 806.000000 1889.000000
22.799999 47.029999 105.629997 -3848.000000 733.000000 1990.000000
22.139999 48.200001 105.040001 -3539.000000 620.000000 1422.000000
21.450001 49.360001 104.540001 -3443.000000 565.000000 1051.000000
20.790001 50.590000 104.180000 -3417.000000 482.000000 915.000000
20.139999 51.860001 103.860001 -3488.000000 330.000000 1017.000000
19.440001 53.119999 103.519997 -3652.000000 146.000000 1288.000000
18.690001 54.259998 103.129997 -3862.000000 115.000000 1559.000000
17.879999 55.230000 102.669998 -3970.000000 147.000000 1687.000000
17.020000 56.029999 102.120003 -3968.000000 106.000000 1704.000000
16.170000 56.720001 101.480003 -4145.000000 -15.000000 1470.000000
15.390000 57.360001 100.839996 -4023.000000 -23.000000 1372.000000
14.640000 57.980000 100.180000 -3958.000000 47.000000 1389.000000
13.850000 58.529999 99.449997 -3748.000000 102.000000 1501.000000
13.010000 58.990002 98.620003 -3535.000000 -28.000000 1659.000000
12.210000 59.389999 97.779999 -3716.000000 9.000000 1862.000000
11.470000 59.709999 96.930000 -3913.000000 26.000000 2052.000000
10.760000 59.919998 96.059998 -3915.000000 13.000000 2224.000000
10.050000 59.990002 95.209999 -3681.000000 -66.000000 2506.000000
9.360000 60.099998 94.449997 -3231.000000 -257.000000 2145.000000
8.990000 60.389999 94.110001 -4169.000000 142.000000 2087.000000
8.630000 60.810001 93.790001 -3976.000000 80.000000 1770.000000
8.230000 61.180000 93.419998 -3764.000000 69.000000 1628.000000
8.020000 61.500000 93.199997 -3801.000000 242.000000 1410.000000
7.840000 61.779999 92.989998 -4669.000000 -162.000000 1506.000000
7.830000 61.910000 92.940002 -5266.000000 -350.000000 1287.000000
8.020000 61.820000 93.010002 -4977.000000 -113.000000 1029.000000
8.080000 61.459999 92.889999 -4417.000000 156.000000 1083.000000
8.100000 60.910000 92.739998 -3758.000000 386.000000 1076.000000
8.190000 60.500000 92.790001 -3610.000000 369.000000 986.000000
8.410000 60.439999 93.150002 -4233.000000 420.000000 840.000000
8.800000 60.680000 93.849998 -4882.000000 582.000000 732.000000
9.310000 61.049999 94.790001 -5199.000000 698.000000 649.000000
9.910000 61.459999 95.940002 -5154.000000 802.000000 642.000000
10.620000 61.849998 97.300003 -5071.000000 1017.000000 562.000000
11.420000 62.189999 98.849998 -5039.000000 1128.000000 458.000000
12.290000 62.430000 100.570000 -4984.000000 1211.000000 372.000000
13.220000 62.570000 102.449997 -4767.000000 1280.000000 233.000000
14.170000 62.630001 104.440002 -4540.000000 1320.000000 139.000000
15.140000 62.630001 106.519997 -4328.000000 1388.000000 180.000000
16.120001 62.619999 108.699997 -4039.000000 1432.000000 208.000000
17.080000 62.630001 110.940002 -3979.000000 1367.000000 309.000000
18.000000 62.660000 113.230003 -4002.000000 1250.000000 354.000000
18.900000 62.700001 115.599998 -3900.000000 1222.000000 459.000000
19.809999 62.779999 118.040001 -3708.000000 1199.000000 445.000000
20.740000 62.919998 120.570000 -3614.000000 1230.000000 466.000000
21.650000 63.110001 123.150002 -3615.000000 1190.000000 553.000000
22.530001 63.320000 125.750000 -3529.000000 1160.000000 658.000000
23.389999 63.549999 128.360001 -3346.000000 1049.000000 735.000000
24.219999 63.799999 131.000000 -3231.000000 972.000000 740.000000
25.070000 64.110001 133.690002 -3178.000000 898.000000 624.000000
25.969999 64.510002 136.500000 -3228.000000 832.000000 483.000000
26.900000 65.000000 139.380005 -3354.000000 786.000000 442.000000
27.770000 65.559998 142.210007 -3500.000000 695.000000 579.000000
28.490000 66.110001 144.860001 -3735.000000 627.000000 774.000000
28.990000 66.580002 147.289993 -3559.000000 480.000000 932.000000
29.230000 66.949997 149.429993 -3346.000000 398.000000 980.000000
29.240000 67.269997 151.330002 -3256.000000 351.000000 976.000000
29.150000 67.599998 153.119995 -3411.000000 306.000000 780.000000
28.870001 67.919998 154.710007 -3577.000000 111.000000 753.000000
28.260000 68.220001 155.910004 -3804.000000 -139.000000 771.000000
27.280001 68.480003 156.669998 -4018.000000 -348.000000 937.000000
25.879999 68.639999 156.910004 -4082.000000 -553.000000 1368.000000
24.100000 68.650002 156.679993 -3848.000000 -736.000000 1719.000000
22.139999 68.519997 156.149994 -3569.000000 -776.000000 1929.000000
20.150000 68.330002 155.550003 -3449.000000 -833.000000 1971.000000
18.270000 68.169998 154.960007 -3285.000000 -846.000000 1811.000000
16.510000 68.089996 154.429993 -3226.000000 -905.000000 1618.000000
14.860000 68.110001 153.929993 -3279.000000 -953.000000 1448.000000
13.270000 68.220001 153.419998 -3472.000000 -1039.000000 1599.000000
11.620000 68.360001 152.809998 -3787.000000 -1290.000000 2002.000000
9.970000 68.529999 152.139999 -3894.000000 -1457.000000 2199.000000
8.410000 68.660004 151.490005 -3987.000000 -1448.000000 2200.000000
6.930000 68.699997 150.850006 -3930.000000 -1341.000000 2215.000000
5.540000 68.669998 150.229996 -3722.000000 -1258.000000 2142.000000
4.220000 68.639999 149.619995 -3682.000000 -1177.000000 1924.000000
3.000000 68.660004 149.039993 -3580.000000 -1075.000000 1606.000000
1.830000 68.720001 148.479996 -3603.000000 -1099.000000 1428.000000
0.620000 68.779999 147.809998 -3682.000000 -1199.000000 1512.000000
-0.610000 68.760002 147.080002 -3720.000000 -1254.000000 1715.000000
-1.860000 68.660004 146.279999 -3703.000000 -1179.000000 1853.000000
-3.110000 68.459999 145.429993 -3713.000000 -1080.000000 1916.000000
-4.380000 68.129997 144.570007 -3866.000000 -1107.000000 2138.000000
-5.640000 67.650002 143.699997 -3748.000000 -1177.000000 2052.000000
-6.790000 67.019997 142.919998 -3449.000000 -1151.000000 1964.000000
-7.840000 66.300003 142.199997 -3138.000000 -1327.000000 1985.000000
-8.790000 65.660004 141.570007 -3157.000000 -1466.000000 1902.000000
-9.620000 65.150002 141.020004 -3257.000000 -1419.000000 1992.000000
-10.360000 64.800003 140.520004 -3363.000000 -1288.000000 2109.000000
-11.090000 64.589996 139.970001 -3351.000000 -1191.000000 2110.000000
-11.810000 64.459999 139.380005 -3281.000000 -1070.000000 2192.000000
-12.550000 64.360001 138.770004 -3283.000000 -1016.000000 2186.000000
-13.280000 64.279999 138.169998 -3485.000000 -1050.000000 2088.000000
-13.980000 64.139999 137.589996 -3598.000000 -1085.000000 1989.000000
-14.620000 63.880001 137.059998 -3436.000000 -1064.000000 1776.000000
-15.180000 63.509998 136.610001 -3336.000000 -1000.000000 1625.000000
-15.680000 63.049999 136.199997 -3234.000000 -937.000000 1683.000000
-16.170000 62.520000 135.800003 -3092.000000 -920.000000 1826.000000
-16.690001 62.000000 135.380005 -3127.000000 -1016.000000 1950.000000
-17.250000 61.509998 134.919998 -3173.000000 -1082.000000 1996.000000
-17.820000 61.070000 134.449997 -3173.000000 -1086.000000 1994.000000
-18.379999 60.650002 134.000000 -3138.000000 -1029.000000 1923.000000
-18.900000 60.250000 133.589996 -3320.000000 -1033.000000 1926.000000
-19.370001 59.849998 133.220001 -3425.000000 -1058.000000 1922.000000
-19.790001 59.439999 132.889999 -3379.000000 -1007.000000 2012.000000
-20.160000 58.990002 132.580002 -3235.000000 -1005.000000 2159.000000
-20.520000 58.570000 132.279999 -3304.000000 -1001.000000 2160.000000
-20.840000 58.180000 132.029999 -3293.000000 -986.000000 2190.000000
-21.139999 57.820000 131.789993 -3271.000000 -967.000000 2159.000000
-21.450001 57.480000 131.539993 -3325.000000 -987.000000 2099.000000
-21.740000 57.169998 131.320007 -3300.000000 -957.000000 1997.000000
-22.020000 56.900002 131.100006 -3223.000000 -849.000000 1901.000000
-22.270000 56.639999 130.899994 -3313.000000 -847.000000 2248.000000
-22.490000 56.520000 130.699997 -4694.000000 -1257.000000 2456.000000
-22.530001 56.549999 130.679993 -5305.000000 -1142.000000 2453.000000
-22.370001 56.439999 130.830002 -3740.000000 -295.000000 2283.000000
-22.280001 56.250000 130.869995 -2805.000000 -360.000000 2015.000000
-22.370001 56.189999 130.789993 -3451.000000 -646.000000 1991.000000
-22.450001 56.110001 130.720001 -3773.000000 -637.000000 1929.000000
-22.480000 55.880001 130.710007 -3700.000000 -685.000000 1892.000000
-22.520000 55.490002 130.729996 -3495.000000 -862.000000 2047.000000
-22.580000 55.020000 130.750000 -3503.000000 -971.000000 2245.000000
-22.700001 54.580002 130.720001 -3405.000000 -1074.000000 2073.000000
-22.879999 54.220001 130.660004 -3129.000000 -1064.000000 1851.000000
-23.120001 53.959999 130.580002 -3008.000000 -1078.000000 1916.000000
-23.459999 53.639999 130.419998 -2729.000000 -1268.000000 2301.000000
-23.879999 53.279999 130.139999 -2459.000000 -1472.000000 2607.000000
-24.360001 53.060001 129.779999 -2632.000000 -1812.000000 2741.000000
-24.809999 52.990002 129.399994 -3102.000000 -2047.000000 2854.000000
-25.129999 52.950001 129.089996 -3288.000000 -2103.000000 2940.000000
-25.309999 52.880001 128.869995 -3182.000000 -2233.000000 2939.000000
-25.410000 52.830002 128.699997 -3121.000000 -2349.000000 2815.000000
-25.490000 52.869999 128.539993 -3229.000000 -2435.000000 2560.000000
-25.520000 53.029999 128.389999 -3261.000000 -2385.000000 2441.000000
-25.469999 53.250000 128.279999 -3261.000000 -2316.000000 2563.000000
-25.360001 53.529999 128.220001 -3299.000000 -2425.000000 2497.000000
-25.200001 53.860001 128.210007 -3444.000000 -2560.000000 2404.000000
-24.940001 54.230000 128.289993 -3514.000000 -2587.000000 2313.000000
-24.590000 54.630001 128.470001 -3565.000000 -2600.000000 2105.000000
-24.180000 55.080002 128.729996 -3523.000000 -2567.000000 1896.000000
-23.719999 55.590000 129.039993 -3580.000000 -2506.000000 1803.000000
-23.230000 56.150002 129.389999 -3741.000000 -2558.000000 1767.000000
-22.719999 56.759998 129.800003 -3703.000000 -2498.000000 1728.000000
-22.170000 57.349998 130.289993 -3560.000000 -2444.000000 1673.000000
-21.540001 57.889999 130.889999 -3379.000000 -2164.000000 1330.000000
-20.820000 58.279999 131.589996 -3644.000000 -2106.000000 1099.000000
-19.969999 58.439999 132.389999 -3742.000000 -1990.000000 897.000000
-18.990000 58.320000 133.259995 -3656.000000 -1775.000000 750.000000
-17.850000 57.939999 134.179993 -3189.000000 -1356.000000 768.000000
-16.570000 57.340000 135.119995 -2787.000000 -843.000000 843.000000
-15.280000 56.570000 136.029999 -2747.000000 -514.000000 1009.000000
-14.120000 55.779999 136.800003 -2931.000000 -443.000000 1159.000000
-13.120000 55.020000 137.419998 -3082.000000 -463.000000 1205.000000
-12.280000 54.320000 137.839996 -3385.000000 -520.000000 1182.000000
-11.540000 53.639999 138.100006 -3658.000000 -509.000000 1319.000000
-10.850000 52.910000 138.259995 -3760.000000 -237.000000 1197.000000
-10.150000 51.990002 138.309998 -3796.000000 214.000000 1149.000000
-9.440000 50.849998 138.270004 -3442.000000 710.000000 1218.000000
-8.680000 49.500000 138.169998 -2820.000000 1133.000000 1586.000000
-8.030000 48.020000 137.910004 -2552.000000 1266.000000 1844.000000
-7.590000 46.639999 137.460007 -2566.000000 958.000000 1863.000000
-7.340000 45.400002 136.880005 -3092.000000 558.000000 1882.000000
-7.160000 44.220001 136.220001 -3369.000000 426.000000 1579.000000
-6.940000 42.910000 135.479996 -3304.000000 798.000000 1438.000000
-6.640000 41.459999 134.679993 -2915.000000 1426.000000 1457.000000
-6.290000 39.910000 133.880005 -2589.000000 1997.000000 1829.000000
-5.960000 38.340000 133.089996 -2394.000000 2342.000000 2447.000000
-5.770000 36.799999 132.240005 -2181.000000 2227.000000 2860.000000
-5.730000 35.299999 131.330002 -2212.000000 1878.000000 3243.000000
-5.770000 33.849998 130.360001 -2481.000000 1541.000000 3460.000000
-5.850000 32.540001 129.389999 -2399.000000 1411.000000 3360.000000
-5.930000 31.340000 128.479996 -2539.000000 1467.000000 3264.000000
-5.980000 30.219999 127.610001 -2692.000000 1771.000000 3327.000000
-5.990000 29.100000 126.820000 -2769.000000 2092.000000 3499.000000
-6.000000 27.950001 126.080002 -2608.000000 2154.000000 3727.000000
-6.010000 26.799999 125.400002 -2354.000000 2031.000000 3979.000000
-6.030000 25.709999 124.790001 -2099.000000 1862.000000 4335.000000
-6.040000 24.770000 124.239998 -1897.000000 1705.000000 4297.000000
-6.040000 23.980000 123.769997 -2095.000000 1553.000000 4273.000000
-6.040000 23.219999 123.370003 -2338.000000 1300.000000 4228.000000
-6.010000 22.469999 123.040001 -2236.000000 1158.000000 3955.000000
-5.920000 21.629999 122.739998 -2125.000000 1103.000000 3792.000000
-5.780000 20.740000 122.470001 -1730.000000 1016.000000 3677.000000
-5.590000 19.809999 122.230003 -1453.000000 1029.000000 3481.000000
-5.400000 18.850000 122.000000 -1235.000000 916.000000 3606.000000
-5.210000 17.930000 121.769997 -681.000000 744.000000 3589.000000
-5.040000 17.139999 121.540001 -365.000000 643.000000 3589.000000
-4.880000 16.600000 121.339996 -454.000000 608.000000 3651.000000
-4.730000 16.299999 121.150002 -840.000000 540.000000 3802.000000
-4.600000 16.110001 120.949997 -1246.000000 449.000000 4283.000000
-4.440000 15.900000 120.730003 -2221.000000 286.000000 4709.000000
-4.210000 15.530000 120.550003 -2995.000000 -115.000000 5933.000000
-3.830000 15.160000 120.500000 -1635.000000 203.000000 4909.000000
-3.380000 14.720000 120.449997 -628.000000 501.000000 4342.000000
-2.970000 14.350000 120.330002 -174.000000 502.000000 3841.000000
-2.680000 14.190000 120.150002 -505.000000 189.000000 3723.000000
-2.480000 14.250000 119.959999 -1097.000000 -111.000000 3785.000000
-2.290000 14.380000 119.769997 -1396.000000 -245.000000 3833.000000
-2.050000 14.470000 119.570000 -1451.000000 -205.000000 3811.000000
-1.750000 14.470000 119.379997 -1314.000000 -80.000000 3899.000000
-1.440000 14.420000 119.190002 -1178.000000 -10.000000 3851.000000
-1.160000 14.340000 118.949997 -1250.000000 -66.000000 3892.000000
-0.900000 14.210000 118.699997 -1082.000000 -176.000000 3963.000000
-0.650000 14.040000 118.449997 -1015.000000 -211.000000 4068.000000
-0.380000 13.850000 118.239998 -872.000000 -149.000000 4084.000000
-0.120000 13.710000 118.059998 -863.000000 -45.000000 4054.000000
0.150000 13.650000 117.900002 -999.000000 58.000000 3952.000000
0.400000 13.660000 117.750000 -1112.000000 129.000000 3874.000000
0.620000 13.710000 117.610001 -1191.000000 113.000000 3848.000000
0.830000 13.770000 117.470001 -1230.000000 126.000000 3820.000000
1.030000 13.780000 117.330002 -1209.000000 122.000000 3933.000000
1.210000 13.750000 117.190002 -1183.000000 149.000000 3960.000000
1.400000 13.690000 117.059998 -1094.000000 222.000000 4002.000000
1.570000 13.610000 116.949997 -920.000000 213.000000 4052.000000
1.740000 13.540000 116.849998 -874.000000 272.000000 4061.000000
1.900000 13.510000 116.760002 -875.000000 339.000000 4000.000000
2.060000 13.500000 116.690002 -884.000000 420.000000 3912.000000
2.190000 13.560000 116.650002 -1004.000000 397.000000 3960.000000
2.300000 13.600000 116.610001 -1021.000000 381.000000 3997.000000
2.390000 13.640000 116.580002 -1016.000000 340.000000 3979.000000
2.460000 13.680000 116.570000 -1021.000000 315.000000 4008.000000
