21.629999 33.240002 85.139999 -16.170000 -37.650002 0.000000 1294.000000 -1259.000000 3932.000000 -441.000000 -2660.000000 3341.000000 
21.660000 33.250000 85.169998 -16.160000 -37.759998 0.000000 1279.000000 -1276.000000 3917.000000 -440.000000 -2668.000000 3332.000000 
21.700001 33.209999 85.150002 -16.180000 -37.830002 0.000000 1283.000000 -1303.000000 3926.000000 -408.000000 -2673.000000 3355.000000 
21.680000 33.189999 85.120003 -16.209999 -37.880001 0.000000 1299.000000 -1319.000000 3905.000000 -417.000000 -2713.000000 3318.000000 
21.620001 33.160000 85.029999 -16.250000 -37.950001 0.000000 1305.000000 -1333.000000 3888.000000 -405.000000 -2707.000000 3313.000000 
21.559999 33.139999 85.010002 -16.280001 -37.980000 0.000000 1307.000000 -1330.000000 3862.000000 -413.000000 -2701.000000 3285.000000 
21.510000 33.099998 85.010002 -16.299999 -38.009998 0.000000 1286.000000 -1330.000000 3880.000000 -420.000000 -2702.000000 3260.000000 
21.480000 33.090000 84.940002 -16.340000 -38.040001 0.000000 1270.000000 -1346.000000 3902.000000 -424.000000 -2716.000000 3301.000000 
21.459999 33.090000 84.940002 -16.350000 -38.150002 0.000000 1274.000000 -1335.000000 3905.000000 -428.000000 -2708.000000 3330.000000 
21.440001 33.119999 84.949997 -16.360001 -38.020000 0.000000 1263.000000 -1325.000000 3920.000000 -450.000000 -2696.000000 3321.000000 
21.440001 33.169998 84.940002 -16.330000 -38.009998 0.000000 1263.000000 -1306.000000 3913.000000 -479.000000 -2694.000000 3308.000000 
21.459999 33.200001 84.900002 -16.299999 -37.880001 0.000000 1262.000000 -1291.000000 3937.000000 -440.000000 -2678.000000 3351.000000 
21.480000 33.230000 84.910004 -16.280001 -37.779999 0.000000 1265.000000 -1279.000000 3914.000000 -461.000000 -2676.000000 3333.000000 
21.520000 33.220001 84.949997 -16.260000 -37.790001 0.000000 1279.000000 -1292.000000 3908.000000 -452.000000 -2678.000000 3330.000000 
21.530001 33.230000 84.980003 -16.260000 -37.950001 0.000000 1272.000000 -1292.000000 3904.000000 -427.000000 -2680.000000 3340.000000 
21.530001 33.220001 85.019997 -16.260000 -38.029999 0.000000 1314.000000 -1280.000000 3882.000000 -412.000000 -2681.000000 3343.000000 
21.540001 33.200001 85.029999 -16.270000 -38.200001 0.000000 1299.000000 -1301.000000 3935.000000 -415.000000 -2695.000000 3310.000000 
21.510000 33.200001 84.949997 -16.290001 -38.250000 0.000000 1304.000000 -1310.000000 3920.000000 -427.000000 -2686.000000 3321.000000 
21.480000 33.180000 84.940002 -16.309999 -38.189999 0.000000 1301.000000 -1322.000000 3903.000000 -418.000000 -2697.000000 3309.000000 
21.469999 33.150002 84.940002 -16.330000 -38.290001 0.000000 1313.000000 -1317.000000 3887.000000 -422.000000 -2691.000000 3295.000000 
21.480000 33.119999 84.919998 -16.350000 -38.230000 0.000000 1311.000000 -1324.000000 3883.000000 -415.000000 -2688.000000 3322.000000 
21.480000 33.110001 84.870003 -16.370001 -38.279999 0.000000 1296.000000 -1334.000000 3896.000000 -407.000000 -2706.000000 3308.000000 
21.490000 33.099998 84.930000 -16.370001 -38.310001 0.000000 1304.000000 -1305.000000 3902.000000 -413.000000 -2690.000000 3333.000000 
21.490000 33.099998 84.889999 -16.370001 -38.209999 0.000000 1287.000000 -1324.000000 3907.000000 -416.000000 -2680.000000 3327.000000 
21.490000 33.099998 84.860001 -16.350000 -38.070000 0.000000 1278.000000 -1296.000000 3903.000000 -426.000000 -2691.000000 3350.000000 
21.490000 33.119999 84.849998 -16.340000 -38.130001 0.000000 1281.000000 -1286.000000 3924.000000 -434.000000 -2692.000000 3305.000000 
21.480000 33.139999 84.860001 -16.330000 -38.220001 0.000000 1270.000000 -1310.000000 3910.000000 -461.000000 -2691.000000 3320.000000 
21.480000 33.180000 84.849998 -16.330000 -38.209999 0.000000 1252.000000 -1313.000000 3902.000000 -468.000000 -2685.000000 3320.000000 
21.510000 33.220001 84.830002 -16.320000 -38.169998 0.000000 1264.000000 -1282.000000 3900.000000 -439.000000 -2673.000000 3329.000000 
21.510000 33.259998 84.830002 -16.309999 -38.020000 0.000000 1283.000000 -1297.000000 3911.000000 -441.000000 -2695.000000 3347.000000 
21.540001 33.299999 84.809998 -16.309999 -38.040001 0.000000 1254.000000 -1283.000000 3928.000000 -457.000000 -2679.000000 3337.000000 
21.559999 33.320000 84.830002 -16.309999 -38.070000 0.000000 1304.000000 -1286.000000 3928.000000 -444.000000 -2697.000000 3337.000000 
21.590000 33.279999 84.839996 -16.330000 -38.029999 0.000000 1273.000000 -1312.000000 3910.000000 -436.000000 -2686.000000 3343.000000 
21.610001 33.220001 84.839996 -16.340000 -37.860001 0.000000 1310.000000 -1291.000000 3900.000000 -438.000000 -2665.000000 3317.000000 
21.639999 33.139999 84.809998 -16.360001 -37.970001 0.000000 1333.000000 -1322.000000 3923.000000 -395.000000 -2689.000000 3321.000000 
21.670000 33.040001 84.830002 -16.379999 -37.980000 0.000000 1334.000000 -1319.000000 3896.000000 -400.000000 -2684.000000 3350.000000 
21.670000 32.950001 84.839996 -16.400000 -37.990002 0.000000 1326.000000 -1316.000000 3890.000000 -377.000000 -2711.000000 3338.000000 
21.670000 32.919998 84.849998 -16.389999 -37.959999 0.000000 1354.000000 -1300.000000 3883.000000 -366.000000 -2710.000000 3399.000000 
21.660000 32.900002 84.839996 -16.400000 -37.980000 0.000000 1322.000000 -1318.000000 3905.000000 -399.000000 -2698.000000 3367.000000 
21.660000 32.880001 84.889999 -16.389999 -37.939999 0.000000 1335.000000 -1293.000000 3866.000000 -371.000000 -2694.000000 3363.000000 
21.670000 32.900002 84.900002 -16.389999 -37.939999 0.000000 1281.000000 -1291.000000 3923.000000 -425.000000 -2696.000000 3335.000000 
21.660000 33.020000 84.879997 -16.389999 -38.080002 0.000000 1262.000000 -1275.000000 3920.000000 -453.000000 -2672.000000 3341.000000 
21.680000 33.150002 84.889999 -16.410000 -38.209999 0.000000 1267.000000 -1290.000000 3929.000000 -455.000000 -2686.000000 3314.000000 
21.660000 33.220001 84.849998 -16.450001 -38.230000 0.000000 1270.000000 -1317.000000 3933.000000 -460.000000 -2764.000000 3425.000000 
21.670000 33.180000 84.839996 -16.440001 -38.060001 0.000000 1350.000000 -1245.000000 3946.000000 -368.000000 -2772.000000 3578.000000 
21.730000 33.040001 84.870003 -16.459999 -37.849998 0.000000 1394.000000 -1222.000000 3917.000000 -363.000000 -2743.000000 3596.000000 
21.840000 32.930000 84.919998 -16.590000 -37.880001 0.000000 1317.000000 -1378.000000 3940.000000 -295.000000 -2875.000000 3633.000000 
21.840000 32.860001 84.970001 -16.750000 -37.360001 0.000000 1435.000000 -1383.000000 3844.000000 -744.000000 -3351.000000 4704.000000 
21.620001 32.970001 84.870003 -16.940001 -37.279999 0.000000 1375.000000 -1576.000000 4164.000000 26.000000 -2974.000000 3579.000000 
21.260000 33.090000 84.779999 -17.030001 -37.230000 0.000000 1843.000000 -1695.000000 4567.000000 -231.000000 -2779.000000 3303.000000 
21.160000 33.299999 84.820000 -17.100000 -37.220001 0.000000 1704.000000 -1749.000000 4569.000000 -403.000000 -3056.000000 3748.000000 
21.370001 33.459999 85.029999 -17.040001 -37.099998 0.000000 1808.000000 -1569.000000 4151.000000 -262.000000 -3081.000000 3882.000000 
21.660000 33.630001 85.279999 -16.940001 -36.930000 0.000000 996.000000 -1721.000000 4814.000000 95.000000 -2734.000000 3523.000000 
21.830000 34.029999 85.519997 -16.750000 -36.680000 0.000000 2328.000000 -1531.000000 3886.000000 248.000000 -2634.000000 3591.000000 
21.719999 34.610001 85.699997 -16.450001 -36.369999 0.000000 1996.000000 -1336.000000 4327.000000 327.000000 -2775.000000 3840.000000 
21.809999 35.189999 85.830002 -16.209999 -35.889999 0.000000 1820.000000 -1529.000000 4533.000000 -21.000000 -2981.000000 4340.000000 
22.120001 35.919998 85.989998 -15.920000 -35.660000 0.000000 1777.000000 -1499.000000 4617.000000 -255.000000 -3033.000000 4171.000000 
22.410000 37.000000 86.120003 -15.650000 -35.090000 0.000000 1569.000000 -1698.000000 5017.000000 -92.000000 -2663.000000 3992.000000 
22.200001 38.160000 85.940002 -15.360000 -34.750000 0.000000 1917.000000 -1818.000000 5585.000000 865.000000 -2894.000000 3977.000000 
22.180000 38.950001 85.830002 -15.090000 -34.779999 0.000000 2487.000000 -1884.000000 5661.000000 -89.000000 -3447.000000 4621.000000 
21.900000 39.950001 85.360001 -14.580000 -33.900002 0.000000 2017.000000 -1393.000000 4759.000000 -467.000000 -2857.000000 4537.000000 
22.100000 40.970001 84.849998 -13.860000 -33.570000 0.000000 1637.000000 -892.000000 4187.000000 492.000000 -2964.000000 4464.000000 
22.790001 41.849998 84.620003 -13.250000 -33.000000 0.000000 2058.000000 -949.000000 4532.000000 94.000000 -2680.000000 4335.000000 
23.889999 42.540001 84.559998 -13.230000 -32.900002 0.000000 1202.000000 -2329.000000 3319.000000 -577.000000 -2599.000000 3751.000000 
24.590000 43.240002 84.269997 -12.520000 -32.820000 0.000000 1262.000000 -404.000000 1393.000000 -701.000000 -2502.000000 3146.000000 
24.180000 42.900002 83.129997 -11.950000 -32.130001 0.000000 2600.000000 57.000000 1727.000000 823.000000 -2808.000000 4760.000000 
23.430000 41.740002 81.800003 -11.920000 -31.350000 0.000000 3067.000000 -773.000000 3760.000000 1685.000000 -2936.000000 5123.000000 
23.049999 40.259998 80.440002 -12.050000 -30.570000 0.000000 2894.000000 -1213.000000 5048.000000 710.000000 -3112.000000 4900.000000 
23.639999 38.459999 79.330002 -12.070000 -29.719999 0.000000 3426.000000 -1368.000000 5018.000000 620.000000 -2836.000000 4451.000000 
24.680000 36.660000 78.370003 -11.950000 -28.760000 0.000000 2871.000000 -1387.000000 4812.000000 762.000000 -2467.000000 4092.000000 
25.840000 35.150002 77.519997 -11.750000 -27.799999 0.000000 2264.000000 -1443.000000 4543.000000 665.000000 -2075.000000 3738.000000 
27.129999 33.980000 76.809998 -11.470000 -26.930000 0.000000 2031.000000 -1348.000000 4223.000000 332.000000 -1808.000000 3476.000000 
28.450001 33.200001 76.180000 -11.020000 -26.049999 0.000000 1965.000000 -1018.000000 3612.000000 274.000000 -1713.000000 3519.000000 
29.620001 32.730000 75.550003 -10.430000 -25.250000 0.000000 1933.000000 -692.000000 3259.000000 576.000000 -1646.000000 3587.000000 
30.680000 32.330002 74.839996 -9.760000 -24.350000 0.000000 2058.000000 -481.000000 3060.000000 704.000000 -1389.000000 3455.000000 
31.719999 32.060001 73.989998 -9.070000 -23.530001 0.000000 2173.000000 -308.000000 2915.000000 756.000000 -1332.000000 3308.000000 
32.740002 32.020000 73.080002 -8.470000 -22.910000 0.000000 1996.000000 -408.000000 2929.000000 702.000000 -1454.000000 3312.000000 
33.700001 32.160000 72.000000 -7.980000 -22.889999 0.000000 1949.000000 -508.000000 2898.000000 -51.000000 -1589.000000 3138.000000 
34.610001 32.450001 70.879997 -7.690000 -22.870001 0.000000 1622.000000 -688.000000 2954.000000 -237.000000 -1594.000000 3023.000000 
35.450001 32.849998 69.739998 -7.640000 -22.850000 0.000000 1212.000000 -810.000000 3005.000000 -497.000000 -1744.000000 2992.000000 
36.020000 33.349998 68.540001 -7.840000 -22.830000 0.000000 1105.000000 -978.000000 3151.000000 -823.000000 -1841.000000 2873.000000 
36.290001 34.040001 67.230003 -8.210000 -22.930000 0.000000 1012.000000 -1147.000000 3325.000000 -943.000000 -1955.000000 2851.000000 
36.320000 34.880001 65.860001 -8.620000 -23.230000 0.000000 673.000000 -1381.000000 3884.000000 -1008.000000 -2142.000000 2935.000000 
36.299999 35.810001 64.480003 -9.090000 -23.629999 0.000000 442.000000 -1510.000000 4162.000000 -1090.000000 -2261.000000 2999.000000 
36.320000 36.790001 63.130001 -9.440000 -24.049999 0.000000 109.000000 -1500.000000 4223.000000 -1347.000000 -2277.000000 2934.000000 
36.380001 37.750000 61.820000 -9.760000 -24.440001 0.000000 -23.000000 -1262.000000 3878.000000 -1647.000000 -2450.000000 3175.000000 
36.380001 38.610001 60.470001 -9.990000 -24.709999 0.000000 -10.000000 -1024.000000 3527.000000 -1796.000000 -2473.000000 3222.000000 
36.419998 39.320000 59.139999 -10.240000 -24.750000 0.000000 2.000000 -945.000000 3176.000000 -1853.000000 -2351.000000 2916.000000 
36.520000 39.840000 57.830002 -10.620000 -24.650000 0.000000 -112.000000 -1064.000000 3196.000000 -2188.000000 -2337.000000 2675.000000 
36.740002 40.160000 56.610001 -11.060000 -24.379999 0.000000 -452.000000 -1266.000000 3388.000000 -2586.000000 -2141.000000 2396.000000 
37.009998 40.340000 55.529999 -11.520000 -24.070000 0.000000 -958.000000 -1432.000000 3330.000000 -2596.000000 -2006.000000 2274.000000 
37.130001 40.470001 54.490002 -12.050000 -23.690001 0.000000 -986.000000 -1471.000000 3397.000000 -2613.000000 -1727.000000 2059.000000 
37.040001 40.650002 53.480000 -12.640000 -23.250000 0.000000 -946.000000 -1381.000000 3506.000000 -2441.000000 -1497.000000 1947.000000 
36.700001 40.889999 52.450001 -13.270000 -22.900000 0.000000 -871.000000 -1302.000000 3555.000000 -1967.000000 -1473.000000 2106.000000 
36.160000 41.189999 51.380001 -13.960000 -22.629999 0.000000 -688.000000 -1235.000000 3560.000000 -1779.000000 -1512.000000 2243.000000 
35.439999 41.529999 50.259998 -14.700000 -22.510000 0.000000 -482.000000 -1218.000000 3580.000000 -1871.000000 -1720.000000 2511.000000 
34.520000 41.889999 49.119999 -15.550000 -22.559999 0.000000 -397.000000 -1314.000000 3547.000000 -1899.000000 -1984.000000 2687.000000 
33.419998 42.310001 47.980000 -16.480000 -22.750000 0.000000 -583.000000 -1537.000000 3568.000000 -2138.000000 -2181.000000 2583.000000 
32.200001 42.770000 46.869999 -17.379999 -22.770000 0.000000 -946.000000 -1673.000000 3513.000000 -2309.000000 -2193.000000 2668.000000 
30.860001 43.220001 45.869999 -18.370001 -22.840000 0.000000 -871.000000 -1845.000000 3975.000000 -2385.000000 -2375.000000 2776.000000 
29.379999 43.639999 44.830002 -19.510000 -22.900000 0.000000 -411.000000 -1902.000000 4187.000000 -2098.000000 -2476.000000 3050.000000 
27.820000 44.000000 43.790001 -19.870001 -22.719999 0.000000 -580.000000 -1571.000000 4427.000000 -1446.000000 -2199.000000 3051.000000 
26.190001 44.270000 42.709999 -20.330000 -22.590000 0.000000 124.000000 -1608.000000 3826.000000 -1291.000000 -2086.000000 2787.000000 
24.590000 44.430000 41.599998 -21.520000 -22.610001 0.000000 148.000000 -2121.000000 3993.000000 -1286.000000 -2064.000000 2801.000000 
23.090000 44.470001 40.500000 -21.440001 -22.540001 0.000000 119.000000 -1417.000000 3408.000000 -1609.000000 -2207.000000 3200.000000 
21.709999 44.290001 39.520000 -22.090000 -22.600000 0.000000 -155.000000 -1667.000000 3664.000000 -1562.000000 -2482.000000 3543.000000 
20.200001 43.880001 38.549999 -22.900000 -22.660000 0.000000 -7.000000 -1761.000000 3811.000000 -1494.000000 -2597.000000 3715.000000 
18.530001 43.220001 37.590000 -23.290001 -22.639999 0.000000 86.000000 -1846.000000 4032.000000 -1187.000000 -2945.000000 4374.000000 
16.799999 42.369999 36.630001 -23.740000 -22.500000 0.000000 406.000000 -2109.000000 4626.000000 -1096.000000 -3041.000000 4613.000000 
15.290000 41.610001 35.910000 -23.990000 -22.270000 0.000000 802.000000 -2198.000000 5149.000000 -645.000000 -2964.000000 4685.000000 
13.960000 41.020000 35.349998 -24.070000 -22.010000 0.000000 1079.000000 -2191.000000 5345.000000 -113.000000 -2759.000000 4555.000000 
12.570000 40.860001 34.709999 -24.090000 -21.660000 0.000000 1377.000000 -2036.000000 5234.000000 -32.000000 -2509.000000 4357.000000 
11.430000 40.970001 34.150002 -24.080000 -21.240000 0.000000 1455.000000 -1840.000000 4757.000000 -264.000000 -2273.000000 4036.000000 
10.810000 41.029999 33.689999 -23.980000 -20.780001 0.000000 1296.000000 -1699.000000 4318.000000 -893.000000 -2216.000000 3835.000000 
11.000000 40.900002 33.650002 -24.100000 -20.290001 0.000000 709.000000 -1771.000000 3796.000000 -912.000000 -2322.000000 4097.000000 
11.520000 40.439999 33.799999 -24.400000 -19.750000 0.000000 286.000000 -1987.000000 4137.000000 -915.000000 -2350.000000 4079.000000 
12.010000 39.680000 33.959999 -25.100000 -19.270000 0.000000 663.000000 -2489.000000 4732.000000 -903.000000 -2489.000000 4268.000000 
11.910000 38.650002 33.830002 -24.690001 -18.840000 0.000000 924.000000 -2065.000000 4699.000000 -743.000000 -2576.000000 4502.000000 
11.310000 37.790001 33.480000 -24.129999 -18.440001 0.000000 1001.000000 -1996.000000 4768.000000 -416.000000 -2563.000000 4497.000000 
10.510000 37.470001 33.049999 -23.809999 -17.900000 0.000000 1122.000000 -1969.000000 4652.000000 -591.000000 -2306.000000 4194.000000 
10.240000 37.389999 32.910000 -23.520000 -17.240000 0.000000 1001.000000 -1909.000000 4407.000000 -478.000000 -1994.000000 3938.000000 
10.670000 37.509998 33.169998 -23.209999 -16.670000 0.000000 931.000000 -1679.000000 3895.000000 -290.000000 -1832.000000 3677.000000 
11.210000 37.770000 33.459999 -23.139999 -16.059999 0.000000 923.000000 -1554.000000 3467.000000 -388.000000 -1581.000000 3381.000000 
11.690000 37.959999 33.740002 -23.240000 -15.630000 0.000000 730.000000 -1441.000000 3120.000000 -609.000000 -1378.000000 3026.000000 
12.270000 37.910000 33.959999 -23.160000 -15.240000 0.000000 651.000000 -1422.000000 3201.000000 -396.000000 -1314.000000 3000.000000 
12.820000 37.590000 34.180000 -23.320000 -15.430000 0.000000 861.000000 -1447.000000 3201.000000 -623.000000 -1441.000000 2953.000000 
13.090000 36.919998 34.250000 -23.709999 -16.010000 0.000000 578.000000 -1555.000000 3288.000000 -395.000000 -1702.000000 3246.000000 
12.520000 36.369999 34.049999 -24.059999 -17.020000 0.000000 702.000000 -1667.000000 3529.000000 -458.000000 -1952.000000 3440.000000 
11.330000 36.369999 33.320000 -24.639999 -18.030001 0.000000 666.000000 -1892.000000 3808.000000 -609.000000 -2395.000000 3926.000000 
10.230000 36.310001 32.639999 -24.730000 -18.670000 0.000000 1064.000000 -1820.000000 4030.000000 -528.000000 -2792.000000 4893.000000 
9.820000 36.200001 32.430000 -25.450001 -19.290001 0.000000 2943.000000 -4734.000000 7813.000000 -464.000000 -2946.000000 4790.000000 
9.820000 34.900002 32.330002 -25.950001 -19.430000 0.000000 -376.000000 -965.000000 857.000000 153.000000 -2749.000000 5201.000000 
10.220000 33.810001 32.500000 -25.750000 -19.490000 0.000000 3129.000000 -1610.000000 4973.000000 1041.000000 -2187.000000 4736.000000 
10.580000 32.980000 32.599998 -25.980000 -19.370001 0.000000 1794.000000 -1661.000000 3326.000000 617.000000 -1905.000000 3821.000000 
11.000000 32.330002 32.709999 -25.910000 -19.260000 0.000000 1490.000000 -1578.000000 3527.000000 -279.000000 -1951.000000 3461.000000 
11.490000 32.060001 32.930000 -25.680000 -19.250000 0.000000 1401.000000 -1676.000000 3800.000000 -206.000000 -1884.000000 3424.000000 
11.850000 32.849998 33.029999 -25.709999 -19.650000 0.000000 899.000000 -1782.000000 3754.000000 -681.000000 -1662.000000 2775.000000 
12.070000 33.709999 33.049999 -25.780001 -20.290001 0.000000 690.000000 -1759.000000 3725.000000 -679.000000 -1431.000000 2092.000000 
12.340000 34.330002 33.040001 -25.719999 -21.450001 0.000000 999.000000 -1795.000000 3828.000000 25.000000 -1581.000000 2082.000000 
12.580000 34.639999 33.049999 -25.799999 -22.620001 0.000000 1049.000000 -1806.000000 3823.000000 -46.000000 -1983.000000 2823.000000 
12.390000 35.040001 32.900002 -26.049999 -24.110001 0.000000 1544.000000 -1582.000000 3522.000000 -2789.000000 -8795.000000 12272.000000 
11.510000 35.419998 32.240002 -26.350000 -23.799999 0.000000 1140.000000 -1626.000000 3511.000000 477.000000 -2877.000000 4756.000000 
10.750000 35.680000 31.790001 -26.870001 -23.379999 0.000000 655.000000 -1978.000000 4082.000000 -502.000000 -1490.000000 2708.000000 
11.140000 36.250000 32.000000 -27.900000 -23.190001 0.000000 1696.000000 -2829.000000 4325.000000 -491.000000 -2464.000000 3681.000000 
12.000000 36.310001 32.330002 -28.320000 -23.580000 0.000000 -350.000000 -1821.000000 3697.000000 -985.000000 -2592.000000 3265.000000 
12.580000 36.549999 32.680000 -29.639999 -23.260000 0.000000 720.000000 -2852.000000 4336.000000 -338.000000 -2288.000000 3609.000000 
12.740000 37.099998 32.820000 -30.850000 -23.090000 0.000000 231.000000 -3001.000000 4211.000000 -739.000000 -2388.000000 3632.000000 
12.570000 37.400002 32.779999 -31.790001 -23.209999 0.000000 1083.000000 -2351.000000 3472.000000 -539.000000 -2441.000000 3394.000000 
12.760000 36.549999 33.000000 -32.270000 -23.230000 0.000000 1516.000000 -1902.000000 3244.000000 -346.000000 -2458.000000 3493.000000 
13.460000 35.939999 33.480000 -32.790001 -23.260000 0.000000 1622.000000 -1880.000000 3025.000000 -205.000000 -2497.000000 3568.000000 
13.990000 36.090000 33.990002 -33.180000 -23.010000 0.000000 1580.000000 -2304.000000 3668.000000 -446.000000 -2350.000000 3568.000000 
14.010000 36.279999 34.250000 -33.939999 -23.330000 0.000000 2352.000000 -2739.000000 3761.000000 -317.000000 -2589.000000 3533.000000 
13.480000 35.869999 34.290001 -35.000000 -23.379999 0.000000 596.000000 -291.000000 -205.000000 -46.000000 -2585.000000 3641.000000 
13.360000 34.840000 34.459999 -34.900002 -23.129999 0.000000 2541.000000 -3264.000000 5206.000000 299.000000 -2348.000000 3738.000000 
13.520000 33.840000 34.919998 -35.540001 -22.820000 0.000000 963.000000 -2376.000000 3117.000000 492.000000 -2169.000000 3673.000000 
13.470000 32.939999 35.139999 -35.639999 -22.730000 0.000000 1514.000000 -2052.000000 2886.000000 153.000000 -2534.000000 3756.000000 
13.200000 32.240002 35.189999 -36.730000 -22.580000 0.000000 1835.000000 -2826.000000 3207.000000 150.000000 -2443.000000 3695.000000 
13.150000 31.809999 35.520000 -36.959999 -22.430000 0.000000 2255.000000 -2974.000000 3937.000000 248.000000 -2417.000000 3719.000000 
12.900000 32.189999 35.689999 -37.590000 -22.820000 0.000000 830.000000 -2671.000000 3283.000000 -36.000000 -2679.000000 3776.000000 
12.520000 32.599998 35.790001 -38.090000 -23.100000 0.000000 2766.000000 -2220.000000 2750.000000 351.000000 -2595.000000 3590.000000 
12.150000 32.889999 35.790001 -37.930000 -23.510000 0.000000 2007.000000 -2355.000000 3004.000000 50.000000 -2586.000000 3345.000000 
11.650000 33.230000 35.630001 -38.040001 -23.299999 0.000000 1515.000000 -2477.000000 3198.000000 -35.000000 -2580.000000 3737.000000 
11.510000 33.340000 35.570000 -38.340000 -23.160000 0.000000 1859.000000 -2558.000000 3038.000000 176.000000 -2240.000000 3115.000000 
12.460000 32.709999 36.139999 -38.709999 -23.299999 0.000000 1556.000000 -2677.000000 3148.000000 -329.000000 -2590.000000 3388.000000 
13.180000 32.320000 36.669998 -39.180000 -23.629999 0.000000 2579.000000 -2815.000000 3104.000000 -122.000000 -2754.000000 3483.000000 
12.810000 32.759998 36.689999 -39.430000 -24.059999 0.000000 2048.000000 -2477.000000 2764.000000 -237.000000 -2691.000000 3147.000000 
12.470000 33.169998 36.689999 -40.110001 -23.900000 0.000000 2705.000000 -2514.000000 2377.000000 -53.000000 -2633.000000 3554.000000 
12.390000 33.000000 36.730000 -40.540001 -23.730000 0.000000 2195.000000 -2621.000000 2736.000000 235.000000 -2674.000000 3658.000000 
12.160000 32.099998 36.730000 -40.639999 -23.500000 0.000000 2667.000000 -2575.000000 2752.000000 515.000000 -2755.000000 3883.000000 
11.860000 31.280001 36.610001 -40.410000 -23.440001 0.000000 2887.000000 -3079.000000 3409.000000 782.000000 -2938.000000 4042.000000 
11.350000 30.750000 36.320000 -40.400002 -23.799999 0.000000 2971.000000 -3141.000000 3340.000000 582.000000 -3099.000000 3900.000000 
10.770000 31.299999 35.939999 -40.410000 -24.160000 0.000000 2713.000000 -2796.000000 2817.000000 116.000000 -2966.000000 3725.000000 
10.710000 32.040001 35.700001 -40.619999 -24.410000 0.000000 2402.000000 -2599.000000 2319.000000 -539.000000 -3286.000000 3857.000000 
10.920000 32.580002 35.630001 -40.599998 -24.559999 0.000000 2304.000000 -2953.000000 2864.000000 -107.000000 -3445.000000 4055.000000 
10.850000 33.240002 35.570000 -40.349998 -24.650000 0.000000 2454.000000 -3276.000000 3276.000000 -331.000000 -3503.000000 3958.000000 
10.560000 33.750000 35.400002 -40.139999 -24.690001 0.000000 2246.000000 -3450.000000 3317.000000 -361.000000 -3640.000000 4038.000000 
10.370000 34.220001 35.279999 -39.860001 -24.730000 0.000000 2216.000000 -3581.000000 3509.000000 -535.000000 -3656.000000 3989.000000 
10.400000 34.910000 35.290001 -39.520000 -24.660000 0.000000 2015.000000 -3797.000000 3783.000000 -847.000000 -3576.000000 3958.000000 
10.550000 35.889999 35.340000 -39.110001 -24.670000 0.000000 1883.000000 -3849.000000 4040.000000 -1001.000000 -3557.000000 3873.000000 
10.760000 37.099998 35.490002 -38.580002 -24.680000 0.000000 1794.000000 -3836.000000 4060.000000 -1171.000000 -3400.000000 3823.000000 
11.170000 38.560001 35.689999 -38.020000 -24.719999 0.000000 1639.000000 -3762.000000 4109.000000 -1411.000000 -3333.000000 3825.000000 
11.700000 40.279999 36.020000 -37.410000 -24.870001 0.000000 1486.000000 -3687.000000 4091.000000 -1674.000000 -3245.000000 3684.000000 
12.250000 42.220001 36.490002 -36.709999 -25.010000 0.000000 1311.000000 -3514.000000 3916.000000 -1776.000000 -3199.000000 3604.000000 
12.770000 44.279999 37.060001 -36.070000 -25.219999 0.000000 1242.000000 -3288.000000 3704.000000 -1577.000000 -3145.000000 3413.000000 
13.260000 46.400002 37.720001 -35.320000 -25.540001 0.000000 1183.000000 -3169.000000 3702.000000 -1626.000000 -2975.000000 3017.000000 
13.870000 48.520000 38.509998 -34.020000 -25.719999 0.000000 1121.000000 -3058.000000 3700.000000 -1547.000000 -2867.000000 3055.000000 
14.610000 50.639999 39.480000 -33.080002 -25.840000 0.000000 1105.000000 -3070.000000 3839.000000 -1583.000000 -2675.000000 2986.000000 
15.400000 52.889999 40.590000 -31.990000 -25.959999 0.000000 1026.000000 -2982.000000 3888.000000 -1555.000000 -2553.000000 2976.000000 
15.990000 55.369999 41.580002 -31.219999 -26.059999 0.000000 1054.000000 -2923.000000 3955.000000 -1680.000000 -2469.000000 3071.000000 
16.660000 58.020000 42.650002 -30.389999 -26.219999 0.000000 958.000000 -2812.000000 3931.000000 -1809.000000 -2342.000000 2936.000000 
17.570000 60.830002 44.020000 -29.559999 -26.440001 0.000000 828.000000 -2714.000000 3905.000000 -2176.000000 -2226.000000 2779.000000 
18.770000 63.820000 45.730000 -28.770000 -26.680000 0.000000 592.000000 -2571.000000 3752.000000 -2395.000000 -2171.000000 2721.000000 
20.330000 66.919998 47.889999 -28.049999 -26.879999 0.000000 361.000000 -2436.000000 3614.000000 -2597.000000 -2061.000000 2624.000000 
22.430000 70.070000 50.709999 -27.129999 -27.100000 0.000000 150.000000 -2246.000000 3401.000000 -2558.000000 -2005.000000 2541.000000 
25.360001 73.209999 54.480000 -26.090000 -27.420000 0.000000 170.000000 -2100.000000 3342.000000 -2473.000000 -1886.000000 2207.000000 
29.799999 76.290001 59.830002 -25.000000 -27.750000 0.000000 50.000000 -2006.000000 3356.000000 -2367.000000 -1753.000000 2049.000000 
36.919998 79.209999 67.940002 -23.840000 -28.080000 0.000000 20.000000 -1813.000000 3349.000000 -2369.000000 -1609.000000 2042.000000 
50.250000 81.790001 82.269997 -22.590000 -28.540001 0.000000 -185.000000 -1537.000000 3240.000000 -2695.000000 -1516.000000 1779.000000 
78.790001 83.500000 111.449997 -21.330000 -28.940001 0.000000 -303.000000 -1287.000000 3217.000000 -2761.000000 -1393.000000 1904.000000 
121.440002 83.519997 154.419998 -20.080000 -29.340000 0.000000 -577.000000 -1252.000000 3225.000000 -3046.000000 -1340.000000 1720.000000 
148.520004 81.820000 -177.330002 -18.900000 -29.709999 0.000000 -657.000000 -1275.000000 3301.000000 -3171.000000 -1273.000000 1612.000000 
161.020004 79.150002 -163.429993 -17.709999 -30.000000 0.000000 -783.000000 -1283.000000 3274.000000 -3162.000000 -1234.000000 1525.000000 
167.500000 76.089996 -155.550003 -16.389999 -30.200001 0.000000 -888.000000 -1135.000000 3133.000000 -2999.000000 -1197.000000 1494.000000 
171.360001 72.910004 -150.300003 -14.980000 -30.309999 0.000000 -1009.000000 -966.000000 3003.000000 -2917.000000 -1021.000000 1350.000000 
173.929993 69.709999 -146.350006 -13.550000 -30.510000 0.000000 -1019.000000 -828.000000 2914.000000 -2950.000000 -951.000000 1144.000000 
175.830002 66.629997 -143.080002 -12.040000 -30.820000 0.000000 -1284.000000 -587.000000 2856.000000 -3041.000000 -905.000000 1030.000000 
177.259995 63.590000 -140.309998 -10.550000 -31.250000 0.000000 -1404.000000 -505.000000 2800.000000 -3412.000000 -841.000000 909.000000 
178.210007 60.619999 -137.949997 -9.080000 -31.670000 0.000000 -1783.000000 -533.000000 2765.000000 -3629.000000 -828.000000 929.000000 
178.880005 57.759998 -135.860001 -7.590000 -31.990000 0.000000 -1950.000000 -489.000000 2749.000000 -3706.000000 -784.000000 905.000000 
179.339996 55.000000 -133.970001 -6.060000 -32.240002 0.000000 -2154.000000 -467.000000 2693.000000 -3632.000000 -747.000000 684.000000 
179.630005 52.369999 -132.220001 -4.520000 -32.250000 0.000000 -2136.000000 -537.000000 2716.000000 -3502.000000 -628.000000 584.000000 
179.750000 49.759998 -130.610001 -2.910000 -32.160000 0.000000 -2093.000000 -569.000000 2826.000000 -3458.000000 -561.000000 299.000000 
179.869995 47.040001 -129.039993 -1.200000 -31.420000 0.000000 -2060.000000 -577.000000 2895.000000 -3366.000000 -368.000000 409.000000 
179.960007 44.299999 -127.410004 0.680000 -30.049999 0.000000 -2025.000000 -574.000000 2945.000000 -3328.000000 -251.000000 326.000000 
-179.919998 41.480000 -125.739998 2.820000 -27.870001 0.000000 -2020.000000 -461.000000 2824.000000 -3385.000000 -54.000000 43.000000 
-179.820007 38.650002 -123.980003 5.220000 -23.120001 0.000000 -2197.000000 -218.000000 2606.000000 -3415.000000 109.000000 30.000000 
-179.750000 35.740002 -122.139999 7.940000 -9.660000 0.000000 -2428.000000 11.000000 2373.000000 -3602.000000 220.000000 -178.000000 
-179.710007 32.840000 -120.180000 11.030000 58.680000 0.000000 -2666.000000 181.000000 2040.000000 -3809.000000 296.000000 -637.000000 
-179.750000 30.110001 -118.209999 14.540000 115.059998 0.000000 -2781.000000 367.000000 1796.000000 -3905.000000 359.000000 -645.000000 
-179.850006 27.620001 -116.269997 18.600000 125.089996 0.000000 -3126.000000 601.000000 1384.000000 -3888.000000 378.000000 -651.000000 
-179.990005 25.370001 -114.430000 23.010000 128.100006 0.000000 -3216.000000 743.000000 1234.000000 -3826.000000 393.000000 -673.000000 
179.910004 23.299999 -112.680000 27.500000 129.179993 0.000000 -3318.000000 752.000000 1239.000000 -3751.000000 430.000000 -680.000000 
179.789993 21.420000 -111.050003 31.900000 129.410004 0.000000 -3376.000000 680.000000 1294.000000 -3672.000000 686.000000 -777.000000 
179.570007 19.700001 -109.519997 36.209999 129.639999 0.000000 -3372.000000 593.000000 1482.000000 -3705.000000 943.000000 -1284.000000 
179.350006 18.010000 -107.989998 40.450001 129.169998 0.000000 -3241.000000 573.000000 1483.000000 -3455.000000 1057.000000 -1010.000000 
179.119995 16.170000 -106.510002 44.700001 128.649994 0.000000 -3254.000000 676.000000 1400.000000 -3440.000000 1326.000000 -1203.000000 
178.850006 14.340000 -104.980003 49.040001 128.229996 0.000000 -3381.000000 830.000000 1153.000000 -3295.000000 1367.000000 -1338.000000 
178.610001 12.590000 -103.349998 53.490002 127.720001 0.000000 -3389.000000 980.000000 919.000000 -3278.000000 1446.000000 -1269.000000 
178.399994 10.850000 -101.690002 58.020000 127.279999 0.000000 -3500.000000 1075.000000 719.000000 -3331.000000 1455.000000 -1409.000000 
178.220001 9.290000 -100.099998 62.619999 126.910004 0.000000 -3688.000000 1340.000000 394.000000 -3316.000000 1392.000000 -1456.000000 
178.039993 7.920000 -98.589996 66.980003 126.519997 0.000000 -3733.000000 1549.000000 115.000000 -3377.000000 1472.000000 -1463.000000 
177.889999 6.770000 -97.199997 71.010002 126.220001 0.000000 -3904.000000 1560.000000 -73.000000 -3425.000000 1537.000000 -1562.000000 
177.759995 6.100000 -96.029999 74.589996 125.839996 0.000000 -4003.000000 1641.000000 -78.000000 -3334.000000 1660.000000 -1503.000000 
177.649994 5.600000 -94.970001 77.480003 125.410004 0.000000 -3926.000000 1577.000000 30.000000 -3247.000000 1805.000000 -1558.000000 
177.589996 5.160000 -93.949997 79.830002 124.919998 0.000000 -3887.000000 1521.000000 120.000000 -2993.000000 1855.000000 -1483.000000 
177.619995 4.600000 -92.970001 81.690002 124.379997 0.000000 -3688.000000 1477.000000 200.000000 -2814.000000 1964.000000 -1457.000000 
177.660004 3.940000 -91.930000 83.250000 123.919998 0.000000 -3642.000000 1455.000000 283.000000 -2680.000000 2118.000000 -1646.000000 
177.649994 3.140000 -90.870003 84.769997 123.470001 0.000000 -3592.000000 1485.000000 233.000000 -2601.000000 2291.000000 -1746.000000 
177.580002 2.520000 -89.680000 86.330002 123.160004 0.000000 -3549.000000 1487.000000 173.000000 -2702.000000 2275.000000 -1857.000000 
177.460007 1.920000 -88.550003 88.070000 122.879997 0.000000 -3612.000000 1538.000000 -115.000000 -2901.000000 2269.000000 -1848.000000 
177.460007 1.330000 -87.489998 89.940002 122.620003 0.000000 -4019.000000 1711.000000 -459.000000 -3015.000000 2179.000000 -1786.000000 
177.550003 0.910000 -86.519997 91.739998 122.349998 0.000000 -4106.000000 1827.000000 -690.000000 -3112.000000 2113.000000 -1777.000000 
177.660004 0.670000 -85.730003 93.339996 122.089996 0.000000 -4124.000000 1855.000000 -741.000000 -3054.000000 2158.000000 -1778.000000 
177.820007 0.570000 -85.080002 94.650002 121.839996 0.000000 -4057.000000 1891.000000 -691.000000 -2971.000000 2213.000000 -1808.000000 
177.970001 0.380000 -84.570000 95.690002 121.580002 0.000000 -3843.000000 1879.000000 -594.000000 -2786.000000 2415.000000 -1890.000000 
178.080002 -0.010000 -84.040001 96.370003 121.209999 0.000000 -3613.000000 1768.000000 -325.000000 -2520.000000 2628.000000 -1801.000000 
178.020004 -0.590000 -83.500000 96.940002 120.820000 0.000000 -3487.000000 1674.000000 -274.000000 -2337.000000 2757.000000 -1864.000000 
177.869995 -1.370000 -82.989998 97.599998 120.410004 0.000000 -3576.000000 1714.000000 -290.000000 -2286.000000 2906.000000 -1958.000000 
177.630005 -2.090000 -82.389999 98.470001 119.970001 0.000000 -3547.000000 1839.000000 -445.000000 -2395.000000 2967.000000 -1902.000000 
177.380005 -2.830000 -81.699997 99.389999 119.540001 0.000000 -3595.000000 1884.000000 -487.000000 -2325.000000 2951.000000 -1897.000000 
177.240005 -3.470000 -80.989998 100.489998 119.089996 0.000000 -3614.000000 1964.000000 -727.000000 -2409.000000 2863.000000 -1842.000000 
177.179993 -4.040000 -80.309998 101.690002 118.680000 0.000000 -3734.000000 2140.000000 -958.000000 -2458.000000 2779.000000 -1877.000000 
177.110001 -4.350000 -79.699997 102.790001 118.290001 0.000000 -3876.000000 2228.000000 -1077.000000 -2562.000000 2739.000000 -1806.000000 
176.979996 -4.400000 -79.239998 103.790001 117.940002 0.000000 -3777.000000 2324.000000 -1106.000000 -2653.000000 2814.000000 -1854.000000 
176.869995 -4.370000 -78.870003 104.550003 117.529999 0.000000 -3628.000000 2338.000000 -990.000000 -2317.000000 2930.000000 -1737.000000 
176.770004 -4.560000 -78.540001 104.959999 117.070000 0.000000 -3355.000000 2303.000000 -764.000000 -2101.000000 3022.000000 -1611.000000 
176.559998 -4.930000 -78.269997 105.190002 116.570000 0.000000 -3194.000000 2357.000000 -662.000000 -1892.000000 3139.000000 -1537.000000 
176.179993 -5.370000 -77.959999 105.400002 116.040001 0.000000 -3089.000000 2400.000000 -685.000000 -1715.000000 3231.000000 -1447.000000 
175.809998 -5.940000 -77.580002 105.529999 115.559998 0.000000 -2999.000000 2360.000000 -547.000000 -1771.000000 3265.000000 -1487.000000 
175.479996 -6.610000 -77.139999 105.830002 115.169998 0.000000 -3081.000000 2377.000000 -623.000000 -1761.000000 3255.000000 -1528.000000 
175.229996 -7.240000 -76.620003 106.300003 114.809998 0.000000 -3082.000000 2341.000000 -732.000000 -1830.000000 3180.000000 -1505.000000 
175.050003 -7.770000 -76.040001 106.800003 114.489998 0.000000 -3125.000000 2361.000000 -737.000000 -1906.000000 3159.000000 -1496.000000 
174.929993 -8.150000 -75.629997 107.449997 114.169998 0.000000 -3250.000000 2522.000000 -944.000000 -1893.000000 3149.000000 -1445.000000 
174.880005 -8.390000 -75.220001 108.150002 113.879997 0.000000 -3352.000000 2706.000000 -1114.000000 -1958.000000 3164.000000 -1405.000000 
174.839996 -8.450000 -74.940002 108.830002 113.650002 0.000000 -3272.000000 2748.000000 -1197.000000 -1916.000000 3236.000000 -1435.000000 
174.750000 -8.450000 -74.660004 109.410004 113.440002 0.000000 -3193.000000 2755.000000 -1126.000000 -1865.000000 3329.000000 -1427.000000 
174.610001 -8.580000 -74.419998 109.809998 113.260002 0.000000 -3094.000000 2760.000000 -984.000000 -1628.000000 3474.000000 -1487.000000 
174.460007 -8.790000 -74.220001 110.129997 113.080002 0.000000 -2962.000000 2731.000000 -978.000000 -1576.000000 3498.000000 -1471.000000 
174.300003 -9.170000 -74.010002 110.300003 112.940002 0.000000 -2858.000000 2645.000000 -871.000000 -1452.000000 3500.000000 -1481.000000 
174.169998 -9.610000 -73.750000 110.459999 112.800003 0.000000 -2809.000000 2549.000000 -814.000000 -1505.000000 3515.000000 -1524.000000 
173.960007 -10.020000 -73.379997 110.669998 112.660004 0.000000 -2945.000000 2542.000000 -837.000000 -1550.000000 3497.000000 -1498.000000 
173.770004 -10.300000 -73.040001 110.970001 112.519997 0.000000 -3029.000000 2599.000000 -944.000000 -1631.000000 3438.000000 -1533.000000 
173.720001 -10.480000 -72.680000 111.300003 112.379997 0.000000 -3109.000000 2603.000000 -999.000000 -1747.000000 3306.000000 -1466.000000 
173.800003 -10.560000 -72.400002 111.690002 112.260002 0.000000 -3133.000000 2603.000000 -1112.000000 -1786.000000 3242.000000 -1466.000000 
173.910004 -10.670000 -72.150002 112.080002 112.190002 0.000000 -3161.000000 2624.000000 -1054.000000 -1854.000000 3242.000000 -1457.000000 
173.970001 -10.770000 -71.919998 112.470001 112.139999 0.000000 -3142.000000 2647.000000 -1060.000000 -1794.000000 3319.000000 -1460.000000 
173.899994 -10.870000 -71.739998 112.879997 112.110001 0.000000 -3076.000000 2638.000000 -1001.000000 -1762.000000 3386.000000 -1471.000000 
173.729996 -10.980000 -71.510002 113.139999 112.110001 0.000000 -2935.000000 2650.000000 -876.000000 -1612.000000 3524.000000 -1551.000000 
173.490005 -11.010000 -71.279999 113.379997 112.040001 0.000000 -2907.000000 2671.000000 -901.000000 -1610.000000 3542.000000 -1487.000000 
173.199997 -11.100000 -71.029999 113.550003 111.919998 0.000000 -2906.000000 2710.000000 -975.000000 -1468.000000 3574.000000 -1490.000000 
173.000000 -11.190000 -70.739998 113.680000 111.739998 0.000000 -2860.000000 2685.000000 -921.000000 -1633.000000 3495.000000 -1438.000000 
172.830002 -11.290000 -70.379997 113.769997 111.480003 0.000000 -2911.000000 2669.000000 -933.000000 -1587.000000 3368.000000 -1296.000000 
172.759995 -11.430000 -70.050003 113.870003 111.269997 0.000000 -2858.000000 2660.000000 -913.000000 -1581.000000 3264.000000 -1297.000000 
172.789993 -11.520000 -69.769997 113.970001 111.070000 0.000000 -2893.000000 2608.000000 -925.000000 -1647.000000 3205.000000 -1216.000000 
172.820007 -11.550000 -69.570000 114.150002 110.919998 0.000000 -2906.000000 2589.000000 -892.000000 -1653.000000 3218.000000 -1206.000000 
172.820007 -11.590000 -69.400002 114.349998 110.870003 0.000000 -2799.000000 2599.000000 -867.000000 -1645.000000 3317.000000 -1307.000000 
172.740005 -11.670000 -69.260002 114.570000 110.830002 0.000000 -2912.000000 2606.000000 -896.000000 -1687.000000 3380.000000 -1304.000000 
172.570007 -11.750000 -69.070000 114.790001 110.830002 0.000000 -2933.000000 2616.000000 -895.000000 -1651.000000 3472.000000 -1399.000000 
172.369995 -11.820000 -68.870003 114.949997 110.800003 0.000000 -2893.000000 2590.000000 -821.000000 -1827.000000 3459.000000 -1409.000000 
172.210007 -11.950000 -68.660004 115.050003 110.730003 0.000000 -2946.000000 2600.000000 -835.000000 -1631.000000 3405.000000 -1392.000000 
172.139999 -12.070000 -68.480003 115.099998 110.589996 0.000000 -2918.000000 2581.000000 -802.000000 -1734.000000 3343.000000 -1303.000000 
172.100006 -12.110000 -68.290001 115.220001 110.480003 0.000000 -2983.000000 2594.000000 -844.000000 -1785.000000 3334.000000 -1310.000000 
172.039993 -12.090000 -68.089996 115.360001 110.370003 0.000000 -3019.000000 2657.000000 -881.000000 -1722.000000 3359.000000 -1312.000000 
171.990005 -12.070000 -67.970001 115.510002 110.260002 0.000000 -3037.000000 2662.000000 -895.000000 -1771.000000 3384.000000 -1305.000000 
171.960007 -12.050000 -67.839996 115.680000 110.169998 0.000000 -2998.000000 2710.000000 -918.000000 -1749.000000 3364.000000 -1298.000000 
171.960007 -12.060000 -67.730003 115.779999 110.089996 0.000000 -2939.000000 2697.000000 -870.000000 -1695.000000 3359.000000 -1297.000000 
171.979996 -12.100000 -67.570000 115.879997 110.059998 0.000000 -2918.000000 2624.000000 -877.000000 -1735.000000 3361.000000 -1342.000000 
171.880005 -12.250000 -67.459999 115.949997 110.059998 0.000000 -2934.000000 2645.000000 -821.000000 -1764.000000 3375.000000 -1357.000000 
171.809998 -12.340000 -67.370003 116.029999 110.040001 0.000000 -2916.000000 2603.000000 -776.000000 -1695.000000 3444.000000 -1338.000000 
171.740005 -12.390000 -67.230003 116.150002 110.019997 0.000000 -2948.000000 2639.000000 -851.000000 -1717.000000 3419.000000 -1285.000000 
171.690002 -12.340000 -67.160004 116.239998 109.970001 0.000000 -2960.000000 2711.000000 -873.000000 -1676.000000 3430.000000 -1302.000000 
171.660004 -12.290000 -67.059998 116.300003 109.910004 0.000000 -2972.000000 2764.000000 -871.000000 -1651.000000 3421.000000 -1317.000000 
171.639999 -12.260000 -66.980003 116.300003 109.839996 0.000000 -2910.000000 2778.000000 -879.000000 -1652.000000 3399.000000 -1303.000000 
171.649994 -12.220000 -66.889999 116.320000 109.779999 0.000000 -2889.000000 2758.000000 -890.000000 -1697.000000 3393.000000 -1288.000000 
171.649994 -12.180000 -66.820000 116.300003 109.720001 0.000000 -2863.000000 2749.000000 -834.000000 -1634.000000 3370.000000 -1249.000000 
171.710007 -12.200000 -66.739998 116.290001 109.650002 0.000000 -2857.000000 2701.000000 -815.000000 -1621.000000 3327.000000 -1177.000000 
171.699997 -12.290000 -66.650002 116.320000 109.629997 0.000000 -2860.000000 2628.000000 -786.000000 -1679.000000 3319.000000 -1195.000000 
171.660004 -12.390000 -66.570000 116.300003 109.660004 0.000000 -2845.000000 2625.000000 -739.000000 -1710.000000 3344.000000 -1290.000000 
171.630005 -12.470000 -66.500000 116.360001 109.669998 0.000000 -2893.000000 2591.000000 -750.000000 -1703.000000 3361.000000 -1256.000000 
171.600006 -12.500000 -66.440002 116.470001 109.709999 0.000000 -2953.000000 2641.000000 -824.000000 -1748.000000 3381.000000 -1339.000000 
171.610001 -12.470000 -66.410004 116.599998 109.750000 0.000000 -2949.000000 2648.000000 -847.000000 -1765.000000 3393.000000 -1355.000000 
171.619995 -12.480000 -66.360001 116.690002 109.779999 0.000000 -2910.000000 2657.000000 -841.000000 -1738.000000 3372.000000 -1359.000000 
171.669998 -12.520000 -66.269997 116.769997 109.779999 0.000000 -2951.000000 2667.000000 -843.000000 -1726.000000 3392.000000 -1322.000000 
171.710007 -12.570000 -66.230003 116.839996 109.779999 0.000000 -2903.000000 2705.000000 -848.000000 -1639.000000 3408.000000 -1307.000000 
171.770004 -12.640000 -66.160004 116.879997 109.809998 0.000000 -2869.000000 2731.000000 -835.000000 -1640.000000 3419.000000 -1334.000000 
171.809998 -12.670000 -66.110001 116.980003 109.839996 0.000000 -2937.000000 2762.000000 -904.000000 -1620.000000 3439.000000 -1335.000000 
171.800003 -12.730000 -66.050003 117.110001 109.900002 0.000000 -2926.000000 2727.000000 -958.000000 -1660.000000 3463.000000 -1377.000000 
171.770004 -12.740000 -65.949997 117.250000 109.959999 0.000000 -2925.000000 2717.000000 -961.000000 -1721.000000 3425.000000 -1384.000000 
171.789993 -12.740000 -65.849998 117.389999 109.989998 0.000000 -2941.000000 2680.000000 -1008.000000 -1687.000000 3382.000000 -1351.000000 
171.820007 -12.830000 -65.830002 117.459999 110.050003 0.000000 -2881.000000 2614.000000 -914.000000 -1755.000000 3407.000000 -1432.000000 
171.839996 -12.960000 -65.820000 117.449997 110.059998 0.000000 -2895.000000 2602.000000 -883.000000 -1643.000000 3383.000000 -1369.000000 
171.839996 -13.120000 -65.790001 117.440002 110.070000 0.000000 -2915.000000 2649.000000 -884.000000 -1648.000000 3403.000000 -1383.000000 
171.839996 -13.180000 -65.750000 117.440002 110.059998 0.000000 -2909.000000 2680.000000 -915.000000 -1628.000000 3423.000000 -1357.000000 
171.850006 -13.120000 -65.720001 117.489998 110.089996 0.000000 -2983.000000 2747.000000 -983.000000 -1681.000000 3421.000000 -1398.000000 
171.869995 -13.000000 -65.720001 117.529999 110.110001 0.000000 -2909.000000 2800.000000 -1006.000000 -1630.000000 3429.000000 -1376.000000 
171.919998 -12.900000 -65.730003 117.519997 110.099998 0.000000 -2879.000000 2777.000000 -938.000000 -1563.000000 3418.000000 -1325.000000 
171.960007 -12.870000 -65.709999 117.419998 110.059998 0.000000 -2814.000000 2782.000000 -890.000000 -1531.000000 3434.000000 -1286.000000 
171.929993 -12.910000 -65.669998 117.339996 110.040001 0.000000 -2783.000000 2683.000000 -887.000000 -1628.000000 3383.000000 -1271.000000 
171.860001 -12.940000 -65.599998 117.260002 110.070000 0.000000 -2870.000000 2609.000000 -842.000000 -1723.000000 3353.000000 -1330.000000 
171.850006 -12.980000 -65.570000 117.190002 110.120003 0.000000 -2924.000000 2597.000000 -836.000000 -1755.000000 3339.000000 -1356.000000 
171.899994 -12.990000 -65.540001 117.150002 110.160004 0.000000 -2948.000000 2595.000000 -852.000000 -1730.000000 3361.000000 -1390.000000 
171.949997 -12.950000 -65.529999 117.120003 110.209999 0.000000 -2983.000000 2624.000000 -868.000000 -1729.000000 3324.000000 -1398.000000 
171.990005 -12.850000 -65.550003 117.040001 110.239998 0.000000 -2918.000000 2633.000000 -855.000000 -1747.000000 3365.000000 -1388.000000 
172.020004 -12.830000 -65.559998 117.000000 110.269997 0.000000 -2920.000000 2623.000000 -890.000000 -1734.000000 3364.000000 -1379.000000 
172.009995 -12.910000 -65.559998 116.940002 110.290001 0.000000 -2907.000000 2626.000000 -858.000000 -1762.000000 3396.000000 -1399.000000 
171.979996 -13.000000 -65.540001 116.839996 110.290001 0.000000 -2937.000000 2641.000000 -847.000000 -1662.000000 3403.000000 -1361.000000 
172.020004 -13.110000 -65.519997 116.769997 110.300003 0.000000 -2924.000000 2669.000000 -871.000000 -1647.000000 3384.000000 -1360.000000 
172.029999 -13.170000 -65.489998 116.739998 110.320000 0.000000 -2909.000000 2672.000000 -903.000000 -1662.000000 3442.000000 -1394.000000 
172.039993 -13.230000 -65.459999 116.779999 110.370003 0.000000 -2954.000000 2697.000000 -970.000000 -1698.000000 3452.000000 -1440.000000 
172.029999 -13.330000 -65.389999 116.830002 110.389999 0.000000 -2929.000000 2710.000000 -1002.000000 -1620.000000 3448.000000 -1412.000000 
171.970001 -13.400000 -65.370003 116.809998 110.379997 0.000000 -2955.000000 2744.000000 -981.000000 -1639.000000 3474.000000 -1408.000000 
171.919998 -13.430000 -65.330002 116.690002 110.330002 0.000000 -2874.000000 2745.000000 -935.000000 -1626.000000 3466.000000 -1350.000000 
171.860001 -13.470000 -65.260002 116.610001 110.279999 0.000000 -2849.000000 2747.000000 -932.000000 -1677.000000 3393.000000 -1335.000000 
171.839996 -13.500000 -65.209999 116.500000 110.230003 0.000000 -2883.000000 2747.000000 -922.000000 -1607.000000 3412.000000 -1340.000000 
171.860001 -13.500000 -65.190002 116.389999 110.190002 0.000000 -2886.000000 2747.000000 -940.000000 -1653.000000 3380.000000 -1322.000000 
171.869995 -13.450000 -65.139999 116.360001 110.199997 0.000000 -2915.000000 2745.000000 -979.000000 -1667.000000 3383.000000 -1378.000000 
171.860001 -13.390000 -65.110001 116.339996 110.230003 0.000000 -2938.000000 2685.000000 -1001.000000 -1698.000000 3417.000000 -1409.000000 
171.820007 -13.350000 -65.050003 116.250000 110.250000 0.000000 -2939.000000 2676.000000 -942.000000 -1686.000000 3431.000000 -1410.000000 
171.779999 -13.340000 -65.029999 116.070000 110.230003 0.000000 -2914.000000 2676.000000 -840.000000 -1685.000000 3436.000000 -1374.000000 
171.750000 -13.290000 -64.980003 115.889999 110.160004 0.000000 -2885.000000 2692.000000 -855.000000 -1623.000000 3403.000000 -1309.000000 
171.779999 -13.230000 -64.949997 115.660004 110.099998 0.000000 -2868.000000 2709.000000 -851.000000 -1653.000000 3353.000000 -1279.000000 
171.779999 -13.230000 -64.919998 115.519997 110.070000 0.000000 -2877.000000 2698.000000 -877.000000 -1762.000000 3342.000000 -1308.000000 
171.759995 -13.270000 -64.919998 115.419998 110.050003 0.000000 -2885.000000 2654.000000 -914.000000 -1716.000000 3356.000000 -1314.000000 
171.770004 -13.270000 -64.900002 115.250000 110.050003 0.000000 -2905.000000 2667.000000 -855.000000 -1678.000000 3354.000000 -1338.000000 
171.800003 -13.220000 -64.940002 115.169998 110.059998 0.000000 -2910.000000 2678.000000 -906.000000 -1669.000000 3349.000000 -1334.000000 
171.860001 -13.130000 -64.930000 115.089996 110.089996 0.000000 -2889.000000 2744.000000 -927.000000 -1587.000000 3414.000000 -1381.000000 
171.929993 -13.070000 -64.930000 115.019997 110.120003 0.000000 -2879.000000 2698.000000 -926.000000 -1637.000000 3418.000000 -1368.000000 
171.889999 -13.080000 -64.889999 114.949997 110.139999 0.000000 -2901.000000 2676.000000 -952.000000 -1638.000000 3453.000000 -1395.000000 
171.789993 -13.140000 -64.849998 114.830002 110.150002 0.000000 -2862.000000 2676.000000 -894.000000 -1679.000000 3420.000000 -1388.000000 
171.740005 -13.170000 -64.830002 114.690002 110.129997 0.000000 -2866.000000 2645.000000 -889.000000 -1670.000000 3410.000000 -1349.000000 
171.759995 -13.190000 -64.809998 114.550003 110.080002 0.000000 -2849.000000 2656.000000 -902.000000 -1589.000000 3368.000000 -1308.000000 
171.839996 -13.210000 -64.839996 114.389999 110.050003 0.000000 -2857.000000 2672.000000 -864.000000 -1650.000000 3321.000000 -1311.000000 
171.929993 -13.210000 -64.870003 114.330002 110.070000 0.000000 -2888.000000 2698.000000 -929.000000 -1669.000000 3298.000000 -1331.000000 
171.990005 -13.180000 -64.889999 114.290001 110.099998 0.000000 -2935.000000 2726.000000 -963.000000 -1720.000000 3361.000000 -1355.000000 
171.990005 -13.130000 -64.889999 114.220001 110.129997 0.000000 -2898.000000 2678.000000 -909.000000 -1680.000000 3364.000000 -1343.000000 
171.979996 -13.110000 -64.919998 114.150002 110.180000 0.000000 -2898.000000 2689.000000 -936.000000 -1716.000000 3352.000000 -1370.000000 
171.970001 -13.130000 -64.930000 114.070000 110.209999 0.000000 -2912.000000 2660.000000 -939.000000 -1672.000000 3395.000000 -1371.000000 
171.940002 -13.160000 -64.940002 113.989998 110.199997 0.000000 -2879.000000 2656.000000 -932.000000 -1644.000000 3388.000000 -1341.000000 
171.910004 -13.230000 -64.930000 113.849998 110.209999 0.000000 -2865.000000 2664.000000 -907.000000 -1674.000000 3413.000000 -1387.000000 
171.889999 -13.310000 -64.930000 113.760002 110.209999 0.000000 -2900.000000 2657.000000 -916.000000 -1608.000000 3436.000000 -1400.000000 
171.910004 -13.410000 -64.930000 113.709999 110.220001 0.000000 -2904.000000 2652.000000 -947.000000 -1685.000000 3418.000000 -1416.000000 
171.910004 -13.470000 -64.940002 113.680000 110.220001 0.000000 -2924.000000 2693.000000 -969.000000 -1680.000000 3418.000000 -1411.000000 
171.919998 -13.480000 -64.930000 113.660004 110.199997 0.000000 -2910.000000 2731.000000 -979.000000 -1671.000000 3412.000000 -1383.000000 
171.919998 -13.470000 -64.930000 113.639999 110.180000 0.000000 -2925.000000 2765.000000 -1006.000000 -1643.000000 3401.000000 -1369.000000 
171.949997 -13.420000 -64.900002 113.540001 110.160004 0.000000 -2879.000000 2756.000000 -930.000000 -1653.000000 3380.000000 -1356.000000 
171.940002 -13.400000 -64.860001 113.470001 110.150002 0.000000 -2885.000000 2776.000000 -981.000000 -1735.000000 3375.000000 -1353.000000 
171.919998 -13.430000 -64.830002 113.389999 110.110001 0.000000 -2878.000000 2740.000000 -981.000000 -1641.000000 3409.000000 -1325.000000 
171.869995 -13.440000 -64.790001 113.269997 110.110001 0.000000 -2822.000000 2701.000000 -927.000000 -1665.000000 3460.000000 -1389.000000 
171.830002 -13.470000 -64.779999 113.110001 110.099998 0.000000 -2830.000000 2700.000000 -888.000000 -1613.000000 3465.000000 -1380.000000 
171.830002 -13.500000 -64.760002 113.019997 110.070000 0.000000 -2861.000000 2712.000000 -942.000000 -1598.000000 3453.000000 -1366.000000 
171.850006 -13.560000 -64.790001 112.970001 110.050003 0.000000 -2867.000000 2707.000000 -983.000000 -1633.000000 3431.000000 -1371.000000 
171.860001 -13.570000 -64.800003 112.910004 110.040001 0.000000 -2925.000000 2739.000000 -993.000000 -1623.000000 3432.000000 -1379.000000 
171.880005 -13.510000 -64.830002 112.889999 110.050003 0.000000 -2881.000000 2722.000000 -1008.000000 -1665.000000 3437.000000 -1399.000000 
171.880005 -13.440000 -64.820000 112.790001 110.050003 0.000000 -2890.000000 2693.000000 -924.000000 -1712.000000 3415.000000 -1395.000000 
171.830002 -13.460000 -64.809998 112.660004 110.029999 0.000000 -2929.000000 2697.000000 -901.000000 -1718.000000 3392.000000 -1364.000000 
171.770004 -13.510000 -64.820000 112.519997 109.989998 0.000000 -2870.000000 2732.000000 -922.000000 -1708.000000 3391.000000 -1341.000000 
171.720001 -13.520000 -64.809998 112.410004 109.919998 0.000000 -2881.000000 2755.000000 -946.000000 -1665.000000 3406.000000 -1316.000000 
171.679993 -13.520000 -64.730003 112.279999 109.889999 0.000000 -2852.000000 2763.000000 -919.000000 -1684.000000 3427.000000 -1358.000000 
171.649994 -13.520000 -64.690002 112.190002 109.839996 0.000000 -2841.000000 2796.000000 -964.000000 -1651.000000 3458.000000 -1335.000000 
171.630005 -13.530000 -64.720001 112.150002 109.800003 0.000000 -2920.000000 2852.000000 -1025.000000 -1640.000000 3451.000000 -1328.000000 
171.600006 -13.540000 -64.739998 112.150002 109.750000 0.000000 -2989.000000 2914.000000 -1100.000000 -1667.000000 3526.000000 -1334.000000 
171.589996 -13.460000 -64.800003 112.110001 109.779999 0.000000 -3000.000000 2987.000000 -1102.000000 -1666.000000 3657.000000 -1482.000000 
171.580002 -13.310000 -64.860001 112.099998 109.800003 0.000000 -3050.000000 2992.000000 -1200.000000 -1728.000000 3647.000000 -1489.000000 
171.600006 -13.120000 -64.919998 112.040001 109.790001 0.000000 -3098.000000 3021.000000 -1221.000000 -1778.000000 3673.000000 -1479.000000 
171.570007 -12.860000 -65.010002 111.919998 109.820000 0.000000 -3192.000000 3069.000000 -1249.000000 -1883.000000 3627.000000 -1521.000000 
171.690002 -12.240000 -65.220001 111.790001 109.879997 0.000000 -3329.000000 3162.000000 -1389.000000 -2030.000000 3544.000000 -1522.000000 
171.919998 -11.320000 -65.589996 111.669998 109.980003 0.000000 -3567.000000 3287.000000 -1639.000000 -2141.000000 3620.000000 -1548.000000 
172.270004 -10.100000 -66.139999 111.449997 110.089996 0.000000 -3697.000000 3565.000000 -1828.000000 -2093.000000 3806.000000 -1535.000000 
172.690002 -8.680000 -66.889999 111.029999 110.230003 0.000000 -3686.000000 3744.000000 -1846.000000 -2034.000000 4005.000000 -1606.000000 
173.000000 -7.140000 -67.779999 110.279999 110.379997 0.000000 -3535.000000 3729.000000 -1699.000000 -2040.000000 4162.000000 -1659.000000 
173.210007 -5.470000 -68.720001 109.139999 110.480003 0.000000 -3400.000000 3679.000000 -1494.000000 -2001.000000 4418.000000 -1735.000000 
173.270004 -3.780000 -69.709999 107.559998 110.489998 0.000000 -3276.000000 3644.000000 -1283.000000 -1823.000000 4549.000000 -1760.000000 
173.300003 -2.120000 -70.690002 105.589996 110.389999 0.000000 -3307.000000 3599.000000 -1152.000000 -1844.000000 4489.000000 -1761.000000 
173.259995 -0.480000 -71.540001 103.269997 110.150002 0.000000 -3407.000000 3593.000000 -1056.000000 -1885.000000 4464.000000 -1722.000000 
173.190002 1.220000 -72.260002 100.620003 109.790001 0.000000 -3478.000000 3487.000000 -1028.000000 -2059.000000 4214.000000 -1632.000000 
173.130005 3.090000 -72.949997 97.610001 109.449997 0.000000 -3397.000000 3468.000000 -972.000000 -2176.000000 3878.000000 -1643.000000 
173.149994 5.070000 -73.629997 94.230003 108.959999 0.000000 -3359.000000 3165.000000 -796.000000 -2660.000000 3632.000000 -1139.000000 
173.139999 7.170000 -74.379997 90.660004 108.510002 0.000000 -3464.000000 3038.000000 -697.000000 -2783.000000 3467.000000 -1140.000000 
173.070007 9.410000 -75.279999 86.739998 107.830002 0.000000 -3474.000000 3059.000000 -693.000000 -2862.000000 3494.000000 -1014.000000 
172.860001 11.730000 -76.300003 82.239998 107.080002 0.000000 -3506.000000 3007.000000 -535.000000 -2710.000000 3584.000000 -1192.000000 
172.520004 14.100000 -77.400002 77.019997 106.160004 0.000000 -3352.000000 2824.000000 -255.000000 -2585.000000 3612.000000 -1279.000000 
172.080002 16.490000 -78.540001 71.199997 105.019997 0.000000 -3193.000000 2674.000000 -14.000000 -2444.000000 3593.000000 -1260.000000 
171.570007 18.850000 -79.620003 64.949997 103.669998 0.000000 -3087.000000 2537.000000 208.000000 -2426.000000 3371.000000 -1152.000000 
171.029999 21.190001 -80.610001 58.570000 102.070000 0.000000 -3057.000000 2407.000000 354.000000 -2396.000000 2998.000000 -913.000000 
170.490005 23.469999 -81.500000 52.290001 100.120003 0.000000 -2844.000000 2070.000000 511.000000 -2594.000000 2651.000000 -622.000000 
169.910004 25.629999 -82.300003 46.299999 97.809998 0.000000 -2904.000000 1781.000000 764.000000 -2701.000000 2298.000000 -425.000000 
169.320007 27.760000 -83.029999 40.720001 94.889999 0.000000 -2784.000000 1563.000000 1046.000000 -3079.000000 1883.000000 -112.000000 
168.679993 29.889999 -83.830002 35.660000 91.120003 0.000000 -2794.000000 1361.000000 1237.000000 -3220.000000 1703.000000 142.000000 
168.009995 31.969999 -84.650002 30.850000 86.410004 0.000000 -2588.000000 1156.000000 1659.000000 -3036.000000 1540.000000 261.000000 
167.339996 34.070000 -85.529999 26.549999 81.220001 0.000000 -2523.000000 1093.000000 1895.000000 -3022.000000 1480.000000 251.000000 
166.630005 36.209999 -86.510002 22.820000 74.930000 0.000000 -2312.000000 1106.000000 2023.000000 -2797.000000 1344.000000 398.000000 
165.929993 38.389999 -87.550003 19.600000 67.529999 0.000000 -2180.000000 1129.000000 2078.000000 -2720.000000 1212.000000 538.000000 
165.279999 40.590000 -88.580002 16.580000 59.090000 0.000000 -1946.000000 1053.000000 2149.000000 -2691.000000 1030.000000 577.000000 
164.679993 42.759998 -89.589996 13.560000 49.669998 0.000000 -1996.000000 770.000000 2033.000000 -2964.000000 724.000000 545.000000 
163.899994 44.860001 -90.750000 10.070000 39.490002 0.000000 -2266.000000 347.000000 1891.000000 -3484.000000 540.000000 547.000000 
162.860001 46.880001 -92.099998 6.680000 29.200001 0.000000 -2575.000000 86.000000 1929.000000 -3724.000000 397.000000 430.000000 
161.550003 48.840000 -93.669998 3.430000 19.250000 0.000000 -2601.000000 -190.000000 2119.000000 -3719.000000 261.000000 473.000000 
160.089996 50.759998 -95.389999 0.400000 10.200000 0.000000 -2275.000000 -306.000000 2436.000000 -3359.000000 111.000000 607.000000 
158.669998 52.610001 -97.110001 -2.300000 2.340000 0.000000 -2033.000000 -360.000000 2651.000000 -3100.000000 -25.000000 809.000000 
157.220001 54.480000 -98.889999 -4.650000 -4.300000 0.000000 -1810.000000 -386.000000 2736.000000 -2939.000000 -168.000000 1018.000000 
155.660004 56.340000 -100.779999 -6.630000 -9.410000 0.000000 -1579.000000 -319.000000 2692.000000 -2823.000000 -208.000000 1044.000000 
154.029999 58.299999 -102.820000 -8.330000 -13.980000 0.000000 -1582.000000 -316.000000 2690.000000 -2755.000000 -387.000000 1143.000000 
152.139999 60.400002 -105.190002 -9.980000 -18.170000 0.000000 -1402.000000 -365.000000 2666.000000 -2741.000000 -642.000000 1169.000000 
149.919998 62.480000 -107.930000 -11.950000 -21.910000 0.000000 -1168.000000 -605.000000 2629.000000 -2733.000000 -908.000000 1364.000000 
147.360001 64.559998 -111.040001 -14.050000 -25.120001 0.000000 -1017.000000 -920.000000 2763.000000 -2899.000000 -1206.000000 1423.000000 
144.179993 66.589996 -114.849998 -16.150000 -27.620001 0.000000 -969.000000 -1270.000000 2928.000000 -3138.000000 -1355.000000 1599.000000 
140.220001 68.360001 -119.480003 -18.070000 -29.480000 0.000000 -1036.000000 -1470.000000 3036.000000 -3071.000000 -1419.000000 1652.000000 
135.320007 69.970001 -125.040001 -19.809999 -30.820000 0.000000 -921.000000 -1502.000000 3015.000000 -2836.000000 -1464.000000 1667.000000 
129.470001 71.470001 -131.600006 -21.379999 -31.799999 0.000000 -755.000000 -1502.000000 3036.000000 -2475.000000 -1440.000000 1683.000000 
122.419998 72.839996 -139.410004 -22.750000 -32.549999 0.000000 -588.000000 -1522.000000 2997.000000 -2293.000000 -1456.000000 1743.000000 
113.690002 73.930000 -148.860001 -24.040001 -33.230000 0.000000 -355.000000 -1495.000000 2961.000000 -2125.000000 -1604.000000 1912.000000 
103.559998 74.589996 -159.669998 -25.219999 -33.930000 0.000000 -109.000000 -1544.000000 2952.000000 -2041.000000 -1816.000000 2087.000000 
92.400002 74.830002 -171.369995 -26.400000 -34.459999 0.000000 162.000000 -1708.000000 3039.000000 -1939.000000 -2002.000000 2366.000000 
81.169998 74.559998 176.940002 -27.500000 -34.970001 0.000000 482.000000 -1897.000000 3117.000000 -1822.000000 -2230.000000 2526.000000 
70.660004 73.800003 166.020004 -28.510000 -35.470001 0.000000 503.000000 -2073.000000 3192.000000 -1890.000000 -2381.000000 2544.000000 
61.770000 72.529999 156.699997 -29.360001 -35.810001 0.000000 557.000000 -2304.000000 3221.000000 -2004.000000 -2398.000000 2491.000000 
54.520000 70.849998 149.070007 -30.120001 -36.080002 0.000000 644.000000 -2328.000000 3208.000000 -1788.000000 -2473.000000 2533.000000 
48.860001 68.919998 143.020004 -30.690001 -36.230000 0.000000 789.000000 -2370.000000 3183.000000 -1696.000000 -2504.000000 2622.000000 
44.340000 66.790001 138.229996 -31.240000 -36.389999 0.000000 1004.000000 -2499.000000 3193.000000 -1363.000000 -2574.000000 2741.000000 
40.849998 64.559998 134.539993 -31.750000 -36.500000 0.000000 1190.000000 -2579.000000 3347.000000 -1242.000000 -2611.000000 2873.000000 
37.970001 62.380001 131.550003 -32.250000 -36.650002 0.000000 1454.000000 -2730.000000 3585.000000 -1008.000000 -2769.000000 3095.000000 
35.520000 60.349998 128.970001 -32.740002 -36.709999 0.000000 1653.000000 -2850.000000 3734.000000 -999.000000 -2749.000000 3221.000000 
33.419998 58.509998 126.739998 -33.060001 -36.759998 0.000000 1811.000000 -2779.000000 3780.000000 -741.000000 -2716.000000 3211.000000 
31.270000 56.939999 124.529999 -33.169998 -36.930000 0.000000 1820.000000 -2617.000000 3665.000000 -698.000000 -2824.000000 3175.000000 
29.330000 55.580002 122.459999 -33.150002 -37.040001 0.000000 1709.000000 -2446.000000 3381.000000 -823.000000 -2797.000000 3145.000000 
27.740000 54.250000 120.629997 -33.099998 -37.169998 0.000000 1599.000000 -2329.000000 3106.000000 -969.000000 -2858.000000 3043.000000 
26.469999 52.919998 119.019997 -33.130001 -37.299999 0.000000 1438.000000 -2265.000000 2791.000000 -1070.000000 -2806.000000 2880.000000 
25.400000 51.380001 117.639999 -33.230000 -37.389999 0.000000 1537.000000 -2355.000000 2806.000000 -870.000000 -2784.000000 2974.000000 
24.360001 49.639999 116.419998 -33.400002 -37.520000 0.000000 1659.000000 -2524.000000 3009.000000 -665.000000 -2828.000000 3081.000000 
23.280001 47.919998 115.269997 -33.560001 -37.650002 0.000000 1879.000000 -2616.000000 3248.000000 -419.000000 -2952.000000 3392.000000 
22.160000 46.389999 114.110001 -33.730000 -37.750000 0.000000 1996.000000 -2598.000000 3356.000000 -305.000000 -3016.000000 3583.000000 
21.090000 45.080002 113.029999 -33.799999 -37.810001 0.000000 2213.000000 -2507.000000 3374.000000 -325.000000 -3033.000000 3699.000000 
20.190001 43.900002 112.050003 -33.810001 -37.910000 0.000000 2284.000000 -2474.000000 3365.000000 -351.000000 -3030.000000 3571.000000 
19.440001 42.869999 111.180000 -33.779999 -37.950001 0.000000 2280.000000 -2456.000000 3282.000000 -525.000000 -3000.000000 3515.000000 
18.950001 41.869999 110.529999 -33.720001 -37.939999 0.000000 2304.000000 -2483.000000 3195.000000 -480.000000 -3015.000000 3462.000000 
18.549999 40.779999 110.000000 -33.720001 -37.930000 0.000000 2171.000000 -2584.000000 3111.000000 -647.000000 -3035.000000 3486.000000 
18.420000 39.570000 109.650002 -33.689999 -37.889999 0.000000 2140.000000 -2615.000000 3126.000000 -580.000000 -2887.000000 3393.000000 
18.309999 38.389999 109.449997 -33.680000 -37.889999 0.000000 2186.000000 -2686.000000 3303.000000 -356.000000 -3014.000000 3621.000000 
18.000000 37.369999 109.129997 -33.610001 -37.830002 0.000000 2405.000000 -2614.000000 3345.000000 -57.000000 -3002.000000 3760.000000 
17.520000 36.520000 108.820000 -33.439999 -37.700001 0.000000 2576.000000 -2453.000000 3372.000000 119.000000 -2953.000000 3796.000000 
16.969999 35.779999 108.489998 -33.230000 -37.480000 0.000000 2766.000000 -2361.000000 3361.000000 84.000000 -3067.000000 4091.000000 
16.559999 35.090000 108.220001 -33.049999 -37.279999 0.000000 2846.000000 -2380.000000 3292.000000 162.000000 -3021.000000 4030.000000 
16.309999 34.459999 108.010002 -32.860001 -37.160000 0.000000 2872.000000 -2378.000000 3304.000000 -2.000000 -2950.000000 3881.000000 
16.160000 33.830002 107.889999 -32.669998 -37.150002 0.000000 2816.000000 -2368.000000 3152.000000 -110.000000 -3024.000000 3826.000000 
16.150000 33.230000 107.830002 -32.480000 -37.110001 0.000000 2730.000000 -2462.000000 3114.000000 -170.000000 -2859.000000 3635.000000 
16.290001 32.700001 107.910004 -32.369999 -37.099998 0.000000 2741.000000 -2602.000000 3154.000000 -200.000000 -2733.000000 3416.000000 
16.330000 32.270000 108.000000 -32.259998 -37.020000 0.000000 2580.000000 -2560.000000 3096.000000 -102.000000 -2754.000000 3529.000000 
16.170000 31.889999 107.989998 -32.119999 -36.740002 0.000000 2472.000000 -2383.000000 2949.000000 57.000000 -2667.000000 3605.000000 
15.840000 31.540001 107.970001 -31.900000 -36.630001 0.000000 2502.000000 -2224.000000 2799.000000 213.000000 -2631.000000 3489.000000 
15.410000 31.309999 107.900002 -31.650000 -36.570000 0.000000 2533.000000 -2063.000000 2699.000000 171.000000 -2634.000000 3507.000000 
15.060000 31.100000 107.879997 -31.420000 -36.369999 0.000000 2570.000000 -1980.000000 2635.000000 193.000000 -2584.000000 3592.000000 
14.800000 30.730000 107.809998 -31.190001 -36.180000 0.000000 2612.000000 -1912.000000 2658.000000 338.000000 -2676.000000 3763.000000 
14.470000 30.299999 107.669998 -31.040001 -36.070000 0.000000 2681.000000 -1946.000000 2628.000000 415.000000 -2807.000000 3919.000000 
14.080000 29.879999 107.480003 -30.910000 -36.189999 0.000000 2797.000000 -2026.000000 2772.000000 469.000000 -2860.000000 3918.000000 
13.710000 29.430000 107.260002 -30.809999 -36.459999 0.000000 2951.000000 -2186.000000 2926.000000 451.000000 -2927.000000 3857.000000 
13.470000 28.930000 107.070000 -30.790001 -36.669998 0.000000 3013.000000 -2390.000000 3067.000000 622.000000 -2775.000000 3709.000000 
13.400000 28.469999 106.940002 -30.850000 -36.889999 0.000000 2932.000000 -2519.000000 3210.000000 361.000000 -2698.000000 3558.000000 
13.400000 28.139999 106.800003 -30.870001 -36.930000 0.000000 2757.000000 -2382.000000 3117.000000 363.000000 -2581.000000 3527.000000 
13.380000 28.020000 106.650002 -30.850000 -36.959999 0.000000 2669.000000 -2311.000000 2958.000000 116.000000 -2539.000000 3437.000000 
13.370000 28.020000 106.489998 -30.790001 -37.040001 0.000000 2474.000000 -2219.000000 2719.000000 157.000000 -2548.000000 3405.000000 
13.310000 28.100000 106.339996 -30.760000 -37.220001 0.000000 2386.000000 -2222.000000 2633.000000 140.000000 -2659.000000 3437.000000 
13.140000 28.340000 106.080002 -30.719999 -37.570000 0.000000 2431.000000 -2186.000000 2612.000000 104.000000 -2744.000000 3385.000000 
12.850000 28.620001 105.809998 -30.629999 -37.740002 0.000000 2370.000000 -2037.000000 2556.000000 141.000000 -2742.000000 3500.000000 
12.530000 28.879999 105.519997 -30.580000 -37.869999 0.000000 2506.000000 -2034.000000 2544.000000 244.000000 -2721.000000 3473.000000 
12.270000 29.049999 105.250000 -30.600000 -37.790001 0.000000 2463.000000 -2074.000000 2586.000000 140.000000 -2617.000000 3400.000000 
12.190000 29.070000 105.000000 -30.670000 -37.630001 0.000000 2516.000000 -2153.000000 2561.000000 189.000000 -2598.000000 3407.000000 
12.220000 28.959999 104.800003 -30.760000 -37.700001 0.000000 2465.000000 -2299.000000 2608.000000 19.000000 -2672.000000 3407.000000 
12.300000 28.760000 104.650002 -30.840000 -37.639999 0.000000 2460.000000 -2488.000000 2827.000000 39.000000 -2640.000000 3439.000000 
12.410000 28.570000 104.470001 -30.930000 -37.529999 0.000000 2480.000000 -2511.000000 2851.000000 97.000000 -2575.000000 3412.000000 
12.430000 28.389999 104.320000 -31.020000 -37.560001 0.000000 2405.000000 -2398.000000 2717.000000 184.000000 -2554.000000 3327.000000 
12.340000 28.389999 104.180000 -31.040001 -37.779999 0.000000 2401.000000 -2257.000000 2560.000000 245.000000 -2585.000000 3305.000000 
12.140000 28.600000 104.019997 -31.020000 -37.919998 0.000000 2320.000000 -2169.000000 2475.000000 238.000000 -2589.000000 3325.000000 
11.890000 28.879999 103.790001 -30.980000 -37.970001 0.000000 2381.000000 -2159.000000 2454.000000 186.000000 -2571.000000 3322.000000 
11.630000 29.190001 103.599998 -30.980000 -38.450001 0.000000 1834.000000 -1637.000000 1754.000000 -81.000000 -3048.000000 3549.000000 
11.050000 29.570000 103.220001 -30.980000 -38.529999 0.000000 3876.000000 -2399.000000 2847.000000 -132.000000 -2932.000000 3631.000000 
11.090000 29.820000 103.230003 -30.750000 -38.209999 0.000000 709.000000 -3436.000000 6193.000000 859.000000 -3375.000000 4460.000000 
11.650000 28.650000 103.440002 -30.500000 -37.380001 0.000000 2438.000000 -2260.000000 2779.000000 977.000000 -2903.000000 4607.000000 
11.550000 28.219999 103.160004 -30.200001 -37.130001 0.000000 2470.000000 -1822.000000 2038.000000 -144.000000 -2171.000000 2973.000000 
11.700000 28.950001 103.139999 -30.020000 -37.080002 0.000000 2516.000000 -2286.000000 2346.000000 202.000000 -2443.000000 3207.000000 
11.990000 28.879999 103.110001 -29.690001 -36.830002 0.000000 2522.000000 -2461.000000 2864.000000 364.000000 -2515.000000 3427.000000 
12.070000 28.780001 102.959999 -29.219999 -36.160000 0.000000 2625.000000 -2226.000000 2536.000000 211.000000 -2591.000000 3771.000000 
12.170000 28.850000 102.870003 -28.639999 -35.759998 0.000000 2933.000000 -2429.000000 2779.000000 513.000000 -2238.000000 3331.000000 
12.070000 28.690001 102.599998 -27.850000 -35.820000 0.000000 531.000000 -2661.000000 2322.000000 228.000000 -3051.000000 4380.000000 
12.100000 29.049999 102.349998 -26.900000 -36.070000 0.000000 2751.000000 -2047.000000 2532.000000 2.000000 -1749.000000 2208.000000 
12.260000 29.200001 102.199997 -25.820000 -35.529999 0.000000 347.000000 -1466.000000 1941.000000 59.000000 -2591.000000 3924.000000 
12.340000 29.520000 102.050003 -24.670000 -35.439999 0.000000 2772.000000 -2547.000000 3689.000000 178.000000 -2382.000000 3427.000000 
12.130000 29.660000 101.709999 -23.410000 -35.740002 0.000000 2455.000000 -1954.000000 3059.000000 -55.000000 -2789.000000 3765.000000 
11.950000 30.020000 101.410004 -22.250000 -35.480000 0.000000 1897.000000 -2006.000000 3243.000000 -110.000000 -2480.000000 3695.000000 
11.780000 30.230000 101.120003 -21.070000 -35.290001 0.000000 2519.000000 -2042.000000 3623.000000 163.000000 -2567.000000 3730.000000 
11.410000 30.230000 100.650002 -20.219999 -35.599998 0.000000 1815.000000 -2099.000000 3136.000000 -13.000000 -2692.000000 3675.000000 
11.000000 30.150000 100.089996 -18.780001 -36.040001 0.000000 1338.000000 -881.000000 1731.000000 110.000000 -2835.000000 3680.000000 
10.620000 30.190001 99.610001 -17.459999 -36.520000 0.000000 1408.000000 -2380.000000 3453.000000 -25.000000 -2847.000000 3583.000000 
10.090000 30.270000 99.029999 -16.110001 -37.080002 0.000000 1588.000000 -2661.000000 3597.000000 -84.000000 -3239.000000 3828.000000 
9.310000 30.299999 98.419998 -14.470000 -37.459999 0.000000 515.000000 -3181.000000 6335.000000 309.000000 -3674.000000 4444.000000 
8.360000 30.280001 97.730003 -12.470000 -37.270000 0.000000 1450.000000 -2737.000000 6376.000000 3959.000000 -4527.000000 6489.000000 
7.450000 30.040001 97.190002 -10.460000 -37.380001 0.000000 2759.000000 -2340.000000 5595.000000 177.000000 -4158.000000 4534.000000 
6.480000 29.790001 96.639999 -8.850000 -37.529999 0.000000 4856.000000 -2256.000000 4961.000000 -1187.000000 -4419.000000 4448.000000 
5.450000 29.959999 96.059998 -7.950000 -37.840000 0.000000 5331.000000 -2706.000000 5672.000000 -938.000000 -4684.000000 5001.000000 
4.700000 30.580000 95.650002 -7.570000 -38.320000 0.000000 3903.000000 -2840.000000 5483.000000 -124.000000 -4851.000000 5343.000000 
4.460000 31.430000 95.500000 -7.440000 -38.709999 0.000000 2923.000000 -2657.000000 4651.000000 231.000000 -4463.000000 4816.000000 
4.550000 32.259998 95.529999 -7.550000 -39.160000 0.000000 1955.000000 -2830.000000 4215.000000 376.000000 -4134.000000 3841.000000 
4.820000 32.980000 95.580002 -7.800000 -39.590000 0.000000 1440.000000 -2863.000000 3774.000000 371.000000 -3679.000000 3148.000000 
5.220000 33.730000 95.709999 -8.160000 -39.970001 0.000000 902.000000 -3035.000000 3605.000000 241.000000 -3539.000000 3000.000000 
5.610000 34.459999 95.860001 -8.490000 -40.369999 0.000000 479.000000 -3048.000000 3487.000000 -32.000000 -3574.000000 2928.000000 
5.770000 35.049999 95.930000 -8.750000 -40.759998 0.000000 598.000000 -2850.000000 3283.000000 -112.000000 -3580.000000 2711.000000 
5.630000 35.599998 95.910004 -9.040000 -41.110001 0.000000 1033.000000 -2974.000000 3273.000000 251.000000 -3498.000000 2509.000000 
5.330000 36.150002 95.860001 -9.280000 -41.410000 0.000000 1333.000000 -2994.000000 3327.000000 703.000000 -3470.000000 2493.000000 
5.010000 36.639999 95.779999 -9.380000 -41.680000 0.000000 1367.000000 -2915.000000 3308.000000 924.000000 -3544.000000 2664.000000 
4.800000 36.860001 95.699997 -9.340000 -41.959999 0.000000 1481.000000 -2779.000000 3189.000000 991.000000 -3545.000000 2705.000000 
4.730000 36.709999 95.570000 -9.230000 -42.330002 0.000000 2063.000000 -2345.000000 2656.000000 832.000000 -3340.000000 2564.000000 
4.860000 36.230000 95.459999 -9.460000 -42.759998 0.000000 2142.000000 -2475.000000 2771.000000 634.000000 -3365.000000 2838.000000 
5.160000 35.560001 95.379997 -9.960000 -43.099998 0.000000 1756.000000 -2329.000000 2784.000000 556.000000 -3353.000000 3086.000000 
5.510000 34.860001 95.309998 -10.590000 -43.439999 0.000000 1076.000000 -2329.000000 2700.000000 491.000000 -3387.000000 2950.000000 
5.790000 34.250000 95.180000 -11.180000 -43.720001 0.000000 933.000000 -2323.000000 2450.000000 222.000000 -3155.000000 2450.000000 
5.890000 33.869999 94.949997 -11.700000 -43.919998 0.000000 881.000000 -2316.000000 2371.000000 58.000000 -3058.000000 2356.000000 
5.860000 33.650002 94.639999 -12.090000 -44.040001 0.000000 859.000000 -2448.000000 2801.000000 123.000000 -2989.000000 2235.000000 
5.730000 33.450001 94.290001 -12.190000 -44.009998 0.000000 1041.000000 -2276.000000 3258.000000 239.000000 -2691.000000 2262.000000 
5.760000 33.259998 94.080002 -12.010000 -43.619999 0.000000 1167.000000 -1835.000000 3056.000000 332.000000 -2313.000000 2323.000000 
6.330000 32.959999 94.099998 -11.580000 -42.869999 0.000000 1278.000000 -1291.000000 2485.000000 374.000000 -1967.000000 2433.000000 
7.350000 32.830002 94.459999 -10.960000 -41.930000 0.000000 1241.000000 -815.000000 1956.000000 315.000000 -1562.000000 2257.000000 
8.650000 32.759998 94.959999 -10.260000 -40.959999 0.000000 1246.000000 -621.000000 1874.000000 252.000000 -1190.000000 1943.000000 
10.020000 32.689999 95.459999 -9.560000 -40.000000 0.000000 1124.000000 -478.000000 1873.000000 113.000000 -963.000000 1607.000000 
11.280000 32.599998 95.889999 -9.220000 -39.259998 0.000000 1548.000000 -553.000000 1739.000000 0.000000 -1010.000000 1513.000000 
12.390000 32.320000 96.160004 -9.290000 -38.680000 0.000000 1174.000000 -805.000000 2449.000000 61.000000 -1195.000000 1884.000000 
13.280000 31.969999 96.269997 -9.260000 -38.240002 0.000000 915.000000 -626.000000 2792.000000 166.000000 -1458.000000 2665.000000 
13.960000 31.660000 96.230003 -9.090000 -37.779999 0.000000 1245.000000 -412.000000 3027.000000 159.000000 -1988.000000 3758.000000 
14.440000 31.610001 95.900002 -8.750000 -37.099998 0.000000 1569.000000 -179.000000 3430.000000 83.000000 -2181.000000 4261.000000 
15.300000 31.690001 95.669998 -8.250000 -36.270000 0.000000 1469.000000 20.000000 3524.000000 -371.000000 -1900.000000 4035.000000 
16.500000 31.870001 95.550003 -7.680000 -35.250000 0.000000 1490.000000 57.000000 3402.000000 -545.000000 -1352.000000 3414.000000 
17.850000 32.090000 95.459999 -7.080000 -34.180000 0.000000 1199.000000 23.000000 3456.000000 -712.000000 -963.000000 2823.000000 
19.110001 32.320000 95.320000 -6.580000 -33.310001 0.000000 899.000000 -60.000000 3322.000000 -1010.000000 -905.000000 2557.000000 
20.110001 32.610001 95.059998 -6.310000 -32.770000 0.000000 562.000000 -257.000000 3360.000000 -1224.000000 -1050.000000 2466.000000 
20.719999 32.970001 94.639999 -6.330000 -32.520000 0.000000 401.000000 -449.000000 3530.000000 -1421.000000 -1310.000000 2531.000000 
21.030001 33.410000 94.089996 -6.420000 -32.310001 0.000000 345.000000 -411.000000 3703.000000 -1309.000000 -1406.000000 2828.000000 
21.290001 33.900002 93.489998 -6.360000 -31.910000 0.000000 695.000000 -150.000000 3842.000000 -864.000000 -1572.000000 3162.000000 
21.620001 34.459999 92.860001 -6.280000 -31.450001 0.000000 909.000000 -126.000000 3884.000000 -829.000000 -1603.000000 3133.000000 
22.120001 35.070000 92.279999 -6.220000 -31.480000 0.000000 626.000000 -176.000000 3971.000000 -1334.000000 -1576.000000 3043.000000 
22.820000 35.660000 91.809998 -6.220000 -31.639999 0.000000 106.000000 -421.000000 4249.000000 -1900.000000 -1470.000000 2928.000000 
23.650000 36.189999 91.430000 -6.050000 -31.790001 0.000000 -240.000000 -342.000000 4043.000000 -2232.000000 -1319.000000 2747.000000 
24.500000 36.619999 91.129997 -5.730000 -31.879999 0.000000 -208.000000 -227.000000 3706.000000 -2135.000000 -1183.000000 2613.000000 
25.290001 36.980000 90.870003 -5.230000 -31.809999 0.000000 51.000000 -52.000000 3447.000000 -2000.000000 -1051.000000 2657.000000 
26.030001 37.220001 90.650002 -4.710000 -31.620001 0.000000 242.000000 201.000000 3443.000000 -1890.000000 -859.000000 2783.000000 
26.620001 37.340000 90.360001 -4.290000 -31.360001 0.000000 801.000000 390.000000 3674.000000 -1714.000000 -666.000000 2883.000000 
27.139999 37.520000 90.029999 -3.860000 -31.080000 0.000000 731.000000 900.000000 3377.000000 -1484.000000 -859.000000 3238.000000 
27.610001 37.790001 89.680000 -3.640000 -30.900000 0.000000 655.000000 1070.000000 3673.000000 -1775.000000 -1255.000000 4148.000000 
27.980000 38.230000 89.320000 -3.640000 -30.680000 0.000000 452.000000 505.000000 4509.000000 -2049.000000 -1690.000000 4700.000000 
28.260000 38.779999 88.980003 -3.670000 -30.459999 0.000000 133.000000 255.000000 4708.000000 -2605.000000 -2097.000000 4610.000000 
28.590000 39.330002 88.779999 -3.770000 -30.480000 0.000000 -252.000000 -11.000000 5226.000000 -3066.000000 -2282.000000 4526.000000 
29.020000 39.750000 88.760002 -3.860000 -30.440001 0.000000 14.000000 -201.000000 5742.000000 -2983.000000 -2288.000000 4376.000000 
29.590000 40.020000 88.930000 -3.780000 -30.049999 0.000000 489.000000 -150.000000 5688.000000 -2583.000000 -2074.000000 4266.000000 
30.280001 40.150002 89.199997 -3.480000 -29.370001 0.000000 569.000000 135.000000 5222.000000 -2024.000000 -1864.000000 4183.000000 
31.040001 40.230000 89.540001 -3.050000 -28.820000 0.000000 695.000000 307.000000 4892.000000 -1722.000000 -1715.000000 4343.000000 
31.760000 40.299999 89.839996 -2.560000 -28.320000 0.000000 773.000000 350.000000 4784.000000 -1791.000000 -1943.000000 5032.000000 
32.400002 40.340000 90.089996 -2.090000 -27.719999 0.000000 759.000000 355.000000 4775.000000 -1820.000000 -2028.000000 5035.000000 
32.970001 40.340000 90.279999 -1.740000 -26.770000 0.000000 732.000000 146.000000 4973.000000 -1908.000000 -1934.000000 4537.000000 
33.509998 40.299999 90.430000 -1.540000 -26.170000 0.000000 919.000000 -144.000000 5351.000000 -1953.000000 -1838.000000 4162.000000 
34.000000 40.240002 90.610001 -1.420000 -26.139999 0.000000 991.000000 -559.000000 5877.000000 -1827.000000 -1858.000000 4024.000000 
34.500000 40.189999 90.860001 -1.090000 -26.320000 0.000000 1109.000000 -631.000000 5840.000000 -1553.000000 -1984.000000 4074.000000 
35.000000 40.200001 91.160004 -0.540000 -26.520000 0.000000 1229.000000 -402.000000 5260.000000 -1373.000000 -2097.000000 4160.000000 
35.439999 40.279999 91.480003 -0.010000 -26.860001 0.000000 1069.000000 -271.000000 4726.000000 -1433.000000 -2089.000000 4130.000000 
35.720001 40.369999 91.760002 0.420000 -27.160000 0.000000 904.000000 -143.000000 4322.000000 -1507.000000 -1985.000000 3913.000000 
35.860001 40.480000 91.970001 0.770000 -27.520000 0.000000 758.000000 -144.000000 4320.000000 -1306.000000 -1940.000000 3845.000000 
35.950001 40.500000 92.129997 1.060000 -27.600000 0.000000 735.000000 -124.000000 4134.000000 -1124.000000 -1945.000000 4043.000000 
35.959999 40.330002 92.190002 1.310000 -27.740000 0.000000 997.000000 -104.000000 4102.000000 -861.000000 -1896.000000 3923.000000 
35.980000 39.970001 92.209999 1.530000 -27.969999 0.000000 1235.000000 -102.000000 3958.000000 -827.000000 -1963.000000 3838.000000 
36.009998 39.500000 92.230003 1.650000 -28.469999 0.000000 1379.000000 -138.000000 3786.000000 -861.000000 -2023.000000 3846.000000 
36.020000 38.990002 92.250000 1.590000 -28.990000 0.000000 1384.000000 -289.000000 3761.000000 -865.000000 -1956.000000 3604.000000 
35.919998 38.509998 92.309998 1.330000 -29.469999 0.000000 1197.000000 -487.000000 3790.000000 -927.000000 -1831.000000 3360.000000 
35.660000 37.990002 92.239998 0.950000 -29.799999 0.000000 1214.000000 -617.000000 3874.000000 -648.000000 -1815.000000 3303.000000 
35.189999 37.470001 92.110001 0.510000 -30.320000 0.000000 1283.000000 -596.000000 3733.000000 -467.000000 -1899.000000 3369.000000 
34.639999 36.990002 91.940002 0.080000 -30.879999 0.000000 1380.000000 -538.000000 3640.000000 -319.000000 -1926.000000 3506.000000 
34.180000 36.669998 91.790001 -0.400000 -31.350000 0.000000 1412.000000 -627.000000 3903.000000 -347.000000 -1950.000000 3576.000000 
33.660000 36.340000 91.550003 -0.910000 -32.099998 0.000000 1402.000000 -735.000000 4292.000000 -416.000000 -2148.000000 3761.000000 
32.910000 36.049999 91.169998 -1.430000 -33.099998 0.000000 1769.000000 -899.000000 4972.000000 -572.000000 -2763.000000 4506.000000 
31.900000 35.830002 90.690002 -1.920000 -34.259998 0.000000 2254.000000 -1055.000000 5639.000000 -475.000000 -3367.000000 5066.000000 
30.719999 35.740002 90.099998 -2.420000 -35.200001 0.000000 2311.000000 -1225.000000 5952.000000 -349.000000 -3329.000000 5259.000000 
29.780001 35.689999 89.570000 -2.810000 -35.810001 0.000000 2301.000000 -1056.000000 5417.000000 -244.000000 -3265.000000 5248.000000 
29.379999 35.549999 89.180000 -3.030000 -35.820000 0.000000 1933.000000 -810.000000 4370.000000 -338.000000 -2828.000000 4633.000000 
29.750000 35.180000 89.169998 -3.180000 -35.330002 0.000000 953.000000 -702.000000 3632.000000 -655.000000 -2112.000000 3758.000000 
30.459999 34.889999 89.309998 -3.390000 -34.660000 0.000000 1158.000000 -694.000000 3387.000000 -735.000000 -1466.000000 2927.000000 
31.049999 34.700001 89.430000 -3.630000 -33.980000 0.000000 1449.000000 -488.000000 3246.000000 -697.000000 -1104.000000 2456.000000 
31.290001 34.540001 89.440002 -3.990000 -33.169998 0.000000 1074.000000 -439.000000 3270.000000 -327.000000 -1106.000000 2421.000000 
31.100000 34.540001 89.260002 -4.440000 -32.570000 0.000000 1012.000000 -388.000000 3135.000000 -392.000000 -1336.000000 2808.000000 
30.420000 34.709999 88.849998 -5.270000 -33.310001 0.000000 1136.000000 -663.000000 3605.000000 -450.000000 -1792.000000 3119.000000 
29.360001 34.939999 88.199997 -6.180000 -34.400002 0.000000 1345.000000 -950.000000 4142.000000 -645.000000 -2288.000000 3444.000000 
28.240000 35.099998 87.459999 -7.140000 -35.520000 0.000000 1360.000000 -1322.000000 4536.000000 -1047.000000 -2781.000000 3713.000000 
27.299999 35.090000 86.750000 -8.060000 -36.590000 0.000000 1231.000000 -1526.000000 4562.000000 -1135.000000 -2941.000000 3946.000000 
26.610001 34.849998 86.150002 -8.880000 -37.570000 0.000000 1094.000000 -1734.000000 4719.000000 -1042.000000 -3140.000000 4234.000000 
26.040001 34.299999 85.650002 -9.510000 -38.349998 0.000000 1407.000000 -2069.000000 5205.000000 -939.000000 -3245.000000 4254.000000 
25.530001 33.590000 85.150002 -9.790000 -38.830002 0.000000 1410.000000 -1974.000000 5023.000000 -518.000000 -3104.000000 4102.000000 
25.110001 32.869999 84.830002 -9.810000 -38.980000 0.000000 1343.000000 -1650.000000 4402.000000 -408.000000 -2873.000000 3831.000000 
