-0.170000 -2.630000 -61.669998 286.000000 20.000000 4105.000000
-0.170000 -2.570000 -61.709999 230.000000 22.000000 4086.000000
-0.200000 -2.530000 -61.770000 208.000000 11.000000 4084.000000
-0.190000 -2.480000 -61.810001 209.000000 36.000000 4082.000000
-0.170000 -2.440000 -61.860001 205.000000 48.000000 4089.000000
-0.110000 -2.410000 -61.900002 232.000000 75.000000 4061.000000
-0.040000 -2.400000 -61.930000 233.000000 90.000000 4050.000000
0.020000 -2.390000 -61.950001 247.000000 86.000000 4006.000000
0.010000 -2.440000 -61.990002 270.000000 53.000000 4011.000000
0.030000 -2.400000 -61.990002 257.000000 47.000000 3989.000000
-0.010000 -2.430000 -62.049999 239.000000 45.000000 3988.000000
-0.040000 -2.390000 -62.080002 213.000000 36.000000 3960.000000
-0.040000 -2.260000 -62.080002 176.000000 43.000000 3962.000000
0.020000 -2.140000 -62.060001 177.000000 94.000000 3968.000000
-0.020000 -2.080000 -62.090000 152.000000 52.000000 3932.000000
-0.080000 -2.080000 -62.130001 167.000000 49.000000 3939.000000
-0.180000 -2.110000 -62.169998 174.000000 31.000000 3903.000000
-0.280000 -2.160000 -62.189999 218.000000 12.000000 3899.000000
-0.390000 -2.240000 -62.200001 234.000000 5.000000 3985.000000
-0.560000 -2.380000 -62.200001 303.000000 -48.000000 4032.000000
-0.760000 -2.510000 -62.209999 322.000000 -98.000000 3994.000000
-0.950000 -2.690000 -62.200001 466.000000 -122.000000 4016.000000
-1.120000 -2.870000 -62.209999 593.000000 -126.000000 4001.000000
-1.330000 -3.000000 -62.209999 595.000000 -201.000000 4126.000000
-1.540000 -3.060000 -62.180000 654.000000 -248.000000 4231.000000
-1.740000 -3.020000 -62.189999 551.000000 -248.000000 4307.000000
-1.920000 -2.680000 -62.180000 259.000000 -241.000000 4326.000000
-2.110000 -2.410000 -62.180000 304.000000 -285.000000 4642.000000
-2.270000 -2.140000 -62.189999 270.000000 -377.000000 5013.000000
-2.430000 -2.050000 -62.279999 434.000000 -581.000000 5339.000000
-2.510000 -2.030000 -62.430000 619.000000 -786.000000 5681.000000
-2.490000 -1.970000 -62.660000 655.000000 -935.000000 5786.000000
-2.240000 -1.620000 -62.950001 302.000000 -840.000000 5736.000000
-1.830000 -1.130000 -63.250000 27.000000 -673.000000 5605.000000
-1.270000 -0.600000 -63.570000 -157.000000 -496.000000 5588.000000
-0.620000 -0.090000 -63.900002 -259.000000 -395.000000 5751.000000
0.100000 0.380000 -64.230003 -328.000000 -394.000000 5844.000000
0.860000 0.840000 -64.570000 -478.000000 -426.000000 5951.000000
1.710000 1.340000 -64.879997 -577.000000 -360.000000 5944.000000
2.710000 1.920000 -65.160004 -626.000000 -147.000000 5861.000000
3.880000 2.570000 -65.410004 -744.000000 189.000000 5744.000000
5.240000 3.260000 -65.629997 -867.000000 645.000000 5523.000000
6.740000 3.950000 -65.809998 -973.000000 1201.000000 5226.000000
8.250000 4.650000 -65.940002 -1215.000000 1499.000000 5040.000000
9.760000 5.350000 -66.010002 -1428.000000 1592.000000 4761.000000
11.290000 6.020000 -66.040001 -1693.000000 1721.000000 4484.000000
12.830000 6.610000 -66.019997 -1915.000000 1896.000000 4255.000000
14.380000 7.080000 -65.940002 -2014.000000 2106.000000 4015.000000
15.940000 7.400000 -65.809998 -2015.000000 2319.000000 3779.000000
17.469999 7.590000 -65.639999 -2006.000000 2529.000000 3484.000000
18.980000 7.670000 -65.430000 -1952.000000 2698.000000 3095.000000
20.430000 7.690000 -65.150002 -1932.000000 2813.000000 2799.000000
21.790001 7.650000 -64.809998 -2017.000000 2818.000000 2591.000000
23.070000 7.540000 -64.400002 -2050.000000 2834.000000 2407.000000
24.260000 7.370000 -63.930000 -2093.000000 2783.000000 2315.000000
25.350000 7.150000 -63.419998 -2100.000000 2794.000000 2112.000000
26.370001 6.850000 -62.849998 -1935.000000 2861.000000 1819.000000
27.290001 6.490000 -62.209999 -1615.000000 2948.000000 1471.000000
28.070000 6.110000 -61.500000 -1463.000000 2959.000000 1225.000000
28.719999 5.690000 -60.720001 -1283.000000 2956.000000 951.000000
29.209999 5.250000 -59.869999 -1049.000000 2941.000000 703.000000
29.540001 4.800000 -58.970001 -704.000000 2886.000000 493.000000
29.700001 4.340000 -58.049999 -434.000000 2771.000000 455.000000
29.690001 3.900000 -57.070000 -351.000000 2594.000000 533.000000
29.510000 3.510000 -56.040001 -454.000000 2388.000000 702.000000
29.150000 3.150000 -55.000000 -474.000000 2209.000000 779.000000
28.629999 2.780000 -54.009998 -284.000000 1989.000000 862.000000
27.959999 2.330000 -53.080002 88.000000 1756.000000 1014.000000
27.110001 1.740000 -52.200001 511.000000 1545.000000 1200.000000
26.080000 1.100000 -51.349998 943.000000 1369.000000 1273.000000
24.889999 0.490000 -50.520000 1196.000000 1204.000000 1369.000000
23.549999 -0.050000 -49.680000 1257.000000 971.000000 1436.000000
22.059999 -0.490000 -48.849998 1151.000000 678.000000 1620.000000
20.430000 -0.820000 -48.020000 932.000000 474.000000 1758.000000
18.660000 -1.080000 -47.250000 812.000000 237.000000 2033.000000
16.799999 -1.340000 -46.570000 818.000000 -40.000000 2292.000000
14.880000 -1.650000 -45.990002 904.000000 -339.000000 2462.000000
12.940000 -2.010000 -45.500000 972.000000 -580.000000 2581.000000
10.990000 -2.410000 -45.070000 920.000000 -753.000000 2653.000000
9.010000 -2.860000 -44.689999 797.000000 -908.000000 2728.000000
7.020000 -3.390000 -44.330002 760.000000 -1140.000000 3063.000000
5.040000 -4.070000 -44.020000 924.000000 -1371.000000 3425.000000
3.100000 -4.880000 -43.740002 1241.000000 -1623.000000 3603.000000
1.230000 -5.750000 -43.480000 1605.000000 -1765.000000 3750.000000
-0.570000 -6.600000 -43.240002 1846.000000 -1790.000000 3725.000000
-2.300000 -7.360000 -42.990002 1829.000000 -1799.000000 3718.000000
-3.980000 -8.010000 -42.720001 1721.000000 -1832.000000 3787.000000
-5.610000 -8.580000 -42.450001 1625.000000 -1848.000000 3984.000000
-7.160000 -9.100000 -42.220001 1552.000000 -1816.000000 4098.000000
-8.650000 -9.590000 -42.029999 1550.000000 -1821.000000 4104.000000
-10.080000 -10.050000 -41.860001 1517.000000 -1807.000000 4051.000000
-11.490000 -10.440000 -41.709999 1415.000000 -1823.000000 4013.000000
-12.880000 -10.770000 -41.560001 1277.000000 -1934.000000 4012.000000
-14.240000 -11.030000 -41.400002 1133.000000 -2108.000000 4151.000000
-15.550000 -11.270000 -41.250000 1044.000000 -2255.000000 4305.000000
-16.799999 -11.500000 -41.099998 1082.000000 -2334.000000 4365.000000
-17.959999 -11.730000 -40.970001 1147.000000 -2321.000000 4553.000000
-19.040001 -11.940000 -40.820000 1196.000000 -2287.000000 4539.000000
-20.040001 -12.130000 -40.700001 1319.000000 -2211.000000 4508.000000
-20.950001 -12.260000 -40.599998 1294.000000 -2177.000000 4417.000000
-21.799999 -12.260000 -40.500000 1132.000000 -2169.000000 4374.000000
-22.610001 -12.180000 -40.410000 975.000000 -2214.000000 4375.000000
-23.360001 -12.040000 -40.310001 892.000000 -2266.000000 4357.000000
-24.059999 -11.890000 -40.220001 832.000000 -2254.000000 4369.000000
-24.690001 -11.730000 -40.130001 797.000000 -2214.000000 4388.000000
-25.280001 -11.610000 -40.020000 872.000000 -2209.000000 4393.000000
-25.840000 -11.570000 -39.900002 996.000000 -2227.000000 4294.000000
-26.370001 -11.560000 -39.779999 1056.000000 -2318.000000 4139.000000
-26.870001 -11.480000 -39.639999 1045.000000 -2387.000000 4089.000000
-27.290001 -11.320000 -39.509998 979.000000 -2329.000000 4068.000000
-27.600000 -11.060000 -39.410000 860.000000 -2197.000000 4095.000000
-27.820000 -10.700000 -39.299999 641.000000 -2090.000000 4091.000000
-27.980000 -10.330000 -39.180000 576.000000 -1966.000000 3942.000000
-28.129999 -10.020000 -39.040001 440.000000 -1863.000000 3816.000000
-28.320000 -9.830000 -38.889999 461.000000 -1800.000000 3687.000000
-28.510000 -9.780000 -38.680000 465.000000 -1770.000000 3568.000000
-28.740000 -9.990000 -38.430000 660.000000 -1754.000000 3417.000000
-28.950001 -10.570000 -38.139999 1029.000000 -1735.000000 3356.000000
-29.230000 -11.260000 -37.869999 1437.000000 -1742.000000 3258.000000
-29.520000 -11.950000 -37.619999 1681.000000 -1817.000000 3302.000000
-29.820000 -12.540000 -37.410000 1845.000000 -1935.000000 3526.000000
-30.120001 -12.980000 -37.230000 1844.000000 -2048.000000 3518.000000
-30.430000 -13.260000 -37.130001 1719.000000 -2203.000000 3709.000000
-30.620001 -13.450000 -37.110001 1734.000000 -2255.000000 4076.000000
-30.740000 -13.580000 -37.130001 1792.000000 -2243.000000 4013.000000
-30.830000 -13.600000 -37.209999 1746.000000 -2282.000000 4052.000000
-30.820000 -13.510000 -37.330002 1478.000000 -2296.000000 4098.000000
-30.740000 -13.200000 -37.459999 1156.000000 -2297.000000 4090.000000
-30.570000 -12.770000 -37.610001 1014.000000 -2326.000000 4285.000000
-30.410000 -12.340000 -37.799999 980.000000 -2486.000000 4481.000000
-30.250000 -11.930000 -38.000000 1038.000000 -2680.000000 4652.000000
-30.100000 -11.580000 -38.240002 1124.000000 -2904.000000 4800.000000
-29.930000 -11.160000 -38.470001 1085.000000 -3156.000000 4928.000000
-29.719999 -10.660000 -38.669998 814.000000 -3431.000000 5112.000000
-29.430000 -10.100000 -38.820000 450.000000 -3716.000000 5343.000000
-29.070000 -9.600000 -38.910000 194.000000 -3905.000000 5449.000000
-28.639999 -9.210000 -38.900002 125.000000 -4063.000000 5431.000000
-28.139999 -8.960000 -38.779999 241.000000 -4176.000000 5356.000000
-27.570000 -8.890000 -38.540001 503.000000 -4205.000000 5097.000000
-26.910000 -9.010000 -38.220001 919.000000 -4234.000000 4829.000000
-26.120001 -9.280000 -37.860001 1353.000000 -4115.000000 4603.000000
-25.180000 -9.590000 -37.509998 1769.000000 -3950.000000 4398.000000
-24.090000 -9.870000 -37.209999 2016.000000 -3726.000000 4220.000000
-22.870001 -10.010000 -36.970001 2018.000000 -3566.000000 4082.000000
-21.540001 -10.010000 -36.820000 1963.000000 -3504.000000 3902.000000
-20.120001 -9.890000 -36.750000 1963.000000 -3411.000000 3630.000000
-18.580000 -9.700000 -36.779999 1976.000000 -3210.000000 3390.000000
-16.910000 -9.460000 -36.900002 1969.000000 -2842.000000 3110.000000
-15.160000 -9.170000 -37.090000 1883.000000 -2420.000000 2858.000000
-13.360000 -8.800000 -37.320000 1719.000000 -2003.000000 2535.000000
-11.560000 -8.380000 -37.599998 1463.000000 -1615.000000 2372.000000
-9.770000 -7.940000 -37.900002 1137.000000 -1251.000000 2284.000000
-8.010000 -7.560000 -38.220001 911.000000 -963.000000 2188.000000
-6.250000 -7.280000 -38.570000 773.000000 -648.000000 2190.000000
-4.470000 -7.170000 -38.959999 646.000000 -405.000000 2178.000000
-2.610000 -7.190000 -39.419998 643.000000 -231.000000 2092.000000
-0.740000 -7.300000 -40.000000 737.000000 -67.000000 1925.000000
1.250000 -7.390000 -40.720001 733.000000 221.000000 1840.000000
3.260000 -7.450000 -41.540001 761.000000 536.000000 1695.000000
5.230000 -7.420000 -42.459999 705.000000 764.000000 1632.000000
7.130000 -7.300000 -43.459999 572.000000 887.000000 1584.000000
8.950000 -7.110000 -44.520000 441.000000 881.000000 1545.000000
10.670000 -6.850000 -45.630001 357.000000 857.000000 1467.000000
12.300000 -6.570000 -46.779999 394.000000 900.000000 1473.000000
13.870000 -6.240000 -47.970001 448.000000 1089.000000 1454.000000
15.370000 -5.830000 -49.169998 479.000000 1366.000000 1429.000000
16.799999 -5.300000 -50.360001 422.000000 1618.000000 1432.000000
18.120001 -4.600000 -51.540001 324.000000 1780.000000 1417.000000
19.330000 -3.760000 -52.669998 141.000000 1846.000000 1489.000000
20.400000 -2.760000 -53.750000 -227.000000 1899.000000 1497.000000
21.330000 -1.640000 -54.750000 -631.000000 1989.000000 1512.000000
22.110001 -0.450000 -55.689999 -1021.000000 2149.000000 1458.000000
22.799999 0.750000 -56.580002 -1321.000000 2503.000000 1568.000000
23.379999 1.880000 -57.480000 -1507.000000 2838.000000 1695.000000
23.809999 2.940000 -58.369999 -1580.000000 2960.000000 1765.000000
24.030001 3.890000 -59.270000 -1647.000000 2840.000000 1908.000000
24.090000 4.730000 -60.180000 -1733.000000 2649.000000 2110.000000
24.000000 5.460000 -61.110001 -1894.000000 2589.000000 2262.000000
23.799999 6.080000 -62.020000 -2037.000000 2658.000000 2380.000000
23.510000 6.590000 -62.919998 -2154.000000 2801.000000 2540.000000
23.120001 7.010000 -63.779999 -2247.000000 2915.000000 2628.000000
22.629999 7.350000 -64.610001 -2189.000000 2881.000000 2786.000000
22.020000 7.610000 -65.379997 -2097.000000 2771.000000 3064.000000
21.360001 7.800000 -66.080002 -1990.000000 2717.000000 3238.000000
20.639999 7.950000 -66.660004 -1829.000000 2688.000000 3463.000000
19.879999 8.070000 -67.150002 -1829.000000 2622.000000 3751.000000
19.100000 8.170000 -67.529999 -1804.000000 2506.000000 3978.000000
18.330000 8.280000 -67.820000 -1687.000000 2361.000000 4059.000000
17.559999 8.390000 -68.040001 -1618.000000 2238.000000 4149.000000
16.809999 8.480000 -68.190002 -1545.000000 2191.000000 4110.000000
16.070000 8.570000 -68.260002 -1532.000000 2084.000000 4173.000000
15.320000 8.650000 -68.260002 -1530.000000 1917.000000 4388.000000
14.570000 8.690000 -68.209999 -1481.000000 1730.000000 4668.000000
13.820000 8.700000 -68.110001 -1378.000000 1500.000000 4821.000000
13.080000 8.670000 -68.000000 -1217.000000 1323.000000 4907.000000
12.350000 8.600000 -67.879997 -1031.000000 1188.000000 4931.000000
11.670000 8.510000 -67.699997 -857.000000 1075.000000 4933.000000
10.960000 8.390000 -67.529999 -792.000000 939.000000 4830.000000
10.300000 8.290000 -67.300003 -830.000000 851.000000 4758.000000
9.590000 8.120000 -67.080002 -835.000000 659.000000 4731.000000
8.860000 7.800000 -66.879997 -741.000000 540.000000 4780.000000
8.130000 7.270000 -66.709999 -546.000000 438.000000 4802.000000
7.510000 6.570000 -66.540001 -339.000000 432.000000 4812.000000
6.980000 5.780000 -66.330002 -197.000000 460.000000 4814.000000
6.510000 4.980000 -66.120003 -79.000000 432.000000 4712.000000
6.110000 4.200000 -65.889999 13.000000 445.000000 4615.000000
5.750000 3.470000 -65.669998 55.000000 462.000000 4603.000000
5.390000 2.780000 -65.440002 172.000000 408.000000 4612.000000
5.040000 2.130000 -65.220001 305.000000 348.000000 4554.000000
4.670000 1.530000 -65.000000 354.000000 264.000000 4586.000000
4.300000 0.980000 -64.769997 374.000000 193.000000 4508.000000
3.980000 0.570000 -64.599998 264.000000 188.000000 4341.000000
3.680000 0.230000 -64.419998 221.000000 191.000000 4253.000000
3.400000 -0.070000 -64.250000 212.000000 177.000000 4182.000000
3.120000 -0.340000 -64.080002 205.000000 153.000000 4158.000000
2.850000 -0.690000 -63.959999 299.000000 109.000000 4186.000000
2.630000 -1.040000 -63.810001 353.000000 117.000000 4200.000000
2.470000 -1.340000 -63.660000 382.000000 143.000000 4159.000000
2.380000 -1.570000 -63.570000 363.000000 189.000000 4083.000000
2.310000 -1.700000 -63.490002 319.000000 193.000000 4003.000000
2.220000 -1.700000 -63.380001 295.000000 145.000000 4198.000000
2.130000 -1.540000 -63.230000 257.000000 97.000000 4279.000000
1.950000 -1.310000 -63.160000 171.000000 30.000000 4315.000000
1.880000 -0.950000 -63.099998 70.000000 91.000000 4259.000000
1.900000 -0.520000 -63.070000 -105.000000 159.000000 4171.000000
1.950000 -0.090000 -63.060001 -167.000000 181.000000 4172.000000
2.020000 0.340000 -63.040001 -152.000000 185.000000 4081.000000
2.100000 0.720000 -63.029999 -145.000000 205.000000 4052.000000
2.220000 1.070000 -63.009998 -119.000000 237.000000 4050.000000
