-2.360000 24.799999 117.849998 -1621.000000 -112.000000 3702.000000
-2.370000 24.799999 117.849998 -1628.000000 -128.000000 3700.000000
-2.370000 24.799999 117.860001 -1636.000000 -111.000000 3677.000000
-2.370000 24.799999 117.870003 -1633.000000 -105.000000 3696.000000
-2.370000 24.799999 117.879997 -1632.000000 -97.000000 3686.000000
-2.370000 24.799999 117.889999 -1631.000000 -114.000000 3671.000000
-2.360000 24.799999 117.889999 -1640.000000 -90.000000 3673.000000
-2.360000 24.790001 117.900002 -1619.000000 -111.000000 3707.000000
-2.360000 24.790001 117.900002 -1611.000000 -106.000000 3675.000000
-2.360000 24.790001 117.910004 -1620.000000 -118.000000 3688.000000
-2.360000 24.790001 117.900002 -1621.000000 -107.000000 3719.000000
-2.360000 24.780001 117.910004 -1622.000000 -110.000000 3697.000000
-2.360000 24.790001 117.919998 -1652.000000 -116.000000 3677.000000
-2.370000 24.790001 117.919998 -1636.000000 -115.000000 3681.000000
-2.370000 24.790001 117.930000 -1638.000000 -123.000000 3678.000000
-2.370000 24.790001 117.940002 -1635.000000 -100.000000 3663.000000
-2.370000 24.780001 117.930000 -1610.000000 -98.000000 3706.000000
-2.370000 24.770000 117.940002 -1616.000000 -98.000000 3681.000000
-2.370000 24.770000 117.949997 -1608.000000 -104.000000 3679.000000
-2.370000 24.770000 117.949997 -1625.000000 -97.000000 3691.000000
-2.360000 24.780001 117.930000 -1654.000000 -99.000000 3703.000000
-2.370000 24.790001 117.940002 -1661.000000 -103.000000 3678.000000
-2.370000 24.799999 117.940002 -1647.000000 -126.000000 3668.000000
-2.370000 24.799999 117.930000 -1625.000000 -109.000000 3697.000000
-2.360000 24.790001 117.919998 -1612.000000 -112.000000 3716.000000
-2.350000 24.790001 117.930000 -1605.000000 -95.000000 3705.000000
-2.340000 24.790001 117.919998 -1629.000000 -91.000000 3698.000000
-2.330000 24.790001 117.910004 -1621.000000 -91.000000 3715.000000
-2.310000 24.799999 117.919998 -1645.000000 -85.000000 3714.000000
-2.310000 24.809999 117.919998 -1637.000000 -98.000000 3668.000000
-2.300000 24.820000 117.930000 -1639.000000 -89.000000 3706.000000
-2.300000 24.830000 117.930000 -1662.000000 -113.000000 3693.000000
-2.310000 24.830000 117.940002 -1650.000000 -115.000000 3698.000000
-2.310000 24.830000 117.949997 -1639.000000 -94.000000 3706.000000
-2.300000 24.830000 117.949997 -1625.000000 -95.000000 3720.000000
-2.310000 24.809999 117.970001 -1608.000000 -105.000000 3712.000000
-2.310000 24.809999 117.980003 -1605.000000 -109.000000 3669.000000
-2.310000 24.799999 118.000000 -1630.000000 -84.000000 3730.000000
-2.300000 24.799999 118.010002 -1623.000000 -86.000000 3696.000000
-2.310000 24.799999 118.019997 -1620.000000 -108.000000 3689.000000
-2.310000 24.799999 118.029999 -1620.000000 -114.000000 3676.000000
-2.320000 24.809999 118.050003 -1638.000000 -114.000000 3665.000000
-2.320000 24.809999 118.059998 -1636.000000 -104.000000 3683.000000
-2.330000 24.790001 118.080002 -1609.000000 -136.000000 3719.000000
-2.330000 24.760000 118.110001 -1541.000000 -106.000000 3741.000000
-2.310000 24.709999 118.150002 -1465.000000 -49.000000 3817.000000
-2.300000 24.660000 118.199997 -1435.000000 -44.000000 3913.000000
-2.280000 24.629999 118.250000 -1410.000000 -31.000000 4038.000000
-2.290000 24.610001 118.290001 -1307.000000 -120.000000 4248.000000
-2.280000 24.650000 118.320000 -1261.000000 -122.000000 4295.000000
-2.270000 24.750000 118.370003 -1330.000000 -55.000000 4309.000000
-2.290000 24.809999 118.419998 -1379.000000 39.000000 4504.000000
-2.400000 24.820000 118.480003 -1269.000000 -128.000000 4548.000000
-2.540000 24.889999 118.510002 -700.000000 -385.000000 4583.000000
-2.640000 25.230000 118.480003 -115.000000 -418.000000 4342.000000
-2.710000 25.879999 118.339996 -325.000000 -428.000000 4138.000000
-2.810000 26.840000 118.099998 -745.000000 -420.000000 3745.000000
-2.930000 28.160000 117.779999 -1047.000000 -546.000000 3647.000000
-3.050000 29.799999 117.379997 -1705.000000 -759.000000 3631.000000
-3.120000 31.590000 116.919998 -1865.000000 -941.000000 3828.000000
-3.010000 33.470001 116.470001 -1501.000000 -737.000000 3804.000000
-2.680000 35.520000 116.040001 -1648.000000 -340.000000 3837.000000
-2.190000 37.580002 115.599998 -1411.000000 381.000000 3814.000000
-2.100000 39.730000 114.820000 -2619.000000 -858.000000 3011.000000
-2.940000 41.520000 113.190002 -3785.000000 -4026.000000 4795.000000
-2.720000 42.599998 111.419998 -3683.000000 -693.000000 -336.000000
-1.120000 42.639999 110.849998 -1674.000000 2311.000000 4474.000000
0.110000 42.669998 110.419998 -1249.000000 1453.000000 3242.000000
0.790000 42.630001 109.599998 -1724.000000 281.000000 3232.000000
1.090000 42.720001 108.150002 -2413.000000 -232.000000 3117.000000
1.520000 42.720001 106.610001 -2147.000000 65.000000 3074.000000
2.210000 42.700001 105.430000 -1522.000000 654.000000 3152.000000
2.870000 42.880001 104.360001 -1256.000000 985.000000 3276.000000
3.470000 43.349998 103.250000 -1575.000000 1038.000000 3070.000000
3.980000 44.209999 102.070000 -2182.000000 871.000000 2758.000000
4.290000 45.349998 100.809998 -2890.000000 563.000000 2741.000000
4.470000 46.590000 99.510002 -3455.000000 392.000000 2608.000000
4.620000 47.830002 98.160004 -3480.000000 426.000000 2577.000000
4.780000 48.970001 96.769997 -3462.000000 503.000000 2579.000000
4.950000 50.029999 95.419998 -3435.000000 519.000000 2109.000000
5.030000 50.939999 94.040001 -3437.000000 314.000000 1927.000000
5.080000 51.730000 92.650002 -3369.000000 361.000000 1818.000000
5.140000 52.480000 91.290001 -3425.000000 443.000000 1682.000000
5.160000 53.150002 89.900002 -3322.000000 431.000000 1920.000000
5.210000 53.820000 88.610001 -3114.000000 468.000000 1894.000000
5.190000 54.520000 87.419998 -3148.000000 411.000000 1747.000000
5.070000 55.340000 86.370003 -3628.000000 457.000000 1453.000000
4.820000 56.209999 85.379997 -4158.000000 386.000000 1205.000000
4.430000 57.070000 84.379997 -4246.000000 214.000000 1056.000000
3.960000 57.900002 83.330002 -4000.000000 61.000000 1489.000000
3.470000 58.630001 82.309998 -3522.000000 -28.000000 1734.000000
2.960000 59.320000 81.440002 -3606.000000 -86.000000 1755.000000
2.370000 59.930000 80.699997 -3915.000000 -276.000000 1682.000000
1.790000 60.560001 80.080002 -3843.000000 -268.000000 1249.000000
1.240000 61.209999 79.529999 -3618.000000 -78.000000 918.000000
0.750000 61.869999 79.080002 -3525.000000 102.000000 770.000000
0.280000 62.529999 78.690002 -3647.000000 108.000000 529.000000
-0.240000 63.270000 78.309998 -3667.000000 55.000000 235.000000
-0.840000 64.190002 77.959999 -3686.000000 -147.000000 10.000000
-1.480000 65.269997 77.629997 -3717.000000 -310.000000 -146.000000
-2.260000 66.339996 77.150002 -4066.000000 -404.000000 113.000000
-3.200000 67.250000 76.449997 -4419.000000 -526.000000 537.000000
-4.190000 67.900002 75.599998 -4488.000000 -678.000000 856.000000
-5.060000 68.199997 74.779999 -4400.000000 -734.000000 1153.000000
-5.770000 68.199997 74.040001 -4209.000000 -735.000000 1426.000000
-6.320000 68.040001 73.370003 -3949.000000 -694.000000 1457.000000
-6.800000 67.790001 72.769997 -3682.000000 -737.000000 1507.000000
-7.190000 67.589996 72.250000 -3497.000000 -758.000000 1426.000000
-7.580000 67.510002 71.800003 -3490.000000 -799.000000 1401.000000
-7.990000 67.610001 71.349998 -3576.000000 -808.000000 1421.000000
-8.400000 67.849998 70.910004 -3689.000000 -806.000000 1479.000000
-8.800000 68.279999 70.500000 -3817.000000 -777.000000 1170.000000
-9.210000 68.779999 70.169998 -4148.000000 -807.000000 1023.000000
-9.550000 69.279999 69.919998 -4582.000000 -786.000000 911.000000
-9.810000 69.660004 69.699997 -4567.000000 -677.000000 1318.000000
-9.910000 69.809998 69.500000 -4081.000000 -543.000000 1338.000000
-9.870000 69.870003 69.419998 -4227.000000 -594.000000 1150.000000
-9.740000 69.849998 69.459999 -4250.000000 -642.000000 1345.000000
-9.500000 69.839996 69.580002 -4371.000000 -596.000000 1166.000000
-9.180000 69.830002 69.820000 -4565.000000 -552.000000 708.000000
-8.750000 69.820000 70.209999 -4716.000000 -518.000000 563.000000
-8.330000 69.769997 70.639999 -4947.000000 -563.000000 490.000000
-7.860000 69.690002 71.110001 -5005.000000 -463.000000 623.000000
-7.160000 69.669998 71.800003 -4833.000000 -295.000000 534.000000
-6.340000 69.629997 72.699997 -4829.000000 -193.000000 757.000000
-5.390000 69.660004 73.760002 -4786.000000 -40.000000 773.000000
-4.290000 69.790001 75.070000 -4725.000000 169.000000 636.000000
-3.050000 69.989998 76.629997 -4755.000000 414.000000 460.000000
-1.710000 70.230003 78.389999 -4876.000000 586.000000 213.000000
-0.300000 70.410004 80.309998 -5019.000000 733.000000 92.000000
1.190000 70.519997 82.400002 -5014.000000 874.000000 -97.000000
2.790000 70.540001 84.669998 -4843.000000 1065.000000 -206.000000
4.430000 70.500000 87.050003 -4604.000000 1208.000000 -90.000000
6.040000 70.410004 89.480003 -4369.000000 1290.000000 0.000000
7.550000 70.290001 91.900002 -4260.000000 1239.000000 94.000000
8.950000 70.169998 94.300003 -4166.000000 1229.000000 114.000000
10.240000 70.029999 96.669998 -4121.000000 1220.000000 90.000000
11.460000 69.870003 99.019997 -4086.000000 1258.000000 41.000000
12.630000 69.709999 101.400002 -3988.000000 1292.000000 -40.000000
13.780000 69.570000 103.820000 -3785.000000 1263.000000 12.000000
14.840000 69.470001 106.220001 -3690.000000 1187.000000 202.000000
15.750000 69.400002 108.540001 -3654.000000 1061.000000 375.000000
16.600000 69.370003 110.839996 -3569.000000 1001.000000 505.000000
17.480000 69.349998 113.209999 -3452.000000 1074.000000 493.000000
18.309999 69.309998 115.559998 -3293.000000 1077.000000 556.000000
19.080000 69.269997 117.870003 -3074.000000 1073.000000 544.000000
19.709999 69.239998 120.089996 -2970.000000 1004.000000 534.000000
20.170000 69.250000 122.180000 -3016.000000 899.000000 610.000000
20.459999 69.339996 124.129997 -3109.000000 756.000000 663.000000
20.580000 69.500000 125.940002 -3279.000000 596.000000 802.000000
20.549999 69.739998 127.639999 -3410.000000 405.000000 804.000000
20.389999 70.059998 129.229996 -3456.000000 215.000000 861.000000
20.100000 70.410004 130.690002 -3469.000000 83.000000 901.000000
19.639999 70.699997 131.940002 -3389.000000 62.000000 1061.000000
19.020000 70.910004 132.960007 -3214.000000 107.000000 1182.000000
18.260000 71.080002 133.809998 -3114.000000 146.000000 1135.000000
17.230000 71.160004 134.369995 -3161.000000 53.000000 1299.000000
15.980000 71.220001 134.679993 -3207.000000 -110.000000 1347.000000
14.620000 71.290001 134.910004 -3318.000000 -278.000000 1244.000000
13.110000 71.330002 134.940002 -3540.000000 -451.000000 1249.000000
11.410000 71.320000 134.740005 -3738.000000 -695.000000 1371.000000
9.520000 71.250000 134.300003 -3631.000000 -874.000000 1533.000000
7.550000 71.139999 133.669998 -3299.000000 -934.000000 1573.000000
5.530000 70.970001 132.910004 -2976.000000 -955.000000 1632.000000
3.480000 70.760002 132.080002 -2913.000000 -1042.000000 1687.000000
1.450000 70.550003 131.240005 -2933.000000 -1131.000000 1762.000000
-0.550000 70.349998 130.380005 -3065.000000 -1218.000000 1761.000000
-2.540000 70.190002 129.500000 -3163.000000 -1320.000000 1600.000000
-4.490000 70.059998 128.619995 -3207.000000 -1431.000000 1669.000000
-6.380000 69.949997 127.760002 -3296.000000 -1548.000000 1642.000000
-8.400000 69.860001 126.730003 -3371.000000 -1695.000000 1686.000000
-10.460000 69.750000 125.580002 -3480.000000 -1850.000000 1682.000000
-12.460000 69.570000 124.440002 -3528.000000 -1981.000000 1724.000000
-14.350000 69.349998 123.349998 -3427.000000 -2097.000000 1743.000000
-16.059999 69.050003 122.349998 -3322.000000 -2119.000000 1771.000000
-17.600000 68.690002 121.459999 -3416.000000 -2132.000000 1797.000000
-18.969999 68.260002 120.699997 -3573.000000 -2202.000000 1866.000000
-20.170000 67.769997 120.059998 -3688.000000 -2282.000000 1836.000000
-21.160000 67.220001 119.550003 -3652.000000 -2307.000000 1908.000000
-22.000000 66.650002 119.129997 -3602.000000 -2298.000000 1960.000000
-22.799999 66.129997 118.690002 -3535.000000 -2306.000000 1984.000000
-23.559999 65.660004 118.260002 -3482.000000 -2315.000000 2019.000000
-24.280001 65.230003 117.820000 -3435.000000 -2273.000000 2061.000000
-24.950001 64.839996 117.400002 -3371.000000 -2232.000000 2056.000000
-25.520000 64.480003 117.040001 -3319.000000 -2150.000000 2031.000000
-25.980000 64.139999 116.769997 -3309.000000 -2036.000000 2023.000000
-26.370001 63.840000 116.550003 -3375.000000 -1918.000000 1978.000000
-26.719999 63.590000 116.360001 -3411.000000 -1831.000000 1828.000000
-27.059999 63.369999 116.160004 -3412.000000 -1723.000000 1790.000000
-27.410000 63.160000 115.930000 -3422.000000 -1686.000000 1795.000000
-27.770000 62.990002 115.680000 -3358.000000 -1583.000000 1660.000000
-28.139999 62.830002 115.400002 -3324.000000 -1499.000000 1669.000000
-28.490000 62.709999 115.099998 -3337.000000 -1376.000000 1655.000000
-28.870001 62.599998 114.769997 -3294.000000 -1271.000000 1596.000000
-29.270000 62.500000 114.419998 -3361.000000 -1212.000000 1508.000000
-29.650000 62.380001 114.089996 -3504.000000 -1189.000000 1501.000000
-29.969999 62.230000 113.800003 -3480.000000 -1079.000000 1500.000000
-30.250000 62.070000 113.550003 -3281.000000 -995.000000 1199.000000
-30.350000 61.830002 113.449997 -3618.000000 -1122.000000 1691.000000
-30.350000 61.590000 113.550003 -4152.000000 -1246.000000 2152.000000
-30.510000 61.560001 113.419998 -4027.000000 -1075.000000 1828.000000
-30.559999 61.480000 113.370003 -3983.000000 -835.000000 1841.000000
-30.480000 61.360001 113.440002 -3762.000000 -732.000000 1674.000000
-30.250000 61.180000 113.620003 -3599.000000 -630.000000 1994.000000
-30.100000 61.029999 113.699997 -3393.000000 -559.000000 1770.000000
-30.020000 60.860001 113.739998 -3549.000000 -653.000000 1985.000000
-30.049999 60.689999 113.709999 -3754.000000 -799.000000 1942.000000
-30.059999 60.509998 113.680000 -3728.000000 -827.000000 1936.000000
-30.030001 60.279999 113.680000 -3702.000000 -918.000000 2024.000000
-29.959999 60.009998 113.709999 -3625.000000 -1001.000000 2051.000000
-29.879999 59.709999 113.750000 -3594.000000 -1127.000000 2131.000000
-29.840000 59.450001 113.739998 -3626.000000 -1187.000000 1948.000000
-29.870001 59.220001 113.669998 -3772.000000 -1360.000000 1855.000000
-29.969999 58.990002 113.519997 -3524.000000 -1347.000000 1760.000000
-30.049999 58.779999 113.339996 -3318.000000 -1368.000000 1762.000000
-30.200001 58.560001 113.129997 -3260.000000 -1474.000000 1932.000000
-30.400000 58.430000 112.849998 -3352.000000 -1614.000000 1952.000000
-30.639999 58.330002 112.589996 -3501.000000 -1920.000000 2086.000000
-30.879999 58.230000 112.320000 -3528.000000 -2263.000000 2341.000000
-31.120001 58.130001 112.010002 -3646.000000 -2567.000000 2315.000000
-31.280001 58.060001 111.739998 -3703.000000 -2728.000000 2445.000000
-31.360001 58.070000 111.529999 -3795.000000 -2852.000000 2408.000000
-31.370001 58.090000 111.379997 -3935.000000 -2974.000000 2331.000000
-31.260000 58.070000 111.330002 -3979.000000 -3108.000000 2231.000000
-30.950001 57.990002 111.440002 -4021.000000 -3249.000000 2046.000000
-30.410000 57.779999 111.730003 -4098.000000 -3343.000000 1998.000000
-29.650000 57.439999 112.199997 -3990.000000 -3392.000000 1902.000000
-28.680000 56.930000 112.830002 -3717.000000 -3399.000000 1806.000000
-27.540001 56.270000 113.540001 -3295.000000 -3311.000000 1757.000000
-26.280001 55.470001 114.300003 -2841.000000 -3212.000000 1726.000000
-24.969999 54.580002 115.029999 -2478.000000 -2995.000000 1673.000000
-23.670000 53.660000 115.690002 -2355.000000 -2839.000000 1639.000000
-22.430000 52.750000 116.269997 -2254.000000 -2732.000000 1579.000000
-21.209999 51.880001 116.760002 -2202.000000 -2571.000000 1558.000000
-20.030001 50.990002 117.160004 -2268.000000 -2335.000000 1612.000000
-18.900000 50.099998 117.470001 -2361.000000 -2026.000000 1652.000000
-17.799999 49.220001 117.699997 -2465.000000 -1739.000000 1674.000000
-16.730000 48.320000 117.919998 -2662.000000 -1468.000000 1715.000000
-15.700000 47.369999 118.080002 -2847.000000 -1256.000000 1740.000000
-14.710000 46.340000 118.160004 -2875.000000 -1036.000000 1776.000000
-13.750000 45.250000 118.150002 -2737.000000 -760.000000 1711.000000
-12.810000 44.169998 118.029999 -2505.000000 -453.000000 1600.000000
-11.940000 43.130001 117.790001 -2311.000000 -180.000000 1427.000000
-11.170000 42.169998 117.430000 -2424.000000 123.000000 1371.000000
-10.540000 41.290001 116.940002 -2700.000000 343.000000 1323.000000
-10.010000 40.450001 116.349998 -2967.000000 599.000000 1402.000000
-9.580000 39.570000 115.680000 -3131.000000 726.000000 1501.000000
-9.220000 38.639999 114.959999 -3006.000000 726.000000 1727.000000
-8.910000 37.700001 114.180000 -2774.000000 748.000000 1807.000000
-8.640000 36.770000 113.379997 -2558.000000 820.000000 2020.000000
-8.410000 35.930000 112.550003 -2568.000000 997.000000 2195.000000
-8.240000 35.180000 111.720001 -2846.000000 1170.000000 2330.000000
-8.170000 34.509998 110.889999 -3076.000000 1305.000000 2442.000000
-8.160000 33.860001 110.070000 -3134.000000 1350.000000 2422.000000
-8.180000 33.160000 109.279999 -3190.000000 1333.000000 2556.000000
