14.820000 52.590000 79.269997 -14.550000 -64.010002 0.000000 4088.000000 -1331.000000 2670.000000 -1504.000000 -5045.000000 2981.000000 
14.670000 54.090000 79.620003 -13.640000 -63.360001 0.000000 5329.000000 -775.000000 3495.000000 -2115.000000 -5808.000000 3068.000000 
14.800000 54.740002 79.330002 -13.040000 -62.700001 0.000000 4868.000000 -2168.000000 3170.000000 454.000000 -5272.000000 3090.000000 
15.160000 54.240002 78.809998 -12.230000 -61.820000 0.000000 1424.000000 -636.000000 129.000000 -557.000000 -5884.000000 2528.000000 
14.800000 53.380001 77.669998 -11.250000 -60.200001 0.000000 5378.000000 -70.000000 148.000000 972.000000 -6870.000000 3913.000000 
15.160000 52.240002 76.559998 -10.680000 -58.330002 0.000000 7560.000000 -668.000000 1937.000000 413.000000 -8324.000000 5182.000000 
16.590000 51.169998 75.820000 -10.150000 -55.939999 0.000000 7676.000000 -1525.000000 3574.000000 -746.000000 -8677.000000 4833.000000 
19.070000 50.209999 75.550003 -9.240000 -52.980000 0.000000 7038.000000 -1572.000000 3619.000000 -195.000000 -7385.000000 4100.000000 
22.299999 49.610001 75.760002 -7.960000 -49.849998 0.000000 5929.000000 -1439.000000 2816.000000 -16.000000 -5923.000000 2960.000000 
25.719999 49.439999 76.110001 -6.560000 -46.700001 0.000000 4984.000000 -1475.000000 2914.000000 -18.000000 -5208.000000 2416.000000 
29.040001 49.849998 76.400002 -5.250000 -43.639999 0.000000 4135.000000 -1588.000000 3132.000000 -397.000000 -4695.000000 2116.000000 
31.830000 50.840000 76.379997 -3.950000 -40.689999 0.000000 3503.000000 -1375.000000 2948.000000 -829.000000 -4578.000000 2005.000000 
34.430000 52.169998 76.320000 -2.700000 -37.820000 0.000000 2972.000000 -1163.000000 2791.000000 -1233.000000 -4325.000000 1726.000000 
37.230000 53.590000 76.449997 -1.660000 -34.840000 0.000000 2273.000000 -1042.000000 2629.000000 -1504.000000 -4485.000000 1862.000000 
40.389999 54.919998 76.820000 -0.770000 -31.549999 0.000000 1668.000000 -791.000000 2637.000000 -1923.000000 -4722.000000 1965.000000 
43.860001 55.990002 77.389999 0.340000 -27.850000 0.000000 912.000000 -398.000000 2498.000000 -2571.000000 -4107.000000 1110.000000 
47.439999 56.770000 77.980003 1.680000 -23.660000 0.000000 647.000000 -95.000000 2490.000000 -3093.000000 -2619.000000 -492.000000 
50.869999 57.240002 78.379997 3.210000 -19.030001 0.000000 768.000000 201.000000 2365.000000 -3028.000000 -467.000000 -1901.000000 
54.060001 57.500000 78.540001 4.360000 -14.470000 0.000000 839.000000 177.000000 2727.000000 -2308.000000 403.000000 -1526.000000 
56.910000 57.759998 78.459999 5.360000 -10.270000 0.000000 587.000000 308.000000 2981.000000 -1581.000000 458.000000 -711.000000 
59.410000 58.119999 78.250000 6.060000 -7.100000 0.000000 228.000000 365.000000 3458.000000 -1912.000000 83.000000 -458.000000 
61.860001 58.580002 78.220001 6.560000 -4.210000 0.000000 231.000000 357.000000 3999.000000 -2747.000000 673.000000 -671.000000 
64.040001 59.320000 78.379997 7.350000 -1.770000 0.000000 -960.000000 1173.000000 3620.000000 -3499.000000 870.000000 -982.000000 
66.169998 60.200001 78.900002 7.870000 0.410000 0.000000 -1007.000000 536.000000 3820.000000 -4166.000000 1078.000000 -1617.000000 
68.139999 61.220001 79.580002 8.580000 2.600000 0.000000 -1600.000000 1095.000000 3378.000000 -4208.000000 1235.000000 -1471.000000 
69.650002 62.250000 80.330002 9.200000 4.710000 0.000000 -1543.000000 1035.000000 3518.000000 -4254.000000 1205.000000 -1415.000000 
70.820000 63.330002 81.010002 9.850000 6.730000 0.000000 -763.000000 1326.000000 3884.000000 -4737.000000 1634.000000 -1829.000000 
71.800003 64.419998 81.650002 10.510000 8.880000 0.000000 -1449.000000 1393.000000 3680.000000 -3885.000000 1861.000000 -1137.000000 
72.349998 65.510002 82.230003 11.100000 10.050000 0.000000 -575.000000 1293.000000 3975.000000 -3970.000000 510.000000 -1323.000000 
73.080002 66.629997 83.000000 11.520000 10.970000 0.000000 -1137.000000 1032.000000 3933.000000 -4096.000000 601.000000 -993.000000 
73.680000 67.699997 83.900002 12.190000 11.160000 0.000000 -3757.000000 2245.000000 3108.000000 -3431.000000 -613.000000 -641.000000 
74.059998 68.709999 84.980003 12.500000 11.390000 0.000000 -762.000000 955.000000 3973.000000 -4584.000000 192.000000 -1420.000000 
74.250000 69.809998 85.900002 13.060000 11.500000 0.000000 -1332.000000 1146.000000 3471.000000 -4694.000000 369.000000 -1159.000000 
73.839996 70.889999 86.559998 13.350000 11.100000 0.000000 -4117.000000 402.000000 3497.000000 -4212.000000 -316.000000 -789.000000 
73.059998 71.959999 87.059998 13.190000 10.670000 0.000000 246.000000 865.000000 4300.000000 -4744.000000 325.000000 -1069.000000 
71.419998 73.129997 86.709999 13.220000 9.650000 0.000000 -925.000000 587.000000 3826.000000 -4273.000000 -174.000000 105.000000 
68.680000 74.230003 85.529999 12.840000 7.960000 0.000000 315.000000 499.000000 3668.000000 -3961.000000 -1078.000000 622.000000 
64.980003 75.290001 83.290001 12.330000 6.180000 0.000000 662.000000 290.000000 3573.000000 -3391.000000 -1041.000000 1426.000000 
60.150002 76.279999 79.830002 11.740000 4.330000 0.000000 833.000000 266.000000 3231.000000 -2888.000000 -1482.000000 2231.000000 
53.779999 77.099998 74.720001 10.840000 2.430000 0.000000 1064.000000 50.000000 3588.000000 -2894.000000 -1095.000000 2303.000000 
45.970001 77.709999 68.000000 9.740000 0.340000 0.000000 1370.000000 -84.000000 3728.000000 -2772.000000 -1467.000000 2695.000000 
37.099998 78.059998 60.060001 8.460000 -1.830000 0.000000 1284.000000 -234.000000 3228.000000 -2872.000000 -1559.000000 2907.000000 
27.629999 78.099998 51.349998 6.940000 -4.020000 0.000000 1300.000000 -397.000000 3569.000000 -3220.000000 -1290.000000 2655.000000 
18.590000 77.769997 42.900002 5.260000 -6.290000 0.000000 1842.000000 -614.000000 3585.000000 -3202.000000 -1346.000000 2865.000000 
11.750000 76.959999 36.639999 3.160000 -8.910000 0.000000 -2316.000000 -2259.000000 3349.000000 -3007.000000 -1802.000000 2998.000000 
6.400000 76.290001 31.830000 0.870000 -11.760000 0.000000 4216.000000 -939.000000 4495.000000 -3703.000000 -1002.000000 2509.000000 
1.550000 75.720001 27.330000 -1.740000 -14.620000 0.000000 2216.000000 -1208.000000 4507.000000 -2824.000000 -1688.000000 3010.000000 
-1.800000 75.199997 24.350000 -4.530000 -17.490000 0.000000 2009.000000 -1800.000000 4747.000000 -2572.000000 -1285.000000 2468.000000 
-4.330000 74.790001 22.120001 -7.230000 -20.520000 0.000000 1463.000000 -1305.000000 4239.000000 -2670.000000 -1389.000000 2197.000000 
-7.040000 74.190002 19.660000 -9.850000 -23.700001 0.000000 1276.000000 -1306.000000 3918.000000 -2656.000000 -1674.000000 2132.000000 
-10.030000 73.550003 16.740000 -12.270000 -27.200001 0.000000 1850.000000 -1368.000000 3266.000000 -3145.000000 -2106.000000 1998.000000 
-12.150000 72.349998 14.400000 -13.110000 -31.020000 0.000000 2678.000000 -2842.000000 18588.000000 -4194.000000 -2598.000000 1748.000000 
-12.550000 71.949997 13.910000 -12.860000 -34.750000 0.000000 962.000000 -2119.000000 784.000000 -4714.000000 -3478.000000 3095.000000 
-13.280000 71.639999 13.550000 -12.190000 -38.240002 0.000000 2188.000000 -1379.000000 5710.000000 -5417.000000 -4865.000000 4111.000000 
-13.710000 71.980003 13.290000 -11.440000 -40.910000 0.000000 2285.000000 -979.000000 4495.000000 -6381.000000 -4109.000000 3710.000000 
-13.210000 72.059998 13.850000 -10.380000 -42.689999 0.000000 1257.000000 -602.000000 3865.000000 -5389.000000 -3674.000000 3551.000000 
-11.200000 71.790001 15.870000 -9.590000 -43.799999 0.000000 1723.000000 -351.000000 4604.000000 -4473.000000 -510.000000 1828.000000 
-9.270000 71.750000 17.559999 -9.380000 -45.139999 0.000000 1813.000000 -387.000000 4228.000000 -3295.000000 -1572.000000 1653.000000 
-7.430000 71.529999 19.360001 -9.510000 -46.900002 0.000000 1712.000000 -583.000000 4459.000000 -3839.000000 -1892.000000 1784.000000 
-7.600000 71.529999 19.450001 -10.000000 -48.540001 0.000000 1951.000000 -612.000000 4522.000000 -4291.000000 -2621.000000 2472.000000 
-8.240000 71.690002 19.070000 -10.240000 -49.560001 0.000000 1632.000000 -466.000000 4171.000000 -3803.000000 -2487.000000 2161.000000 
-8.290000 71.889999 19.139999 -10.350000 -50.259998 0.000000 1569.000000 -240.000000 4258.000000 -3171.000000 -2240.000000 1939.000000 
-7.550000 72.059998 19.799999 -10.520000 -50.709999 0.000000 1441.000000 -258.000000 4160.000000 -3775.000000 -1428.000000 1300.000000 
-6.610000 72.230003 20.559999 -11.100000 -51.290001 0.000000 725.000000 -534.000000 4003.000000 -4159.000000 -1820.000000 961.000000 
-5.890000 72.389999 21.170000 -11.850000 -51.799999 0.000000 -57.000000 -483.000000 4028.000000 -5082.000000 -2525.000000 1122.000000 
-5.680000 72.589996 21.459999 -12.930000 -52.060001 0.000000 -82.000000 -1160.000000 5135.000000 -5263.000000 -2554.000000 851.000000 
-6.060000 72.879997 21.360001 -14.190000 -52.160000 0.000000 -5029.000000 -3910.000000 6970.000000 -4963.000000 -2752.000000 791.000000 
-7.030000 73.169998 20.820000 -14.870000 -52.299999 0.000000 24.000000 -1696.000000 6810.000000 -5296.000000 -2751.000000 658.000000 
-7.980000 73.459999 20.340000 -15.390000 -52.580002 0.000000 -249.000000 -1986.000000 7448.000000 -5502.000000 -2892.000000 595.000000 
-8.470000 73.809998 20.320000 -15.610000 -53.000000 0.000000 -395.000000 -1938.000000 7463.000000 -5745.000000 -2977.000000 428.000000 
-8.410000 74.239998 20.920000 -15.510000 -53.480000 0.000000 -634.000000 -1784.000000 7222.000000 -6127.000000 -2950.000000 313.000000 
-7.730000 74.779999 22.240000 -15.070000 -53.880001 0.000000 -840.000000 -1611.000000 7067.000000 -6323.000000 -2674.000000 98.000000 
-6.410000 75.410004 24.370001 -14.320000 -54.180000 0.000000 -991.000000 -1396.000000 6684.000000 -6018.000000 -2365.000000 -162.000000 
-4.450000 76.080002 27.290001 -13.310000 -54.340000 0.000000 -1108.000000 -1159.000000 6207.000000 -5888.000000 -2263.000000 -227.000000 
-1.880000 76.709999 30.920000 -12.120000 -54.389999 0.000000 -1221.000000 -981.000000 5843.000000 -5592.000000 -2089.000000 -308.000000 
1.470000 77.250000 35.439999 -10.840000 -54.299999 0.000000 -1204.000000 -840.000000 5468.000000 -5288.000000 -1888.000000 -360.000000 
5.490000 77.669998 40.709999 -9.570000 -54.090000 0.000000 -1295.000000 -754.000000 4955.000000 -5011.000000 -1638.000000 -351.000000 
9.990000 77.949997 46.570000 -8.240000 -53.779999 0.000000 -1122.000000 -699.000000 4871.000000 -4796.000000 -1693.000000 -327.000000 
14.860000 78.110001 52.910000 -6.910000 -53.400002 0.000000 -948.000000 -597.000000 4628.000000 -4479.000000 -1482.000000 -243.000000 
19.950001 78.160004 59.509998 -5.660000 -52.950001 0.000000 -689.000000 -518.000000 4495.000000 -4179.000000 -1367.000000 -163.000000 
25.000000 78.110001 66.180000 -4.580000 -52.480000 0.000000 -501.000000 -501.000000 4296.000000 -3870.000000 -1365.000000 -62.000000 
29.670000 78.019997 72.589996 -3.760000 -52.049999 0.000000 -272.000000 -510.000000 4218.000000 -3589.000000 -1459.000000 58.000000 
34.070000 77.930000 78.820000 -3.040000 -51.619999 0.000000 -75.000000 -508.000000 4118.000000 -3291.000000 -1518.000000 187.000000 
38.430000 77.839996 85.070000 -2.440000 -51.130001 0.000000 85.000000 -547.000000 3937.000000 -3041.000000 -1409.000000 341.000000 
43.209999 77.680000 91.779999 -1.850000 -50.509998 0.000000 264.000000 -524.000000 3839.000000 -2897.000000 -1263.000000 490.000000 
48.270000 77.430000 98.800003 -1.270000 -49.750000 0.000000 400.000000 -553.000000 3674.000000 -2654.000000 -1069.000000 593.000000 
53.360001 77.050003 105.980003 -0.680000 -48.849998 0.000000 539.000000 -554.000000 3469.000000 -2276.000000 -925.000000 722.000000 
58.279999 76.690002 113.059998 -0.020000 -47.919998 0.000000 708.000000 -504.000000 3212.000000 -1922.000000 -861.000000 834.000000 
62.950001 76.440002 120.019997 0.760000 -46.990002 0.000000 965.000000 -440.000000 3117.000000 -1655.000000 -792.000000 954.000000 
67.449997 76.309998 126.919998 1.580000 -46.230000 0.000000 1129.000000 -371.000000 2970.000000 -1337.000000 -802.000000 1002.000000 
71.690002 76.360001 133.699997 2.450000 -45.840000 0.000000 1226.000000 -265.000000 2838.000000 -1355.000000 -966.000000 1151.000000 
75.570000 76.699997 140.100006 3.340000 -46.029999 0.000000 1309.000000 -205.000000 2600.000000 -1425.000000 -1066.000000 1024.000000 
78.360001 77.279999 145.369995 4.130000 -46.680000 0.000000 1197.000000 -200.000000 2341.000000 -1674.000000 -1254.000000 1045.000000 
80.339996 77.949997 149.750000 4.710000 -47.740002 0.000000 1045.000000 -253.000000 2103.000000 -1952.000000 -1362.000000 998.000000 
80.680000 78.550003 152.429993 5.020000 -48.869999 0.000000 891.000000 -305.000000 1941.000000 -2363.000000 -1401.000000 1095.000000 
79.769997 79.160004 153.789993 4.930000 -50.259998 0.000000 797.000000 -611.000000 2026.000000 -2263.000000 -1771.000000 997.000000 
83.019997 79.699997 159.210007 4.600000 -51.389999 0.000000 848.000000 -756.000000 2601.000000 -2812.000000 -1451.000000 1058.000000 
81.550003 80.190002 159.779999 4.060000 -52.639999 0.000000 843.000000 -1313.000000 2856.000000 -1379.000000 -2684.000000 1223.000000 
78.820000 80.839996 159.389999 3.600000 -53.880001 0.000000 1070.000000 -885.000000 2066.000000 -1624.000000 -3020.000000 1562.000000 
76.010002 81.400002 158.610001 3.090000 -54.880001 0.000000 1261.000000 -1093.000000 2659.000000 -2058.000000 -2654.000000 1482.000000 
71.639999 82.029999 156.160004 2.410000 -55.910000 0.000000 1292.000000 -1361.000000 2902.000000 -2259.000000 -3081.000000 1670.000000 
64.629997 82.510002 151.059998 1.740000 -56.779999 0.000000 1312.000000 -1409.000000 2921.000000 -1978.000000 -3160.000000 1675.000000 
55.270000 82.790001 143.600006 0.970000 -57.450001 0.000000 1376.000000 -1589.000000 3040.000000 -1941.000000 -3058.000000 1714.000000 
44.750000 82.949997 135.000000 0.060000 -58.009998 0.000000 1455.000000 -1783.000000 3475.000000 -1651.000000 -2926.000000 1711.000000 
33.950001 82.989998 126.050003 -0.940000 -58.610001 0.000000 1345.000000 -1905.000000 3661.000000 -1610.000000 -3042.000000 1762.000000 
22.830000 82.910004 116.709999 -1.970000 -59.299999 0.000000 1339.000000 -2121.000000 3784.000000 -1787.000000 -2981.000000 1769.000000 
12.380000 82.620003 107.800003 -2.980000 -60.150002 0.000000 1399.000000 -2286.000000 3835.000000 -2148.000000 -3320.000000 1863.000000 
3.160000 82.260002 99.980003 -3.950000 -60.990002 0.000000 1496.000000 -2272.000000 3747.000000 -2106.000000 -3286.000000 1933.000000 
-5.530000 81.879997 92.620003 -4.870000 -61.810001 0.000000 1801.000000 -2274.000000 3905.000000 -2075.000000 -3526.000000 2211.000000 
-13.260000 81.410004 86.040001 -5.740000 -62.630001 0.000000 2017.000000 -2213.000000 3947.000000 -1830.000000 -3755.000000 2372.000000 
-19.959999 80.879997 80.300003 -6.560000 -63.529999 0.000000 2055.000000 -2145.000000 3919.000000 -1854.000000 -4145.000000 2446.000000 
-25.740000 80.320000 75.320000 -7.330000 -64.370003 0.000000 1874.000000 -2101.000000 3715.000000 -2269.000000 -4257.000000 2485.000000 
-30.209999 79.709999 71.449997 -8.040000 -64.970001 0.000000 1711.000000 -2039.000000 3556.000000 -2608.000000 -4107.000000 2373.000000 
-33.150002 79.040001 68.940002 -8.740000 -65.180000 0.000000 1533.000000 -2000.000000 3409.000000 -2842.000000 -3873.000000 2261.000000 
-34.529999 78.339996 67.900002 -9.500000 -64.980003 0.000000 1410.000000 -1996.000000 3519.000000 -2908.000000 -3588.000000 2128.000000 
-34.950001 77.599998 67.730003 -10.330000 -64.370003 0.000000 1358.000000 -2055.000000 3855.000000 -2962.000000 -3350.000000 2154.000000 
-34.490002 76.779999 68.370003 -11.230000 -63.599998 0.000000 1444.000000 -2191.000000 4086.000000 -2842.000000 -3209.000000 2153.000000 
-33.349998 75.940002 69.680000 -12.170000 -62.900002 0.000000 1617.000000 -2311.000000 4394.000000 -2733.000000 -3363.000000 2233.000000 
-32.279999 75.080002 70.910004 -13.050000 -62.220001 0.000000 1708.000000 -2347.000000 4584.000000 -2761.000000 -3495.000000 2316.000000 
-31.530001 74.209999 71.870003 -13.790000 -61.549999 0.000000 1807.000000 -2307.000000 4647.000000 -2757.000000 -3563.000000 2338.000000 
-31.059999 73.360001 72.550003 -14.400000 -60.900002 0.000000 1755.000000 -2159.000000 4518.000000 -2901.000000 -3665.000000 2348.000000 
-30.700001 72.599998 73.129997 -14.950000 -60.060001 0.000000 1627.000000 -2057.000000 4334.000000 -3079.000000 -3505.000000 2297.000000 
-30.330000 71.949997 73.769997 -15.440000 -59.220001 0.000000 1553.000000 -1935.000000 4122.000000 -3063.000000 -3364.000000 2217.000000 
-29.809999 71.459999 74.440002 -15.970000 -58.340000 0.000000 1543.000000 -1976.000000 3983.000000 -2953.000000 -3167.000000 2135.000000 
-29.080000 71.040001 75.290001 -16.490000 -57.400002 0.000000 1552.000000 -1795.000000 4018.000000 -2722.000000 -3034.000000 2106.000000 
-28.490000 70.620003 76.019997 -17.010000 -56.540001 0.000000 1647.000000 -1806.000000 4171.000000 -2507.000000 -2969.000000 2104.000000 
-28.160000 70.309998 76.470001 -17.520000 -55.610001 0.000000 1632.000000 -1843.000000 4290.000000 -2542.000000 -2852.000000 2102.000000 
-27.969999 70.059998 76.699997 -17.959999 -54.880001 0.000000 1559.000000 -1865.000000 4369.000000 -2638.000000 -2742.000000 2022.000000 
-27.510000 69.940002 77.180000 -18.299999 -54.549999 0.000000 1425.000000 -1836.000000 4355.000000 -2836.000000 -2689.000000 1941.000000 
-27.030001 69.949997 77.680000 -18.520000 -54.439999 0.000000 1294.000000 -1769.000000 4329.000000 -2980.000000 -2650.000000 1815.000000 
-27.180000 70.110001 77.559998 -18.590000 -54.450001 0.000000 1134.000000 -1652.000000 4179.000000 -3085.000000 -2628.000000 1743.000000 
-27.450001 70.339996 77.330002 -18.590000 -54.590000 0.000000 1119.000000 -1583.000000 4103.000000 -3025.000000 -2578.000000 1636.000000 
-27.830000 70.589996 77.059998 -18.459999 -54.619999 0.000000 1108.000000 -1405.000000 4037.000000 -2928.000000 -2499.000000 1630.000000 
-28.430000 70.910004 76.559998 -18.299999 -54.580002 0.000000 1103.000000 -1329.000000 4018.000000 -2938.000000 -2323.000000 1581.000000 
-28.980000 71.239998 76.099998 -18.040001 -54.590000 0.000000 1052.000000 -1108.000000 3775.000000 -2996.000000 -2193.000000 1534.000000 
-29.299999 71.540001 75.800003 -17.889999 -54.720001 0.000000 921.000000 -1067.000000 3543.000000 -3163.000000 -2193.000000 1440.000000 
-29.719999 71.739998 75.419998 -17.809999 -54.869999 0.000000 795.000000 -998.000000 3434.000000 -3313.000000 -2196.000000 1407.000000 
-30.010000 71.889999 75.150002 -17.850000 -54.919998 0.000000 756.000000 -992.000000 3350.000000 -3243.000000 -2050.000000 1341.000000 
-29.420000 71.839996 75.739998 -18.120001 -54.820000 0.000000 783.000000 -1138.000000 3477.000000 -3312.000000 -1956.000000 1383.000000 
-28.459999 71.760002 76.680000 -18.330000 -54.549999 0.000000 989.000000 -1115.000000 3710.000000 -3130.000000 -2125.000000 1549.000000 
-27.299999 71.620003 77.820000 -18.610001 -54.200001 0.000000 1205.000000 -1271.000000 3953.000000 -3133.000000 -2360.000000 1755.000000 
-26.299999 71.540001 78.839996 -18.780001 -53.580002 0.000000 1461.000000 -1297.000000 4259.000000 -2948.000000 -2394.000000 1861.000000 
-25.500000 71.519997 79.629997 -18.850000 -52.730000 0.000000 1610.000000 -1302.000000 4385.000000 -2825.000000 -2381.000000 1973.000000 
-25.070000 71.580002 80.070000 -18.799999 -51.810001 0.000000 1681.000000 -1231.000000 4408.000000 -2700.000000 -2303.000000 1993.000000 
-24.889999 71.680000 80.250000 -18.610001 -51.040001 0.000000 1599.000000 -1086.000000 4197.000000 -2646.000000 -2236.000000 1919.000000 
-24.709999 71.870003 80.370003 -18.340000 -51.200001 0.000000 1211.000000 -1008.000000 4093.000000 -3041.000000 -2386.000000 1701.000000 
-24.980000 71.900002 80.019997 -18.180000 -51.619999 0.000000 1092.000000 -1312.000000 4771.000000 -5150.000000 -3120.000000 1773.000000 
-23.660000 72.239998 81.230003 -18.219999 -52.340000 0.000000 -2062.000000 -2451.000000 2033.000000 -4127.000000 -4760.000000 3169.000000 
-21.480000 72.510002 83.230003 -17.450001 -50.900002 0.000000 1766.000000 -703.000000 4503.000000 -2914.000000 -685.000000 1126.000000 
-20.350000 72.650002 84.279999 -17.070000 -49.610001 0.000000 1096.000000 -808.000000 4032.000000 -2909.000000 -1105.000000 1569.000000 
-18.559999 72.739998 86.000000 -17.049999 -49.250000 0.000000 738.000000 -1074.000000 4199.000000 -3236.000000 -1376.000000 1330.000000 
-17.950001 72.769997 86.699997 -16.900000 -49.380001 0.000000 1104.000000 -1124.000000 4892.000000 -5043.000000 -1992.000000 1351.000000 
-17.559999 72.650002 87.320000 -16.680000 -49.520000 0.000000 242.000000 -791.000000 3991.000000 -4732.000000 -1528.000000 1093.000000 
-17.500000 72.360001 87.589996 -16.500000 -49.529999 0.000000 855.000000 -860.000000 4117.000000 -3706.000000 -1781.000000 1497.000000 
-17.440001 71.970001 87.779999 -16.360001 -49.830002 0.000000 1072.000000 -886.000000 4243.000000 -3225.000000 -2286.000000 1668.000000 
-17.670000 71.480003 87.620003 -16.200001 -50.279999 0.000000 1245.000000 -856.000000 4246.000000 -2922.000000 -2251.000000 1601.000000 
-17.790001 70.980003 87.459999 -15.990000 -50.520000 0.000000 1294.000000 -695.000000 3645.000000 -2820.000000 -2092.000000 1584.000000 
-17.709999 70.470001 87.419998 -15.740000 -50.650002 0.000000 1118.000000 -738.000000 3758.000000 -3106.000000 -2026.000000 1504.000000 
-17.959999 69.550003 87.070000 -15.800000 -51.209999 0.000000 406.000000 -1250.000000 4510.000000 -3706.000000 -3629.000000 2206.000000 
-18.610001 68.519997 86.139999 -15.720000 -50.459999 0.000000 2675.000000 -1117.000000 3527.000000 -1585.000000 -2665.000000 2582.000000 
-17.840000 67.610001 86.339996 -15.690000 -49.270000 0.000000 2261.000000 -1211.000000 3621.000000 -1879.000000 -1923.000000 1960.000000 
-16.020000 67.110001 87.599998 -15.840000 -49.110001 0.000000 1463.000000 -1446.000000 3487.000000 -3523.000000 -1937.000000 1645.000000 
-13.760000 66.599998 89.370003 -15.700000 -48.849998 0.000000 1371.000000 -1125.000000 3143.000000 -3542.000000 -2352.000000 2031.000000 
-11.600000 66.129997 91.110001 -15.370000 -47.930000 0.000000 1829.000000 -1153.000000 3581.000000 -2515.000000 -1977.000000 1790.000000 
-11.200000 65.870003 91.379997 -14.880000 -47.040001 0.000000 2102.000000 -1060.000000 3873.000000 -2577.000000 -1842.000000 1777.000000 
-11.140000 65.860001 91.470001 -14.310000 -46.630001 0.000000 2214.000000 -920.000000 3877.000000 -2723.000000 -1987.000000 1829.000000 
-11.060000 65.959999 91.510002 -13.640000 -46.500000 0.000000 2275.000000 -731.000000 3977.000000 -2944.000000 -2031.000000 1753.000000 
-11.170000 66.150002 91.379997 -13.030000 -46.459999 0.000000 2307.000000 -650.000000 4117.000000 -3077.000000 -2044.000000 1697.000000 
-11.450000 66.410004 91.089996 -12.530000 -46.570000 0.000000 2018.000000 -635.000000 3950.000000 -3189.000000 -2162.000000 1722.000000 
-11.490000 66.629997 90.989998 -12.200000 -46.619999 0.000000 1924.000000 -653.000000 3788.000000 -3056.000000 -2000.000000 1669.000000 
-10.700000 66.559998 91.559998 -12.050000 -45.959999 0.000000 2502.000000 -537.000000 2717.000000 1558.000000 574.000000 1239.000000 
-9.670000 66.580002 92.309998 -12.120000 -46.189999 0.000000 2436.000000 -943.000000 3530.000000 -4273.000000 -1411.000000 1428.000000 
-10.320000 66.599998 91.650002 -12.110000 -47.750000 0.000000 2032.000000 -836.000000 3417.000000 -5601.000000 -5408.000000 3844.000000 
-10.790000 66.860001 91.300003 -12.070000 -47.590000 0.000000 2347.000000 -778.000000 3417.000000 -3345.000000 -2876.000000 2513.000000 
-10.940000 67.000000 91.160004 -12.130000 -45.740002 0.000000 2104.000000 -492.000000 2239.000000 -1720.000000 -1792.000000 2269.000000 
-11.110000 67.220001 90.830002 -12.460000 -44.270000 0.000000 929.000000 2826.000000 -5601.000000 -259.000000 -2358.000000 2647.000000 
-12.760000 65.830002 88.910004 -13.880000 -42.299999 0.000000 6904.000000 488.000000 4984.000000 707.000000 -91.000000 1024.000000 
-13.640000 64.190002 87.580002 -15.510000 -41.459999 0.000000 -750.000000 -3008.000000 4885.000000 -1806.000000 -1072.000000 750.000000 
-15.690000 62.669998 85.529999 -16.830000 -41.250000 0.000000 200.000000 -2911.000000 7748.000000 -2363.000000 -3006.000000 3057.000000 
-17.930000 61.540001 83.419998 -17.280001 -40.400002 0.000000 2771.000000 -2599.000000 5019.000000 -1283.000000 -3861.000000 3605.000000 
-20.530001 60.770000 81.139999 -17.030001 -39.810001 0.000000 3247.000000 -2641.000000 5300.000000 -3399.000000 -3583.000000 3545.000000 
-23.139999 60.590000 78.900002 -16.580000 -39.480000 0.000000 3164.000000 -2785.000000 6240.000000 -3768.000000 -3448.000000 2971.000000 
-25.639999 60.400002 76.860001 -15.990000 -39.419998 0.000000 3048.000000 -2772.000000 6071.000000 -4126.000000 -3011.000000 2783.000000 
-28.010000 60.299999 74.930000 -15.290000 -39.959999 0.000000 2696.000000 -2611.000000 5486.000000 -4287.000000 -3871.000000 3495.000000 
-30.070000 60.330002 73.290001 -14.550000 -40.869999 0.000000 2583.000000 -2541.000000 5305.000000 -4063.000000 -4050.000000 3547.000000 
-31.790001 60.400002 71.900002 -13.940000 -41.939999 0.000000 2296.000000 -2350.000000 4723.000000 -3708.000000 -4192.000000 3666.000000 
-33.110001 60.400002 70.809998 -13.670000 -43.160000 0.000000 1605.000000 -2288.000000 3987.000000 -3668.000000 -4051.000000 3131.000000 
-34.209999 60.270000 69.970001 -13.880000 -44.500000 0.000000 1246.000000 -2374.000000 3715.000000 -3394.000000 -3862.000000 2295.000000 
-35.049999 59.830002 69.360001 -14.630000 -45.900002 0.000000 1093.000000 -2661.000000 3744.000000 -2865.000000 -3645.000000 1593.000000 
-35.730000 59.200001 68.930000 -15.880000 -47.389999 0.000000 838.000000 -3080.000000 3899.000000 -2585.000000 -3453.000000 1188.000000 
-36.310001 58.410000 68.610001 -17.459999 -49.080002 0.000000 416.000000 -3462.000000 4125.000000 -2207.000000 -3300.000000 724.000000 
-36.980000 57.560001 68.309998 -19.170000 -51.110001 0.000000 673.000000 -3661.000000 4431.000000 -2030.000000 -3557.000000 463.000000 
-37.639999 56.759998 68.099998 -20.870001 -53.540001 0.000000 1023.000000 -3723.000000 4326.000000 -1919.000000 -4236.000000 737.000000 
-38.169998 56.090000 68.019997 -22.480000 -56.320000 0.000000 1363.000000 -3692.000000 4062.000000 -1727.000000 -4976.000000 1213.000000 
-38.430000 55.599998 68.110001 -23.860001 -59.340000 0.000000 1817.000000 -3454.000000 3910.000000 -1419.000000 -5879.000000 1841.000000 
-38.240002 55.299999 68.379997 -25.020000 -62.259998 0.000000 2110.000000 -3194.000000 3694.000000 -1311.000000 -6633.000000 2910.000000 
-37.610001 55.180000 68.709999 -25.900000 -64.730003 0.000000 2357.000000 -3127.000000 3496.000000 -1079.000000 -6782.000000 3363.000000 
-36.570000 55.279999 68.989998 -26.370001 -66.489998 0.000000 1857.000000 -2825.000000 3496.000000 -626.000000 -6387.000000 3395.000000 
-34.919998 55.540001 69.540001 -26.590000 -67.550003 0.000000 1970.000000 -2779.000000 3035.000000 -413.000000 -5322.000000 3052.000000 
-32.470001 55.980000 70.470001 -26.670000 -68.699997 0.000000 848.000000 -2360.000000 2114.000000 -135.000000 -4491.000000 2224.000000 
-29.200001 56.509998 72.010002 -26.530001 -70.110001 0.000000 236.000000 -1521.000000 1104.000000 38.000000 -3606.000000 1426.000000 
-25.639999 56.759998 73.870003 -26.410000 -71.349998 0.000000 551.000000 -1115.000000 608.000000 285.000000 -3049.000000 1414.000000 
-22.100000 56.689999 75.680000 -25.709999 -72.050003 0.000000 1000.000000 -442.000000 700.000000 425.000000 -2030.000000 1091.000000 
-18.719999 56.459999 77.279999 -24.730000 -72.220001 0.000000 1239.000000 -374.000000 1489.000000 29.000000 -1670.000000 1182.000000 
-15.510000 56.150002 78.459999 -23.709999 -72.099998 0.000000 1277.000000 -248.000000 1984.000000 -793.000000 -1474.000000 1404.000000 
-12.320000 55.880001 79.290001 -22.719999 -71.720001 0.000000 885.000000 -157.000000 2213.000000 -890.000000 -1039.000000 1304.000000 
-9.170000 55.669998 79.849998 -21.870001 -71.059998 0.000000 386.000000 -191.000000 2332.000000 -1030.000000 -629.000000 1052.000000 
-6.060000 55.480000 80.199997 -21.209999 -70.250000 0.000000 -349.000000 -321.000000 2298.000000 -1543.000000 -446.000000 773.000000 
-3.100000 55.250000 80.309998 -20.610001 -69.330002 0.000000 -797.000000 -297.000000 2767.000000 -2451.000000 2453.000000 -675.000000 
-0.100000 54.889999 80.400002 -20.040001 -68.309998 0.000000 -614.000000 -318.000000 3436.000000 -2552.000000 942.000000 332.000000 
2.660000 54.459999 80.330002 -19.330000 -67.529999 0.000000 -231.000000 -110.000000 3682.000000 -2797.000000 1040.000000 1037.000000 
5.020000 53.990002 80.110001 -18.700001 -67.129997 0.000000 -1213.000000 170.000000 3581.000000 -3636.000000 766.000000 740.000000 
6.840000 53.520000 79.790001 -18.139999 -66.970001 0.000000 -834.000000 571.000000 3462.000000 -3905.000000 408.000000 999.000000 
8.090000 53.139999 79.419998 -17.760000 -66.970001 0.000000 -665.000000 569.000000 3434.000000 -3817.000000 337.000000 1112.000000 
8.690000 52.910000 78.919998 -17.700001 -67.150002 0.000000 -444.000000 359.000000 3895.000000 -3931.000000 247.000000 1117.000000 
8.740000 52.759998 78.199997 -17.850000 -67.519997 0.000000 -415.000000 305.000000 4111.000000 -4193.000000 -97.000000 1264.000000 
8.460000 52.639999 77.360001 -18.160000 -68.059998 0.000000 -102.000000 328.000000 4309.000000 -4663.000000 -616.000000 1422.000000 
8.110000 52.490002 76.489998 -18.639999 -68.680000 0.000000 -12.000000 175.000000 4547.000000 -4882.000000 -1219.000000 1521.000000 
7.790000 52.200001 75.750000 -19.209999 -69.269997 0.000000 285.000000 27.000000 4730.000000 -4945.000000 -1835.000000 1684.000000 
7.510000 51.779999 75.209999 -19.820000 -69.760002 0.000000 696.000000 -162.000000 4923.000000 -4653.000000 -2301.000000 1784.000000 
7.290000 51.299999 74.919998 -20.370001 -70.110001 0.000000 1213.000000 -367.000000 5088.000000 -4330.000000 -2708.000000 1963.000000 
7.080000 50.840000 74.839996 -20.719999 -70.339996 0.000000 2162.000000 -658.000000 5273.000000 -4018.000000 -2976.000000 2087.000000 
6.890000 50.490002 74.910004 -20.950001 -70.470001 0.000000 2410.000000 -706.000000 5189.000000 -3709.000000 -3202.000000 2146.000000 
6.730000 50.310001 75.089996 -21.070000 -70.500000 0.000000 2545.000000 -752.000000 4933.000000 -3405.000000 -3254.000000 2068.000000 
6.600000 50.330002 75.320000 -21.120001 -70.470001 0.000000 2559.000000 -839.000000 4791.000000 -3374.000000 -3251.000000 2062.000000 
6.480000 50.540001 75.610001 -21.100000 -70.440002 0.000000 2486.000000 -993.000000 4763.000000 -3304.000000 -3154.000000 2006.000000 
6.370000 50.910000 75.910004 -21.139999 -70.430000 0.000000 3052.000000 -1438.000000 4981.000000 -3467.000000 -1892.000000 1476.000000 
6.400000 51.320000 76.349998 -20.910000 -70.360001 0.000000 2611.000000 -851.000000 3724.000000 -2848.000000 -3142.000000 1381.000000 
6.580000 51.790001 76.900002 -20.740000 -70.400002 0.000000 2773.000000 -853.000000 4222.000000 -6622.000000 -6400.000000 2576.000000 
6.610000 52.810001 77.519997 -20.730000 -68.800003 0.000000 4043.000000 -1367.000000 5596.000000 -3796.000000 -6598.000000 3607.000000 
6.600000 54.070000 78.309998 -20.670000 -66.709999 0.000000 4337.000000 -2017.000000 6158.000000 407.000000 -2244.000000 2848.000000 
6.320000 54.099998 78.980003 -20.080000 -66.330002 0.000000 5641.000000 -1522.000000 7325.000000 -5197.000000 -6460.000000 2201.000000 
6.830000 54.750000 80.589996 -19.420000 -65.820000 0.000000 4551.000000 -1373.000000 7216.000000 -4339.000000 -6218.000000 2623.000000 
6.520000 55.139999 81.309998 -19.020000 -66.000000 0.000000 5116.000000 -869.000000 5333.000000 -2046.000000 -6001.000000 4209.000000 
6.390000 53.959999 81.099998 -18.480000 -66.089996 0.000000 5525.000000 -36.000000 3185.000000 164.000000 -4408.000000 4373.000000 
6.380000 53.230000 80.589996 -17.510000 -65.480003 0.000000 4354.000000 527.000000 1500.000000 855.000000 -2351.000000 3154.000000 
6.990000 52.959999 80.529999 -16.330000 -64.930000 0.000000 2839.000000 643.000000 1072.000000 353.000000 -1450.000000 2055.000000 
8.630000 53.439999 81.330002 -15.350000 -64.510002 0.000000 1886.000000 202.000000 1397.000000 -656.000000 -1516.000000 1497.000000 
9.590000 54.299999 81.680000 -14.960000 -65.099998 0.000000 1705.000000 -405.000000 2105.000000 -2789.000000 -2314.000000 824.000000 
9.450000 55.299999 81.180000 -15.240000 -66.029999 0.000000 1841.000000 -1177.000000 3210.000000 -4388.000000 -3637.000000 892.000000 
8.170000 56.279999 79.919998 -15.850000 -66.839996 0.000000 1991.000000 -1850.000000 4354.000000 -3976.000000 -3732.000000 903.000000 
6.310000 57.029999 78.239998 -16.500000 -67.529999 0.000000 1616.000000 -2359.000000 5082.000000 -3117.000000 -3317.000000 900.000000 
4.710000 57.540001 76.650002 -16.889999 -68.089996 0.000000 1330.000000 -2054.000000 4316.000000 -2434.000000 -2918.000000 838.000000 
3.620000 57.759998 75.190002 -17.100000 -68.599998 0.000000 1605.000000 -1498.000000 2974.000000 -2373.000000 -2903.000000 674.000000 
3.370000 57.730000 74.349998 -17.330000 -69.040001 0.000000 1702.000000 -1412.000000 2559.000000 -2304.000000 -3066.000000 636.000000 
3.140000 57.639999 73.650002 -17.639999 -69.430000 0.000000 1701.000000 -1580.000000 2830.000000 -2369.000000 -3228.000000 595.000000 
2.380000 57.509998 72.720001 -18.010000 -69.739998 0.000000 1811.000000 -1800.000000 3129.000000 -2570.000000 -3388.000000 567.000000 
1.450000 57.310001 71.690002 -18.400000 -69.910004 0.000000 1977.000000 -1963.000000 3340.000000 -2459.000000 -3355.000000 625.000000 
0.670000 56.950001 70.739998 -18.740000 -69.930000 0.000000 2141.000000 -1966.000000 3340.000000 -2440.000000 -3446.000000 709.000000 
0.520000 56.349998 70.209999 -19.020000 -69.820000 0.000000 2287.000000 -1936.000000 3356.000000 -2405.000000 -3469.000000 812.000000 
1.320000 55.459999 70.419998 -19.219999 -69.589996 0.000000 2423.000000 -1860.000000 3306.000000 -2332.000000 -3461.000000 902.000000 
2.670000 54.630001 71.150002 -19.340000 -69.269997 0.000000 2475.000000 -1789.000000 3330.000000 -2266.000000 -3380.000000 1010.000000 
4.060000 53.869999 71.980003 -19.400000 -68.900002 0.000000 2561.000000 -1737.000000 3362.000000 -2305.000000 -3383.000000 1099.000000 
5.390000 53.299999 72.830002 -19.420000 -68.489998 0.000000 2586.000000 -1701.000000 3409.000000 -2192.000000 -3305.000000 1172.000000 
6.590000 52.799999 73.639999 -19.370001 -68.080002 0.000000 2642.000000 -1582.000000 3321.000000 -2119.000000 -3275.000000 1221.000000 
7.680000 52.450001 74.400002 -19.270000 -67.669998 0.000000 2654.000000 -1477.000000 3265.000000 -2093.000000 -3247.000000 1283.000000 
8.610000 52.230000 75.040001 -19.129999 -67.290001 0.000000 2510.000000 -1393.000000 3165.000000 -2115.000000 -3172.000000 1284.000000 
9.380000 52.160000 75.589996 -18.980000 -66.989998 0.000000 2755.000000 -1337.000000 3177.000000 -2118.000000 -3119.000000 1213.000000 
9.980000 52.230000 76.029999 -18.850000 -66.709999 0.000000 2657.000000 -1374.000000 3213.000000 -2115.000000 -3165.000000 1298.000000 
10.430000 52.360001 76.430000 -18.690001 -66.480003 0.000000 2543.000000 -1350.000000 3233.000000 -2164.000000 -3233.000000 1332.000000 
10.730000 52.630001 76.720001 -18.580000 -66.300003 0.000000 2438.000000 -1411.000000 3287.000000 -2189.000000 -3201.000000 1295.000000 
10.890000 52.959999 76.910004 -18.480000 -66.129997 0.000000 2443.000000 -1400.000000 3288.000000 -2233.000000 -3182.000000 1302.000000 
10.930000 53.299999 77.000000 -18.370001 -66.000000 0.000000 2447.000000 -1385.000000 3270.000000 -2233.000000 -3199.000000 1263.000000 
10.910000 53.700001 77.050003 -18.270000 -65.910004 0.000000 2396.000000 -1389.000000 3285.000000 -2285.000000 -3226.000000 1231.000000 
10.850000 54.130001 77.089996 -18.190001 -65.830002 0.000000 2391.000000 -1407.000000 3355.000000 -2204.000000 -3165.000000 1214.000000 
10.750000 54.529999 77.059998 -18.120001 -65.730003 0.000000 2326.000000 -1409.000000 3366.000000 -2205.000000 -3158.000000 1231.000000 
10.640000 54.930000 77.029999 -17.950001 -65.639999 0.000000 3216.000000 -1178.000000 3142.000000 -2024.000000 -3017.000000 1103.000000 
10.590000 55.340000 77.029999 -17.809999 -65.510002 0.000000 2194.000000 -1354.000000 3200.000000 -2271.000000 -3156.000000 1233.000000 
10.540000 55.639999 77.019997 -17.709999 -65.480003 0.000000 2074.000000 -1309.000000 3242.000000 -2204.000000 -3107.000000 1177.000000 
10.600000 55.990002 77.089996 -17.650000 -65.540001 0.000000 2235.000000 -1304.000000 3215.000000 -2209.000000 -2928.000000 1040.000000 
10.620000 56.299999 77.150002 -17.570000 -65.669998 0.000000 2265.000000 -1268.000000 3219.000000 -2226.000000 -2922.000000 1058.000000 
10.630000 56.529999 77.230003 -17.540001 -65.849998 0.000000 2197.000000 -1291.000000 3280.000000 -2188.000000 -3048.000000 1210.000000 
10.640000 56.689999 77.260002 -17.379999 -66.070000 0.000000 2660.000000 -1010.000000 3280.000000 -2121.000000 -3015.000000 1166.000000 
10.580000 56.790001 77.190002 -17.309999 -66.220001 0.000000 2152.000000 -1243.000000 3290.000000 -2348.000000 -3349.000000 1470.000000 
10.500000 56.880001 77.089996 -17.320000 -66.360001 0.000000 2252.000000 -1273.000000 3291.000000 -2234.000000 -3321.000000 1440.000000 
10.320000 56.910000 76.900002 -17.320000 -66.489998 0.000000 2369.000000 -1283.000000 3327.000000 -2183.000000 -3317.000000 1376.000000 
10.180000 56.799999 76.709999 -17.340000 -66.599998 0.000000 2388.000000 -1326.000000 3352.000000 -2272.000000 -3344.000000 1324.000000 
10.220000 56.619999 76.690002 -17.379999 -66.730003 0.000000 2429.000000 -1351.000000 3363.000000 -2145.000000 -3200.000000 1230.000000 
10.300000 56.389999 76.699997 -17.420000 -66.860001 0.000000 2455.000000 -1363.000000 3311.000000 -2161.000000 -3274.000000 1228.000000 
10.250000 56.200001 76.519997 -17.459999 -66.949997 0.000000 2444.000000 -1384.000000 3287.000000 -2117.000000 -3325.000000 1321.000000 
10.000000 56.049999 76.150002 -17.500000 -67.050003 0.000000 2465.000000 -1349.000000 3240.000000 -2092.000000 -3396.000000 1296.000000 
9.760000 55.939999 75.839996 -17.559999 -67.160004 0.000000 2485.000000 -1392.000000 3259.000000 -2089.000000 -3347.000000 1224.000000 
