20.379999 41.160000 122.309998 -1470.000000 1046.000000 3991.000000
21.420000 41.340000 121.489998 -1492.000000 1184.000000 3821.000000
22.639999 41.799999 120.760002 -1717.000000 1358.000000 3396.000000
24.080000 42.520000 120.190002 -2037.000000 1517.000000 3075.000000
25.620001 43.450001 119.709999 -2374.000000 1566.000000 2902.000000
27.200001 44.549999 119.250000 -2619.000000 1489.000000 2672.000000
28.809999 45.720001 118.809998 -2755.000000 1531.000000 2490.000000
30.430000 46.939999 118.330002 -2865.000000 1435.000000 2257.000000
32.130001 48.169998 117.879997 -2936.000000 1532.000000 2107.000000
33.889999 49.410000 117.500000 -2939.000000 1728.000000 1812.000000
35.619999 50.660000 117.129997 -2953.000000 1841.000000 1493.000000
37.240002 51.880001 116.739998 -3046.000000 1876.000000 929.000000
38.549999 53.049999 116.209999 -3220.000000 1600.000000 993.000000
39.700001 54.029999 115.599998 -2927.000000 2182.000000 261.000000
40.520000 54.860001 114.769997 -2994.000000 1896.000000 57.000000
41.070000 55.599998 113.830002 -3020.000000 1823.000000 -52.000000
41.320000 56.220001 112.720001 -3179.000000 1879.000000 -69.000000
41.189999 56.669998 111.379997 -3282.000000 1897.000000 49.000000
40.700001 56.980000 109.870003 -3318.000000 1741.000000 -33.000000
39.910000 57.130001 108.309998 -3088.000000 1534.000000 -80.000000
38.900002 57.200001 106.739998 -3015.000000 1560.000000 -96.000000
37.770000 57.320000 105.239998 -3138.000000 1388.000000 187.000000
36.639999 57.590000 103.949997 -3213.000000 1232.000000 239.000000
35.580002 58.049999 102.919998 -3432.000000 1010.000000 370.000000
34.540001 58.709999 102.040001 -3837.000000 816.000000 413.000000
33.419998 59.430000 101.180000 -4188.000000 777.000000 370.000000
32.099998 60.080002 100.169998 -4166.000000 708.000000 384.000000
30.500000 60.599998 98.959999 -3941.000000 508.000000 335.000000
28.690001 60.980000 97.580002 -3617.000000 366.000000 515.000000
26.820000 61.270000 96.169998 -3344.000000 175.000000 702.000000
24.940001 61.570000 94.760002 -3345.000000 78.000000 748.000000
23.090000 61.860001 93.339996 -3540.000000 -34.000000 846.000000
21.209999 62.099998 91.860001 -4019.000000 -142.000000 809.000000
19.160000 62.150002 90.139999 -4458.000000 -249.000000 932.000000
16.930000 61.990002 88.180000 -4378.000000 -382.000000 1042.000000
14.550000 61.619999 86.019997 -3942.000000 -568.000000 1188.000000
12.160000 61.119999 83.790001 -3386.000000 -644.000000 1356.000000
9.950000 60.610001 81.699997 -2983.000000 -799.000000 1738.000000
8.110000 60.259998 79.900002 -3087.000000 -855.000000 1965.000000
6.660000 60.040001 78.370003 -3424.000000 -736.000000 2170.000000
5.550000 60.040001 77.129997 -3724.000000 -658.000000 2248.000000
4.590000 60.180000 76.000000 -4063.000000 -641.000000 2216.000000
3.710000 60.360001 74.900002 -4373.000000 -674.000000 2268.000000
2.830000 60.450001 73.720001 -4817.000000 -959.000000 2796.000000
2.110000 60.520000 72.629997 -5693.000000 -1022.000000 2295.000000
1.790000 60.610001 72.070000 -5789.000000 -1159.000000 2442.000000
1.890000 60.770000 71.970001 -5067.000000 -656.000000 2159.000000
2.050000 60.630001 71.790001 -4218.000000 92.000000 2130.000000
2.290000 60.139999 71.599998 -3158.000000 405.000000 2367.000000
2.320000 59.700001 71.339996 -2356.000000 141.000000 2229.000000
2.230000 59.500000 71.050003 -2421.000000 -152.000000 2185.000000
2.370000 59.529999 70.910004 -2963.000000 -32.000000 2241.000000
2.730000 59.849998 70.930000 -3519.000000 205.000000 2340.000000
3.090000 60.380001 70.930000 -4154.000000 345.000000 2264.000000
3.370000 60.869999 70.879997 -4564.000000 364.000000 2010.000000
3.670000 61.230000 70.940002 -4489.000000 455.000000 1518.000000
4.060000 61.529999 71.150002 -4301.000000 496.000000 1320.000000
4.540000 61.770000 71.440002 -4457.000000 627.000000 1073.000000
4.990000 61.900002 71.730003 -4609.000000 486.000000 1104.000000
5.280000 61.869999 71.860001 -4514.000000 207.000000 1309.000000
5.360000 61.660000 71.769997 -4026.000000 8.000000 1531.000000
5.510000 61.360001 71.800003 -3353.000000 354.000000 1242.000000
5.800000 61.099998 72.040001 -3207.000000 491.000000 1361.000000
6.340000 61.020000 72.639999 -3627.000000 526.000000 1291.000000
7.060000 61.150002 73.519997 -4402.000000 567.000000 1279.000000
7.910000 61.349998 74.570000 -5043.000000 660.000000 1244.000000
8.780000 61.459999 75.709999 -5158.000000 665.000000 1309.000000
9.670000 61.459999 76.919998 -5048.000000 720.000000 1401.000000
10.610000 61.389999 78.220001 -4966.000000 819.000000 1400.000000
11.640000 61.270000 79.660004 -4883.000000 908.000000 1352.000000
12.770000 61.110001 81.239998 -4727.000000 1002.000000 1240.000000
13.970000 60.939999 82.949997 -4501.000000 1086.000000 1156.000000
15.210000 60.759998 84.730003 -4362.000000 1141.000000 1082.000000
16.480000 60.560001 86.610001 -4356.000000 1157.000000 1002.000000
17.770000 60.360001 88.559998 -4477.000000 1190.000000 957.000000
19.059999 60.139999 90.580002 -4488.000000 1180.000000 925.000000
20.340000 59.910000 92.629997 -4433.000000 1132.000000 1022.000000
21.590000 59.660000 94.720001 -4325.000000 1101.000000 1125.000000
22.840000 59.400002 96.849998 -4242.000000 1134.000000 1122.000000
24.090000 59.139999 99.070000 -4092.000000 1184.000000 1021.000000
25.330000 58.900002 101.330002 -3936.000000 1194.000000 934.000000
26.580000 58.700001 103.660004 -3799.000000 1188.000000 876.000000
27.830000 58.549999 106.040001 -3676.000000 1197.000000 770.000000
29.090000 58.439999 108.489998 -3630.000000 1234.000000 775.000000
30.360001 58.330002 110.989998 -3542.000000 1266.000000 648.000000
31.600000 58.240002 113.480003 -3557.000000 1338.000000 527.000000
32.720001 58.130001 115.900002 -3668.000000 1342.000000 460.000000
33.720001 58.009998 118.209999 -3668.000000 1248.000000 476.000000
34.570000 57.889999 120.360001 -3607.000000 1193.000000 530.000000
35.250000 57.759998 122.339996 -3561.000000 1123.000000 645.000000
35.779999 57.630001 124.209999 -3466.000000 1048.000000 779.000000
36.169998 57.500000 125.959999 -3313.000000 880.000000 952.000000
36.400002 57.389999 127.580002 -3138.000000 738.000000 1049.000000
36.490002 57.330002 129.100006 -2992.000000 658.000000 1140.000000
36.580002 57.360001 130.639999 -2893.000000 654.000000 1052.000000
36.650002 57.459999 132.210007 -2955.000000 648.000000 906.000000
36.630001 57.590000 133.729996 -3004.000000 561.000000 906.000000
36.389999 57.730000 135.029999 -3015.000000 393.000000 1019.000000
35.869999 57.830002 136.050003 -2948.000000 277.000000 1115.000000
34.820000 57.820000 136.550003 -2317.000000 40.000000 1551.000000
33.630001 57.790001 136.929993 -2190.000000 -34.000000 1708.000000
32.389999 57.779999 137.250000 -2165.000000 -149.000000 1962.000000
31.150000 57.840000 137.570007 -2348.000000 -162.000000 2068.000000
29.980000 58.020000 137.919998 -2536.000000 -134.000000 1907.000000
28.920000 58.279999 138.339996 -2814.000000 -242.000000 1764.000000
27.780001 58.549999 138.649994 -3158.000000 -383.000000 1787.000000
26.459999 58.770000 138.710007 -3285.000000 -521.000000 1900.000000
24.920000 58.900002 138.460007 -3167.000000 -570.000000 2140.000000
23.240000 58.910000 138.029999 -2909.000000 -629.000000 2675.000000
21.549999 58.889999 137.559998 -2664.000000 -621.000000 2931.000000
19.900000 58.950001 137.110001 -2620.000000 -611.000000 3059.000000
18.330000 59.060001 136.710007 -2670.000000 -492.000000 3028.000000
16.770000 59.189999 136.270004 -2722.000000 -503.000000 2880.000000
15.150000 59.310001 135.710007 -2867.000000 -539.000000 2778.000000
13.460000 59.369999 135.000000 -3053.000000 -579.000000 2781.000000
11.710000 59.330002 134.160004 -3132.000000 -673.000000 2931.000000
9.930000 59.160000 133.220001 -3173.000000 -777.000000 3220.000000
8.100000 58.869999 132.160004 -3234.000000 -923.000000 3541.000000
6.270000 58.540001 131.070007 -3253.000000 -936.000000 3612.000000
4.550000 58.270000 130.039993 -3078.000000 -810.000000 3417.000000
3.000000 58.139999 129.149994 -2938.000000 -707.000000 3008.000000
1.570000 58.090000 128.320007 -2909.000000 -765.000000 2883.000000
0.160000 58.099998 127.459999 -2815.000000 -906.000000 2740.000000
-1.280000 58.160000 126.480003 -2792.000000 -950.000000 2646.000000
-2.680000 58.240002 125.459999 -2931.000000 -888.000000 2648.000000
-4.010000 58.320000 124.419998 -3120.000000 -811.000000 2785.000000
-5.320000 58.400002 123.349998 -3246.000000 -794.000000 2821.000000
-6.660000 58.400002 122.220001 -3292.000000 -833.000000 2879.000000
-7.990000 58.270000 121.059998 -3226.000000 -918.000000 2752.000000
-9.280000 58.049999 119.919998 -3173.000000 -1054.000000 2782.000000
-10.500000 57.810001 118.820000 -3279.000000 -1087.000000 2737.000000
-11.550000 57.570000 117.839996 -3200.000000 -1026.000000 2649.000000
-12.450000 57.360001 117.000000 -3092.000000 -957.000000 2496.000000
-13.230000 57.099998 116.260002 -3052.000000 -923.000000 2505.000000
-13.860000 56.750000 115.620003 -3050.000000 -888.000000 2654.000000
-14.380000 56.340000 115.070000 -3003.000000 -823.000000 2706.000000
-14.840000 56.009998 114.580002 -3090.000000 -766.000000 2723.000000
-15.300000 55.799999 114.080002 -3213.000000 -778.000000 2646.000000
-15.770000 55.639999 113.570000 -3285.000000 -834.000000 2582.000000
-16.219999 55.480000 113.059998 -3288.000000 -863.000000 2587.000000
-16.650000 55.290001 112.570000 -3258.000000 -877.000000 2579.000000
-17.030001 55.070000 112.120003 -3175.000000 -835.000000 2536.000000
-17.370001 54.830002 111.720001 -3115.000000 -807.000000 2415.000000
-17.690001 54.590000 111.349998 -3209.000000 -807.000000 2336.000000
-17.980000 54.310001 111.010002 -3374.000000 -800.000000 2364.000000
-18.240000 54.000000 110.709999 -3374.000000 -812.000000 2380.000000
-18.500000 53.680000 110.419998 -3220.000000 -778.000000 2403.000000
-18.799999 53.389999 110.070000 -3032.000000 -761.000000 2451.000000
-19.180000 53.049999 109.639999 -2700.000000 -1069.000000 2969.000000
-19.299999 53.110001 109.370003 -4325.000000 -775.000000 2191.000000
-19.290001 53.419998 109.379997 -4779.000000 -757.000000 2340.000000
-19.290001 53.730000 109.360001 -3959.000000 -506.000000 2019.000000
-19.389999 53.720001 109.160004 -3541.000000 -248.000000 2265.000000
-19.430000 53.590000 109.040001 -3129.000000 -394.000000 2347.000000
-19.469999 53.349998 109.000000 -3174.000000 -610.000000 2395.000000
-19.520000 53.099998 108.940002 -3388.000000 -589.000000 2338.000000
-19.559999 52.810001 108.879997 -3461.000000 -498.000000 2133.000000
-19.570000 52.349998 108.889999 -3408.000000 -500.000000 2289.000000
-19.530001 51.770000 108.940002 -3163.000000 -376.000000 2159.000000
-19.549999 51.150002 108.949997 -3054.000000 -587.000000 2497.000000
-19.600000 50.619999 108.919998 -3193.000000 -618.000000 2510.000000
-19.680000 50.169998 108.849998 -3221.000000 -734.000000 2620.000000
-19.770000 49.860001 108.760002 -3176.000000 -732.000000 2536.000000
-19.879999 49.660000 108.629997 -3143.000000 -771.000000 2615.000000
-19.990000 49.540001 108.489998 -3065.000000 -814.000000 2619.000000
-20.110001 49.490002 108.339996 -3191.000000 -776.000000 2496.000000
-20.200001 49.480000 108.239998 -3428.000000 -806.000000 2519.000000
-20.230000 49.439999 108.199997 -3587.000000 -877.000000 2679.000000
-20.280001 49.349998 108.160004 -3684.000000 -979.000000 2722.000000
-20.389999 49.169998 108.110001 -3717.000000 -1099.000000 2780.000000
-20.510000 48.910000 108.110001 -3423.000000 -1181.000000 2949.000000
-20.719999 48.619999 108.050003 -3148.000000 -1306.000000 3110.000000
-21.059999 48.410000 107.930000 -3072.000000 -1656.000000 3220.000000
-21.410000 48.209999 107.860001 -3189.000000 -1754.000000 3539.000000
-21.670000 47.980000 107.930000 -2995.000000 -1626.000000 3380.000000
-21.780001 47.689999 108.169998 -2600.000000 -1564.000000 3474.000000
-21.750000 47.500000 108.529999 -2326.000000 -1674.000000 3504.000000
-21.680000 47.459999 108.919998 -2487.000000 -1910.000000 3553.000000
-21.580000 47.650002 109.290001 -2843.000000 -2228.000000 3324.000000
-21.360001 48.029999 109.739998 -3373.000000 -2403.000000 3341.000000
-20.879999 48.480000 110.410004 -3693.000000 -2407.000000 3228.000000
-20.120001 48.869999 111.320000 -3820.000000 -2347.000000 3157.000000
-19.129999 49.099998 112.430000 -3808.000000 -2241.000000 3236.000000
-17.990000 49.150002 113.669998 -3625.000000 -2216.000000 3365.000000
-16.770000 49.090000 115.000000 -3399.000000 -2332.000000 3467.000000
-15.470000 48.980000 116.389999 -3278.000000 -2436.000000 3583.000000
-14.110000 48.930000 117.839996 -3222.000000 -2561.000000 3401.000000
-12.680000 48.900002 119.320000 -3156.000000 -2658.000000 3299.000000
-11.240000 48.849998 120.790001 -2860.000000 -2700.000000 3100.000000
-9.780000 48.770000 122.220001 -2392.000000 -2694.000000 2786.000000
-8.270000 48.660000 123.620003 -2018.000000 -2605.000000 2603.000000
-6.650000 48.560001 125.010002 -1980.000000 -2402.000000 2329.000000
-4.790000 48.480000 126.480003 -2161.000000 -2015.000000 1790.000000
-2.680000 48.340000 128.050003 -2417.000000 -1533.000000 1432.000000
-0.430000 48.000000 129.649994 -2469.000000 -1112.000000 1207.000000
1.760000 47.410000 131.080002 -2303.000000 -818.000000 1073.000000
3.680000 46.549999 132.149994 -1890.000000 -715.000000 1192.000000
5.180000 45.450001 132.699997 -1397.000000 -753.000000 1423.000000
6.400000 44.270000 132.809998 -1095.000000 -738.000000 1569.000000
7.570000 43.110001 132.679993 -929.000000 -519.000000 1621.000000
8.900000 42.080002 132.490005 -872.000000 -84.000000 1462.000000
10.570000 41.310001 132.389999 -976.000000 460.000000 1182.000000
12.250000 40.799999 132.179993 -1239.000000 988.000000 769.000000
13.720000 40.470001 131.750000 -1628.000000 1333.000000 453.000000
14.870000 40.259998 131.050003 -1986.000000 1407.000000 74.000000
15.640000 40.119999 130.110001 -2313.000000 1328.000000 51.000000
16.129999 40.020000 128.970001 -2629.000000 1296.000000 181.000000
16.490000 39.939999 127.709999 -2792.000000 1459.000000 333.000000
16.790001 39.900002 126.419998 -3074.000000 1801.000000 727.000000
17.049999 39.790001 125.110001 -3515.000000 2225.000000 1023.000000
17.160000 39.630001 123.760002 -3938.000000 2528.000000 1336.000000
17.030001 39.419998 122.339996 -4143.000000 2576.000000 1491.000000
16.620001 39.150002 120.820000 -4003.000000 2404.000000 1554.000000
16.000000 38.770000 119.290001 -3736.000000 2142.000000 1520.000000
15.300000 38.310001 117.879997 -3490.000000 1967.000000 1604.000000
14.670000 37.849998 116.690002 -3432.000000 2022.000000 1823.000000
14.170000 37.459999 115.779999 -3615.000000 2221.000000 2112.000000
13.770000 37.160000 115.120003 -3943.000000 2432.000000 2400.000000
13.450000 36.919998 114.690002 -4127.000000 2696.000000 2621.000000
13.140000 36.669998 114.360001 -4290.000000 2835.000000 2922.000000
12.850000 36.430000 114.099998 -4176.000000 2998.000000 2984.000000
12.570000 36.180000 113.919998 -3802.000000 3168.000000 3006.000000
12.340000 35.919998 113.800003 -3364.000000 3352.000000 2923.000000
12.150000 35.669998 113.750000 -2817.000000 3513.000000 2728.000000
11.940000 35.470001 113.760002 -2293.000000 3486.000000 2570.000000
11.680000 35.320000 113.779999 -1974.000000 3308.000000 2474.000000
11.380000 35.180000 113.830002 -1928.000000 3006.000000 2668.000000
11.050000 34.990002 113.919998 -2062.000000 2620.000000 2907.000000
10.710000 34.759998 114.040001 -2335.000000 2286.000000 3231.000000
10.370000 34.480000 114.139999 -2627.000000 2063.000000 3554.000000
10.030000 34.160000 114.220001 -2713.000000 1844.000000 3678.000000
9.680000 33.830002 114.260002 -2434.000000 1615.000000 3694.000000
9.340000 33.470001 114.269997 -2062.000000 1521.000000 3583.000000
9.040000 33.130001 114.260002 -1763.000000 1505.000000 3383.000000
8.790000 32.860001 114.250000 -1531.000000 1462.000000 3129.000000
8.560000 32.740002 114.269997 -1391.000000 1348.000000 2877.000000
8.320000 32.810001 114.300003 -1493.000000 1186.000000 2718.000000
8.100000 33.060001 114.379997 -1770.000000 1017.000000 2657.000000
7.910000 33.419998 114.459999 -2340.000000 854.000000 2895.000000
7.710000 33.779999 114.550003 -2687.000000 624.000000 2993.000000
7.510000 34.130001 114.629997 -2658.000000 324.000000 2998.000000
7.090000 34.340000 114.449997 -3021.000000 -37.000000 3959.000000
6.560000 34.320000 113.959999 -4396.000000 -621.000000 6775.000000
6.440000 34.080002 113.510002 -5381.000000 -394.000000 5869.000000
6.520000 33.919998 113.360001 -4370.000000 -177.000000 4349.000000
6.540000 33.799999 113.379997 -2260.000000 172.000000 3205.000000
6.680000 33.250000 113.400002 -985.000000 654.000000 2799.000000
6.870000 32.639999 113.349998 -373.000000 784.000000 2962.000000
6.960000 32.220001 113.220001 -796.000000 486.000000 3278.000000
6.850000 32.130001 112.959999 -1778.000000 29.000000 3612.000000
6.780000 32.360001 112.739998 -2331.000000 -198.000000 3609.000000
6.890000 32.770000 112.720001 -2416.000000 -149.000000 3413.000000
7.170000 33.189999 112.919998 -2333.000000 121.000000 3304.000000
7.600000 33.529999 113.209999 -2390.000000 524.000000 3236.000000
8.090000 33.799999 113.500000 -2403.000000 794.000000 3214.000000
8.520000 34.040001 113.739998 -2422.000000 898.000000 3193.000000
8.880000 34.220001 113.900002 -2482.000000 902.000000 3252.000000
9.160000 34.369999 114.019997 -2475.000000 813.000000 3259.000000
9.430000 34.480000 114.139999 -2421.000000 846.000000 3253.000000
9.770000 34.599998 114.309998 -2370.000000 1001.000000 3168.000000
10.160000 34.730000 114.529999 -2305.000000 1199.000000 3105.000000
10.550000 34.889999 114.760002 -2275.000000 1313.000000 3026.000000
10.840000 35.090000 114.940002 -2364.000000 1233.000000 2996.000000
11.000000 35.330002 115.019997 -2558.000000 1059.000000 2992.000000
11.030000 35.560001 115.019997 -2710.000000 841.000000 2983.000000
11.000000 35.770000 114.980003 -2776.000000 667.000000 3026.000000
10.970000 35.900002 114.980003 -2717.000000 644.000000 2993.000000
10.970000 35.950001 115.000000 -2624.000000 676.000000 3027.000000
10.970000 35.930000 115.040001 -2523.000000 697.000000 3060.000000
10.970000 35.860001 115.080002 -2435.000000 704.000000 3108.000000
