11.250000 36.200001 123.400002 -1358.000000 476.000000 4599.000000
11.120000 37.000000 123.610001 -762.000000 -227.000000 4321.000000
11.320000 38.650002 124.089996 -334.000000 -1054.000000 4405.000000
12.210000 40.720001 124.760002 -899.000000 -957.000000 4565.000000
13.780000 42.980000 125.589996 -1942.000000 -562.000000 4877.000000
15.940000 45.430000 126.610001 -2174.000000 -265.000000 4812.000000
18.530001 48.049999 127.690002 -2451.000000 445.000000 4873.000000
21.340000 50.509998 128.589996 -3235.000000 1274.000000 4346.000000
23.389999 52.380001 128.470001 -4977.000000 979.000000 4536.000000
24.620001 52.950001 127.190002 -3813.000000 1551.000000 4600.000000
26.000000 52.820000 125.919998 -2222.000000 1572.000000 4016.000000
27.150000 52.299999 124.400002 -1503.000000 1063.000000 4164.000000
28.299999 51.820000 122.709999 -1482.000000 1995.000000 3476.000000
29.730000 51.759998 121.220001 -1675.000000 2244.000000 2954.000000
31.450001 52.119999 120.089996 -1857.000000 2349.000000 2480.000000
33.250000 52.770000 119.110001 -2200.000000 2532.000000 1994.000000
34.860001 53.459999 118.019997 -2655.000000 2369.000000 2023.000000
36.080002 54.049999 116.680000 -3086.000000 2245.000000 1662.000000
36.830002 54.439999 115.029999 -3233.000000 2116.000000 1120.000000
37.080002 54.639999 113.089996 -3190.000000 1784.000000 745.000000
36.950001 54.799999 110.970001 -3092.000000 1479.000000 335.000000
36.580002 55.029999 108.879997 -2941.000000 1295.000000 331.000000
36.220001 55.400002 107.010002 -2786.000000 1340.000000 117.000000
35.840000 55.910000 105.360001 -2842.000000 1247.000000 266.000000
35.439999 56.529999 103.839996 -3225.000000 1273.000000 321.000000
34.889999 57.200001 102.349998 -3843.000000 1025.000000 385.000000
34.139999 57.810001 100.830002 -4413.000000 661.000000 351.000000
33.220001 58.270000 99.330002 -4491.000000 298.000000 114.000000
32.189999 58.610001 97.910004 -4254.000000 1.000000 183.000000
31.170000 58.880001 96.660004 -4007.000000 -65.000000 208.000000
30.270000 59.169998 95.680000 -3923.000000 -38.000000 225.000000
29.620001 59.560001 95.040001 -4209.000000 123.000000 247.000000
29.090000 59.950001 94.570000 -4441.000000 120.000000 619.000000
28.440001 60.279999 94.099998 -4539.000000 -12.000000 995.000000
27.660000 60.459999 93.580002 -4602.000000 53.000000 1088.000000
26.730000 60.389999 93.019997 -4400.000000 -43.000000 1065.000000
25.639999 60.160000 92.379997 -4626.000000 -119.000000 1024.000000
24.540001 59.840000 91.730003 -4677.000000 76.000000 760.000000
23.570000 59.480000 91.169998 -4461.000000 382.000000 299.000000
22.760000 59.090000 90.809998 -4080.000000 577.000000 152.000000
22.100000 58.750000 90.629997 -3623.000000 604.000000 400.000000
21.360001 58.520000 90.320000 -3203.000000 365.000000 1002.000000
20.350000 58.410000 89.589996 -3202.000000 106.000000 1477.000000
19.170000 58.360001 88.550003 -3300.000000 -106.000000 1887.000000
18.120001 58.369999 87.500000 -3354.000000 -44.000000 1941.000000
17.299999 58.439999 86.599998 -3309.000000 149.000000 2043.000000
16.790001 58.560001 85.900002 -3142.000000 402.000000 1940.000000
16.430000 58.790001 85.360001 -3150.000000 559.000000 1748.000000
16.070000 59.070000 84.809998 -3218.000000 504.000000 1683.000000
15.650000 59.360001 84.220001 -3313.000000 322.000000 1704.000000
15.150000 59.630001 83.529999 -3571.000000 199.000000 1904.000000
14.560000 59.790001 82.680000 -3747.000000 30.000000 2210.000000
13.860000 59.900002 81.839996 -3967.000000 -239.000000 2076.000000
13.320000 59.990002 81.279999 -4206.000000 -159.000000 1802.000000
13.070000 60.020000 80.900002 -4189.000000 214.000000 1827.000000
12.940000 59.939999 80.570000 -4386.000000 515.000000 1913.000000
12.890000 59.759998 80.370003 -4319.000000 432.000000 2219.000000
12.700000 59.500000 80.180000 -4293.000000 -25.000000 2893.000000
12.460000 59.209999 79.989998 -4266.000000 -506.000000 3212.000000
12.060000 58.810001 79.570000 -4271.000000 -483.000000 2868.000000
11.990000 58.360001 79.279999 -3866.000000 109.000000 2693.000000
12.550000 57.950001 79.440002 -3464.000000 901.000000 2233.000000
13.210000 57.700001 79.739998 -3784.000000 1359.000000 1689.000000
13.770000 57.549999 80.099998 -4081.000000 1198.000000 1323.000000
14.070000 57.509998 80.410004 -4234.000000 612.000000 1210.000000
14.110000 57.470001 80.510002 -4001.000000 463.000000 975.000000
14.230000 57.439999 80.650002 -3236.000000 746.000000 658.000000
14.510000 57.369999 81.010002 -3019.000000 922.000000 906.000000
14.830000 57.360001 81.519997 -3801.000000 677.000000 1214.000000
15.290000 57.450001 82.260002 -4797.000000 532.000000 1410.000000
15.920000 57.509998 83.190002 -5319.000000 778.000000 1378.000000
16.590000 57.450001 84.220001 -5071.000000 997.000000 1434.000000
17.200001 57.279999 85.269997 -4614.000000 984.000000 1478.000000
17.809999 57.090000 86.389999 -4351.000000 924.000000 1522.000000
18.540001 56.930000 87.680000 -4328.000000 972.000000 1464.000000
19.410000 56.799999 89.150002 -4308.000000 1132.000000 1278.000000
20.400000 56.650002 90.790001 -4375.000000 1343.000000 1078.000000
21.440001 56.450001 92.519997 -4398.000000 1474.000000 975.000000
22.459999 56.220001 94.309998 -4256.000000 1468.000000 864.000000
23.420000 56.000000 96.120003 -4073.000000 1458.000000 896.000000
24.320000 55.790001 97.930000 -3910.000000 1487.000000 1076.000000
25.180000 55.610001 99.750000 -3764.000000 1465.000000 1255.000000
26.010000 55.450001 101.610001 -3594.000000 1488.000000 1432.000000
26.809999 55.290001 103.500000 -3430.000000 1489.000000 1480.000000
27.580000 55.139999 105.440002 -3354.000000 1461.000000 1316.000000
28.350000 55.029999 107.430000 -3328.000000 1498.000000 1134.000000
29.110001 54.990002 109.480003 -3374.000000 1551.000000 877.000000
29.820000 55.020000 111.529999 -3468.000000 1537.000000 624.000000
30.389999 55.070000 113.500000 -3597.000000 1455.000000 622.000000
30.830000 55.130001 115.389999 -3569.000000 1284.000000 807.000000
31.090000 55.160000 117.160004 -3555.000000 1112.000000 1011.000000
31.160000 55.130001 118.750000 -3635.000000 980.000000 1218.000000
31.059999 54.980000 120.190002 -3611.000000 858.000000 1383.000000
30.840000 54.740002 121.529999 -3429.000000 740.000000 1463.000000
30.510000 54.459999 122.769997 -3226.000000 660.000000 1484.000000
30.170000 54.169998 124.019997 -3035.000000 666.000000 1387.000000
29.879999 53.959999 125.370003 -2899.000000 639.000000 1351.000000
29.600000 53.880001 126.750000 -2896.000000 580.000000 1306.000000
29.330000 53.939999 128.149994 -2951.000000 569.000000 1293.000000
28.799999 54.139999 129.350006 -2938.000000 389.000000 1614.000000
28.090000 54.380001 130.339996 -2917.000000 270.000000 1745.000000
27.250000 54.639999 131.160004 -2914.000000 288.000000 1898.000000
26.379999 54.919998 131.940002 -2697.000000 264.000000 1997.000000
25.410000 55.209999 132.619995 -2639.000000 221.000000 2065.000000
24.490000 55.560001 133.279999 -2612.000000 197.000000 1887.000000
23.590000 55.959999 133.919998 -2766.000000 117.000000 1704.000000
22.610001 56.299999 134.389999 -2976.000000 72.000000 1617.000000
21.469999 56.520000 134.669998 -2970.000000 -2.000000 1813.000000
20.150000 56.630001 134.699997 -2828.000000 -131.000000 2009.000000
18.549999 56.700001 134.440002 -2780.000000 -356.000000 2381.000000
16.850000 56.770000 134.009995 -2827.000000 -461.000000 2982.000000
15.260000 56.919998 133.619995 -2660.000000 -532.000000 3079.000000
13.690000 57.110001 133.210007 -2571.000000 -693.000000 3099.000000
12.120000 57.250000 132.740005 -2564.000000 -715.000000 2895.000000
10.570000 57.279999 132.190002 -2530.000000 -744.000000 2735.000000
9.040000 57.250000 131.610001 -2451.000000 -804.000000 2617.000000
7.510000 57.240002 130.949997 -2520.000000 -859.000000 2514.000000
6.030000 57.340000 130.270004 -2801.000000 -865.000000 2524.000000
4.640000 57.560001 129.619995 -3103.000000 -960.000000 2718.000000
3.220000 57.840000 128.889999 -3307.000000 -1111.000000 2961.000000
1.730000 58.060001 128.029999 -3279.000000 -1160.000000 3194.000000
0.250000 58.130001 127.089996 -2989.000000 -1247.000000 3332.000000
-1.230000 58.070000 126.110001 -2791.000000 -1317.000000 3307.000000
-2.640000 57.990002 125.139999 -2783.000000 -1331.000000 3074.000000
-3.840000 57.970001 124.309998 -2983.000000 -1298.000000 2874.000000
-4.840000 58.000000 123.650002 -3255.000000 -1215.000000 2813.000000
-5.710000 58.000000 123.050003 -3454.000000 -1175.000000 2930.000000
-6.540000 57.919998 122.459999 -3525.000000 -1193.000000 3141.000000
-7.310000 57.730000 121.879997 -3403.000000 -1202.000000 3168.000000
-7.970000 57.459999 121.360001 -3176.000000 -1140.000000 3229.000000
-8.540000 57.150002 120.900002 -2907.000000 -1034.000000 3133.000000
-9.050000 56.919998 120.489998 -2837.000000 -1009.000000 2939.000000
-9.520000 56.790001 120.080002 -3019.000000 -1025.000000 2783.000000
-9.920000 56.689999 119.699997 -3284.000000 -1060.000000 2887.000000
-10.220000 56.540001 119.379997 -3323.000000 -1041.000000 2989.000000
-10.440000 56.299999 119.160004 -3323.000000 -977.000000 2970.000000
-10.550000 55.970001 119.010002 -3283.000000 -842.000000 2902.000000
-10.590000 55.570000 118.930000 -3186.000000 -732.000000 2802.000000
-10.620000 55.099998 118.849998 -3014.000000 -696.000000 2772.000000
-10.690000 54.599998 118.730003 -2884.000000 -675.000000 2788.000000
-10.820000 54.080002 118.570000 -2824.000000 -657.000000 2790.000000
-11.010000 53.549999 118.349998 -2701.000000 -674.000000 2781.000000
-11.300000 53.080002 118.050003 -2468.000000 -730.000000 2720.000000
-11.730000 52.730000 117.620003 -2479.000000 -741.000000 2589.000000
-12.240000 52.520000 117.099998 -2561.000000 -703.000000 2445.000000
-12.810000 52.360001 116.559998 -2735.000000 -693.000000 2291.000000
-13.520000 52.099998 115.900002 -2425.000000 -1103.000000 2449.000000
-13.760000 51.869999 115.550003 -4756.000000 -1389.000000 3297.000000
-13.510000 51.910000 115.750000 -5554.000000 -559.000000 2402.000000
-13.450000 52.049999 115.870003 -4085.000000 -151.000000 2064.000000
-13.420000 51.840000 115.800003 -3275.000000 180.000000 2120.000000
-13.430000 51.380001 115.730003 -2608.000000 -142.000000 2383.000000
-13.590000 50.959999 115.620003 -2803.000000 -683.000000 2533.000000
-13.770000 50.680000 115.489998 -3249.000000 -663.000000 2423.000000
-13.880000 50.480000 115.410004 -3527.000000 -324.000000 2250.000000
-14.000000 50.220001 115.360001 -3590.000000 -227.000000 2040.000000
-14.100000 49.770000 115.309998 -3144.000000 -451.000000 2609.000000
-14.250000 49.209999 115.099998 -2355.000000 -507.000000 2637.000000
-14.530000 48.740002 114.709999 -2343.000000 -513.000000 2317.000000
-14.760000 48.439999 114.410004 -2832.000000 -599.000000 2415.000000
-14.930000 48.259998 114.199997 -3280.000000 -588.000000 2579.000000
-15.090000 48.099998 113.959999 -3384.000000 -568.000000 2729.000000
-15.260000 47.930000 113.690002 -3276.000000 -563.000000 2876.000000
-15.410000 47.770000 113.430000 -3244.000000 -567.000000 2954.000000
-15.580000 47.660000 113.209999 -3228.000000 -643.000000 2954.000000
-15.840000 47.560001 112.959999 -3111.000000 -821.000000 2918.000000
-16.170000 47.389999 112.690002 -3218.000000 -1104.000000 3130.000000
-16.580000 47.220001 112.379997 -2995.000000 -1180.000000 2857.000000
-17.280001 47.009998 111.930000 -2886.000000 -1537.000000 3001.000000
-17.959999 46.490002 111.540001 -2764.000000 -1927.000000 3822.000000
-18.530001 45.900002 111.360001 -2461.000000 -2287.000000 3773.000000
-19.049999 45.680000 111.290001 -2286.000000 -2658.000000 3676.000000
-19.400000 45.930000 111.309998 -2553.000000 -2836.000000 3383.000000
-19.500000 46.540001 111.489998 -2950.000000 -2991.000000 2984.000000
-19.330000 47.419998 111.870003 -3333.000000 -3111.000000 2693.000000
-18.889999 48.389999 112.489998 -3762.000000 -3176.000000 2559.000000
-18.110001 49.270000 113.349998 -4044.000000 -3049.000000 2916.000000
-17.040001 49.910000 114.449997 -3971.000000 -2711.000000 2995.000000
-15.830000 50.160000 115.709999 -3595.000000 -2571.000000 3108.000000
-14.530000 50.060001 117.110001 -2946.000000 -2576.000000 3111.000000
-13.170000 49.759998 118.589996 -2363.000000 -2615.000000 2988.000000
-11.800000 49.380001 120.120003 -2106.000000 -2630.000000 3142.000000
-10.400000 49.000000 121.639999 -2088.000000 -2510.000000 3119.000000
-8.990000 48.689999 123.089996 -2012.000000 -2252.000000 2584.000000
-7.710000 48.400002 124.349998 -1838.000000 -2013.000000 2302.000000
-6.570000 48.160000 125.339996 -1667.000000 -1839.000000 2020.000000
-5.470000 48.029999 126.089996 -1703.000000 -1633.000000 1719.000000
-4.170000 48.060001 126.839996 -1979.000000 -1375.000000 1266.000000
-2.590000 48.139999 127.809998 -2359.000000 -1149.000000 817.000000
-0.790000 48.130001 128.919998 -2812.000000 -1026.000000 601.000000
1.070000 47.869999 129.919998 -3277.000000 -839.000000 591.000000
2.900000 47.240002 130.649994 -3360.000000 -435.000000 669.000000
4.560000 46.060001 131.000000 -3136.000000 67.000000 1126.000000
6.140000 44.400002 131.020004 -2462.000000 664.000000 1303.000000
7.640000 42.459999 130.789993 -1485.000000 1220.000000 1505.000000
8.820000 40.590000 130.139999 -850.000000 1579.000000 1642.000000
9.670000 39.049999 129.100006 -666.000000 1775.000000 1756.000000
10.370000 37.889999 127.910004 -781.000000 1830.000000 1749.000000
10.950000 37.110001 126.709999 -1073.000000 1782.000000 1661.000000
11.450000 36.759998 125.559998 -1572.000000 1885.000000 1409.000000
11.960000 36.730000 124.430000 -2251.000000 2227.000000 1511.000000
12.510000 36.919998 123.349998 -2737.000000 2742.000000 1670.000000
13.050000 37.230000 122.309998 -2901.000000 3253.000000 1883.000000
13.450000 37.529999 121.290001 -2958.000000 3469.000000 2288.000000
13.620000 37.779999 120.300003 -3034.000000 3235.000000 3073.000000
13.600000 38.099998 119.410004 -3056.000000 2708.000000 3218.000000
13.510000 38.490002 118.519997 -3749.000000 2428.000000 2480.000000
13.260000 38.730000 117.459999 -4301.000000 2273.000000 2475.000000
12.950000 38.869999 116.300003 -4244.000000 2206.000000 2307.000000
12.640000 38.919998 115.120003 -3739.000000 2315.000000 2235.000000
12.410000 38.939999 114.019997 -3221.000000 2541.000000 2088.000000
12.250000 39.110001 113.080002 -2724.000000 2775.000000 1464.000000
11.930000 39.299999 112.099998 -2856.000000 2747.000000 1217.000000
11.360000 39.299999 111.059998 -3276.000000 2446.000000 1573.000000
10.700000 39.270000 110.139999 -3445.000000 2033.000000 1888.000000
10.100000 39.200001 109.379997 -3536.000000 1856.000000 1748.000000
9.570000 39.040001 108.779999 -3955.000000 1775.000000 2541.000000
9.300000 38.900002 108.550003 -4062.000000 1796.000000 3205.000000
9.350000 38.810001 108.680000 -4711.000000 1953.000000 4984.000000
9.690000 38.540001 109.040001 -7012.000000 2057.000000 6051.000000
10.400000 38.110001 109.830002 -6234.000000 2493.000000 3447.000000
10.750000 37.919998 110.480003 -4222.000000 2330.000000 2849.000000
10.600000 37.439999 110.370003 -3305.000000 2445.000000 2109.000000
10.260000 36.540001 109.860001 -2705.000000 2401.000000 1852.000000
9.830000 35.439999 109.500000 -2054.000000 1919.000000 2195.000000
9.410000 34.200001 109.449997 -1330.000000 1348.000000 2668.000000
8.970000 32.950001 109.470001 -991.000000 1070.000000 3123.000000
8.590000 31.790001 109.419998 -1041.000000 981.000000 3671.000000
8.290000 30.690001 109.330002 -1059.000000 859.000000 3999.000000
8.020000 29.730000 109.250000 -1210.000000 626.000000 4166.000000
7.820000 29.010000 109.279999 -1395.000000 480.000000 4134.000000
7.660000 28.530001 109.349998 -1500.000000 268.000000 4103.000000
7.470000 28.209999 109.370003 -1508.000000 62.000000 3983.000000
7.240000 27.959999 109.300003 -1573.000000 -73.000000 4278.000000
7.090000 27.850000 109.250000 -1163.000000 -15.000000 3737.000000
7.000000 27.910000 109.230003 -1175.000000 91.000000 3585.000000
6.980000 28.129999 109.250000 -1431.000000 153.000000 3490.000000
7.010000 28.570000 109.379997 -1770.000000 152.000000 3354.000000
7.070000 29.139999 109.559998 -2196.000000 141.000000 3259.000000
7.190000 29.719999 109.779999 -2529.000000 236.000000 3171.000000
7.350000 30.200001 110.010002 -2729.000000 356.000000 3175.000000
7.520000 30.540001 110.269997 -2744.000000 466.000000 3183.000000
7.680000 30.740000 110.540001 -2638.000000 571.000000 3205.000000
7.830000 30.820000 110.779999 -2489.000000 702.000000 3253.000000
7.970000 30.799999 111.000000 -2359.000000 781.000000 3273.000000
8.080000 30.730000 111.209999 -2233.000000 826.000000 3284.000000
