0.990000 25.870001 63.099998 -12.320000 -12.530000 0.000000 2478.000000 -944.000000 3495.000000 1309.000000 -1120.000000 4410.000000 
0.940000 25.480000 63.080002 -12.300000 -12.790000 0.000000 2611.000000 -1081.000000 3461.000000 1796.000000 -1234.000000 4230.000000 
0.900000 25.049999 63.230000 -12.190000 -13.690000 0.000000 2824.000000 -1084.000000 3423.000000 426.000000 -2126.000000 2842.000000 
0.820000 24.719999 63.240002 -12.060000 -15.050000 0.000000 2652.000000 -1346.000000 3362.000000 1599.000000 -1695.000000 4543.000000 
0.820000 24.750000 63.330002 -11.740000 -16.480000 0.000000 2412.000000 -1544.000000 3552.000000 1063.000000 -1961.000000 4501.000000 
0.770000 24.950001 63.630001 -11.290000 -17.719999 0.000000 3892.000000 -1703.000000 3434.000000 461.000000 -1640.000000 4091.000000 
0.840000 25.459999 64.120003 -11.550000 -19.139999 0.000000 3101.000000 -1294.000000 2578.000000 1690.000000 -2173.000000 3963.000000 
0.360000 26.270000 64.260002 -12.490000 -20.570000 0.000000 2960.000000 -1670.000000 3035.000000 1047.000000 -2118.000000 5180.000000 
-0.660000 28.309999 64.220001 -13.580000 -22.059999 0.000000 5294.000000 -1858.000000 4954.000000 806.000000 -2686.000000 6426.000000 
-1.490000 30.740000 64.370003 -14.900000 -23.059999 0.000000 3387.000000 -2345.000000 5685.000000 2031.000000 -2886.000000 7118.000000 
-2.320000 32.700001 64.680000 -16.030001 -23.690001 0.000000 3921.000000 -2978.000000 8710.000000 1728.000000 -3182.000000 7469.000000 
-3.720000 35.029999 64.709999 -16.209999 -24.040001 0.000000 3914.000000 -2776.000000 9202.000000 1306.000000 -3348.000000 7196.000000 
-4.530000 37.689999 64.989998 -15.580000 -24.010000 0.000000 3967.000000 -3095.000000 8579.000000 1375.000000 -3136.000000 7209.000000 
-4.210000 40.959999 66.000000 -13.920000 -23.780001 0.000000 2111.000000 -1604.000000 6595.000000 2527.000000 -2967.000000 6905.000000 
-4.970000 44.360001 66.449997 -12.010000 -23.270000 0.000000 3858.000000 -1875.000000 4845.000000 3042.000000 -2848.000000 5817.000000 
-6.150000 47.950001 66.449997 -9.700000 -22.530001 0.000000 4911.000000 -1437.000000 3423.000000 3128.000000 -2706.000000 4549.000000 
-6.860000 51.680000 66.169998 -7.280000 -21.700001 0.000000 3545.000000 -849.000000 2463.000000 2524.000000 -2424.000000 4253.000000 
-6.030000 55.389999 66.589996 -5.090000 -20.959999 0.000000 2650.000000 -903.000000 2939.000000 1893.000000 -2165.000000 4593.000000 
-4.500000 58.810001 67.330002 -2.910000 -20.230000 0.000000 1816.000000 -652.000000 3088.000000 1573.000000 -2078.000000 4424.000000 
-2.880000 61.599998 68.000000 -0.660000 -19.450001 0.000000 1130.000000 -311.000000 2773.000000 573.000000 -1880.000000 4121.000000 
-0.530000 63.509998 69.029999 1.680000 -18.559999 0.000000 774.000000 35.000000 2209.000000 370.000000 -1794.000000 4386.000000 
2.860000 64.480003 70.690002 4.090000 -17.540001 0.000000 717.000000 290.000000 1784.000000 831.000000 -1891.000000 4856.000000 
6.790000 64.610001 72.580002 6.290000 -16.389999 0.000000 985.000000 501.000000 1659.000000 934.000000 -1937.000000 4773.000000 
10.860000 64.070000 74.389999 8.060000 -15.130000 0.000000 1536.000000 550.000000 2003.000000 1054.000000 -2124.000000 4948.000000 
14.950000 63.099998 76.050003 9.520000 -13.820000 0.000000 1931.000000 622.000000 2764.000000 561.000000 -2207.000000 4781.000000 
19.209999 61.740002 77.739998 10.790000 -12.700000 0.000000 2289.000000 628.000000 3281.000000 -885.000000 -1852.000000 3965.000000 
23.450001 59.990002 79.309998 11.970000 -10.970000 0.000000 2470.000000 600.000000 3394.000000 -2174.000000 -1236.000000 2902.000000 
27.549999 58.450001 80.730003 13.190000 -9.100000 0.000000 2490.000000 671.000000 3286.000000 -1800.000000 -571.000000 2126.000000 
31.430000 57.020000 81.919998 14.360000 -7.120000 0.000000 2315.000000 680.000000 3169.000000 -1252.000000 37.000000 1623.000000 
35.029999 55.730000 82.910004 15.530000 -5.090000 0.000000 2192.000000 794.000000 2996.000000 -738.000000 478.000000 1350.000000 
38.400002 54.610001 83.690002 16.709999 -3.190000 0.000000 2075.000000 935.000000 2795.000000 -247.000000 697.000000 1267.000000 
41.490002 53.680000 84.250000 17.809999 -1.620000 0.000000 1856.000000 942.000000 2472.000000 135.000000 705.000000 1575.000000 
44.330002 53.009998 84.610001 18.860001 -0.470000 0.000000 1626.000000 1003.000000 2267.000000 514.000000 619.000000 1977.000000 
46.930000 52.660000 84.779999 19.799999 0.570000 0.000000 1365.000000 998.000000 2104.000000 440.000000 646.000000 2029.000000 
49.310001 52.599998 84.849998 20.590000 1.650000 0.000000 981.000000 986.000000 1994.000000 276.000000 771.000000 1980.000000 
51.430000 52.840000 84.769997 20.709999 2.740000 0.000000 507.000000 788.000000 2229.000000 -10.000000 810.000000 1974.000000 
53.169998 53.369999 84.500000 20.549999 3.750000 0.000000 -510.000000 661.000000 2856.000000 -314.000000 716.000000 2077.000000 
54.419998 54.150002 83.889999 20.180000 4.270000 0.000000 -925.000000 471.000000 3737.000000 -797.000000 349.000000 2200.000000 
55.020000 55.099998 82.870003 19.719999 4.130000 0.000000 -781.000000 492.000000 4365.000000 -2114.000000 -52.000000 2535.000000 
55.180000 56.130001 81.599998 19.209999 3.730000 0.000000 -34.000000 555.000000 4430.000000 -3293.000000 -326.000000 2970.000000 
55.049999 57.209999 80.279999 18.510000 3.170000 0.000000 818.000000 654.000000 4360.000000 -3916.000000 -554.000000 3310.000000 
54.880001 58.389999 79.129997 17.670000 2.520000 0.000000 1004.000000 642.000000 4377.000000 -3763.000000 -685.000000 3628.000000 
55.040001 59.669998 78.510002 16.870001 1.820000 0.000000 465.000000 509.000000 4577.000000 -3007.000000 -728.000000 3918.000000 
55.689999 60.980000 78.529999 16.350000 1.150000 0.000000 -457.000000 536.000000 4694.000000 -2432.000000 -747.000000 4103.000000 
56.750000 62.240002 79.059998 16.110001 0.680000 0.000000 -991.000000 665.000000 4470.000000 -2291.000000 -686.000000 4196.000000 
58.009998 63.400002 79.849998 16.200001 0.670000 0.000000 -1072.000000 908.000000 3748.000000 -2611.000000 -402.000000 3673.000000 
59.200001 64.459999 80.629997 16.500000 0.970000 0.000000 -1092.000000 1100.000000 3187.000000 -2443.000000 18.000000 2970.000000 
60.060001 65.370003 81.120003 16.780001 1.330000 0.000000 -1232.000000 1131.000000 2917.000000 -2649.000000 360.000000 2460.000000 
60.529999 66.110001 81.260002 17.000000 1.640000 0.000000 -1093.000000 1223.000000 2841.000000 -2401.000000 361.000000 2524.000000 
60.470001 66.709999 80.970001 16.930000 1.790000 0.000000 -1045.000000 1066.000000 3216.000000 -2242.000000 200.000000 2927.000000 
59.830002 67.239998 80.160004 16.639999 1.650000 0.000000 -1259.000000 943.000000 3817.000000 -2087.000000 -97.000000 3327.000000 
58.689999 67.680000 79.010002 16.370001 1.290000 0.000000 -855.000000 986.000000 4109.000000 -2193.000000 -378.000000 3579.000000 
56.939999 68.110001 77.489998 15.710000 1.010000 0.000000 22.000000 691.000000 4248.000000 -2888.000000 -309.000000 3982.000000 
55.080002 68.500000 76.050003 15.270000 0.610000 0.000000 280.000000 1018.000000 4411.000000 -2877.000000 -534.000000 3751.000000 
52.520000 68.970001 74.040001 14.650000 0.230000 0.000000 947.000000 857.000000 4823.000000 -3215.000000 -605.000000 3705.000000 
49.889999 69.470001 72.080002 14.170000 -0.060000 0.000000 1097.000000 977.000000 4911.000000 -2573.000000 -684.000000 3905.000000 
47.400002 69.949997 70.370003 13.650000 -0.480000 0.000000 1165.000000 938.000000 4961.000000 -1058.000000 -915.000000 4087.000000 
45.209999 70.489998 69.029999 13.270000 -0.910000 0.000000 1169.000000 945.000000 4630.000000 -610.000000 -989.000000 4199.000000 
42.830002 71.129997 67.510002 12.650000 -1.400000 0.000000 762.000000 862.000000 4691.000000 -1172.000000 -1027.000000 4427.000000 
40.340000 71.830002 65.800003 12.440000 -1.810000 0.000000 419.000000 999.000000 4747.000000 -825.000000 -929.000000 4487.000000 
36.770000 72.150002 63.150002 12.160000 -2.310000 0.000000 2131.000000 655.000000 4692.000000 -1525.000000 -1236.000000 5354.000000 
34.970001 72.540001 62.130001 11.990000 -2.620000 0.000000 1138.000000 801.000000 4288.000000 -2057.000000 -1192.000000 4915.000000 
31.959999 72.680000 59.840000 11.750000 -2.870000 0.000000 1185.000000 825.000000 4508.000000 -1759.000000 -1296.000000 5072.000000 
29.020000 72.620003 57.599998 11.540000 -2.910000 0.000000 1308.000000 850.000000 4583.000000 -1420.000000 -1238.000000 4997.000000 
26.580000 72.440002 55.790001 11.270000 -2.890000 0.000000 1256.000000 795.000000 4428.000000 -1403.000000 -1215.000000 4807.000000 
25.000000 72.139999 54.779999 11.020000 -2.730000 0.000000 1485.000000 784.000000 4419.000000 -1065.000000 -1078.000000 4717.000000 
23.620001 71.779999 53.930000 10.800000 -2.480000 0.000000 1350.000000 797.000000 4388.000000 -846.000000 -946.000000 4506.000000 
22.520000 71.519997 53.330002 10.520000 -2.260000 0.000000 1255.000000 748.000000 4296.000000 -506.000000 -850.000000 4391.000000 
21.530001 71.160004 52.790001 10.310000 -2.030000 0.000000 1221.000000 796.000000 4472.000000 -618.000000 -767.000000 4304.000000 
20.559999 70.870003 52.180000 10.200000 -1.770000 0.000000 1405.000000 777.000000 4295.000000 -707.000000 -688.000000 4204.000000 
19.820000 70.540001 51.910000 10.140000 -1.640000 0.000000 1280.000000 746.000000 4025.000000 -773.000000 -727.000000 4059.000000 
18.799999 70.230003 51.209999 10.100000 -1.540000 0.000000 1231.000000 752.000000 4012.000000 -838.000000 -670.000000 4002.000000 
17.590000 69.989998 50.299999 9.930000 -1.650000 0.000000 1158.000000 691.000000 3936.000000 -809.000000 -734.000000 4000.000000 
16.299999 69.709999 49.299999 9.410000 -1.960000 0.000000 939.000000 567.000000 4198.000000 -805.000000 -865.000000 4177.000000 
15.030000 69.330002 48.419998 8.830000 -2.530000 0.000000 982.000000 566.000000 4513.000000 -716.000000 -1129.000000 4504.000000 
13.220000 68.769997 47.080002 8.060000 -2.910000 0.000000 1281.000000 435.000000 4748.000000 5162.000000 -3004.000000 4649.000000 
11.860000 68.129997 46.150002 7.620000 -3.000000 0.000000 2084.000000 435.000000 4962.000000 -2401.000000 -553.000000 4036.000000 
12.490000 67.849998 47.240002 7.220000 -3.320000 0.000000 4319.000000 129.000000 5662.000000 -792.000000 -1136.000000 5700.000000 
11.670000 67.739998 46.849998 6.680000 -3.670000 0.000000 1759.000000 287.000000 5041.000000 -1463.000000 -1166.000000 4969.000000 
12.110000 68.089996 47.580002 6.630000 -4.020000 0.000000 1610.000000 433.000000 4241.000000 -1211.000000 -1284.000000 4922.000000 
12.500000 68.449997 48.240002 6.830000 -3.960000 0.000000 1263.000000 487.000000 3945.000000 -378.000000 -1024.000000 4702.000000 
12.600000 68.629997 48.580002 7.120000 -4.510000 0.000000 991.000000 523.000000 3543.000000 -1089.000000 -1253.000000 4404.000000 
12.500000 68.410004 48.630001 7.180000 -4.880000 0.000000 1377.000000 478.000000 3327.000000 -499.000000 -1011.000000 3791.000000 
13.030000 68.099998 49.220001 6.980000 -5.390000 0.000000 1750.000000 431.000000 3526.000000 -370.000000 -1016.000000 4147.000000 
13.430000 67.709999 49.700001 6.560000 -5.970000 0.000000 339.000000 522.000000 6123.000000 566.000000 -959.000000 4354.000000 
12.900000 67.029999 49.340000 6.190000 -6.520000 0.000000 1685.000000 329.000000 4426.000000 162.000000 -954.000000 3958.000000 
13.360000 66.290001 49.820000 6.020000 -6.970000 0.000000 2227.000000 330.000000 4244.000000 -449.000000 -1085.000000 4137.000000 
14.480000 65.849998 50.820000 5.590000 -7.300000 0.000000 2148.000000 269.000000 5143.000000 -836.000000 -1154.000000 4143.000000 
14.590000 65.260002 51.230000 5.670000 -7.860000 0.000000 1654.000000 462.000000 5045.000000 -1246.000000 -1152.000000 3373.000000 
15.860000 65.699997 52.700001 5.460000 -8.330000 0.000000 3246.000000 61.000000 5120.000000 -3337.000000 -857.000000 5416.000000 
15.830000 66.059998 52.980000 5.770000 -8.680000 0.000000 -5.000000 523.000000 3168.000000 -2498.000000 -707.000000 3266.000000 
15.820000 66.220001 53.330002 6.200000 -9.900000 0.000000 336.000000 691.000000 3536.000000 -759.000000 -1702.000000 3821.000000 
16.200001 65.820000 54.070000 6.410000 -11.010000 0.000000 1456.000000 369.000000 3675.000000 -1569.000000 -1601.000000 3993.000000 
16.090000 64.760002 54.560001 6.870000 -12.330000 0.000000 924.000000 720.000000 4229.000000 -1632.000000 -1753.000000 3447.000000 
17.240000 64.389999 56.150002 6.440000 -12.860000 0.000000 3624.000000 -254.000000 5623.000000 -1821.000000 -1853.000000 5183.000000 
17.670000 63.709999 57.169998 6.580000 -12.980000 0.000000 1183.000000 451.000000 3957.000000 -777.000000 -862.000000 3420.000000 
18.709999 63.150002 58.669998 6.750000 -13.400000 0.000000 1785.000000 559.000000 4831.000000 -1102.000000 -1796.000000 4030.000000 
19.459999 62.869999 59.919998 7.250000 -13.270000 0.000000 1913.000000 684.000000 4698.000000 -1806.000000 -1454.000000 3993.000000 
19.889999 62.840000 60.889999 7.500000 -13.120000 0.000000 1799.000000 587.000000 4744.000000 -1136.000000 -1386.000000 3601.000000 
20.280001 62.849998 61.759998 8.040000 -13.320000 0.000000 1550.000000 751.000000 4632.000000 -1141.000000 -1705.000000 3768.000000 
20.389999 63.009998 62.330002 8.670000 -13.700000 0.000000 1457.000000 947.000000 4744.000000 -1998.000000 -1890.000000 3892.000000 
20.780001 63.270000 63.119999 9.240000 -13.920000 0.000000 1090.000000 1002.000000 4798.000000 -2204.000000 -1808.000000 3798.000000 
21.270000 63.639999 64.000000 9.820000 -13.920000 0.000000 899.000000 1075.000000 4756.000000 -2587.000000 -1708.000000 3917.000000 
21.889999 64.050003 65.019997 10.320000 -13.820000 0.000000 603.000000 1143.000000 4805.000000 -3123.000000 -1505.000000 3850.000000 
22.680000 64.410004 66.260002 10.720000 -13.680000 0.000000 389.000000 1194.000000 4882.000000 -3655.000000 -1427.000000 4018.000000 
23.600000 64.769997 67.620003 11.090000 -13.510000 0.000000 263.000000 1247.000000 4914.000000 -4024.000000 -1423.000000 3967.000000 
24.590000 65.099998 69.160004 11.480000 -13.170000 0.000000 333.000000 1313.000000 5048.000000 -3994.000000 -1327.000000 3871.000000 
25.680000 65.349998 70.970001 11.910000 -12.690000 0.000000 379.000000 1384.000000 5094.000000 -3838.000000 -1220.000000 3737.000000 
26.930000 65.540001 72.989998 12.420000 -12.100000 0.000000 507.000000 1432.000000 5135.000000 -3629.000000 -1097.000000 3645.000000 
28.230000 65.709999 75.150002 13.040000 -11.400000 0.000000 622.000000 1446.000000 4995.000000 -3355.000000 -973.000000 3511.000000 
29.549999 65.879997 77.470001 13.720000 -10.640000 0.000000 726.000000 1452.000000 4945.000000 -3129.000000 -898.000000 3472.000000 
30.910000 66.110001 79.879997 14.470000 -9.880000 0.000000 817.000000 1474.000000 4785.000000 -3045.000000 -947.000000 3426.000000 
32.330002 66.400002 82.430000 15.310000 -9.120000 0.000000 887.000000 1566.000000 4735.000000 -3004.000000 -941.000000 3413.000000 
33.810001 66.790001 85.070000 16.180000 -8.340000 0.000000 917.000000 1607.000000 4640.000000 -2976.000000 -982.000000 3395.000000 
35.389999 67.180000 87.910004 17.110001 -7.520000 0.000000 855.000000 1661.000000 4532.000000 -3029.000000 -913.000000 3381.000000 
37.009998 67.580002 90.820000 18.010000 -6.680000 0.000000 787.000000 1673.000000 4420.000000 -3030.000000 -839.000000 3297.000000 
38.560001 67.910004 93.779999 18.870001 -5.780000 0.000000 673.000000 1674.000000 4267.000000 -3135.000000 -666.000000 3285.000000 
40.110001 68.180000 96.750000 19.629999 -4.980000 0.000000 560.000000 1655.000000 4189.000000 -3290.000000 -686.000000 3216.000000 
41.570000 68.400002 99.680000 20.320000 -4.270000 0.000000 466.000000 1614.000000 3991.000000 -3356.000000 -695.000000 3252.000000 
42.980000 68.519997 102.629997 20.959999 -3.620000 0.000000 490.000000 1625.000000 3940.000000 -3365.000000 -704.000000 3300.000000 
44.330002 68.629997 105.510002 21.520000 -3.120000 0.000000 582.000000 1652.000000 3964.000000 -3316.000000 -755.000000 3206.000000 
45.599998 68.690002 108.349998 21.969999 -2.660000 0.000000 654.000000 1630.000000 3963.000000 -3144.000000 -732.000000 3178.000000 
46.790001 68.639999 111.209999 22.320000 -2.190000 0.000000 729.000000 1628.000000 4022.000000 -2912.000000 -683.000000 3163.000000 
47.849998 68.599998 113.970001 22.629999 -1.850000 0.000000 775.000000 1636.000000 4022.000000 -2821.000000 -684.000000 3128.000000 
48.709999 68.570000 116.620003 22.930000 -1.550000 0.000000 799.000000 1619.000000 3942.000000 -2749.000000 -639.000000 3066.000000 
49.610001 68.540001 119.290001 23.209999 -1.320000 0.000000 819.000000 1623.000000 3911.000000 -2700.000000 -638.000000 3019.000000 
50.560001 68.550003 122.019997 23.459999 -1.230000 0.000000 810.000000 1598.000000 3863.000000 -2700.000000 -660.000000 3013.000000 
51.529999 68.589996 124.790001 23.680000 -1.150000 0.000000 831.000000 1570.000000 3806.000000 -2646.000000 -660.000000 2941.000000 
52.630001 68.650002 127.680000 23.830000 -1.010000 0.000000 836.000000 1504.000000 3754.000000 -2553.000000 -587.000000 2880.000000 
53.660000 68.690002 130.580002 23.920000 -0.780000 0.000000 835.000000 1455.000000 3735.000000 -2551.000000 -479.000000 2863.000000 
54.439999 68.720001 133.360001 23.959999 -0.630000 0.000000 810.000000 1420.000000 3700.000000 -2530.000000 -483.000000 2795.000000 
54.980000 68.760002 135.990005 23.959999 -0.540000 0.000000 861.000000 1392.000000 3727.000000 -2506.000000 -495.000000 2841.000000 
55.419998 68.860001 138.570007 23.969999 -0.680000 0.000000 938.000000 1378.000000 3695.000000 -2424.000000 -579.000000 2899.000000 
55.750000 69.080002 141.000000 24.010000 -1.150000 0.000000 991.000000 1373.000000 3629.000000 -2347.000000 -742.000000 2922.000000 
55.939999 69.370003 143.309998 24.020000 -1.770000 0.000000 1016.000000 1367.000000 3619.000000 -2373.000000 -882.000000 2922.000000 
56.020000 69.730003 145.500000 23.980000 -2.400000 0.000000 966.000000 1348.000000 3588.000000 -2383.000000 -943.000000 2956.000000 
56.049999 70.099998 147.639999 23.870001 -3.070000 0.000000 879.000000 1316.000000 3612.000000 -2496.000000 -988.000000 3014.000000 
56.009998 70.489998 149.660004 23.680000 -3.770000 0.000000 793.000000 1244.000000 3587.000000 -2604.000000 -1006.000000 3070.000000 
55.840000 70.809998 151.550003 23.420000 -4.500000 0.000000 717.000000 1207.000000 3589.000000 -2736.000000 -1034.000000 3108.000000 
55.419998 71.080002 153.210007 23.080000 -5.210000 0.000000 735.000000 1165.000000 3578.000000 -2756.000000 -1058.000000 3080.000000 
55.150002 71.279999 154.970001 22.750000 -5.960000 0.000000 742.000000 1123.000000 3540.000000 -2667.000000 -1063.000000 3019.000000 
54.570000 71.419998 156.490005 22.400000 -6.650000 0.000000 833.000000 1124.000000 3523.000000 -2496.000000 -1016.000000 2974.000000 
53.910000 71.559998 157.869995 22.020000 -7.320000 0.000000 938.000000 1067.000000 3588.000000 -2324.000000 -1018.000000 2864.000000 
53.099998 71.629997 159.119995 21.620001 -8.120000 0.000000 1028.000000 1013.000000 3647.000000 -2127.000000 -1033.000000 2813.000000 
52.150002 71.739998 160.259995 21.219999 -9.010000 0.000000 1094.000000 1022.000000 3682.000000 -1962.000000 -1106.000000 2781.000000 
51.200001 71.989998 161.279999 20.799999 -9.940000 0.000000 1016.000000 1006.000000 3601.000000 -1968.000000 -1163.000000 2808.000000 
50.150002 72.309998 162.139999 20.370001 -10.930000 0.000000 973.000000 1003.000000 3551.000000 -2125.000000 -1200.000000 2846.000000 
48.939999 72.650002 162.779999 19.910000 -11.930000 0.000000 881.000000 956.000000 3527.000000 -2286.000000 -1260.000000 2899.000000 
47.740002 72.959999 163.369995 19.400000 -12.940000 0.000000 864.000000 903.000000 3468.000000 -2272.000000 -1278.000000 2889.000000 
46.119999 73.199997 163.539993 18.799999 -13.950000 0.000000 941.000000 839.000000 3605.000000 -2250.000000 -1327.000000 2901.000000 
44.470001 73.360001 163.630005 18.110001 -15.050000 0.000000 991.000000 753.000000 3768.000000 -2164.000000 -1459.000000 2948.000000 
42.540001 73.449997 163.470001 17.400000 -16.120001 0.000000 1069.000000 674.000000 3848.000000 -2014.000000 -1475.000000 2979.000000 
40.630001 73.500000 163.289993 16.730000 -17.120001 0.000000 1095.000000 641.000000 3820.000000 -1925.000000 -1500.000000 2967.000000 
38.779999 73.620003 163.119995 16.139999 -18.080000 0.000000 1150.000000 650.000000 3775.000000 -1823.000000 -1497.000000 2963.000000 
36.730000 73.830002 162.710007 15.650000 -19.059999 0.000000 1180.000000 704.000000 3750.000000 -1760.000000 -1544.000000 2906.000000 
34.619999 74.129997 162.149994 15.150000 -20.010000 0.000000 1164.000000 676.000000 3649.000000 -1886.000000 -1614.000000 2972.000000 
32.150002 74.339996 161.169998 14.620000 -20.900000 0.000000 1121.000000 645.000000 3755.000000 -1981.000000 -1701.000000 3063.000000 
29.870001 74.570000 160.339996 14.030000 -21.719999 0.000000 1105.000000 618.000000 3759.000000 -2087.000000 -1770.000000 3130.000000 
27.219999 74.720001 159.070007 13.410000 -22.610001 0.000000 1149.000000 601.000000 3935.000000 -2062.000000 -1912.000000 3210.000000 
24.559999 74.860001 157.699997 12.760000 -23.370001 0.000000 1184.000000 572.000000 4060.000000 -2004.000000 -1977.000000 3278.000000 
22.129999 74.949997 156.449997 12.080000 -23.830000 0.000000 1144.000000 512.000000 4102.000000 -2037.000000 -1955.000000 3262.000000 
19.790001 74.989998 155.279999 11.480000 -24.230000 0.000000 1070.000000 536.000000 4124.000000 -2140.000000 -1935.000000 3206.000000 
17.830000 75.120003 154.389999 10.890000 -24.320000 0.000000 980.000000 503.000000 4074.000000 -2217.000000 -1870.000000 3176.000000 
15.940000 75.199997 153.529999 10.320000 -24.450001 0.000000 964.000000 542.000000 4169.000000 -2305.000000 -1835.000000 3143.000000 
14.130000 75.250000 152.660004 9.780000 -24.379999 0.000000 939.000000 503.000000 4193.000000 -2332.000000 -1865.000000 3139.000000 
12.300000 75.230003 151.710007 9.220000 -24.629999 0.000000 996.000000 465.000000 4216.000000 -2253.000000 -1890.000000 3118.000000 
10.880000 75.089996 151.070007 8.650000 -24.420000 0.000000 1098.000000 421.000000 4359.000000 -2102.000000 -1887.000000 3124.000000 
9.510000 74.919998 150.399994 8.110000 -24.590000 0.000000 1123.000000 326.000000 4281.000000 -1956.000000 -1897.000000 3082.000000 
8.210000 74.680000 149.860001 7.680000 -24.620001 0.000000 1278.000000 332.000000 4264.000000 -1797.000000 -1897.000000 3099.000000 
6.910000 74.489998 149.199997 7.300000 -25.030001 0.000000 1317.000000 326.000000 4288.000000 -1771.000000 -1955.000000 3128.000000 
5.260000 74.410004 148.179993 6.980000 -25.629999 0.000000 1387.000000 312.000000 4297.000000 -1743.000000 -2141.000000 3216.000000 
3.330000 74.279999 146.809998 6.710000 -26.209999 0.000000 1392.000000 310.000000 4276.000000 -1780.000000 -2283.000000 3313.000000 
1.590000 74.209999 145.570007 6.460000 -26.540001 0.000000 1315.000000 266.000000 4132.000000 -1888.000000 -2279.000000 3287.000000 
-0.040000 74.129997 144.270004 6.310000 -26.600000 0.000000 1296.000000 320.000000 4220.000000 -1995.000000 -2216.000000 3313.000000 
-1.440000 74.029999 143.190002 6.220000 -26.549999 0.000000 1262.000000 345.000000 4213.000000 -2164.000000 -2178.000000 3332.000000 
-2.400000 73.970001 142.389999 6.130000 -26.280001 0.000000 1198.000000 347.000000 4106.000000 -2204.000000 -2100.000000 3347.000000 
-3.130000 73.900002 141.800003 6.070000 -25.910000 0.000000 1243.000000 366.000000 4146.000000 -2201.000000 -2045.000000 3339.000000 
-3.530000 73.839996 141.479996 6.000000 -25.809999 0.000000 1136.000000 400.000000 4181.000000 -2396.000000 -2020.000000 3307.000000 
-3.640000 73.760002 141.460007 5.910000 -25.530001 0.000000 1031.000000 420.000000 4191.000000 -2675.000000 -1703.000000 3151.000000 
-3.460000 73.669998 141.720001 5.780000 -25.360001 0.000000 914.000000 419.000000 4124.000000 -2627.000000 -1641.000000 3175.000000 
-3.240000 73.519997 142.029999 5.610000 -25.110001 0.000000 968.000000 454.000000 4225.000000 -2422.000000 -1666.000000 3188.000000 
-2.910000 73.290001 142.449997 5.380000 -24.590000 0.000000 1103.000000 428.000000 4243.000000 -2165.000000 -1722.000000 3254.000000 
-2.620000 73.000000 142.869995 5.090000 -24.490000 0.000000 1294.000000 383.000000 4268.000000 -2099.000000 -1818.000000 3309.000000 
-2.320000 72.699997 143.250000 4.770000 -24.500000 0.000000 1452.000000 351.000000 4316.000000 -2137.000000 -1936.000000 3378.000000 
-2.170000 72.379997 143.529999 4.490000 -24.830000 0.000000 1492.000000 381.000000 4439.000000 -2200.000000 -2051.000000 3471.000000 
-2.220000 72.040001 143.589996 4.160000 -25.200001 0.000000 1554.000000 323.000000 4497.000000 -2281.000000 -2159.000000 3589.000000 
-2.230000 71.720001 143.699997 3.860000 -25.129999 0.000000 1505.000000 325.000000 4474.000000 -2236.000000 -2144.000000 3630.000000 
-2.120000 71.349998 143.850006 3.570000 -25.270000 0.000000 1533.000000 302.000000 4386.000000 -2160.000000 -2126.000000 3577.000000 
-1.810000 70.980003 144.240005 3.340000 -25.540001 0.000000 1642.000000 318.000000 4265.000000 -1990.000000 -2064.000000 3522.000000 
-1.430000 70.589996 144.660004 3.120000 -25.350000 0.000000 1718.000000 329.000000 4154.000000 -1870.000000 -1995.000000 3421.000000 
-1.110000 70.199997 144.990005 2.900000 -25.580000 0.000000 1822.000000 324.000000 4068.000000 -1759.000000 -1979.000000 3325.000000 
-0.840000 69.769997 145.279999 2.620000 -25.820000 0.000000 1892.000000 276.000000 4077.000000 -1798.000000 -2001.000000 3297.000000 
-0.700000 69.400002 145.419998 2.320000 -26.230000 0.000000 1882.000000 256.000000 4173.000000 -1901.000000 -2125.000000 3324.000000 
-0.840000 69.150002 145.289993 1.980000 -26.170000 0.000000 1729.000000 229.000000 4264.000000 -1963.000000 -2074.000000 3334.000000 
-1.070000 68.980003 145.039993 1.660000 -26.209999 0.000000 1615.000000 207.000000 4294.000000 -2141.000000 -1959.000000 3256.000000 
-1.240000 68.800003 144.869995 1.440000 -26.070000 0.000000 1545.000000 255.000000 4333.000000 -2084.000000 -1854.000000 3160.000000 
-1.190000 68.690002 144.919998 1.240000 -25.990000 0.000000 1470.000000 235.000000 4223.000000 -2081.000000 -1821.000000 3088.000000 
-1.200000 68.589996 144.929993 1.110000 -26.120001 0.000000 1481.000000 259.000000 4181.000000 -1963.000000 -1863.000000 3126.000000 
-1.290000 68.500000 144.850006 1.030000 -26.160000 0.000000 1536.000000 294.000000 4146.000000 -1956.000000 -2001.000000 3280.000000 
-1.460000 68.440002 144.699997 0.960000 -25.950001 0.000000 1608.000000 285.000000 4103.000000 -2111.000000 -2007.000000 3398.000000 
-1.580000 68.389999 144.589996 0.980000 -25.850000 0.000000 1683.000000 356.000000 4130.000000 -2062.000000 -1966.000000 3379.000000 
-1.390000 68.379997 144.779999 1.010000 -25.480000 0.000000 1649.000000 325.000000 4065.000000 -2071.000000 -1917.000000 3454.000000 
-1.160000 68.419998 144.979996 1.100000 -25.219999 0.000000 1641.000000 377.000000 4010.000000 -2118.000000 -1826.000000 3460.000000 
-0.740000 68.419998 145.360001 1.200000 -24.670000 0.000000 1695.000000 420.000000 4046.000000 -2112.000000 -1742.000000 3460.000000 
-0.050000 68.389999 145.990005 1.330000 -24.090000 0.000000 1729.000000 473.000000 4089.000000 -2062.000000 -1644.000000 3405.000000 
0.670000 68.300003 146.600006 1.460000 -23.480000 0.000000 1725.000000 482.000000 3925.000000 -2037.000000 -1592.000000 3393.000000 
1.490000 68.160004 147.289993 1.580000 -23.049999 0.000000 1778.000000 484.000000 3920.000000 -1879.000000 -1627.000000 3471.000000 
2.170000 68.029999 147.869995 1.630000 -23.420000 0.000000 1827.000000 442.000000 3902.000000 -1757.000000 -1751.000000 3463.000000 
2.760000 67.900002 148.369995 1.640000 -23.360001 0.000000 1922.000000 433.000000 3916.000000 -1614.000000 -1744.000000 3457.000000 
3.400000 67.860001 148.919998 1.650000 -23.500000 0.000000 2119.000000 471.000000 4054.000000 -1466.000000 -1716.000000 3386.000000 
3.790000 67.940002 149.229996 1.660000 -23.309999 0.000000 2104.000000 416.000000 3980.000000 -1505.000000 -1655.000000 3327.000000 
4.140000 68.120003 149.460007 1.770000 -22.799999 0.000000 2131.000000 493.000000 4082.000000 -1621.000000 -1569.000000 3357.000000 
4.430000 68.370003 149.639999 1.970000 -22.700001 0.000000 2007.000000 543.000000 4020.000000 -1757.000000 -1604.000000 3401.000000 
4.760000 68.629997 149.800003 2.210000 -22.680000 0.000000 1899.000000 509.000000 3771.000000 -1975.000000 -1594.000000 3471.000000 
5.140000 68.870003 149.960007 2.510000 -22.240000 0.000000 1822.000000 568.000000 3617.000000 -1920.000000 -1439.000000 3441.000000 
5.700000 68.970001 150.320007 2.780000 -21.990000 0.000000 1767.000000 586.000000 3440.000000 -2097.000000 -1278.000000 3349.000000 
6.360000 69.040001 150.789993 2.980000 -21.600000 0.000000 1776.000000 594.000000 3576.000000 -2022.000000 -1272.000000 3261.000000 
6.790000 69.129997 151.039993 3.040000 -21.580000 0.000000 1628.000000 500.000000 3602.000000 -2035.000000 -1331.000000 3266.000000 
6.980000 69.220001 151.169998 3.030000 -21.639999 0.000000 1582.000000 502.000000 3858.000000 -2021.000000 -1450.000000 3313.000000 
6.960000 69.370003 151.130005 3.000000 -21.990000 0.000000 1599.000000 493.000000 4050.000000 -2101.000000 -1563.000000 3338.000000 
6.830000 69.650002 151.020004 3.020000 -21.879999 0.000000 1597.000000 512.000000 4076.000000 -8212.000000 -957.000000 6329.000000 
5.780000 70.010002 150.169998 3.120000 -21.900000 0.000000 2370.000000 -52.000000 3560.000000 -2142.000000 -1995.000000 3895.000000 
7.310000 70.339996 151.710007 3.830000 -21.920000 0.000000 1264.000000 742.000000 3111.000000 -2170.000000 -1719.000000 3144.000000 
8.840000 70.220001 153.020004 4.230000 -21.160000 0.000000 1906.000000 725.000000 3956.000000 -2478.000000 -1340.000000 3493.000000 
9.700000 70.070000 153.699997 4.440000 -20.389999 0.000000 2309.000000 724.000000 4036.000000 -1895.000000 -1105.000000 3365.000000 
10.760000 69.820000 154.619995 4.560000 -20.650000 0.000000 1890.000000 662.000000 3763.000000 -2469.000000 -1643.000000 3498.000000 
11.210000 69.489998 154.979996 4.450000 -20.860001 0.000000 2169.000000 536.000000 3699.000000 -1943.000000 -1555.000000 3543.000000 
11.940000 69.099998 155.610001 4.240000 -21.299999 0.000000 2312.000000 496.000000 3800.000000 -1559.000000 -1676.000000 3529.000000 
12.190000 68.720001 155.779999 3.950000 -21.780001 0.000000 2458.000000 434.000000 3919.000000 -1273.000000 -1723.000000 3489.000000 
12.160000 68.309998 155.669998 3.640000 -22.260000 0.000000 2660.000000 363.000000 4215.000000 -1267.000000 -1801.000000 3536.000000 
12.220000 67.970001 155.649994 3.380000 -22.670000 0.000000 2510.000000 252.000000 3942.000000 -1260.000000 -1770.000000 3383.000000 
12.410000 67.760002 155.660004 3.230000 -22.860001 0.000000 2462.000000 263.000000 3875.000000 -1073.000000 -1846.000000 3483.000000 
12.740000 67.519997 155.800003 3.140000 -22.990000 0.000000 2291.000000 183.000000 3871.000000 -1680.000000 -1800.000000 3264.000000 
13.250000 67.720001 156.169998 3.230000 -22.799999 0.000000 1848.000000 232.000000 3620.000000 -1748.000000 -1654.000000 3426.000000 
13.650000 67.970001 156.410004 3.430000 -22.400000 0.000000 1684.000000 258.000000 3764.000000 -2093.000000 -1404.000000 3407.000000 
14.090000 68.199997 156.710007 3.740000 -22.360001 0.000000 1709.000000 365.000000 3823.000000 -2297.000000 -1714.000000 3396.000000 
14.790000 68.300003 157.240005 3.950000 -22.420000 0.000000 2062.000000 225.000000 3733.000000 -1752.000000 -1635.000000 3433.000000 
15.120000 68.309998 157.410004 4.240000 -22.379999 0.000000 2261.000000 378.000000 4067.000000 -1885.000000 -1623.000000 3475.000000 
15.580000 68.330002 157.699997 4.580000 -22.110001 0.000000 2250.000000 388.000000 4011.000000 -2015.000000 -1622.000000 3449.000000 
15.940000 68.410004 157.880005 4.960000 -22.120001 0.000000 2164.000000 421.000000 3930.000000 -2089.000000 -1647.000000 3452.000000 
15.990000 68.529999 157.770004 5.370000 -21.840000 0.000000 2110.000000 457.000000 3885.000000 -2111.000000 -1656.000000 3494.000000 
15.920000 68.620003 157.490005 5.850000 -21.860001 0.000000 2124.000000 546.000000 3924.000000 -2140.000000 -1679.000000 3543.000000 
15.850000 68.620003 157.139999 6.320000 -22.139999 0.000000 2149.000000 605.000000 3937.000000 -1774.000000 -1734.000000 3223.000000 
15.720000 68.580002 156.710007 6.700000 -22.360001 0.000000 2094.000000 607.000000 3914.000000 -1776.000000 -1806.000000 3381.000000 
15.510000 68.480003 156.119995 7.010000 -23.010000 0.000000 2112.000000 621.000000 3937.000000 -2539.000000 -2864.000000 2844.000000 
14.930000 68.269997 155.130005 7.110000 -22.370001 0.000000 2618.000000 442.000000 4101.000000 -1788.000000 -692.000000 3437.000000 
15.010000 68.129997 154.720001 7.230000 -22.260000 0.000000 1732.000000 473.000000 4018.000000 -2087.000000 -1507.000000 3397.000000 
15.130000 67.930000 154.380005 7.180000 -21.600000 0.000000 1543.000000 381.000000 3872.000000 -1941.000000 -1351.000000 3501.000000 
14.840000 67.779999 153.759995 7.020000 -21.870001 0.000000 1754.000000 304.000000 3970.000000 -1967.000000 -1596.000000 3466.000000 
14.160000 67.629997 152.860001 6.700000 -22.299999 0.000000 1503.000000 176.000000 4546.000000 -1404.000000 -1745.000000 3358.000000 
12.480000 67.349998 151.360001 6.080000 -21.549999 0.000000 3509.000000 -338.000000 7011.000000 -1913.000000 458.000000 3909.000000 
11.470000 66.940002 150.410004 6.260000 -21.230000 0.000000 1076.000000 294.000000 3118.000000 -1795.000000 -1395.000000 3581.000000 
9.640000 66.870003 148.699997 6.230000 -21.590000 0.000000 1410.000000 100.000000 3680.000000 -1127.000000 -2407.000000 4649.000000 
7.560000 66.379997 146.789993 5.950000 -21.780001 0.000000 1783.000000 -115.000000 4386.000000 -2397.000000 -1873.000000 2908.000000 
5.240000 65.900002 144.660004 5.630000 -22.200001 0.000000 2193.000000 -297.000000 4082.000000 -2510.000000 -2555.000000 2919.000000 
2.830000 65.389999 142.470001 5.210000 -22.850000 0.000000 2190.000000 -383.000000 4327.000000 -873.000000 -3016.000000 4036.000000 
0.500000 64.660004 140.279999 4.720000 -23.650000 0.000000 2198.000000 -488.000000 4772.000000 -1146.000000 -3289.000000 4206.000000 
-1.550000 63.869999 138.309998 4.270000 -24.469999 0.000000 2207.000000 -526.000000 4995.000000 -1676.000000 -3156.000000 3934.000000 
-3.380000 63.180000 136.509995 3.940000 -25.309999 0.000000 2194.000000 -564.000000 4967.000000 -1626.000000 -3272.000000 3805.000000 
-5.070000 62.590000 134.839996 3.720000 -26.150000 0.000000 2143.000000 -565.000000 4872.000000 -1458.000000 -3186.000000 4049.000000 
-6.620000 62.080002 133.270004 3.530000 -26.980000 0.000000 2094.000000 -561.000000 4554.000000 -1508.000000 -3065.000000 3942.000000 
-7.930000 61.660000 131.899994 3.300000 -27.730000 0.000000 1997.000000 -561.000000 4188.000000 -1490.000000 -2756.000000 3606.000000 
-9.060000 61.209999 130.630005 2.950000 -28.100000 0.000000 1865.000000 -512.000000 3601.000000 -1837.000000 -2121.000000 3028.000000 
-10.050000 60.779999 129.440002 2.370000 -28.389999 0.000000 1816.000000 -515.000000 3073.000000 -1831.000000 -1615.000000 2298.000000 
-11.130000 60.330002 128.130005 1.300000 -28.780001 0.000000 1548.000000 -637.000000 2740.000000 -1801.000000 -1125.000000 1544.000000 
-12.440000 59.820000 126.629997 -0.330000 -29.719999 0.000000 1468.000000 -775.000000 2754.000000 -1595.000000 -1606.000000 1560.000000 
-14.090000 59.150002 124.800003 -2.540000 -31.290001 0.000000 1191.000000 -1028.000000 3642.000000 -505.000000 -2330.000000 1652.000000 
-15.960000 58.500000 122.720001 -4.840000 -32.580002 0.000000 927.000000 -1067.000000 4917.000000 1666.000000 -4592.000000 3895.000000 
-18.190001 57.639999 120.300003 -6.850000 -33.779999 0.000000 983.000000 -930.000000 5675.000000 1604.000000 -5446.000000 4948.000000 
-20.469999 56.619999 117.750000 -8.440000 -34.799999 0.000000 1667.000000 -1067.000000 5890.000000 288.000000 -4178.000000 3969.000000 
-22.620001 55.630001 115.180000 -9.410000 -35.759998 0.000000 2151.000000 -1074.000000 6270.000000 -1460.000000 -3435.000000 3097.000000 
-24.610001 54.959999 112.529999 -9.720000 -36.320000 0.000000 2190.000000 -1019.000000 6216.000000 -1692.000000 -3295.000000 2970.000000 
-26.530001 54.790001 109.769997 -9.540000 -36.520000 0.000000 1947.000000 -932.000000 5790.000000 -2041.000000 -3155.000000 2930.000000 
-28.459999 55.080002 106.970001 -9.000000 -36.419998 0.000000 1641.000000 -778.000000 5178.000000 -2354.000000 -2804.000000 2763.000000 
-30.309999 55.779999 104.230003 -8.190000 -36.189999 0.000000 1265.000000 -483.000000 4372.000000 -2446.000000 -2180.000000 2444.000000 
-32.020000 56.810001 101.599998 -7.330000 -35.910000 0.000000 1097.000000 -348.000000 3702.000000 -2510.000000 -1748.000000 2056.000000 
-33.709999 57.939999 99.000000 -6.680000 -35.720001 0.000000 567.000000 -397.000000 3338.000000 -2728.000000 -1498.000000 1754.000000 
-35.470001 59.020000 96.309998 -6.260000 -35.610001 0.000000 -217.000000 -407.000000 3429.000000 -2848.000000 -1436.000000 1662.000000 
-37.230000 59.950001 93.650002 -5.960000 -35.520000 0.000000 -756.000000 -328.000000 3431.000000 -3028.000000 -1394.000000 1810.000000 
-38.790001 60.669998 91.230003 -5.720000 -35.220001 0.000000 -1101.000000 -218.000000 3111.000000 -2607.000000 -1678.000000 2101.000000 
-40.009998 61.080002 89.220001 -5.550000 -34.820000 0.000000 -1146.000000 -64.000000 2639.000000 -2122.000000 -1839.000000 2240.000000 
-40.630001 61.200001 87.839996 -5.520000 -34.740002 0.000000 -933.000000 -20.000000 2298.000000 -1670.000000 -2003.000000 2427.000000 
-40.770000 61.099998 86.940002 -5.520000 -34.740002 0.000000 -379.000000 66.000000 2102.000000 -1541.000000 -2143.000000 2674.000000 
-40.360001 60.820000 86.570000 -5.470000 -34.790001 0.000000 198.000000 187.000000 2253.000000 -1785.000000 -2512.000000 2913.000000 
-39.509998 60.520000 86.639999 -5.710000 -34.880001 0.000000 393.000000 56.000000 2671.000000 -1635.000000 -2624.000000 3052.000000 
-38.599998 60.240002 86.779999 -6.210000 -34.759998 0.000000 352.000000 -126.000000 3477.000000 -1798.000000 -2679.000000 3154.000000 
-37.790001 59.970001 86.860001 -6.670000 -34.560001 0.000000 229.000000 -147.000000 4402.000000 -1829.000000 -2669.000000 3148.000000 
-37.009998 59.700001 86.919998 -6.930000 -34.270000 0.000000 362.000000 -154.000000 4555.000000 -1608.000000 -2505.000000 3102.000000 
-36.209999 59.389999 86.949997 -7.000000 -34.009998 0.000000 588.000000 -96.000000 4243.000000 -1244.000000 -2374.000000 2913.000000 
-35.580002 59.009998 86.839996 -7.020000 -33.880001 0.000000 907.000000 -98.000000 3862.000000 -848.000000 -2288.000000 2688.000000 
-35.029999 58.610001 86.589996 -7.080000 -33.930000 0.000000 1151.000000 -30.000000 3774.000000 -472.000000 -2181.000000 2400.000000 
-34.220001 58.250000 86.389999 -7.180000 -33.900002 0.000000 1382.000000 -13.000000 3785.000000 -500.000000 -2195.000000 2537.000000 
-32.930000 57.980000 86.480003 -7.280000 -33.560001 0.000000 1569.000000 57.000000 3772.000000 -641.000000 -2313.000000 2857.000000 
-31.469999 57.779999 86.620003 -7.350000 -33.119999 0.000000 1598.000000 71.000000 3732.000000 -660.000000 -2275.000000 3269.000000 
-30.299999 57.709999 86.519997 -7.230000 -32.639999 0.000000 1334.000000 298.000000 3839.000000 -534.000000 -2291.000000 3710.000000 
-29.290001 57.689999 86.309998 -7.010000 -32.139999 0.000000 1136.000000 407.000000 3828.000000 -168.000000 -2340.000000 3817.000000 
-28.389999 57.619999 85.930000 -6.750000 -31.320000 0.000000 961.000000 370.000000 3726.000000 -647.000000 -2446.000000 3737.000000 
-27.580000 57.500000 85.400002 -6.540000 -30.750000 0.000000 889.000000 339.000000 3722.000000 -1240.000000 -2424.000000 3633.000000 
-26.709999 57.320000 84.889999 -6.440000 -30.360001 0.000000 961.000000 237.000000 3866.000000 -1751.000000 -2289.000000 3310.000000 
-25.930000 57.130001 84.320000 -6.440000 -29.980000 0.000000 1068.000000 187.000000 4060.000000 -2025.000000 -2076.000000 3186.000000 
-25.170000 56.930000 83.760002 -6.500000 -29.600000 0.000000 1089.000000 206.000000 4177.000000 -1953.000000 -2091.000000 3245.000000 
-24.420000 56.709999 83.220001 -6.650000 -29.209999 0.000000 1058.000000 205.000000 4357.000000 -1826.000000 -2063.000000 3340.000000 
-23.750000 56.470001 82.629997 -6.810000 -28.850000 0.000000 1060.000000 269.000000 4561.000000 -1679.000000 -2087.000000 3522.000000 
-23.139999 56.230000 81.980003 -6.930000 -28.480000 0.000000 949.000000 221.000000 4721.000000 -1483.000000 -2064.000000 3485.000000 
-22.600000 56.000000 81.300003 -6.930000 -28.150000 0.000000 844.000000 267.000000 4778.000000 -1654.000000 -2056.000000 3396.000000 
-22.040001 55.790001 80.610001 -6.820000 -27.879999 0.000000 940.000000 284.000000 4574.000000 -1969.000000 -1984.000000 3363.000000 
-21.320000 55.610001 80.059998 -6.720000 -27.660000 0.000000 1045.000000 163.000000 4451.000000 -2113.000000 -1927.000000 3321.000000 
-20.700001 55.529999 79.519997 -6.670000 -27.500000 0.000000 1146.000000 111.000000 4436.000000 -2070.000000 -1907.000000 3280.000000 
-20.379999 55.560001 78.790001 -6.690000 -27.410000 0.000000 1272.000000 -11.000000 4734.000000 -1505.000000 -2028.000000 3504.000000 
-20.440001 55.689999 77.760002 -6.450000 -27.590000 0.000000 1284.000000 653.000000 4871.000000 -786.000000 -2406.000000 3934.000000 
-20.500000 55.860001 76.739998 -6.180000 -27.280001 0.000000 1339.000000 183.000000 4970.000000 -730.000000 -2363.000000 4401.000000 
-20.459999 56.110001 75.699997 -5.750000 -26.860001 0.000000 1185.000000 428.000000 4499.000000 -998.000000 -2394.000000 4662.000000 
-20.290001 56.360001 74.699997 -5.350000 -26.469999 0.000000 1354.000000 323.000000 4292.000000 -1198.000000 -2418.000000 4700.000000 
-20.020000 56.580002 73.820000 -5.000000 -25.950001 0.000000 1233.000000 289.000000 4129.000000 -1216.000000 -2291.000000 4672.000000 
-19.469999 56.740002 73.139999 -4.780000 -25.270000 0.000000 1142.000000 60.000000 4089.000000 -960.000000 -2219.000000 4690.000000 
-18.490000 56.750000 72.879997 -4.570000 -24.469999 0.000000 1183.000000 6.000000 4340.000000 -786.000000 -2103.000000 4531.000000 
-16.910000 56.529999 73.139999 -4.310000 -23.730000 0.000000 1192.000000 53.000000 4494.000000 -855.000000 -1935.000000 4086.000000 
-15.200000 56.259998 73.589996 -4.070000 -23.040001 0.000000 1499.000000 34.000000 4435.000000 -662.000000 -1660.000000 3487.000000 
-13.560000 55.910000 74.040001 -3.970000 -22.330000 0.000000 2023.000000 -219.000000 4406.000000 -270.000000 -1524.000000 3469.000000 
-12.160000 55.470001 74.269997 -3.810000 -21.670000 0.000000 2135.000000 -101.000000 4249.000000 286.000000 -1575.000000 3903.000000 
-11.060000 54.950001 74.279999 -3.640000 -21.110001 0.000000 2031.000000 -149.000000 4227.000000 416.000000 -1638.000000 4179.000000 
-9.950000 54.720001 74.209999 -3.410000 -20.469999 0.000000 2038.000000 -118.000000 3939.000000 160.000000 -1608.000000 4158.000000 
-8.890000 54.560001 74.070000 -3.030000 -19.760000 0.000000 1845.000000 74.000000 3837.000000 12.000000 -1539.000000 4297.000000 
-7.630000 54.299999 74.199997 -2.650000 -18.969999 0.000000 1716.000000 74.000000 3943.000000 -128.000000 -1449.000000 4456.000000 
-6.280000 53.990002 74.389999 -2.260000 -18.260000 0.000000 1698.000000 110.000000 4026.000000 -259.000000 -1399.000000 4460.000000 
-4.850000 53.630001 74.779999 -1.880000 -17.620001 0.000000 1758.000000 138.000000 3978.000000 -218.000000 -1336.000000 4274.000000 
-3.450000 53.230000 75.180000 -1.510000 -17.020000 0.000000 1822.000000 119.000000 3942.000000 1.000000 -1263.000000 4065.000000 
-2.340000 52.849998 75.260002 -1.150000 -16.620001 0.000000 1887.000000 142.000000 3911.000000 326.000000 -1257.000000 3862.000000 
-1.710000 52.240002 74.900002 -0.830000 -16.530001 0.000000 2013.000000 86.000000 3760.000000 395.000000 -1423.000000 3805.000000 
-1.610000 51.430000 74.339996 -0.630000 -16.620001 0.000000 2034.000000 -115.000000 3636.000000 408.000000 -1550.000000 3835.000000 
-2.000000 50.759998 73.339996 -0.560000 -16.850000 0.000000 1834.000000 -230.000000 3572.000000 418.000000 -1611.000000 3921.000000 
-2.380000 50.160000 72.379997 -0.610000 -17.230000 0.000000 1719.000000 -275.000000 3840.000000 204.000000 -1691.000000 3865.000000 
-2.590000 49.419998 71.550003 -0.780000 -17.620001 0.000000 1823.000000 -379.000000 4233.000000 328.000000 -1726.000000 4256.000000 
-2.540000 48.310001 70.959999 -0.920000 -17.959999 0.000000 1726.000000 -402.000000 4881.000000 294.000000 -1740.000000 4472.000000 
-2.010000 47.480000 70.820000 -0.890000 -18.129999 0.000000 1579.000000 -312.000000 5079.000000 -148.000000 -1713.000000 4551.000000 
-1.300000 46.590000 70.809998 -0.720000 -18.180000 0.000000 1714.000000 -175.000000 4776.000000 -341.000000 -1649.000000 4396.000000 
-0.750000 45.570000 70.769997 -0.440000 -17.850000 0.000000 1971.000000 -56.000000 4227.000000 358.000000 -2029.000000 7001.000000 
-0.300000 44.700001 70.769997 -0.160000 -17.200001 0.000000 2214.000000 -19.000000 3853.000000 1294.000000 -1939.000000 5794.000000 
-0.730000 43.959999 70.309998 0.220000 -16.389999 0.000000 2082.000000 201.000000 3832.000000 249.000000 -1427.000000 3929.000000 
-1.050000 43.619999 69.860001 0.590000 -15.620000 0.000000 2276.000000 214.000000 4017.000000 290.000000 -1468.000000 3863.000000 
-1.010000 43.169998 69.379997 0.860000 -14.730000 0.000000 7345.000000 137.000000 9537.000000 573.000000 -1445.000000 4020.000000 
-0.420000 42.730000 68.989998 1.460000 -13.740000 0.000000 -923.000000 21.000000 2051.000000 1087.000000 -1526.000000 4251.000000 
0.440000 41.990002 68.720001 1.680000 -12.830000 0.000000 3307.000000 -463.000000 4918.000000 1032.000000 -1435.000000 4073.000000 
1.080000 40.610001 68.269997 1.780000 -12.040000 0.000000 2582.000000 -188.000000 4109.000000 989.000000 -1483.000000 4525.000000 
2.620000 38.840000 68.510002 1.580000 -11.310000 0.000000 1609.000000 -404.000000 3560.000000 1021.000000 -1251.000000 4314.000000 
4.250000 36.840000 68.959999 1.270000 -10.610000 0.000000 2538.000000 -640.000000 3531.000000 1285.000000 -1025.000000 4076.000000 
5.570000 34.939999 69.260002 0.970000 -10.080000 0.000000 2721.000000 -385.000000 3441.000000 1458.000000 -1039.000000 4188.000000 
6.350000 33.189999 69.349998 0.550000 -9.730000 0.000000 3108.000000 -390.000000 3326.000000 1897.000000 -1052.000000 4222.000000 
6.430000 32.060001 69.209999 0.000000 -9.600000 0.000000 2926.000000 -486.000000 3470.000000 2073.000000 -1080.000000 4189.000000 
6.430000 31.170000 69.059998 -0.590000 -9.760000 0.000000 2875.000000 -533.000000 3319.000000 1622.000000 -1076.000000 3992.000000 
6.000000 30.459999 68.680000 -1.180000 -9.960000 0.000000 2440.000000 -476.000000 3646.000000 1336.000000 -1017.000000 4020.000000 
5.030000 30.379999 68.000000 -1.860000 -10.330000 0.000000 2041.000000 -707.000000 3605.000000 1123.000000 -1294.000000 3901.000000 
4.210000 30.580000 67.480003 -2.500000 -10.730000 0.000000 1918.000000 -814.000000 3851.000000 1005.000000 -1471.000000 3975.000000 
3.730000 30.900000 67.139999 -2.900000 -11.120000 0.000000 1736.000000 -751.000000 3809.000000 736.000000 -1495.000000 4194.000000 
3.520000 30.930000 67.000000 -3.060000 -11.350000 0.000000 2005.000000 -622.000000 3774.000000 680.000000 -1298.000000 4048.000000 
3.510000 30.450001 66.930000 -3.080000 -11.360000 0.000000 2322.000000 -529.000000 3677.000000 942.000000 -1145.000000 4146.000000 
3.550000 29.770000 66.930000 -3.030000 -11.250000 0.000000 2450.000000 -457.000000 3605.000000 960.000000 -1065.000000 4192.000000 
