23.260000 26.270000 128.119995 -1755.000000 1513.000000 3410.000000
23.219999 26.200001 128.100006 -1754.000000 1504.000000 3448.000000
23.180000 26.100000 128.070007 -1753.000000 1527.000000 3503.000000
23.129999 25.980000 128.039993 -1706.000000 1517.000000 3583.000000
23.040001 25.850000 128.009995 -1727.000000 1457.000000 3627.000000
22.950001 25.719999 127.959999 -1746.000000 1403.000000 3679.000000
22.850000 25.549999 127.889999 -1604.000000 1362.000000 3733.000000
22.750000 25.330000 127.820000 -1316.000000 1415.000000 3830.000000
22.660000 25.110001 127.779999 -748.000000 1391.000000 3671.000000
22.549999 25.010000 127.779999 -426.000000 1241.000000 3899.000000
22.469999 25.110001 127.820000 -472.000000 1053.000000 4019.000000
22.440001 25.450001 127.940002 -778.000000 880.000000 4092.000000
22.510000 26.059999 128.199997 -1146.000000 866.000000 4312.000000
22.700001 26.990000 128.610001 -1284.000000 880.000000 4524.000000
23.070000 28.250000 129.179993 -1323.000000 977.000000 4508.000000
23.570000 29.790001 129.869995 -1485.000000 865.000000 4975.000000
24.370001 31.610001 130.789993 -1347.000000 1116.000000 4355.000000
25.490000 33.680000 131.889999 -1810.000000 1323.000000 4059.000000
26.889999 35.840000 133.160004 -2081.000000 1539.000000 3612.000000
28.540001 37.970001 134.600006 -2127.000000 1759.000000 3307.000000
30.270000 39.910000 136.059998 -2041.000000 1680.000000 3403.000000
31.610001 41.950001 137.029999 -3210.000000 626.000000 3404.000000
32.910000 43.840000 137.600006 -3700.000000 1839.000000 2974.000000
34.610001 45.119999 138.490005 -2808.000000 2400.000000 2546.000000
36.180000 45.939999 139.259995 -2974.000000 1950.000000 2590.000000
37.470001 46.560001 139.539993 -3217.000000 1754.000000 2610.000000
38.529999 46.970001 139.449997 -2998.000000 1838.000000 2587.000000
39.509998 47.139999 139.210007 -2567.000000 2073.000000 2413.000000
40.480000 47.160000 138.889999 -2306.000000 2180.000000 2292.000000
41.459999 47.209999 138.539993 -2206.000000 2207.000000 2054.000000
42.439999 47.320000 138.139999 -2264.000000 2210.000000 1750.000000
43.360001 47.430000 137.660004 -2354.000000 2237.000000 1660.000000
44.220001 47.490002 137.059998 -2275.000000 2357.000000 1667.000000
44.959999 47.520000 136.339996 -2127.000000 2312.000000 1739.000000
45.650002 47.570000 135.589996 -1961.000000 2284.000000 1641.000000
46.290001 47.700001 134.860001 -1980.000000 2165.000000 1613.000000
46.970001 47.959999 134.220001 -2127.000000 2059.000000 1573.000000
47.700001 48.400002 133.750000 -2516.000000 1963.000000 1292.000000
48.470001 48.919998 133.369995 -3034.000000 2101.000000 917.000000
49.099998 49.410000 132.899994 -3610.000000 2174.000000 581.000000
49.410000 49.799999 132.139999 -4053.000000 2100.000000 637.000000
49.500000 50.060001 131.110001 -3827.000000 2024.000000 327.000000
49.299999 50.169998 129.820007 -3020.000000 2018.000000 554.000000
48.939999 50.180000 128.339996 -2331.000000 1905.000000 546.000000
48.470001 50.150002 126.809998 -1980.000000 1800.000000 840.000000
48.070000 50.230000 125.459999 -2127.000000 1715.000000 799.000000
47.639999 50.400002 124.260002 -2776.000000 1712.000000 801.000000
47.130001 50.590000 123.059998 -3551.000000 1765.000000 852.000000
46.400002 50.720001 121.699997 -3934.000000 1715.000000 938.000000
45.480000 50.750000 120.209999 -4017.000000 1688.000000 1110.000000
44.439999 50.669998 118.660004 -3870.000000 1690.000000 1077.000000
43.349998 50.529999 117.160004 -3606.000000 1783.000000 1093.000000
42.320000 50.470001 115.860001 -3239.000000 1673.000000 1090.000000
41.529999 50.599998 114.949997 -3038.000000 1499.000000 1071.000000
41.009998 50.959999 114.470001 -3092.000000 1369.000000 1109.000000
40.799999 51.580002 114.379997 -3529.000000 1344.000000 1033.000000
40.750000 52.340000 114.500000 -4085.000000 1300.000000 1246.000000
40.689999 53.080002 114.589996 -4760.000000 1223.000000 1430.000000
40.410000 53.650002 114.440002 -4689.000000 1081.000000 1679.000000
39.910000 54.049999 114.050003 -4287.000000 990.000000 1937.000000
39.320000 54.279999 113.550003 -4098.000000 1041.000000 1894.000000
38.790001 54.410000 113.089996 -3817.000000 1178.000000 1749.000000
38.380001 54.520000 112.750000 -3499.000000 1368.000000 1534.000000
38.070000 54.630001 112.529999 -3211.000000 1493.000000 1481.000000
37.869999 54.790001 112.470001 -3030.000000 1502.000000 1556.000000
37.860001 55.110001 112.650002 -3003.000000 1397.000000 1416.000000
37.980000 55.570000 112.989998 -3374.000000 1340.000000 1365.000000
38.070000 56.040001 113.269997 -3899.000000 1363.000000 1393.000000
38.070000 56.419998 113.410004 -4144.000000 1410.000000 1419.000000
37.810001 56.650002 113.239998 -4081.000000 1395.000000 1688.000000
37.310001 56.709999 112.779999 -3784.000000 1269.000000 1749.000000
36.610001 56.660000 112.080002 -3386.000000 1108.000000 1852.000000
35.860001 56.580002 111.339996 -3105.000000 1037.000000 1837.000000
35.250000 56.560001 110.739998 -2974.000000 1039.000000 1711.000000
34.720001 56.610001 110.239998 -3007.000000 1029.000000 1893.000000
34.349998 56.770000 109.889999 -3104.000000 1031.000000 1882.000000
34.009998 56.980000 109.589996 -3386.000000 962.000000 1993.000000
33.580002 57.150002 109.150002 -3646.000000 876.000000 2223.000000
33.060001 57.259998 108.580002 -3664.000000 824.000000 2317.000000
32.459999 57.299999 107.930000 -3599.000000 700.000000 2318.000000
31.840000 57.299999 107.239998 -3460.000000 608.000000 2248.000000
31.309999 57.310001 106.650002 -3274.000000 488.000000 1877.000000
30.940001 57.320000 106.279999 -3175.000000 554.000000 1782.000000
30.990000 57.470001 106.309998 -3487.000000 768.000000 1010.000000
30.850000 57.570000 106.129997 -3726.000000 847.000000 1881.000000
30.660000 57.570000 105.779999 -4227.000000 944.000000 2066.000000
30.389999 57.430000 105.389999 -4225.000000 911.000000 1608.000000
29.969999 57.090000 104.889999 -4002.000000 921.000000 1791.000000
29.520000 56.650002 104.309998 -3805.000000 957.000000 1797.000000
29.139999 56.200001 103.769997 -3441.000000 1073.000000 1802.000000
28.900000 55.840000 103.400002 -3277.000000 1175.000000 1733.000000
28.770000 55.540001 103.180000 -3145.000000 1239.000000 1854.000000
28.799999 55.349998 103.160004 -3171.000000 1306.000000 1852.000000
28.920000 55.250000 103.250000 -3261.000000 1368.000000 1783.000000
29.040001 55.220001 103.370003 -3392.000000 1308.000000 1798.000000
29.160000 55.220001 103.550003 -3542.000000 1319.000000 1765.000000
29.250000 55.220001 103.699997 -3777.000000 1364.000000 1861.000000
29.389999 55.169998 103.919998 -3940.000000 1484.000000 1917.000000
29.549999 55.090000 104.190002 -4048.000000 1511.000000 2085.000000
29.760000 54.990002 104.519997 -4043.000000 1530.000000 2115.000000
30.030001 54.860001 104.949997 -4027.000000 1582.000000 2130.000000
30.379999 54.730000 105.470001 -3994.000000 1630.000000 2033.000000
30.790001 54.599998 106.089996 -3970.000000 1678.000000 1921.000000
31.280001 54.450001 106.800003 -3979.000000 1761.000000 1756.000000
31.799999 54.290001 107.599998 -3999.000000 1892.000000 1581.000000
32.330002 54.090000 108.459999 -3978.000000 2001.000000 1511.000000
32.849998 53.849998 109.360001 -3955.000000 2023.000000 1430.000000
33.330002 53.549999 110.269997 -3832.000000 1992.000000 1498.000000
33.790001 53.220001 111.199997 -3705.000000 1978.000000 1600.000000
34.220001 52.869999 112.160004 -3638.000000 1977.000000 1678.000000
34.669998 52.509998 113.169998 -3529.000000 1997.000000 1760.000000
35.119999 52.139999 114.239998 -3459.000000 2037.000000 1757.000000
35.580002 51.790001 115.349998 -3369.000000 2094.000000 1626.000000
36.040001 51.459999 116.529999 -3200.000000 2109.000000 1422.000000
36.509998 51.160000 117.769997 -3118.000000 2124.000000 1369.000000
36.970001 50.889999 119.070000 -3102.000000 2137.000000 1319.000000
37.410000 50.650002 120.410004 -3107.000000 2095.000000 1390.000000
37.820000 50.419998 121.750000 -3085.000000 2070.000000 1503.000000
38.180000 50.189999 123.099998 -3024.000000 2074.000000 1597.000000
38.509998 49.939999 124.440002 -2944.000000 2107.000000 1697.000000
38.820000 49.720001 125.790001 -2946.000000 2143.000000 1682.000000
39.119999 49.540001 127.209999 -2870.000000 2145.000000 1647.000000
39.459999 49.439999 128.720001 -2810.000000 2113.000000 1511.000000
39.810001 49.410000 130.289993 -2924.000000 2088.000000 1479.000000
40.080002 49.410000 131.830002 -3099.000000 2057.000000 1446.000000
40.279999 49.419998 133.339996 -3058.000000 2018.000000 1443.000000
40.389999 49.410000 134.789993 -2943.000000 1928.000000 1517.000000
40.419998 49.389999 136.190002 -2766.000000 1865.000000 1595.000000
40.400002 49.380001 137.600006 -2557.000000 1816.000000 1617.000000
40.389999 49.439999 139.050003 -2405.000000 1754.000000 1601.000000
40.410000 49.610001 140.570007 -2481.000000 1662.000000 1463.000000
40.389999 49.849998 142.029999 -2851.000000 1610.000000 1306.000000
40.139999 50.020000 143.250000 -3325.000000 1560.000000 1377.000000
39.619999 50.040001 144.149994 -3426.000000 1459.000000 1556.000000
38.869999 49.900002 144.779999 -3243.000000 1385.000000 1770.000000
37.959999 49.639999 145.229996 -2924.000000 1316.000000 1954.000000
37.020000 49.349998 145.690002 -2665.000000 1237.000000 1993.000000
36.180000 49.139999 146.259995 -2667.000000 1177.000000 1892.000000
35.570000 49.189999 147.080002 -2856.000000 1139.000000 1670.000000
34.990002 49.340000 147.929993 -2933.000000 1081.000000 1608.000000
34.400002 49.540001 148.740005 -2932.000000 979.000000 1576.000000
33.730000 49.740002 149.460007 -2991.000000 830.000000 1607.000000
32.930000 49.889999 150.020004 -3101.000000 761.000000 1804.000000
32.009998 50.009998 150.440002 -3005.000000 648.000000 1919.000000
31.010000 50.099998 150.770004 -2783.000000 534.000000 2101.000000
29.990000 50.220001 151.080002 -2554.000000 403.000000 2194.000000
28.990000 50.419998 151.369995 -2528.000000 284.000000 2318.000000
28.070000 50.709999 151.710007 -2724.000000 186.000000 2435.000000
27.200001 51.049999 152.059998 -2870.000000 138.000000 2427.000000
26.360001 51.389999 152.389999 -2865.000000 131.000000 2459.000000
25.540001 51.700001 152.669998 -2872.000000 156.000000 2410.000000
24.690001 51.990002 152.869995 -2804.000000 177.000000 2420.000000
23.820000 52.270000 152.990005 -2709.000000 109.000000 2340.000000
22.930000 52.540001 153.070007 -2678.000000 69.000000 2311.000000
22.030001 52.830002 153.070007 -2661.000000 2.000000 2292.000000
21.139999 53.169998 153.059998 -2708.000000 -59.000000 2226.000000
20.240000 53.529999 153.020004 -3018.000000 -182.000000 2317.000000
19.290001 53.869999 152.889999 -3319.000000 -281.000000 2387.000000
18.280001 54.160000 152.660004 -3425.000000 -356.000000 2395.000000
17.230000 54.369999 152.350006 -3380.000000 -361.000000 2487.000000
16.200001 54.509998 152.029999 -3254.000000 -268.000000 2517.000000
15.200000 54.599998 151.710007 -3214.000000 -284.000000 2493.000000
14.180000 54.680000 151.360001 -3192.000000 -370.000000 2554.000000
13.180000 54.759998 150.990005 -3211.000000 -414.000000 2543.000000
12.200000 54.830002 150.630005 -3205.000000 -404.000000 2552.000000
11.260000 54.910000 150.270004 -3206.000000 -333.000000 2550.000000
10.360000 55.000000 149.940002 -3208.000000 -283.000000 2512.000000
9.490000 55.130001 149.619995 -3285.000000 -240.000000 2405.000000
8.610000 55.250000 149.270004 -3466.000000 -302.000000 2416.000000
7.710000 55.290001 148.880005 -3656.000000 -394.000000 2494.000000
6.780000 55.240002 148.449997 -3610.000000 -452.000000 2653.000000
5.880000 55.110001 148.009995 -3431.000000 -464.000000 2697.000000
5.030000 54.939999 147.619995 -3353.000000 -432.000000 2767.000000
4.230000 54.750000 147.240005 -3304.000000 -400.000000 2803.000000
3.490000 54.590000 146.919998 -3279.000000 -442.000000 2798.000000
2.810000 54.470001 146.619995 -3383.000000 -440.000000 2756.000000
2.200000 54.380001 146.350006 -3493.000000 -420.000000 2803.000000
1.660000 54.270000 146.130005 -3435.000000 -402.000000 2749.000000
1.180000 54.110001 145.929993 -3396.000000 -381.000000 2756.000000
0.750000 53.910000 145.750000 -3362.000000 -391.000000 2841.000000
0.360000 53.689999 145.550003 -3303.000000 -394.000000 2864.000000
0.020000 53.490002 145.369995 -3227.000000 -374.000000 2823.000000
-0.260000 53.320000 145.220001 -3123.000000 -317.000000 2778.000000
-0.510000 53.189999 145.110001 -3099.000000 -312.000000 2709.000000
-0.720000 53.080002 145.000000 -3102.000000 -311.000000 2648.000000
-0.920000 52.980000 144.899994 -3127.000000 -264.000000 2659.000000
-1.100000 52.869999 144.789993 -3105.000000 -246.000000 2636.000000
-1.280000 52.770000 144.669998 -3026.000000 -226.000000 2606.000000
-1.430000 52.709999 144.539993 -2960.000000 -210.000000 2521.000000
-1.580000 52.720001 144.389999 -3024.000000 -206.000000 2441.000000
-1.760000 52.779999 144.199997 -3145.000000 -262.000000 2429.000000
-1.950000 52.849998 143.990005 -3204.000000 -288.000000 2425.000000
-2.140000 52.910000 143.779999 -3102.000000 -259.000000 2467.000000
-2.330000 52.959999 143.570007 -2991.000000 -283.000000 2471.000000
-2.540000 53.020000 143.339996 -3049.000000 -300.000000 2543.000000
-2.760000 53.070000 143.119995 -3093.000000 -342.000000 2538.000000
-2.960000 53.110001 142.910004 -3051.000000 -305.000000 2492.000000
-3.170000 53.139999 142.679993 -2974.000000 -305.000000 2369.000000
-3.390000 53.189999 142.470001 -2963.000000 -308.000000 2261.000000
-3.630000 53.270000 142.229996 -3022.000000 -279.000000 2157.000000
-3.890000 53.349998 141.990005 -3186.000000 -284.000000 2184.000000
-4.170000 53.419998 141.740005 -3328.000000 -338.000000 2188.000000
-4.460000 53.450001 141.479996 -3472.000000 -342.000000 2307.000000
-4.740000 53.400002 141.250000 -3478.000000 -353.000000 2458.000000
-4.990000 53.299999 141.059998 -3410.000000 -349.000000 2528.000000
-5.230000 53.169998 140.899994 -3375.000000 -343.000000 2531.000000
-5.440000 53.049999 140.770004 -3407.000000 -360.000000 2545.000000
-5.620000 52.939999 140.660004 -3421.000000 -320.000000 2488.000000
-5.770000 52.840000 140.589996 -3340.000000 -337.000000 2396.000000
-5.890000 52.730000 140.529999 -3277.000000 -264.000000 2378.000000
-5.980000 52.619999 140.520004 -3175.000000 -213.000000 2366.000000
-6.050000 52.509998 140.500000 -3086.000000 -123.000000 2357.000000
-6.130000 52.389999 140.479996 -3040.000000 -116.000000 2409.000000
-6.230000 52.299999 140.440002 -3157.000000 -164.000000 2601.000000
-6.280000 52.209999 140.419998 -3718.000000 -165.000000 2781.000000
-6.310000 52.130001 140.429993 -3974.000000 -133.000000 2737.000000
-6.300000 52.029999 140.490005 -3452.000000 -184.000000 2705.000000
-6.250000 51.900002 140.550003 -2892.000000 -140.000000 2556.000000
-6.210000 51.790001 140.600006 -2791.000000 -125.000000 2525.000000
-6.200000 51.779999 140.610001 -2898.000000 -229.000000 2456.000000
-6.250000 51.810001 140.559998 -3035.000000 -287.000000 2467.000000
-6.310000 51.830002 140.490005 -3045.000000 -262.000000 2410.000000
-6.370000 51.840000 140.419998 -2955.000000 -290.000000 2440.000000
-6.460000 51.830002 140.339996 -2971.000000 -352.000000 2443.000000
-6.580000 51.820000 140.229996 -3085.000000 -419.000000 2535.000000
-6.710000 51.799999 140.110001 -3180.000000 -425.000000 2535.000000
-6.820000 51.770000 140.009995 -3273.000000 -401.000000 2634.000000
-6.870000 51.720001 139.949997 -3108.000000 -248.000000 2724.000000
-6.900000 51.750000 139.869995 -2904.000000 -168.000000 2514.000000
-6.980000 51.840000 139.740005 -3016.000000 -153.000000 2489.000000
-7.060000 51.970001 139.610001 -3142.000000 -121.000000 2362.000000
-7.110000 52.090000 139.490005 -3155.000000 -100.000000 2507.000000
-7.140000 52.189999 139.380005 -3099.000000 -153.000000 2723.000000
-7.210000 52.310001 139.229996 -3130.000000 -279.000000 2721.000000
-7.340000 52.439999 139.029999 -3345.000000 -516.000000 2815.000000
-7.460000 52.560001 138.820007 -3496.000000 -627.000000 2741.000000
-7.550000 52.669998 138.649994 -3683.000000 -661.000000 2831.000000
-7.630000 52.740002 138.500000 -3830.000000 -858.000000 2583.000000
-7.720000 52.680000 138.339996 -3910.000000 -983.000000 2732.000000
-7.770000 52.419998 138.190002 -3815.000000 -1272.000000 3113.000000
-7.740000 52.119999 138.119995 -3680.000000 -1495.000000 3342.000000
-7.630000 51.880001 138.070007 -3779.000000 -1665.000000 3480.000000
-7.460000 51.759998 138.039993 -3352.000000 -1687.000000 3118.000000
-7.260000 51.799999 138.000000 -2752.000000 -1719.000000 2782.000000
-6.980000 51.910000 138.000000 -3046.000000 -1752.000000 2808.000000
-6.530000 52.110001 138.110001 -3665.000000 -1691.000000 2895.000000
-5.950000 52.349998 138.300003 -4128.000000 -1671.000000 2943.000000
-5.270000 52.459999 138.529999 -4388.000000 -1671.000000 3034.000000
-4.460000 52.270000 138.820007 -4380.000000 -1715.000000 3034.000000
-3.540000 51.779999 139.179993 -4149.000000 -1785.000000 2947.000000
-2.520000 51.000000 139.580002 -3852.000000 -1853.000000 2902.000000
-1.450000 50.020000 139.960007 -3537.000000 -1933.000000 2829.000000
-0.330000 48.939999 140.300003 -3332.000000 -1984.000000 2893.000000
0.850000 47.860001 140.610001 -3204.000000 -1946.000000 2911.000000
2.100000 46.820000 140.889999 -3142.000000 -1901.000000 2775.000000
3.420000 45.799999 141.130005 -3294.000000 -1805.000000 2602.000000
4.790000 44.700001 141.309998 -3385.000000 -1658.000000 2543.000000
6.200000 43.580002 141.399994 -3224.000000 -1393.000000 2139.000000
7.590000 42.360001 141.380005 -3068.000000 -1141.000000 1889.000000
8.970000 41.000000 141.229996 -2962.000000 -776.000000 1624.000000
10.290000 39.500000 140.919998 -2795.000000 -397.000000 1411.000000
11.500000 37.939999 140.490005 -2271.000000 -37.000000 1347.000000
12.580000 36.470001 139.940002 -1684.000000 79.000000 1430.000000
13.590000 35.139999 139.330002 -1378.000000 109.000000 1493.000000
14.580000 34.009998 138.669998 -1459.000000 196.000000 1344.000000
15.560000 33.040001 138.009995 -1697.000000 382.000000 1231.000000
16.549999 32.189999 137.320007 -1923.000000 672.000000 1067.000000
17.469999 31.410000 136.550003 -2109.000000 906.000000 962.000000
18.330000 30.590000 135.690002 -2356.000000 1312.000000 714.000000
19.070000 29.660000 134.710007 -2479.000000 1737.000000 902.000000
19.700001 28.690001 133.639999 -2299.000000 2144.000000 1048.000000
20.200001 27.660000 132.490005 -1975.000000 2393.000000 1416.000000
20.580000 26.650000 131.259995 -1677.000000 2537.000000 1681.000000
20.850000 25.730000 130.029999 -1233.000000 2548.000000 1853.000000
21.000000 24.959999 128.820007 -829.000000 2333.000000 2029.000000
21.090000 24.360001 127.629997 -904.000000 2135.000000 2091.000000
21.139999 23.889999 126.489998 -1470.000000 2102.000000 2200.000000
21.180000 23.480000 125.400002 -1949.000000 2317.000000 2106.000000
21.190001 23.049999 124.360001 -2205.000000 2669.000000 2086.000000
21.139999 22.629999 123.320000 -2208.000000 2994.000000 2318.000000
21.020000 22.290001 122.320000 -1945.000000 3159.000000 2457.000000
20.850000 22.059999 121.389999 -1703.000000 3100.000000 2696.000000
20.660000 21.990000 120.519997 -1592.000000 2999.000000 2808.000000
20.459999 22.049999 119.730003 -1671.000000 2772.000000 2948.000000
20.260000 22.200001 119.019997 -1796.000000 2684.000000 3072.000000
20.049999 22.400000 118.379997 -1870.000000 2649.000000 3142.000000
19.860001 22.629999 117.800003 -2140.000000 2734.000000 3235.000000
19.680000 22.860001 117.269997 -2245.000000 2836.000000 3339.000000
19.520000 23.100000 116.790001 -2157.000000 2838.000000 3314.000000
19.360001 23.360001 116.370003 -2136.000000 2815.000000 3279.000000
19.219999 23.620001 116.000000 -2164.000000 2775.000000 3189.000000
19.090000 23.889999 115.669998 -2223.000000 2673.000000 3161.000000
18.969999 24.129999 115.379997 -2202.000000 2575.000000 3328.000000
18.850000 24.309999 115.150002 -1991.000000 2497.000000 3531.000000
18.750000 24.389999 114.970001 -1768.000000 2394.000000 3790.000000
18.680000 24.379999 114.790001 -1760.000000 2358.000000 3815.000000
18.639999 24.290001 114.650002 -1729.000000 2374.000000 4023.000000
18.650000 24.160000 114.529999 -1655.000000 2428.000000 3924.000000
18.690001 24.000000 114.410004 -1552.000000 2436.000000 3892.000000
18.750000 23.860001 114.300003 -1593.000000 2335.000000 3852.000000
18.860001 23.709999 114.230003 -1596.000000 2281.000000 3818.000000
19.000000 23.590000 114.169998 -1447.000000 2193.000000 3663.000000
19.139999 23.500000 114.120003 -1378.000000 2095.000000 3569.000000
19.330000 23.459999 114.089996 -1466.000000 2046.000000 3442.000000
19.559999 23.420000 114.089996 -1537.000000 2027.000000 3249.000000
19.790001 23.370001 114.099998 -1548.000000 2023.000000 3230.000000
19.990000 23.280001 114.129997 -1430.000000 1908.000000 3292.000000
20.180000 23.170000 114.150002 -1317.000000 1841.000000 3380.000000
20.330000 23.070000 114.180000 -1324.000000 1693.000000 3472.000000
20.459999 22.980000 114.199997 -1418.000000 1600.000000 3621.000000
20.549999 22.860001 114.230003 -1471.000000 1512.000000 3707.000000
20.610001 22.719999 114.250000 -1421.000000 1425.000000 3756.000000
20.670000 22.610001 114.290001 -1509.000000 1370.000000 3719.000000
20.740000 22.459999 114.309998 -1690.000000 1392.000000 3808.000000
20.809999 22.250000 114.300003 -1703.000000 1456.000000 4008.000000
20.870001 21.959999 114.260002 -1611.000000 1497.000000 4291.000000
20.920000 21.620001 114.250000 -1370.000000 1543.000000 4401.000000
21.020000 21.330000 114.250000 -1181.000000 1539.000000 4311.000000
21.160000 21.129999 114.269997 -1052.000000 1576.000000 4110.000000
21.370001 21.129999 114.339996 -1014.000000 1612.000000 3732.000000
21.590000 21.190001 114.419998 -1157.000000 1607.000000 3645.000000
21.790001 21.299999 114.529999 -1265.000000 1599.000000 3567.000000
21.959999 21.440001 114.639999 -1426.000000 1523.000000 3530.000000
22.100000 21.570000 114.730003 -1527.000000 1541.000000 3528.000000
22.209999 21.680000 114.820000 -1566.000000 1482.000000 3531.000000
22.290001 21.770000 114.919998 -1535.000000 1464.000000 3517.000000
22.360001 21.860001 115.019997 -1514.000000 1422.000000 3549.000000
22.430000 21.950001 115.139999 -1488.000000 1428.000000 3568.000000
22.500000 22.059999 115.279999 -1511.000000 1440.000000 3512.000000
22.570000 22.209999 115.430000 -1513.000000 1428.000000 3478.000000
22.639999 22.379999 115.599998 -1526.000000 1448.000000 3460.000000
22.719999 22.600000 115.779999 -1556.000000 1447.000000 3433.000000
22.799999 22.840000 115.980003 -1548.000000 1468.000000 3410.000000
22.889999 23.129999 116.190002 -1614.000000 1466.000000 3434.000000
22.990000 23.440001 116.400002 -1669.000000 1513.000000 3433.000000
23.080000 23.770000 116.620003 -1774.000000 1562.000000 3390.000000
23.160000 24.080000 116.820000 -1895.000000 1570.000000 3296.000000
