11.370000 25.020000 128.039993 -1665.000000 765.000000 3569.000000
11.370000 25.020000 128.059998 -1669.000000 770.000000 3589.000000
11.370000 25.010000 128.070007 -1649.000000 779.000000 3610.000000
11.370000 25.000000 128.080002 -1639.000000 749.000000 3633.000000
11.360000 24.980000 128.089996 -1608.000000 760.000000 3638.000000
11.360000 24.969999 128.089996 -1593.000000 757.000000 3604.000000
11.360000 24.959999 128.089996 -1615.000000 770.000000 3627.000000
11.360000 24.959999 128.100006 -1640.000000 776.000000 3627.000000
11.370000 24.959999 128.110001 -1653.000000 785.000000 3585.000000
11.370000 24.959999 128.110001 -1658.000000 790.000000 3608.000000
11.370000 24.959999 128.110001 -1658.000000 782.000000 3610.000000
11.360000 24.969999 128.110001 -1660.000000 745.000000 3591.000000
11.350000 24.959999 128.110001 -1613.000000 744.000000 3587.000000
11.330000 24.950001 128.110001 -1634.000000 741.000000 3582.000000
11.320000 24.940001 128.119995 -1637.000000 746.000000 3629.000000
11.320000 24.930000 128.119995 -1636.000000 774.000000 3622.000000
11.320000 24.920000 128.130005 -1620.000000 773.000000 3592.000000
11.300000 24.900000 128.149994 -1630.000000 760.000000 3635.000000
11.270000 24.900000 128.160004 -1632.000000 751.000000 3609.000000
11.250000 24.910000 128.169998 -1644.000000 752.000000 3604.000000
11.220000 24.900000 128.169998 -1577.000000 767.000000 3643.000000
11.200000 24.889999 128.190002 -1515.000000 810.000000 3646.000000
11.180000 24.870001 128.210007 -1446.000000 812.000000 3665.000000
11.130000 24.889999 128.220001 -1460.000000 812.000000 3682.000000
11.060000 24.930000 128.240005 -1532.000000 765.000000 3671.000000
10.980000 25.010000 128.270004 -1668.000000 780.000000 3730.000000
10.880000 25.090000 128.300003 -1737.000000 781.000000 3682.000000
10.730000 25.120001 128.320007 -1725.000000 783.000000 3710.000000
10.550000 25.070000 128.350006 -1559.000000 775.000000 3912.000000
10.350000 24.950001 128.389999 -1279.000000 785.000000 3984.000000
10.130000 24.830000 128.410004 -1104.000000 716.000000 4055.000000
9.960000 24.809999 128.419998 -1091.000000 703.000000 4014.000000
9.810000 24.959999 128.389999 -1302.000000 625.000000 3994.000000
9.700000 25.230000 128.339996 -1449.000000 558.000000 3882.000000
9.600000 25.549999 128.309998 -1317.000000 460.000000 3894.000000
9.550000 25.920000 128.289993 -1155.000000 323.000000 4007.000000
9.600000 26.370001 128.309998 -1032.000000 325.000000 3971.000000
9.750000 26.990000 128.380005 -1075.000000 325.000000 4009.000000
10.000000 27.850000 128.520004 -1304.000000 302.000000 4160.000000
10.390000 28.940001 128.779999 -1394.000000 389.000000 3990.000000
10.940000 30.240000 129.119995 -1303.000000 510.000000 3821.000000
11.690000 31.799999 129.589996 -1472.000000 688.000000 3700.000000
12.580000 33.599998 130.190002 -1728.000000 773.000000 3593.000000
13.600000 35.599998 130.860001 -2041.000000 882.000000 3385.000000
14.780000 37.639999 131.580002 -2248.000000 945.000000 3137.000000
15.690000 39.540001 132.029999 -3054.000000 -759.000000 3671.000000
16.459999 40.939999 131.720001 -4007.000000 149.000000 4171.000000
17.930000 42.009998 131.320007 -3150.000000 1574.000000 2747.000000
19.510000 42.509998 131.429993 -2287.000000 1711.000000 3122.000000
20.850000 42.700001 131.770004 -1801.000000 1314.000000 3426.000000
22.049999 43.020000 131.800003 -1992.000000 1302.000000 3185.000000
23.150000 43.610001 131.490005 -2379.000000 1414.000000 2757.000000
24.230000 44.279999 131.160004 -2208.000000 1340.000000 2648.000000
25.320000 44.950001 131.000000 -2064.000000 1226.000000 2785.000000
26.530001 45.669998 130.929993 -2241.000000 1285.000000 2825.000000
27.820000 46.490002 130.839996 -2462.000000 1440.000000 2887.000000
29.139999 47.410000 130.720001 -2633.000000 1538.000000 2800.000000
30.400000 48.400002 130.550003 -2737.000000 1461.000000 2700.000000
31.650000 49.430000 130.339996 -2861.000000 1332.000000 2429.000000
32.980000 50.410000 130.110001 -3210.000000 1449.000000 2051.000000
34.360001 51.250000 129.899994 -3234.000000 1636.000000 1951.000000
35.750000 51.990002 129.690002 -3068.000000 1700.000000 2046.000000
37.139999 52.709999 129.449997 -3032.000000 1728.000000 1804.000000
38.410000 53.459999 129.089996 -3178.000000 1585.000000 1715.000000
39.630001 54.240002 128.729996 -3261.000000 1558.000000 1323.000000
40.759998 55.000000 128.360001 -3338.000000 1605.000000 1002.000000
41.770000 55.700001 127.949997 -3496.000000 1735.000000 831.000000
42.619999 56.360001 127.519997 -3510.000000 1659.000000 805.000000
43.419998 57.070000 127.169998 -3422.000000 1511.000000 833.000000
44.209999 57.869999 126.970001 -3527.000000 1388.000000 713.000000
45.040001 58.720001 126.970001 -3724.000000 1420.000000 467.000000
45.849998 59.570000 127.070000 -3961.000000 1473.000000 122.000000
46.500000 60.349998 127.120003 -4104.000000 1513.000000 -64.000000
46.860001 61.029999 126.940002 -4049.000000 1457.000000 -30.000000
46.939999 61.599998 126.550003 -3886.000000 1380.000000 145.000000
46.810001 62.110001 126.019997 -3762.000000 1309.000000 299.000000
46.560001 62.580002 125.410004 -3752.000000 1140.000000 518.000000
46.270000 63.060001 124.830002 -3801.000000 1043.000000 514.000000
46.009998 63.560001 124.330002 -3856.000000 1019.000000 410.000000
45.820000 64.089996 123.919998 -3868.000000 1037.000000 362.000000
45.720001 64.620003 123.599998 -3727.000000 1037.000000 457.000000
45.680000 65.169998 123.330002 -3579.000000 944.000000 577.000000
45.650002 65.709999 123.070000 -3556.000000 906.000000 606.000000
45.599998 66.230003 122.769997 -3689.000000 894.000000 640.000000
45.590000 66.750000 122.510002 -3738.000000 845.000000 605.000000
45.619999 67.260002 122.309998 -3797.000000 889.000000 600.000000
45.669998 67.750000 122.139999 -3886.000000 833.000000 640.000000
45.730000 68.230003 121.989998 -3866.000000 757.000000 582.000000
45.720001 68.699997 121.800003 -3993.000000 716.000000 546.000000
45.570000 69.110001 121.470001 -3954.000000 654.000000 544.000000
45.209999 69.449997 120.930000 -3929.000000 590.000000 565.000000
44.650002 69.690002 120.160004 -3936.000000 653.000000 641.000000
43.980000 69.839996 119.260002 -3868.000000 720.000000 729.000000
43.200001 69.940002 118.230003 -3780.000000 661.000000 873.000000
42.459999 70.059998 117.239998 -3642.000000 573.000000 836.000000
41.840000 70.220001 116.410004 -3671.000000 543.000000 893.000000
41.470001 70.459999 115.839996 -3602.000000 537.000000 942.000000
41.400002 70.769997 115.589996 -3559.000000 617.000000 1008.000000
41.660000 71.180000 115.669998 -3698.000000 671.000000 858.000000
42.020000 71.629997 115.839996 -3996.000000 651.000000 625.000000
42.139999 72.029999 115.720001 -4272.000000 471.000000 584.000000
41.750000 72.279999 115.089996 -4267.000000 344.000000 649.000000
41.029999 72.330002 114.089996 -4179.000000 511.000000 834.000000
40.090000 72.230003 112.879997 -4055.000000 555.000000 977.000000
39.020000 72.019997 111.559998 -3886.000000 654.000000 1085.000000
37.930000 71.790001 110.230003 -3849.000000 646.000000 1106.000000
36.889999 71.550003 108.959999 -3800.000000 643.000000 1186.000000
36.049999 71.379997 107.870003 -3747.000000 655.000000 1076.000000
35.230000 71.269997 106.800003 -3868.000000 564.000000 980.000000
34.380001 71.139999 105.669998 -3945.000000 566.000000 960.000000
33.389999 70.940002 104.389999 -3868.000000 516.000000 1166.000000
32.419998 70.669998 103.129997 -3577.000000 565.000000 1389.000000
31.740000 70.360001 102.169998 -3265.000000 817.000000 1468.000000
31.299999 70.099998 101.430000 -3304.000000 863.000000 1420.000000
31.000000 69.949997 100.760002 -3738.000000 686.000000 1412.000000
30.799999 69.860001 100.160004 -4098.000000 569.000000 1195.000000
30.340000 69.660004 99.349998 -4260.000000 617.000000 1016.000000
29.730000 69.230003 98.480003 -4408.000000 696.000000 747.000000
28.860001 68.620003 97.379997 -4458.000000 608.000000 1121.000000
27.950001 67.879997 96.230003 -3843.000000 736.000000 1243.000000
26.900000 67.050003 94.980003 -3547.000000 761.000000 1669.000000
26.049999 66.269997 93.910004 -3414.000000 704.000000 1815.000000
25.520000 65.610001 93.150002 -3488.000000 670.000000 1728.000000
25.129999 65.059998 92.540001 -3778.000000 591.000000 1569.000000
24.809999 64.540001 92.000000 -3846.000000 724.000000 1320.000000
24.400000 63.970001 91.370003 -3939.000000 792.000000 1353.000000
23.920000 63.360001 90.660004 -3684.000000 757.000000 1400.000000
23.340000 62.759998 89.849998 -3330.000000 673.000000 1630.000000
22.820000 62.330002 89.120003 -3332.000000 539.000000 1713.000000
22.670000 61.970001 88.750000 -3430.000000 789.000000 1849.000000
22.650000 61.700001 88.529999 -3735.000000 709.000000 1749.000000
22.580000 61.419998 88.250000 -3807.000000 637.000000 1664.000000
22.440001 61.090000 87.879997 -3592.000000 682.000000 1676.000000
22.360001 60.740002 87.589996 -3437.000000 876.000000 1576.000000
22.160000 60.459999 87.220001 -3624.000000 603.000000 1586.000000
21.980000 60.240002 86.900002 -3821.000000 533.000000 1641.000000
21.920000 60.029999 86.720001 -4025.000000 590.000000 1721.000000
21.940001 59.799999 86.650002 -4172.000000 499.000000 1753.000000
22.059999 59.570000 86.699997 -4340.000000 600.000000 1816.000000
22.270000 59.330002 86.839996 -4448.000000 666.000000 1781.000000
22.530001 59.099998 87.070000 -4463.000000 720.000000 1791.000000
22.879999 58.880001 87.400002 -4447.000000 756.000000 1662.000000
23.290001 58.680000 87.830002 -4391.000000 726.000000 1596.000000
23.730000 58.490002 88.320000 -4399.000000 769.000000 1664.000000
24.209999 58.299999 88.910004 -4358.000000 793.000000 1680.000000
24.790001 58.090000 89.610001 -4365.000000 915.000000 1691.000000
25.440001 57.869999 90.430000 -4305.000000 1061.000000 1615.000000
26.129999 57.660000 91.309998 -4243.000000 1116.000000 1488.000000
26.820000 57.439999 92.220001 -4099.000000 1049.000000 1490.000000
27.570000 57.209999 93.230003 -3937.000000 1110.000000 1537.000000
28.340000 56.970001 94.300003 -3891.000000 1175.000000 1592.000000
29.129999 56.700001 95.410004 -3848.000000 1193.000000 1608.000000
29.889999 56.410000 96.529999 -3841.000000 1250.000000 1728.000000
30.660000 56.090000 97.690002 -3675.000000 1287.000000 1726.000000
31.469999 55.820000 98.919998 -3635.000000 1334.000000 1591.000000
32.290001 55.599998 100.209999 -3558.000000 1319.000000 1460.000000
33.169998 55.439999 101.599998 -3497.000000 1431.000000 1236.000000
34.070000 55.330002 103.029999 -3470.000000 1463.000000 1183.000000
34.889999 55.189999 104.419998 -3474.000000 1399.000000 1301.000000
35.619999 54.970001 105.709999 -3495.000000 1435.000000 1380.000000
36.220001 54.650002 106.919998 -3472.000000 1489.000000 1456.000000
36.750000 54.240002 108.059998 -3309.000000 1544.000000 1463.000000
37.240002 53.790001 109.190002 -3087.000000 1583.000000 1377.000000
37.720001 53.380001 110.309998 -3062.000000 1634.000000 1327.000000
38.200001 53.020000 111.470001 -3102.000000 1648.000000 1311.000000
38.660000 52.740002 112.629997 -3106.000000 1599.000000 1367.000000
39.110001 52.509998 113.809998 -3104.000000 1603.000000 1392.000000
39.540001 52.310001 115.019997 -2936.000000 1636.000000 1431.000000
39.980000 52.130001 116.230003 -2782.000000 1690.000000 1457.000000
40.450001 51.980000 117.500000 -2705.000000 1712.000000 1412.000000
40.939999 51.880001 118.790001 -2754.000000 1728.000000 1367.000000
41.419998 51.799999 120.089996 -2875.000000 1717.000000 1298.000000
41.880001 51.740002 121.389999 -2932.000000 1658.000000 1223.000000
42.290001 51.700001 122.650002 -2993.000000 1645.000000 1368.000000
42.619999 51.650002 123.860001 -3029.000000 1607.000000 1520.000000
42.910000 51.590000 125.070000 -3052.000000 1650.000000 1533.000000
43.139999 51.509998 126.230003 -3047.000000 1669.000000 1545.000000
43.349998 51.419998 127.370003 -2918.000000 1707.000000 1481.000000
43.549999 51.360001 128.490005 -2785.000000 1703.000000 1394.000000
43.750000 51.330002 129.600006 -2705.000000 1679.000000 1355.000000
43.950001 51.340000 130.729996 -2703.000000 1631.000000 1376.000000
44.130001 51.369999 131.839996 -2807.000000 1667.000000 1483.000000
44.240002 51.369999 132.880005 -2969.000000 1731.000000 1654.000000
44.279999 51.320000 133.860001 -3026.000000 1765.000000 1783.000000
44.240002 51.230000 134.770004 -2958.000000 1750.000000 1857.000000
44.119999 51.139999 135.630005 -2857.000000 1732.000000 1860.000000
43.970001 51.049999 136.460007 -2619.000000 1693.000000 1762.000000
43.869999 51.009998 137.320007 -2492.000000 1675.000000 1654.000000
43.840000 51.070000 138.240005 -2536.000000 1672.000000 1632.000000
43.880001 51.250000 139.240005 -2670.000000 1682.000000 1630.000000
43.919998 51.490002 140.259995 -2817.000000 1645.000000 1696.000000
43.869999 51.730000 141.210007 -2962.000000 1619.000000 1889.000000
43.660000 51.930000 142.000000 -3063.000000 1536.000000 2064.000000
43.270000 52.049999 142.619995 -3053.000000 1470.000000 2146.000000
42.790001 52.110001 143.119995 -2946.000000 1456.000000 2010.000000
42.290001 52.130001 143.580002 -2823.000000 1503.000000 1807.000000
41.840000 52.169998 144.070007 -2763.000000 1522.000000 1610.000000
41.419998 52.270000 144.570007 -2832.000000 1511.000000 1630.000000
41.029999 52.430000 145.100006 -2811.000000 1467.000000 1698.000000
40.599998 52.639999 145.580002 -2835.000000 1410.000000 1903.000000
40.040001 52.840000 145.949997 -2830.000000 1342.000000 2188.000000
39.389999 53.020000 146.199997 -2877.000000 1258.000000 2273.000000
38.660000 53.169998 146.350006 -2995.000000 1231.000000 2246.000000
37.869999 53.299999 146.410004 -3069.000000 1201.000000 2137.000000
36.970001 53.380001 146.380005 -2951.000000 1108.000000 2040.000000
35.970001 53.430000 146.229996 -2862.000000 1014.000000 2153.000000
34.930000 53.470001 146.059998 -2742.000000 963.000000 2223.000000
33.930000 53.540001 145.899994 -2701.000000 940.000000 2338.000000
33.029999 53.669998 145.809998 -2707.000000 940.000000 2390.000000
32.250000 53.910000 145.830002 -2785.000000 921.000000 2433.000000
31.600000 54.320000 145.929993 -3037.000000 866.000000 2364.000000
31.020000 54.880001 146.059998 -3270.000000 765.000000 2259.000000
30.459999 55.509998 146.160004 -3362.000000 694.000000 2153.000000
29.860001 56.139999 146.199997 -3345.000000 651.000000 2152.000000
29.160000 56.720001 146.119995 -3254.000000 537.000000 2271.000000
28.459999 57.279999 146.000000 -3161.000000 464.000000 2191.000000
27.790001 57.810001 145.869995 -3205.000000 468.000000 2155.000000
27.170000 58.340000 145.740005 -3221.000000 483.000000 2104.000000
26.620001 58.889999 145.660004 -3369.000000 450.000000 2024.000000
26.090000 59.470001 145.529999 -3542.000000 434.000000 1958.000000
25.500000 60.009998 145.309998 -3714.000000 372.000000 1983.000000
24.809999 60.480000 144.970001 -3677.000000 339.000000 1990.000000
23.990000 60.820000 144.500000 -3589.000000 367.000000 2065.000000
23.070000 61.029999 143.899994 -3383.000000 364.000000 2180.000000
22.100000 61.169998 143.250000 -3303.000000 309.000000 2175.000000
21.139999 61.320000 142.570007 -3343.000000 284.000000 2089.000000
20.230000 61.529999 141.929993 -3471.000000 166.000000 2109.000000
19.410000 61.820000 141.330002 -3640.000000 144.000000 2097.000000
18.610001 62.160000 140.740005 -3841.000000 125.000000 2094.000000
17.799999 62.450001 140.119995 -3837.000000 167.000000 2155.000000
17.010000 62.630001 139.529999 -3655.000000 257.000000 2201.000000
16.190001 62.759998 138.880005 -3594.000000 198.000000 2119.000000
15.320000 62.840000 138.199997 -3510.000000 76.000000 2021.000000
14.500000 62.889999 137.550003 -3445.000000 110.000000 1876.000000
13.660000 62.869999 136.880005 -3398.000000 83.000000 2023.000000
12.860000 62.849998 136.220001 -3588.000000 126.000000 2071.000000
12.100000 62.849998 135.610001 -3760.000000 79.000000 2067.000000
11.420000 62.869999 135.070007 -3824.000000 134.000000 2074.000000
10.750000 62.889999 134.570007 -3807.000000 159.000000 2087.000000
10.110000 62.910000 134.070007 -3635.000000 173.000000 2042.000000
9.490000 63.000000 133.570007 -3633.000000 191.000000 1943.000000
8.870000 63.150002 133.070007 -3754.000000 124.000000 1751.000000
8.230000 63.270000 132.529999 -3641.000000 115.000000 1929.000000
7.620000 63.340000 132.029999 -3497.000000 198.000000 1887.000000
7.040000 63.389999 131.559998 -3576.000000 149.000000 1824.000000
6.540000 63.369999 131.149994 -3575.000000 134.000000 1863.000000
6.070000 63.299999 130.759995 -3693.000000 165.000000 1967.000000
5.630000 63.230000 130.410004 -3806.000000 162.000000 1961.000000
5.200000 63.110001 130.050003 -3773.000000 187.000000 2077.000000
4.720000 63.020000 129.660004 -3735.000000 147.000000 1977.000000
4.260000 62.919998 129.270004 -3575.000000 183.000000 2010.000000
3.780000 62.830002 128.850006 -3447.000000 124.000000 1964.000000
3.290000 62.759998 128.419998 -3344.000000 65.000000 1960.000000
2.840000 62.750000 128.009995 -3369.000000 35.000000 1919.000000
2.390000 62.790001 127.580002 -3378.000000 -39.000000 1906.000000
1.990000 62.889999 127.199997 -3428.000000 -4.000000 1891.000000
1.660000 63.029999 126.870003 -3570.000000 97.000000 1856.000000
1.310000 63.189999 126.529999 -3706.000000 75.000000 1910.000000
0.940000 63.320000 126.180000 -3783.000000 36.000000 1891.000000
0.550000 63.380001 125.830002 -3742.000000 -51.000000 1865.000000
0.160000 63.400002 125.480003 -3710.000000 -115.000000 1819.000000
-0.180000 63.380001 125.169998 -3678.000000 -77.000000 1844.000000
-0.460000 63.380001 124.910004 -3743.000000 -58.000000 1755.000000
-0.800000 63.369999 124.570000 -4335.000000 -634.000000 2158.000000
-0.480000 63.439999 124.910004 -5124.000000 691.000000 1905.000000
-0.280000 63.459999 125.169998 -4026.000000 -238.000000 1814.000000
-0.250000 63.259998 125.199997 -3038.000000 367.000000 2078.000000
-0.370000 63.220001 125.120003 -3667.000000 -190.000000 1946.000000
-0.200000 63.209999 125.349998 -3912.000000 81.000000 1851.000000
-0.220000 63.110001 125.400002 -3551.000000 48.000000 1900.000000
-0.310000 63.000000 125.349998 -3599.000000 -89.000000 1784.000000
-0.370000 62.910000 125.339996 -3697.000000 -116.000000 1716.000000
-0.410000 62.790001 125.349998 -3468.000000 -39.000000 1682.000000
-0.450000 62.660000 125.330002 -3202.000000 -28.000000 1739.000000
-0.510000 62.560001 125.290001 -3372.000000 -58.000000 1867.000000
-0.510000 62.540001 125.279999 -3695.000000 -29.000000 1872.000000
-0.500000 62.520000 125.269997 -3816.000000 -21.000000 1806.000000
-0.510000 62.439999 125.239998 -3601.000000 -18.000000 1884.000000
-0.520000 62.349998 125.209999 -3344.000000 48.000000 1834.000000
-0.520000 62.270000 125.209999 -3329.000000 64.000000 1810.000000
-0.510000 62.209999 125.230003 -3415.000000 119.000000 1757.000000
-0.520000 62.119999 125.250000 -3566.000000 130.000000 1767.000000
-0.560000 62.000000 125.250000 -3663.000000 94.000000 1799.000000
-0.620000 61.860001 125.230003 -3651.000000 43.000000 1860.000000
-0.680000 61.700001 125.220001 -3618.000000 43.000000 1885.000000
-0.710000 61.540001 125.239998 -3440.000000 37.000000 1853.000000
-0.730000 61.400002 125.269997 -3358.000000 63.000000 1841.000000
-0.730000 61.290001 125.309998 -3370.000000 60.000000 1804.000000
-0.740000 61.180000 125.330002 -3277.000000 47.000000 1890.000000
-0.750000 61.099998 125.360001 -3406.000000 100.000000 1987.000000
-0.770000 61.029999 125.379997 -3426.000000 69.000000 1971.000000
-0.830000 61.000000 125.360001 -3532.000000 -2.000000 1893.000000
-0.850000 60.959999 125.379997 -3476.000000 12.000000 1905.000000
-0.850000 60.930000 125.430000 -3511.000000 80.000000 1872.000000
-0.850000 60.910000 125.489998 -3581.000000 91.000000 1932.000000
-0.860000 60.910000 125.529999 -3646.000000 66.000000 1928.000000
-0.870000 60.910000 125.580002 -3727.000000 109.000000 1819.000000
-0.880000 60.900002 125.620003 -3769.000000 119.000000 1738.000000
-0.900000 60.840000 125.639999 -3872.000000 156.000000 2059.000000
-0.940000 60.799999 125.610001 -3491.000000 205.000000 2198.000000
-1.070000 60.919998 125.459999 -3530.000000 261.000000 2061.000000
-1.220000 61.139999 125.269997 -3821.000000 57.000000 1855.000000
-1.410000 61.340000 125.059998 -3933.000000 3.000000 1865.000000
-1.670000 61.490002 124.809998 -3786.000000 78.000000 1819.000000
-1.970000 61.570000 124.489998 -3761.000000 43.000000 1851.000000
-2.320000 61.580002 124.120003 -3578.000000 -141.000000 1910.000000
-2.700000 61.560001 123.699997 -3487.000000 -215.000000 2029.000000
-3.130000 61.549999 123.260002 -3345.000000 -264.000000 2075.000000
-3.600000 61.560001 122.779999 -3233.000000 -256.000000 2101.000000
-4.180000 61.599998 122.190002 -3213.000000 -499.000000 2246.000000
-4.660000 61.720001 121.699997 -3416.000000 -323.000000 2100.000000
-5.150000 61.919998 121.239998 -3500.000000 -441.000000 2085.000000
-5.630000 62.090000 120.820000 -3725.000000 -554.000000 1974.000000
-6.050000 62.230000 120.480003 -3911.000000 -703.000000 1828.000000
-6.420000 62.310001 120.230003 -3833.000000 -889.000000 1832.000000
-6.750000 62.360001 120.050003 -3558.000000 -860.000000 1546.000000
-7.050000 62.290001 119.860001 -3501.000000 -1188.000000 2335.000000
-7.290000 62.220001 119.660004 -3244.000000 -1283.000000 2633.000000
-7.440000 62.270000 119.519997 -3277.000000 -806.000000 2676.000000
-7.250000 62.360001 119.660004 -3298.000000 -556.000000 2604.000000
-7.020000 62.520000 119.830002 -3480.000000 -757.000000 2493.000000
-6.890000 62.740002 119.860001 -3771.000000 -996.000000 2252.000000
-6.780000 62.930000 119.870003 -3887.000000 -1074.000000 2181.000000
-6.590000 63.040001 119.989998 -3941.000000 -1041.000000 2293.000000
-6.300000 63.099998 120.269997 -3964.000000 -1031.000000 2336.000000
-5.930000 63.090000 120.669998 -3775.000000 -1004.000000 2383.000000
-5.550000 63.000000 121.099998 -3708.000000 -1068.000000 2556.000000
-5.140000 62.880001 121.559998 -3656.000000 -1144.000000 2513.000000
-4.670000 62.730000 122.080002 -3429.000000 -1220.000000 2230.000000
-4.160000 62.570000 122.660004 -3340.000000 -1211.000000 1914.000000
-3.520000 62.310001 123.349998 -3216.000000 -965.000000 1776.000000
-2.760000 61.849998 124.180000 -3015.000000 -738.000000 1994.000000
-1.890000 61.150002 125.099998 -2890.000000 -548.000000 2235.000000
-1.040000 60.310001 125.949997 -2993.000000 -448.000000 2407.000000
-0.330000 59.419998 126.660004 -3190.000000 -520.000000 2582.000000
0.190000 58.529999 127.169998 -3376.000000 -727.000000 2497.000000
0.570000 57.650002 127.519997 -3351.000000 -901.000000 2293.000000
0.910000 56.759998 127.809998 -3302.000000 -836.000000 2096.000000
1.360000 55.779999 128.130005 -3285.000000 -520.000000 2134.000000
1.980000 54.790001 128.539993 -3130.000000 -109.000000 1762.000000
2.700000 53.830002 128.919998 -2992.000000 231.000000 1796.000000
3.370000 52.860001 129.179993 -3027.000000 389.000000 1971.000000
3.880000 51.880001 129.220001 -3048.000000 311.000000 2091.000000
4.140000 50.889999 128.990005 -3012.000000 2.000000 2276.000000
4.180000 49.939999 128.550003 -2809.000000 -305.000000 2084.000000
4.190000 49.020000 128.039993 -2696.000000 -392.000000 1947.000000
4.420000 48.070000 127.639999 -2754.000000 -119.000000 1790.000000
4.950000 47.080002 127.400002 -2814.000000 360.000000 1834.000000
5.710000 46.029999 127.269997 -2834.000000 921.000000 1927.000000
6.480000 44.959999 127.139999 -2795.000000 1368.000000 1965.000000
7.090000 43.919998 126.870003 -2824.000000 1497.000000 1998.000000
7.410000 42.930000 126.400002 -2813.000000 1265.000000 2087.000000
7.420000 41.980000 125.709999 -2774.000000 861.000000 2042.000000
7.250000 41.020000 124.870003 -2778.000000 542.000000 2026.000000
7.100000 40.020000 124.000000 -2693.000000 533.000000 2001.000000
7.140000 39.000000 123.239998 -2566.000000 769.000000 2141.000000
7.390000 38.000000 122.599998 -2522.000000 1220.000000 2268.000000
7.780000 37.049999 122.019997 -2600.000000 1714.000000 2397.000000
8.170000 36.209999 121.440002 -2662.000000 1994.000000 2510.000000
8.390000 35.549999 120.809998 -2635.000000 1976.000000 2584.000000
8.400000 35.080002 120.089996 -2734.000000 1689.000000 2576.000000
8.240000 34.750000 119.279999 -2984.000000 1325.000000 2523.000000
7.980000 34.509998 118.440002 -3123.000000 1070.000000 2393.000000
7.750000 34.259998 117.639999 -3199.000000 1009.000000 2171.000000
7.640000 33.900002 116.930000 -3226.000000 1242.000000 2331.000000
7.660000 33.349998 116.300003 -3233.000000 1505.000000 2304.000000
7.720000 32.599998 115.769997 -2909.000000 1853.000000 2451.000000
7.720000 31.700001 115.339996 -2530.000000 1996.000000 2616.000000
7.610000 30.770000 114.919998 -2328.000000 1921.000000 2820.000000
7.370000 29.930000 114.489998 -2241.000000 1693.000000 2969.000000
7.050000 29.240000 114.029999 -2335.000000 1443.000000 3202.000000
6.760000 28.690001 113.589996 -2483.000000 1375.000000 3135.000000
6.590000 28.219999 113.209999 -2654.000000 1520.000000 3275.000000
6.520000 27.770000 112.900002 -2715.000000 1769.000000 3290.000000
6.480000 27.270000 112.629997 -2655.000000 1896.000000 3363.000000
6.380000 26.700001 112.370003 -2516.000000 1865.000000 3324.000000
6.160000 26.049999 112.089996 -2262.000000 1672.000000 3695.000000
5.860000 25.379999 111.820000 -2156.000000 1316.000000 3739.000000
5.520000 24.760000 111.589996 -2054.000000 1117.000000 3946.000000
5.270000 24.250000 111.440002 -1940.000000 1117.000000 4122.000000
5.200000 23.900000 111.470001 -2004.000000 1458.000000 4243.000000
5.270000 23.760000 111.709999 -2358.000000 1575.000000 4215.000000
5.220000 23.780001 112.000000 -2787.000000 1127.000000 4171.000000
4.970000 23.830000 112.040001 -3205.000000 963.000000 4024.000000
4.820000 23.750000 111.889999 -2729.000000 735.000000 3277.000000
4.710000 23.420000 111.760002 -2057.000000 909.000000 3406.000000
4.930000 23.010000 112.019997 -1102.000000 1045.000000 2988.000000
5.010000 22.500000 112.320000 -1035.000000 798.000000 4114.000000
5.110000 22.230000 112.349998 -1017.000000 990.000000 3464.000000
5.420000 22.000000 112.349998 -1662.000000 957.000000 3912.000000
5.510000 21.730000 112.360001 -1618.000000 649.000000 4092.000000
5.570000 21.510000 112.330002 -1433.000000 545.000000 4130.000000
5.690000 21.330000 112.230003 -1326.000000 569.000000 3942.000000
5.840000 21.190001 112.089996 -1188.000000 629.000000 3869.000000
5.970000 21.120001 111.959999 -1076.000000 494.000000 3909.000000
6.070000 21.139999 111.830002 -1079.000000 325.000000 3909.000000
6.180000 21.260000 111.680000 -1140.000000 255.000000 3823.000000
6.340000 21.480000 111.529999 -1194.000000 201.000000 3814.000000
6.560000 21.770000 111.470001 -1420.000000 137.000000 3918.000000
6.840000 22.100000 111.489998 -1529.000000 280.000000 3673.000000
7.180000 22.379999 111.550003 -1721.000000 474.000000 3664.000000
7.570000 22.600000 111.629997 -1765.000000 679.000000 3614.000000
7.930000 22.760000 111.680000 -1717.000000 750.000000 3601.000000
8.240000 22.870001 111.730003 -1604.000000 746.000000 3736.000000
8.500000 22.969999 111.760002 -1562.000000 727.000000 3687.000000
8.740000 23.049999 111.790001 -1573.000000 732.000000 3727.000000
8.970000 23.139999 111.839996 -1525.000000 716.000000 3697.000000
9.190000 23.260000 111.879997 -1506.000000 727.000000 3652.000000
9.400000 23.410000 111.930000 -1577.000000 756.000000 3673.000000
9.610000 23.590000 111.980003 -1600.000000 761.000000 3616.000000
9.820000 23.790001 112.010002 -1579.000000 801.000000 3633.000000
10.000000 24.049999 112.059998 -1690.000000 746.000000 3591.000000
10.160000 24.350000 112.080002 -1836.000000 718.000000 3440.000000
10.320000 24.620001 112.099998 -1971.000000 739.000000 3500.000000
10.470000 24.860001 112.139999 -1996.000000 724.000000 3506.000000
10.610000 25.000000 112.199997 -1938.000000 735.000000 3492.000000
10.760000 25.090000 112.269997 -1873.000000 809.000000 3487.000000
10.900000 25.129999 112.330002 -1773.000000 814.000000 3489.000000
11.020000 25.139999 112.400002 -1757.000000 828.000000 3590.000000
11.150000 25.160000 112.449997 -1719.000000 850.000000 3589.000000
