41.730000 18.809999 -3.650000 -3.410000 -38.310001 0.000000 2937.000000 -56.000000 3439.000000 244.000000 -2718.000000 3351.000000 
41.959999 18.520000 -3.560000 -3.550000 -38.320000 0.000000 2789.000000 -42.000000 3349.000000 255.000000 -2621.000000 3244.000000 
41.959999 18.180000 -3.560000 -3.780000 -38.459999 0.000000 2789.000000 -69.000000 3428.000000 239.000000 -2797.000000 3383.000000 
41.689999 18.100000 -3.690000 -4.090000 -38.619999 0.000000 2836.000000 -59.000000 3385.000000 235.000000 -2723.000000 3282.000000 
41.160000 17.879999 -3.830000 -4.500000 -38.759998 0.000000 2852.000000 -15.000000 3450.000000 247.000000 -2777.000000 3416.000000 
40.470001 17.850000 -4.060000 -5.050000 -38.950001 0.000000 2885.000000 10.000000 3370.000000 356.000000 -2770.000000 3400.000000 
40.549999 18.600000 -4.170000 -5.750000 -39.160000 0.000000 2952.000000 6.000000 3465.000000 372.000000 -2788.000000 3464.000000 
40.549999 19.850000 -4.300000 -6.640000 -39.430000 0.000000 2797.000000 7.000000 3338.000000 318.000000 -2792.000000 3469.000000 
40.279999 21.520000 -4.520000 -7.780000 -39.889999 0.000000 2806.000000 -60.000000 3493.000000 65.000000 -2783.000000 3301.000000 
39.799999 23.450001 -4.820000 -9.280000 -40.360001 0.000000 2544.000000 -350.000000 3527.000000 373.000000 -2640.000000 3183.000000 
39.270000 25.459999 -5.130000 -11.100000 -41.020000 0.000000 2714.000000 -566.000000 3774.000000 -125.000000 -2992.000000 3428.000000 
38.509998 27.469999 -5.650000 -13.270000 -41.750000 0.000000 1607.000000 -1169.000000 4443.000000 -327.000000 -3004.000000 3360.000000 
37.740002 29.400000 -6.250000 -15.270000 -42.400002 0.000000 2471.000000 -1513.000000 5437.000000 -571.000000 -3335.000000 3801.000000 
36.759998 31.240000 -6.950000 -16.420000 -42.340000 0.000000 3590.000000 -1100.000000 5795.000000 -104.000000 -3955.000000 6105.000000 
35.349998 32.779999 -8.000000 -16.809999 -41.840000 0.000000 2759.000000 -859.000000 5462.000000 -1462.000000 -4242.000000 5578.000000 
34.529999 34.090000 -8.890000 -16.730000 -40.930000 0.000000 2245.000000 -651.000000 4585.000000 -1102.000000 -3778.000000 4504.000000 
34.470001 34.830002 -9.300000 -16.430000 -39.509998 0.000000 2000.000000 -472.000000 4082.000000 -572.000000 -2920.000000 3931.000000 
34.430000 35.439999 -9.740000 -16.110001 -37.990002 0.000000 1730.000000 -416.000000 3970.000000 -387.000000 -2197.000000 3526.000000 
34.250000 36.139999 -10.220000 -15.810000 -36.630001 0.000000 1740.000000 -475.000000 4084.000000 -291.000000 -2150.000000 3262.000000 
33.740002 36.930000 -10.820000 -15.430000 -35.290001 0.000000 1252.000000 -319.000000 4117.000000 -762.000000 -1858.000000 3671.000000 
33.080002 37.549999 -11.610000 -14.990000 -33.980000 0.000000 1422.000000 -213.000000 3422.000000 -674.000000 -1973.000000 3667.000000 
32.720001 37.650002 -12.390000 -14.640000 -32.549999 0.000000 1504.000000 -343.000000 3061.000000 -495.000000 -2034.000000 3833.000000 
32.490002 37.320000 -13.060000 -14.220000 -31.110001 0.000000 1628.000000 -208.000000 3433.000000 -384.000000 -2046.000000 3973.000000 
32.139999 36.939999 -13.840000 -13.920000 -29.799999 0.000000 1534.000000 -476.000000 4215.000000 -403.000000 -1984.000000 3700.000000 
31.610001 36.480000 -14.790000 -13.520000 -28.540001 0.000000 1573.000000 -654.000000 4919.000000 -558.000000 -1866.000000 3726.000000 
30.680000 36.730000 -16.090000 -12.790000 -27.820000 0.000000 1788.000000 -541.000000 4931.000000 -447.000000 -2211.000000 3694.000000 
29.049999 36.610001 -17.959999 -11.840000 -27.230000 0.000000 2158.000000 -422.000000 4672.000000 -531.000000 -2333.000000 3663.000000 
27.719999 36.560001 -19.559999 -10.810000 -26.700001 0.000000 2239.000000 -391.000000 4299.000000 -625.000000 -2352.000000 3807.000000 
26.459999 36.330002 -20.969999 -9.780000 -26.240000 0.000000 2089.000000 -449.000000 3807.000000 -741.000000 -2295.000000 3797.000000 
25.900000 36.660000 -21.870001 -8.820000 -25.790001 0.000000 1753.000000 -446.000000 3364.000000 -740.000000 -2147.000000 3612.000000 
25.730000 37.060001 -22.260000 -7.990000 -25.330000 0.000000 1546.000000 -383.000000 3332.000000 -729.000000 -1953.000000 3425.000000 
25.530001 37.259998 -22.750000 -7.260000 -24.879999 0.000000 1627.000000 -261.000000 3426.000000 -634.000000 -1787.000000 3320.000000 
25.270000 37.119999 -23.379999 -6.680000 -24.450001 0.000000 1744.000000 -173.000000 3381.000000 -375.000000 -1709.000000 3375.000000 
24.680000 36.470001 -24.260000 -6.270000 -24.030001 0.000000 1806.000000 -250.000000 3473.000000 -113.000000 -1635.000000 3320.000000 
24.299999 35.759998 -25.010000 -5.810000 -23.620001 0.000000 1863.000000 -194.000000 3701.000000 129.000000 -1558.000000 3248.000000 
24.360001 35.000000 -25.410000 -5.340000 -23.170000 0.000000 1859.000000 -295.000000 3659.000000 335.000000 -1432.000000 3102.000000 
24.709999 34.970001 -25.549999 -4.820000 -22.790001 0.000000 1804.000000 -362.000000 3276.000000 438.000000 -1328.000000 2837.000000 
24.650000 33.970001 -26.090000 -4.310000 -22.459999 0.000000 1309.000000 -407.000000 2715.000000 414.000000 -1218.000000 2571.000000 
24.219999 32.880001 -26.790001 -4.020000 -22.200001 0.000000 1383.000000 -634.000000 2462.000000 610.000000 -1199.000000 2512.000000 
23.040001 31.820000 -27.830000 -4.010000 -22.040001 0.000000 1376.000000 -949.000000 2290.000000 862.000000 -1362.000000 2603.000000 
21.270000 30.900000 -29.209999 -4.200000 -22.059999 0.000000 963.000000 -1375.000000 2610.000000 856.000000 -1856.000000 2823.000000 
19.209999 29.950001 -30.690001 -4.410000 -22.080000 0.000000 746.000000 -1401.000000 3018.000000 617.000000 -2094.000000 2852.000000 
16.860001 28.980000 -32.290001 -4.640000 -22.059999 0.000000 1387.000000 -1348.000000 3648.000000 555.000000 -2284.000000 2793.000000 
14.300000 28.000000 -33.980000 -4.720000 -22.040001 0.000000 1986.000000 -1138.000000 3964.000000 724.000000 -2429.000000 2713.000000 
11.720000 26.969999 -35.669998 -4.640000 -22.070000 0.000000 2495.000000 -854.000000 3789.000000 1030.000000 -2518.000000 2724.000000 
9.190000 25.969999 -37.330002 -4.680000 -22.360001 0.000000 2843.000000 -1087.000000 3952.000000 1223.000000 -2703.000000 3090.000000 
6.800000 25.049999 -38.869999 -4.690000 -22.799999 0.000000 2908.000000 -1000.000000 3946.000000 914.000000 -2789.000000 3278.000000 
4.630000 24.100000 -40.310001 -4.680000 -23.290001 0.000000 1790.000000 -826.000000 3661.000000 913.000000 -2961.000000 3408.000000 
2.750000 23.070000 -41.580002 -4.760000 -23.799999 0.000000 2118.000000 -941.000000 3589.000000 1005.000000 -2964.000000 3609.000000 
0.940000 22.209999 -42.730000 -5.030000 -24.309999 0.000000 2301.000000 -1224.000000 3474.000000 1184.000000 -2924.000000 3545.000000 
-0.790000 21.360001 -43.759998 -5.460000 -24.860001 0.000000 1877.000000 -1335.000000 3493.000000 1213.000000 -2862.000000 3406.000000 
-2.400000 20.450001 -44.720001 -6.000000 -25.420000 0.000000 1769.000000 -1254.000000 3729.000000 1316.000000 -2696.000000 3218.000000 
-3.940000 19.570000 -45.590000 -6.520000 -26.070000 0.000000 2116.000000 -1071.000000 3432.000000 1347.000000 -2637.000000 2910.000000 
-5.480000 18.809999 -46.470001 -7.310000 -26.809999 0.000000 2047.000000 -1158.000000 3224.000000 1312.000000 -2582.000000 2526.000000 
-6.970000 18.209999 -47.340000 -8.520000 -27.740000 0.000000 1552.000000 -1434.000000 3169.000000 1046.000000 -2675.000000 2389.000000 
-8.380000 17.770000 -48.139999 -9.870000 -28.809999 0.000000 1418.000000 -1328.000000 2298.000000 849.000000 -2825.000000 2217.000000 
-9.700000 17.100000 -48.919998 -11.780000 -30.000000 0.000000 1461.000000 -1828.000000 1926.000000 1330.000000 -3037.000000 2714.000000 
-10.880000 15.960000 -49.599998 -14.130000 -31.290001 0.000000 1231.000000 -1924.000000 2154.000000 1116.000000 -3237.000000 3710.000000 
-11.960000 14.840000 -50.139999 -16.900000 -32.549999 0.000000 1356.000000 -2197.000000 2379.000000 661.000000 -3278.000000 4050.000000 
-13.010000 13.970000 -50.599998 -20.000000 -33.650002 0.000000 1435.000000 -2123.000000 2722.000000 932.000000 -3068.000000 4273.000000 
-13.810000 12.680000 -50.910000 -23.219999 -34.490002 0.000000 2277.000000 -2046.000000 2951.000000 957.000000 -2826.000000 4163.000000 
-14.160000 11.460000 -51.060001 -26.780001 -35.060001 0.000000 2488.000000 -2265.000000 2838.000000 1482.000000 -2529.000000 3700.000000 
-14.500000 10.560000 -51.290001 -30.440001 -35.540001 0.000000 1902.000000 -2082.000000 3075.000000 1751.000000 -2252.000000 3240.000000 
-14.350000 9.920000 -51.330002 -33.959999 -36.230000 0.000000 2107.000000 -1990.000000 2974.000000 1364.000000 -2233.000000 2810.000000 
-14.000000 9.600000 -51.220001 -36.860001 -37.130001 0.000000 1057.000000 -3409.000000 11986.000000 299.000000 -2440.000000 2519.000000 
-13.480000 8.220000 -51.110001 -40.060001 -37.650002 0.000000 5993.000000 -1806.000000 3908.000000 6652.000000 -4204.000000 6793.000000 
-13.190000 6.910000 -51.110001 -43.330002 -37.740002 0.000000 3164.000000 -337.000000 980.000000 3900.000000 -3378.000000 5000.000000 
-13.340000 6.790000 -51.189999 -46.259998 -38.400002 0.000000 3610.000000 -2629.000000 1710.000000 399.000000 -2988.000000 2717.000000 
-12.520000 7.210000 -51.290001 -48.380001 -38.910000 0.000000 4059.000000 -1999.000000 1734.000000 454.000000 -3230.000000 3634.000000 
-11.310000 7.570000 -51.080002 -50.240002 -39.099998 0.000000 650.000000 -5327.000000 2857.000000 443.000000 -2422.000000 3898.000000 
-10.180000 7.380000 -50.820000 -51.150002 -39.330002 0.000000 1464.000000 1333.000000 -674.000000 847.000000 -2408.000000 3520.000000 
-9.220000 7.350000 -50.549999 -52.360001 -39.880001 0.000000 1603.000000 -6353.000000 4806.000000 2903.000000 -2086.000000 2543.000000 
-8.180000 7.570000 -50.209999 -53.889999 -40.570000 0.000000 3805.000000 -2900.000000 1941.000000 4237.000000 -2255.000000 2279.000000 
-7.580000 7.350000 -50.000000 -55.820000 -41.279999 0.000000 3168.000000 -2092.000000 1196.000000 3042.000000 -2508.000000 2770.000000 
-6.990000 7.250000 -49.830002 -58.040001 -41.820000 0.000000 2675.000000 -2766.000000 1789.000000 2392.000000 -2535.000000 3108.000000 
-6.340000 7.380000 -49.700001 -60.230000 -42.400002 0.000000 3678.000000 -3145.000000 2268.000000 2772.000000 -2325.000000 2196.000000 
-5.840000 7.440000 -49.599998 -62.419998 -42.990002 0.000000 2466.000000 -2942.000000 1514.000000 2342.000000 -2612.000000 2047.000000 
-5.500000 7.280000 -49.459999 -64.419998 -43.540001 0.000000 3153.000000 -2793.000000 1316.000000 2346.000000 -3118.000000 2820.000000 
-5.490000 6.960000 -49.450001 -65.989998 -44.119999 0.000000 3484.000000 -3218.000000 1783.000000 2608.000000 -3365.000000 2818.000000 
-5.610000 6.740000 -49.450001 -67.199997 -44.759998 0.000000 3229.000000 -3626.000000 1600.000000 2300.000000 -3677.000000 2751.000000 
-6.430000 6.770000 -49.560001 -67.620003 -45.119999 0.000000 3965.000000 -4012.000000 2136.000000 1361.000000 -4120.000000 3729.000000 
-7.280000 7.040000 -49.700001 -67.580002 -44.900002 0.000000 4572.000000 -4034.000000 2244.000000 1915.000000 -4350.000000 4671.000000 
-8.000000 7.570000 -49.799999 -67.160004 -44.439999 0.000000 4618.000000 -4067.000000 2758.000000 2557.000000 -4138.000000 4761.000000 
-8.440000 8.360000 -49.830002 -66.529999 -43.770000 0.000000 4580.000000 -3961.000000 3110.000000 2348.000000 -3656.000000 4210.000000 
-8.350000 9.440000 -49.810001 -65.800003 -43.160000 0.000000 4200.000000 -3986.000000 3249.000000 1743.000000 -3404.000000 3542.000000 
-7.960000 10.910000 -49.759998 -65.040001 -42.660000 0.000000 4028.000000 -3919.000000 3016.000000 1653.000000 -3299.000000 3246.000000 
-7.260000 12.920000 -49.599998 -64.309998 -42.009998 0.000000 4127.000000 -3711.000000 2489.000000 1897.000000 -3386.000000 3739.000000 
-6.500000 15.390000 -49.340000 -63.610001 -41.189999 0.000000 4332.000000 -3427.000000 1986.000000 3272.000000 -3651.000000 4663.000000 
-5.890000 17.969999 -49.029999 -62.959999 -40.410000 0.000000 3926.000000 -3214.000000 1478.000000 657.000000 -3470.000000 3783.000000 
-5.160000 21.090000 -48.720001 -62.080002 -39.529999 0.000000 3985.000000 -3300.000000 1678.000000 197.000000 -3509.000000 4103.000000 
-4.470000 24.719999 -48.259998 -60.820000 -38.509998 0.000000 3780.000000 -3669.000000 2171.000000 578.000000 -3663.000000 4705.000000 
-3.930000 28.840000 -47.680000 -59.669998 -37.450001 0.000000 3517.000000 -3538.000000 1996.000000 -32.000000 -3369.000000 4371.000000 
-3.900000 33.590000 -47.310001 -58.500000 -36.310001 0.000000 2931.000000 -4229.000000 2612.000000 -697.000000 -3066.000000 4089.000000 
-3.110000 37.930000 -46.459999 -57.400002 -34.779999 0.000000 2329.000000 -4824.000000 3361.000000 -290.000000 -2234.000000 3767.000000 
-2.260000 42.950001 -45.450001 -56.439999 -33.230000 0.000000 2116.000000 -4645.000000 3387.000000 -861.000000 -2040.000000 3094.000000 
-1.770000 48.770000 -44.459999 -55.700001 -31.350000 0.000000 2017.000000 -4152.000000 2870.000000 -1236.000000 -1660.000000 2924.000000 
-2.210000 55.380001 -43.900002 -55.049999 -29.200001 0.000000 2039.000000 -3687.000000 2494.000000 -87.000000 -1074.000000 2096.000000 
-3.380000 62.299999 -43.830002 -54.520000 -26.620001 0.000000 2195.000000 -3095.000000 2090.000000 -46.000000 -426.000000 1272.000000 
-5.440000 69.360001 -44.610001 -54.209999 -23.870001 0.000000 2229.000000 -2347.000000 1542.000000 -1295.000000 -342.000000 937.000000 
-10.930000 76.459999 -48.810001 -54.009998 -20.610001 0.000000 1722.000000 -1505.000000 1294.000000 -2180.000000 -169.000000 949.000000 
-33.509998 82.889999 -70.180000 -53.939999 -15.130000 0.000000 634.000000 -1139.000000 989.000000 -1672.000000 515.000000 927.000000 
-135.960007 83.300003 -169.279999 -54.099998 -7.030000 0.000000 -529.000000 -1337.000000 707.000000 -3871.000000 879.000000 278.000000 
-161.360001 76.800003 166.600006 -53.970001 7.170000 0.000000 -1582.000000 -1216.000000 552.000000 -6705.000000 850.000000 -272.000000 
-168.949997 69.769997 161.169998 -53.090000 33.169998 0.000000 -2692.000000 -853.000000 513.000000 -8014.000000 386.000000 -388.000000 
-173.910004 62.950001 158.660004 -51.000000 65.410004 0.000000 -3342.000000 -552.000000 576.000000 -6151.000000 121.000000 -295.000000 
-177.990005 56.500000 157.160004 -47.259998 86.510002 0.000000 -3550.000000 -548.000000 283.000000 -4507.000000 289.000000 -672.000000 
178.520004 50.500000 156.229996 -40.860001 97.820000 0.000000 -3205.000000 -325.000000 46.000000 -5254.000000 342.000000 -1030.000000 
175.500000 44.849998 155.610001 -30.309999 104.139999 0.000000 -2541.000000 99.000000 -45.000000 -3615.000000 531.000000 -1227.000000 
172.949997 39.520000 155.270004 -14.280000 107.449997 0.000000 -2748.000000 668.000000 -182.000000 -2783.000000 1005.000000 -741.000000 
170.789993 34.560001 155.139999 7.600000 109.860001 0.000000 -2818.000000 1333.000000 -23.000000 -2371.000000 1659.000000 -1353.000000 
168.910004 30.040001 155.149994 30.730000 111.330002 0.000000 -2828.000000 1769.000000 103.000000 -1751.000000 2240.000000 -1386.000000 
167.229996 26.000000 155.300003 49.259998 112.190002 0.000000 -3299.000000 2105.000000 -99.000000 -1852.000000 2615.000000 -1146.000000 
165.619995 22.459999 155.509995 61.520000 112.900002 0.000000 -3649.000000 2481.000000 -160.000000 -2216.000000 2960.000000 -1492.000000 
164.070007 19.309999 155.699997 68.980003 113.370003 0.000000 -3711.000000 2767.000000 -38.000000 -1732.000000 3121.000000 -1755.000000 
162.619995 16.440001 155.910004 73.769997 113.580002 0.000000 -3771.000000 2873.000000 84.000000 -1587.000000 3181.000000 -1666.000000 
161.279999 13.730000 156.149994 77.059998 113.580002 0.000000 -3717.000000 2635.000000 481.000000 -1308.000000 3300.000000 -1505.000000 
159.990005 11.210000 156.470001 79.300003 113.330002 0.000000 -3213.000000 2695.000000 907.000000 -867.000000 3436.000000 -1108.000000 
158.830002 8.940000 156.889999 81.089996 113.080002 0.000000 -3164.000000 2589.000000 858.000000 -960.000000 3441.000000 -988.000000 
157.729996 6.910000 157.339996 82.629997 113.070000 0.000000 -3303.000000 2697.000000 626.000000 -1238.000000 3504.000000 -1266.000000 
156.660004 5.100000 157.789993 83.809998 113.199997 0.000000 -3393.000000 2925.000000 546.000000 -1163.000000 3688.000000 -1658.000000 
155.639999 3.520000 158.259995 84.629997 113.230003 0.000000 -3512.000000 3056.000000 571.000000 -979.000000 3922.000000 -1843.000000 
154.750000 2.190000 158.729996 85.129997 113.129997 0.000000 -3514.000000 3095.000000 573.000000 -1024.000000 3972.000000 -1832.000000 
153.910004 1.160000 159.160004 85.320000 112.919998 0.000000 -3326.000000 3082.000000 661.000000 -927.000000 3941.000000 -1761.000000 
153.130005 0.320000 159.520004 85.230003 112.629997 0.000000 -3079.000000 3072.000000 768.000000 -835.000000 3880.000000 -1698.000000 
152.419998 -0.350000 159.820007 85.029999 112.220001 0.000000 -3092.000000 3002.000000 719.000000 -968.000000 3731.000000 -1474.000000 
151.789993 -0.930000 160.059998 84.690002 111.709999 0.000000 -3066.000000 2877.000000 705.000000 -1073.000000 3607.000000 -1343.000000 
151.190002 -1.530000 160.240005 84.220001 111.120003 0.000000 -3114.000000 2769.000000 739.000000 -1067.000000 3598.000000 -1253.000000 
150.600006 -2.070000 160.399994 83.629997 110.449997 0.000000 -3001.000000 2724.000000 824.000000 -941.000000 3500.000000 -1114.000000 
150.029999 -2.540000 160.550003 83.050003 109.739998 0.000000 -2944.000000 2694.000000 838.000000 -812.000000 3460.000000 -1012.000000 
149.460007 -2.970000 160.699997 82.519997 109.089996 0.000000 -2848.000000 2700.000000 810.000000 -661.000000 3489.000000 -1018.000000 
148.889999 -3.310000 160.830002 81.949997 108.489998 0.000000 -2737.000000 2758.000000 833.000000 -520.000000 3430.000000 -1022.000000 
148.389999 -3.590000 160.960007 81.330002 107.879997 0.000000 -2652.000000 2766.000000 853.000000 -393.000000 3458.000000 -1003.000000 
147.940002 -3.810000 161.080002 80.580002 107.230003 0.000000 -2639.000000 2737.000000 924.000000 -476.000000 3485.000000 -971.000000 
147.529999 -3.980000 161.149994 79.769997 106.570000 0.000000 -2560.000000 2712.000000 970.000000 -474.000000 3487.000000 -937.000000 
147.160004 -4.120000 161.210007 78.839996 105.860001 0.000000 -2368.000000 2660.000000 1081.000000 -416.000000 3425.000000 -834.000000 
146.869995 -4.220000 161.250000 77.889999 104.949997 0.000000 -2239.000000 2639.000000 1152.000000 -448.000000 3393.000000 -597.000000 
146.550003 -4.270000 161.339996 76.980003 104.139999 0.000000 -2239.000000 2608.000000 1162.000000 -535.000000 3300.000000 -579.000000 
146.279999 -4.250000 161.389999 76.150002 103.330002 0.000000 -2343.000000 2550.000000 1153.000000 -655.000000 3222.000000 -457.000000 
146.059998 -4.220000 161.360001 75.320000 102.470001 0.000000 -2326.000000 2498.000000 1239.000000 -621.000000 3214.000000 -347.000000 
145.889999 -4.230000 161.289993 74.510002 101.500000 0.000000 -2181.000000 2513.000000 1315.000000 -453.000000 3245.000000 -190.000000 
145.759995 -4.280000 161.179993 73.730003 100.559998 0.000000 -2072.000000 2509.000000 1322.000000 -380.000000 3270.000000 -140.000000 
145.690002 -4.290000 161.050003 72.980003 99.849998 0.000000 -2098.000000 2560.000000 1348.000000 -402.000000 3356.000000 -272.000000 
145.660004 -4.240000 160.910004 72.260002 99.320000 0.000000 -2192.000000 2567.000000 1346.000000 -458.000000 3388.000000 -325.000000 
145.630005 -4.210000 160.779999 71.599998 98.970001 0.000000 -2198.000000 2546.000000 1313.000000 -486.000000 3430.000000 -419.000000 
145.669998 -4.190000 160.630005 70.980003 98.709999 0.000000 -2297.000000 2519.000000 1310.000000 -485.000000 3453.000000 -460.000000 
145.720001 -4.130000 160.500000 70.389999 98.599998 0.000000 -2320.000000 2528.000000 1304.000000 -589.000000 3475.000000 -611.000000 
145.789993 -4.060000 160.369995 69.839996 98.529999 0.000000 -2409.000000 2517.000000 1276.000000 -678.000000 3485.000000 -645.000000 
145.889999 -4.010000 160.199997 69.290001 98.370003 0.000000 -2443.000000 2493.000000 1284.000000 -653.000000 3507.000000 -557.000000 
145.990005 -3.980000 160.070007 68.629997 98.190002 0.000000 -2419.000000 2418.000000 1406.000000 -710.000000 3458.000000 -518.000000 
146.149994 -3.900000 159.929993 67.980003 97.930000 0.000000 -2399.000000 2414.000000 1466.000000 -770.000000 3452.000000 -384.000000 
146.369995 -3.910000 159.779999 67.389999 97.690002 0.000000 -2437.000000 2434.000000 1469.000000 -725.000000 3517.000000 -366.000000 
146.639999 -3.950000 159.610001 66.910004 97.599998 0.000000 -2545.000000 2497.000000 1475.000000 -854.000000 3604.000000 -453.000000 
146.960007 -3.970000 159.410004 66.690002 97.669998 0.000000 -2689.000000 2607.000000 1343.000000 -924.000000 3714.000000 -582.000000 
147.279999 -3.960000 159.210007 66.599998 97.910004 0.000000 -2866.000000 2664.000000 1242.000000 -1003.000000 3797.000000 -805.000000 
147.610001 -3.980000 159.000000 66.580002 98.230003 0.000000 -2997.000000 2692.000000 1160.000000 -999.000000 3858.000000 -968.000000 
147.919998 -3.990000 158.770004 66.589996 98.559998 0.000000 -3092.000000 2669.000000 1113.000000 -1065.000000 3891.000000 -1063.000000 
148.199997 -4.010000 158.529999 66.589996 98.889999 0.000000 -3079.000000 2653.000000 1117.000000 -1055.000000 3898.000000 -1159.000000 
148.449997 -4.030000 158.279999 66.500000 99.169998 0.000000 -3083.000000 2592.000000 1169.000000 -1055.000000 3908.000000 -1147.000000 
148.669998 -4.070000 158.039993 66.370003 99.410004 0.000000 -3039.000000 2608.000000 1202.000000 -942.000000 3938.000000 -1151.000000 
148.869995 -4.110000 157.839996 66.199997 99.599998 0.000000 -3021.000000 2628.000000 1261.000000 -940.000000 3947.000000 -1077.000000 
149.020004 -4.150000 157.679993 66.070000 99.760002 0.000000 -3025.000000 2673.000000 1205.000000 -952.000000 3925.000000 -1042.000000 
149.160004 -4.220000 157.539993 65.949997 99.889999 0.000000 -3008.000000 2692.000000 1211.000000 -888.000000 3967.000000 -1014.000000 
149.309998 -4.250000 157.399994 65.839996 100.010002 0.000000 -3042.000000 2714.000000 1216.000000 -938.000000 3993.000000 -1006.000000 
149.440002 -4.260000 157.300003 65.720001 100.129997 0.000000 -3069.000000 2724.000000 1260.000000 -957.000000 4004.000000 -1035.000000 
149.559998 -4.240000 157.199997 65.639999 100.230003 0.000000 -3091.000000 2755.000000 1233.000000 -1053.000000 4010.000000 -989.000000 
149.679993 -4.220000 157.110001 65.580002 100.339996 0.000000 -3144.000000 2769.000000 1200.000000 -1064.000000 4029.000000 -1055.000000 
149.779999 -4.210000 157.020004 65.540001 100.449997 0.000000 -3165.000000 2785.000000 1145.000000 -1109.000000 4008.000000 -1072.000000 
149.860001 -4.160000 156.899994 65.459999 100.510002 0.000000 -3204.000000 2796.000000 1148.000000 -1076.000000 4003.000000 -1049.000000 
149.910004 -4.130000 156.779999 65.320000 100.550003 0.000000 -3161.000000 2749.000000 1191.000000 -1072.000000 3992.000000 -1039.000000 
149.970001 -4.120000 156.649994 65.110001 100.529999 0.000000 -3123.000000 2697.000000 1220.000000 -1021.000000 3946.000000 -951.000000 
150.000000 -4.130000 156.539993 64.830002 100.470001 0.000000 -3060.000000 2655.000000 1294.000000 -985.000000 3937.000000 -897.000000 
150.029999 -4.140000 156.429993 64.510002 100.379997 0.000000 -3020.000000 2630.000000 1329.000000 -969.000000 3889.000000 -845.000000 
150.070007 -4.150000 156.330002 64.199997 100.309998 0.000000 -2966.000000 2619.000000 1341.000000 -1006.000000 3852.000000 -826.000000 
150.119995 -4.190000 156.240005 63.900002 100.239998 0.000000 -3010.000000 2578.000000 1340.000000 -1023.000000 3890.000000 -825.000000 
150.169998 -4.230000 156.149994 63.630001 100.180000 0.000000 -3007.000000 2586.000000 1347.000000 -1037.000000 3895.000000 -822.000000 
150.179993 -4.290000 156.080002 63.380001 100.139999 0.000000 -2988.000000 2579.000000 1346.000000 -996.000000 3896.000000 -836.000000 
150.199997 -4.310000 156.009995 63.139999 100.129997 0.000000 -3005.000000 2586.000000 1377.000000 -1013.000000 3910.000000 -863.000000 
150.220001 -4.340000 155.960007 62.959999 100.099998 0.000000 -3019.000000 2604.000000 1352.000000 -1042.000000 3912.000000 -829.000000 
150.250000 -4.340000 155.910004 62.830002 100.080002 0.000000 -3017.000000 2609.000000 1324.000000 -1036.000000 3854.000000 -825.000000 
150.240005 -4.360000 155.860001 62.730000 100.050003 0.000000 -3044.000000 2593.000000 1266.000000 -1059.000000 3864.000000 -837.000000 
150.240005 -4.370000 155.779999 62.560001 100.000000 0.000000 -2969.000000 2572.000000 1331.000000 -1010.000000 3829.000000 -817.000000 
150.240005 -4.380000 155.699997 62.299999 99.919998 0.000000 -2943.000000 2488.000000 1376.000000 -1070.000000 3785.000000 -766.000000 
150.250000 -4.430000 155.639999 62.060001 99.870003 0.000000 -2976.000000 2462.000000 1375.000000 -1058.000000 3805.000000 -795.000000 
150.240005 -4.500000 155.559998 61.830002 99.879997 0.000000 -3041.000000 2479.000000 1404.000000 -1081.000000 3815.000000 -856.000000 
150.240005 -4.580000 155.490005 61.709999 99.849998 0.000000 -2992.000000 2505.000000 1327.000000 -1080.000000 3793.000000 -778.000000 
150.229996 -4.670000 155.419998 61.610001 99.839996 0.000000 -2967.000000 2487.000000 1330.000000 -1032.000000 3784.000000 -798.000000 
150.229996 -4.770000 155.380005 61.540001 99.820000 0.000000 -2969.000000 2454.000000 1318.000000 -1098.000000 3788.000000 -761.000000 
150.229996 -4.860000 155.330002 61.509998 99.860001 0.000000 -2979.000000 2475.000000 1312.000000 -1057.000000 3816.000000 -822.000000 
150.229996 -4.960000 155.300003 61.549999 99.910004 0.000000 -3035.000000 2542.000000 1291.000000 -1091.000000 3853.000000 -859.000000 
150.240005 -5.000000 155.229996 61.630001 100.000000 0.000000 -3053.000000 2595.000000 1269.000000 -1043.000000 3884.000000 -921.000000 
150.240005 -5.000000 155.149994 61.740002 100.059998 0.000000 -3068.000000 2638.000000 1221.000000 -1021.000000 3939.000000 -922.000000 
150.229996 -5.010000 155.070007 61.779999 100.099998 0.000000 -3039.000000 2648.000000 1270.000000 -968.000000 3900.000000 -907.000000 
150.210007 -5.020000 154.979996 61.779999 100.099998 0.000000 -3005.000000 2636.000000 1267.000000 -982.000000 3869.000000 -883.000000 
150.199997 -5.030000 154.880005 61.700001 100.040001 0.000000 -2964.000000 2592.000000 1299.000000 -966.000000 3811.000000 -787.000000 
150.199997 -5.080000 154.779999 61.549999 99.930000 0.000000 -2920.000000 2516.000000 1336.000000 -990.000000 3778.000000 -711.000000 
150.190002 -5.170000 154.699997 61.369999 99.790001 0.000000 -2905.000000 2512.000000 1407.000000 -943.000000 3780.000000 -629.000000 
150.169998 -5.240000 154.639999 61.189999 99.730003 0.000000 -2883.000000 2507.000000 1442.000000 -950.000000 3795.000000 -673.000000 
150.139999 -5.290000 154.580002 61.150002 99.750000 0.000000 -2898.000000 2544.000000 1392.000000 -945.000000 3839.000000 -743.000000 
150.130005 -5.310000 154.539993 61.230000 99.820000 0.000000 -2960.000000 2619.000000 1319.000000 -980.000000 3875.000000 -823.000000 
150.139999 -5.290000 154.470001 61.349998 99.919998 0.000000 -3018.000000 2669.000000 1286.000000 -1016.000000 3916.000000 -899.000000 
150.160004 -5.240000 154.369995 61.439999 99.980003 0.000000 -3052.000000 2688.000000 1285.000000 -997.000000 3914.000000 -877.000000 
150.199997 -5.140000 154.240005 61.509998 100.019997 0.000000 -3041.000000 2699.000000 1241.000000 -1011.000000 3877.000000 -879.000000 
150.259995 -5.010000 154.070007 61.500000 100.000000 0.000000 -3035.000000 2661.000000 1266.000000 -1049.000000 3843.000000 -808.000000 
150.289993 -4.910000 153.899994 61.430000 99.940002 0.000000 -3009.000000 2584.000000 1256.000000 -1032.000000 3779.000000 -768.000000 
150.330002 -4.810000 153.740005 61.259998 99.860001 0.000000 -2985.000000 2518.000000 1298.000000 -1053.000000 3776.000000 -736.000000 
150.360001 -4.690000 153.580002 61.000000 99.760002 0.000000 -2943.000000 2497.000000 1365.000000 -1019.000000 3737.000000 -710.000000 
150.389999 -4.560000 153.419998 60.730000 99.639999 0.000000 -2917.000000 2486.000000 1382.000000 -1012.000000 3753.000000 -672.000000 
150.429993 -4.390000 153.250000 60.500000 99.519997 0.000000 -2902.000000 2491.000000 1366.000000 -1008.000000 3764.000000 -689.000000 
150.509995 -4.150000 153.070007 60.330002 99.389999 0.000000 -2903.000000 2562.000000 1351.000000 -1001.000000 3778.000000 -663.000000 
150.619995 -3.840000 152.860001 60.209999 99.260002 0.000000 -2898.000000 2627.000000 1338.000000 -1005.000000 3816.000000 -674.000000 
150.759995 -3.400000 152.619995 60.090000 99.150002 0.000000 -3011.000000 2675.000000 1334.000000 -1072.000000 3822.000000 -716.000000 
150.990005 -2.750000 152.300003 60.029999 99.019997 0.000000 -3513.000000 2780.000000 1160.000000 -1174.000000 3891.000000 -718.000000 
151.289993 -1.850000 151.860001 59.849998 98.919998 0.000000 -3363.000000 2976.000000 1167.000000 -1163.000000 3984.000000 -879.000000 
151.679993 -0.600000 151.279999 59.520000 98.769997 0.000000 -3529.000000 3146.000000 972.000000 -1270.000000 4053.000000 -959.000000 
152.160004 0.970000 150.509995 58.910000 98.550003 0.000000 -3522.000000 3301.000000 742.000000 -1232.000000 4140.000000 -1180.000000 
152.710007 2.950000 149.529999 57.799999 98.169998 0.000000 -3701.000000 3263.000000 532.000000 -1176.000000 4139.000000 -1367.000000 
153.279999 5.410000 148.380005 56.169998 97.540001 0.000000 -3534.000000 3498.000000 247.000000 -1306.000000 4133.000000 -1513.000000 
153.880005 8.340000 147.039993 53.919998 96.580002 0.000000 -3429.000000 3540.000000 -3.000000 -1309.000000 4087.000000 -1679.000000 
154.410004 11.770000 145.509995 50.959999 95.139999 0.000000 -3263.000000 3660.000000 -290.000000 -1195.000000 3935.000000 -1856.000000 
154.839996 15.640000 143.779999 47.279999 93.050003 0.000000 -2704.000000 3537.000000 -407.000000 -1103.000000 3723.000000 -1875.000000 
155.169998 19.879999 141.860001 42.110001 90.199997 0.000000 -1822.000000 3146.000000 -301.000000 -1093.000000 3505.000000 -1721.000000 
155.339996 24.379999 139.740005 36.540001 86.489998 0.000000 -1042.000000 3011.000000 -133.000000 -1126.000000 3284.000000 -1377.000000 
155.270004 29.110001 137.369995 30.809999 81.980003 0.000000 -218.000000 2790.000000 68.000000 -1803.000000 2952.000000 -1014.000000 
154.880005 34.020000 134.750000 25.129999 76.839996 0.000000 478.000000 2353.000000 388.000000 -2679.000000 2905.000000 -504.000000 
154.050003 39.049999 131.779999 19.549999 70.790001 0.000000 881.000000 1766.000000 702.000000 1032.000000 3004.000000 -501.000000 
152.660004 44.160000 128.289993 14.080000 63.919998 0.000000 1234.000000 1283.000000 1071.000000 2783.000000 2674.000000 -241.000000 
150.639999 49.299999 124.150002 8.920000 56.720001 0.000000 1717.000000 855.000000 1458.000000 1939.000000 2116.000000 220.000000 
147.750000 54.389999 119.150002 4.270000 49.450001 0.000000 1957.000000 360.000000 1833.000000 14.000000 1668.000000 712.000000 
143.589996 59.259998 113.000000 0.140000 42.040001 0.000000 2036.000000 -429.000000 2397.000000 -978.000000 1523.000000 1246.000000 
137.529999 63.810001 105.070000 -3.510000 34.849998 0.000000 1867.000000 -828.000000 2702.000000 -406.000000 1214.000000 1349.000000 
128.710007 67.849998 94.440002 -6.790000 28.040001 0.000000 2051.000000 -1125.000000 2774.000000 634.000000 572.000000 1625.000000 
116.220001 71.000000 80.139999 -9.740000 21.610001 0.000000 1983.000000 -1521.000000 3032.000000 690.000000 46.000000 2432.000000 
100.269997 72.709999 62.389999 -12.400000 15.680000 0.000000 2070.000000 -2116.000000 3329.000000 279.000000 -439.000000 3310.000000 
83.250000 72.879997 43.630001 -14.790000 10.310000 0.000000 2101.000000 -2615.000000 3624.000000 -597.000000 -727.000000 3955.000000 
68.129997 71.650002 26.930000 -16.920000 5.530000 0.000000 2047.000000 -2871.000000 3888.000000 -1160.000000 -1039.000000 4129.000000 
56.419998 69.480003 13.840000 -18.780001 1.330000 0.000000 2083.000000 -3057.000000 3954.000000 -1293.000000 -1378.000000 4144.000000 
48.020000 66.629997 4.220000 -20.370001 -2.370000 0.000000 2175.000000 -3209.000000 4073.000000 -1316.000000 -1539.000000 4319.000000 
42.139999 63.389999 -2.720000 -21.690001 -5.690000 0.000000 2376.000000 -3333.000000 4397.000000 -1286.000000 -1743.000000 4664.000000 
37.910000 60.049999 -7.790000 -22.770000 -8.670000 0.000000 2701.000000 -3463.000000 4815.000000 -1207.000000 -1921.000000 5339.000000 
34.799999 56.779999 -11.570000 -23.670000 -11.270000 0.000000 2943.000000 -3403.000000 4902.000000 -1050.000000 -2170.000000 5911.000000 
32.349998 53.730000 -14.560000 -24.459999 -13.530000 0.000000 3140.000000 -3420.000000 4969.000000 -928.000000 -2193.000000 6159.000000 
30.750000 51.130001 -16.580000 -25.270000 -15.420000 0.000000 3164.000000 -3368.000000 4916.000000 -1056.000000 -2101.000000 6151.000000 
29.830000 49.110001 -17.830000 -26.110001 -16.750000 0.000000 3154.000000 -3186.000000 4746.000000 -1136.000000 -1950.000000 5877.000000 
29.240000 47.639999 -18.670000 -26.980000 -17.790001 0.000000 3039.000000 -2923.000000 4388.000000 -1262.000000 -1910.000000 5497.000000 
28.719999 46.740002 -19.200001 -27.809999 -18.559999 0.000000 2821.000000 -2657.000000 4048.000000 -1062.000000 -1765.000000 5204.000000 
28.030001 46.439999 -19.860001 -28.680000 -19.110001 0.000000 2626.000000 -2422.000000 3591.000000 -804.000000 -1666.000000 4951.000000 
27.270000 46.360001 -20.559999 -29.610001 -19.600000 0.000000 2563.000000 -2179.000000 3224.000000 -732.000000 -1571.000000 4504.000000 
26.299999 46.389999 -21.450001 -30.629999 -20.290001 0.000000 2559.000000 -2097.000000 2998.000000 -889.000000 -1603.000000 4091.000000 
25.129999 46.369999 -22.490000 -31.690001 -21.219999 0.000000 2664.000000 -2160.000000 2995.000000 -1171.000000 -1844.000000 3896.000000 
23.639999 46.240002 -23.740000 -32.790001 -22.209999 0.000000 2746.000000 -2305.000000 3084.000000 -1054.000000 -1990.000000 4226.000000 
22.250000 45.889999 -24.730000 -33.889999 -23.290001 0.000000 2809.000000 -2322.000000 3104.000000 -562.000000 -2162.000000 4626.000000 
20.879999 45.450001 -25.709999 -34.919998 -24.200001 0.000000 2758.000000 -2234.000000 2971.000000 -328.000000 -2165.000000 4615.000000 
19.670000 44.759998 -26.360001 -35.900002 -25.090000 0.000000 2831.000000 -2156.000000 2782.000000 -211.000000 -2083.000000 4243.000000 
19.200001 43.860001 -26.500000 -36.799999 -25.920000 0.000000 2998.000000 -2039.000000 2610.000000 -147.000000 -1960.000000 3834.000000 
18.740000 43.209999 -26.730000 -37.759998 -26.889999 0.000000 2893.000000 -2085.000000 2451.000000 -257.000000 -1957.000000 3535.000000 
18.190001 42.509998 -26.940001 -38.740002 -27.940001 0.000000 2811.000000 -2106.000000 2327.000000 -238.000000 -1897.000000 3310.000000 
17.670000 41.410000 -27.139999 -39.700001 -29.230000 0.000000 2774.000000 -2125.000000 2233.000000 -161.000000 -2019.000000 3091.000000 
16.330000 40.259998 -27.870001 -40.630001 -30.870001 0.000000 2956.000000 -2197.000000 2204.000000 -193.000000 -2498.000000 2942.000000 
14.350000 39.279999 -29.240000 -41.459999 -32.590000 0.000000 3360.000000 -2328.000000 2478.000000 -401.000000 -2686.000000 3384.000000 
13.040000 37.880001 -30.180000 -42.299999 -34.259998 0.000000 2929.000000 -2470.000000 2464.000000 -97.000000 -2770.000000 3851.000000 
12.030000 36.490002 -30.850000 -43.060001 -35.860001 0.000000 2819.000000 -2534.000000 2495.000000 342.000000 -2884.000000 3844.000000 
11.130000 35.209999 -31.400000 -43.650002 -37.330002 0.000000 2900.000000 -2548.000000 2539.000000 625.000000 -2859.000000 3642.000000 
10.320000 34.009998 -31.820000 -44.669998 -38.750000 0.000000 -1229.000000 2577.000000 -6763.000000 800.000000 -2858.000000 3363.000000 
9.320000 34.139999 -32.470001 -44.419998 -40.430000 0.000000 6339.000000 -4751.000000 7930.000000 612.000000 -2996.000000 2381.000000 
8.050000 33.529999 -33.380001 -44.230000 -40.369999 0.000000 2269.000000 -5069.000000 4737.000000 -2700.000000 -7109.000000 16637.000000 
7.640000 32.009998 -33.820000 -44.080002 -40.270000 0.000000 7988.000000 -5915.000000 7506.000000 2409.000000 -5806.000000 5123.000000 
9.320000 31.160000 -32.959999 -43.610001 -39.950001 0.000000 3116.000000 -2260.000000 906.000000 1237.000000 -1380.000000 1236.000000 
10.760000 30.870001 -32.270000 -43.009998 -39.169998 0.000000 4822.000000 -3943.000000 4160.000000 -381.000000 -3889.000000 5394.000000 
11.020000 31.840000 -32.130001 -42.270000 -38.150002 0.000000 2525.000000 -1980.000000 1645.000000 82.000000 -2539.000000 3695.000000 
11.190000 32.639999 -31.690001 -40.910000 -37.490002 0.000000 2812.000000 -1448.000000 2162.000000 513.000000 -2647.000000 3196.000000 
12.080000 33.150002 -31.049999 -39.540001 -36.619999 0.000000 2158.000000 -2553.000000 3266.000000 -36.000000 -2425.000000 3208.000000 
12.970000 33.410000 -30.290001 -38.480000 -35.830002 0.000000 2508.000000 -3035.000000 2863.000000 -615.000000 -2810.000000 3615.000000 
13.290000 34.119999 -29.840000 -37.080002 -34.889999 0.000000 2010.000000 -2861.000000 2874.000000 -359.000000 -2946.000000 3880.000000 
12.750000 34.500000 -29.540001 -35.360001 -34.529999 0.000000 1768.000000 -2793.000000 2859.000000 -340.000000 -2688.000000 1197.000000 
12.040000 34.240002 -29.360001 -33.320000 -34.240002 0.000000 1001.000000 -3517.000000 3283.000000 -274.000000 -3173.000000 3487.000000 
11.270000 34.160000 -29.160000 -30.780001 -34.060001 0.000000 3280.000000 -2834.000000 2672.000000 -113.000000 -3531.000000 3461.000000 
10.410000 34.340000 -29.059999 -28.370001 -34.049999 0.000000 2562.000000 -3062.000000 2166.000000 94.000000 -3572.000000 3275.000000 
9.670000 34.709999 -28.920000 -26.110001 -34.099998 0.000000 3020.000000 -2571.000000 1947.000000 627.000000 -3650.000000 3605.000000 
9.240000 35.330002 -28.650000 -24.219999 -34.130001 0.000000 3687.000000 -2544.000000 2650.000000 -142.000000 -4070.000000 4319.000000 
8.860000 35.740002 -28.350000 -22.430000 -33.970001 0.000000 4126.000000 -2138.000000 3943.000000 -991.000000 -4326.000000 4829.000000 
8.670000 35.880001 -27.950001 -20.790001 -33.700001 0.000000 3933.000000 -2064.000000 4145.000000 -948.000000 -4210.000000 4592.000000 
8.740000 35.910000 -27.400000 -19.410000 -33.470001 0.000000 3459.000000 -2051.000000 3678.000000 -246.000000 -3935.000000 3978.000000 
9.030000 35.950001 -26.590000 -18.280001 -33.250000 0.000000 2973.000000 -1945.000000 3355.000000 125.000000 -3369.000000 3502.000000 
9.990000 35.770000 -24.940001 -17.400000 -33.110001 0.000000 2634.000000 -1762.000000 3354.000000 107.000000 -2922.000000 3173.000000 
11.420000 35.360001 -23.150000 -16.680000 -33.049999 0.000000 2500.000000 -1527.000000 3683.000000 -127.000000 -2696.000000 3047.000000 
13.030000 35.150002 -21.280001 -15.960000 -32.959999 0.000000 2611.000000 -1282.000000 3959.000000 -270.000000 -2439.000000 3148.000000 
14.260000 35.570000 -19.480000 -15.260000 -33.090000 0.000000 2579.000000 -1164.000000 3932.000000 -179.000000 -2462.000000 3151.000000 
15.600000 36.439999 -17.790001 -14.450000 -33.389999 0.000000 2640.000000 -895.000000 3540.000000 -206.000000 -2474.000000 3090.000000 
17.389999 37.459999 -16.040001 -13.540000 -33.580002 0.000000 2983.000000 -568.000000 3212.000000 15.000000 -2264.000000 3252.000000 
19.780001 38.139999 -14.040000 -12.570000 -33.500000 0.000000 2966.000000 -214.000000 2974.000000 299.000000 -1995.000000 3515.000000 
22.360001 38.580002 -12.090000 -11.560000 -33.400002 0.000000 2661.000000 114.000000 2634.000000 491.000000 -1530.000000 3438.000000 
24.920000 38.820000 -10.350000 -10.530000 -33.389999 0.000000 2216.000000 333.000000 2290.000000 888.000000 -1122.000000 3239.000000 
27.410000 38.790001 -8.820000 -9.530000 -33.380001 0.000000 1808.000000 513.000000 2013.000000 1129.000000 -618.000000 3047.000000 
29.690001 38.619999 -7.550000 -8.610000 -33.400002 0.000000 1565.000000 642.000000 1923.000000 1009.000000 -549.000000 2838.000000 
31.730000 38.330002 -6.520000 -7.860000 -33.400002 0.000000 1595.000000 764.000000 1932.000000 522.000000 -467.000000 2793.000000 
33.520000 37.950001 -5.730000 -7.410000 -33.490002 0.000000 1787.000000 661.000000 2255.000000 268.000000 -583.000000 3023.000000 
35.070000 37.540001 -5.100000 -7.210000 -33.599998 0.000000 1875.000000 545.000000 2603.000000 -147.000000 -544.000000 3217.000000 
36.419998 37.200001 -4.620000 -7.090000 -33.730000 0.000000 1757.000000 499.000000 2886.000000 -220.000000 -668.000000 3247.000000 
37.509998 36.849998 -4.320000 -7.000000 -33.860001 0.000000 1484.000000 536.000000 2976.000000 -9.000000 -695.000000 3390.000000 
38.389999 36.669998 -4.120000 -6.960000 -34.029999 0.000000 1508.000000 536.000000 2969.000000 218.000000 -893.000000 3304.000000 
39.099998 36.560001 -4.000000 -7.020000 -34.200001 0.000000 1640.000000 548.000000 2940.000000 195.000000 -952.000000 3220.000000 
39.689999 36.419998 -4.020000 -7.150000 -34.439999 0.000000 1687.000000 595.000000 2953.000000 141.000000 -962.000000 3194.000000 
40.180000 36.290001 -4.130000 -7.360000 -34.740002 0.000000 1761.000000 551.000000 2888.000000 152.000000 -965.000000 3142.000000 
40.540001 36.169998 -4.290000 -7.570000 -35.040001 0.000000 1587.000000 528.000000 2785.000000 -47.000000 -943.000000 3043.000000 
40.759998 36.029999 -4.530000 -7.810000 -35.330002 0.000000 1293.000000 485.000000 2712.000000 -110.000000 -843.000000 2895.000000 
40.720001 36.070000 -4.920000 -8.160000 -35.639999 0.000000 1317.000000 385.000000 2667.000000 42.000000 -1119.000000 2607.000000 
40.310001 36.580002 -5.560000 -8.950000 -37.209999 0.000000 1946.000000 -260.000000 3027.000000 -1146.000000 -3554.000000 2336.000000 
40.150002 36.599998 -5.910000 -10.450000 -38.209999 0.000000 23260.000000 -23215.000000 32767.000000 -14381.000000 -8601.000000 13778.000000 
39.730000 35.980000 -5.820000 -7.030000 -37.959999 0.000000 -7212.000000 3070.000000 -5642.000000 -576.000000 -6175.000000 8927.000000 
39.580002 33.720001 -6.040000 -5.490000 -37.240002 0.000000 1959.000000 438.000000 3377.000000 1328.000000 -2697.000000 3782.000000 
40.919998 31.639999 -5.860000 -3.220000 -36.360001 0.000000 2560.000000 846.000000 3850.000000 84.000000 -1482.000000 3760.000000 
42.400002 30.129999 -5.760000 -2.040000 -35.410000 0.000000 2040.000000 516.000000 3866.000000 -494.000000 -1348.000000 3866.000000 
43.689999 29.620001 -5.450000 -0.900000 -34.389999 0.000000 2395.000000 1004.000000 3754.000000 -18.000000 -1693.000000 4074.000000 
44.150002 29.860001 -5.340000 0.260000 -33.349998 0.000000 2353.000000 740.000000 3682.000000 -148.000000 -2015.000000 3794.000000 
44.410000 29.940001 -5.400000 1.170000 -33.020000 0.000000 2072.000000 491.000000 4004.000000 -953.000000 -2477.000000 3593.000000 
45.090000 29.230000 -5.300000 1.520000 -32.849998 0.000000 2449.000000 291.000000 3731.000000 -703.000000 -2624.000000 3804.000000 
44.990002 27.620001 -5.740000 1.490000 -33.080002 0.000000 1953.000000 137.000000 3804.000000 -241.000000 -2571.000000 3268.000000 
44.360001 26.459999 -6.390000 1.240000 -33.270000 0.000000 3004.000000 193.000000 3438.000000 46.000000 -2439.000000 3138.000000 
43.669998 25.950001 -7.030000 0.700000 -33.610001 0.000000 2950.000000 29.000000 3479.000000 262.000000 -3050.000000 3079.000000 
43.080002 25.600000 -7.690000 -0.170000 -34.040001 0.000000 2643.000000 -312.000000 3467.000000 -70.000000 -3030.000000 3343.000000 
42.759998 25.540001 -8.280000 -0.750000 -34.369999 0.000000 2916.000000 358.000000 2072.000000 209.000000 -2772.000000 3058.000000 
42.610001 25.510000 -8.850000 -1.910000 -34.549999 0.000000 2371.000000 -954.000000 3722.000000 -893.000000 -2933.000000 3051.000000 
42.980000 25.530001 -9.150000 -2.970000 -34.689999 0.000000 2044.000000 -933.000000 2546.000000 -806.000000 -2768.000000 3141.000000 
43.540001 25.360001 -9.280000 -3.490000 -34.770000 0.000000 3414.000000 -535.000000 2733.000000 -958.000000 -2674.000000 2953.000000 
43.500000 25.010000 -9.620000 -4.010000 -34.849998 0.000000 1776.000000 -886.000000 3723.000000 -439.000000 -2845.000000 3349.000000 
43.580002 23.520000 -9.860000 -4.140000 -34.950001 0.000000 2708.000000 -683.000000 3293.000000 -559.000000 -2928.000000 3236.000000 
44.099998 21.799999 -9.960000 -3.930000 -34.970001 0.000000 2823.000000 -636.000000 3344.000000 -167.000000 -2714.000000 3241.000000 
44.570000 20.080000 -10.100000 -3.370000 -34.919998 0.000000 2396.000000 -476.000000 3552.000000 64.000000 -2785.000000 3448.000000 
45.130001 18.379999 -10.200000 -2.450000 -34.560001 0.000000 2911.000000 -141.000000 3061.000000 208.000000 -2706.000000 3743.000000 
45.750000 16.760000 -10.180000 -1.490000 -34.389999 0.000000 3105.000000 -177.000000 3277.000000 246.000000 -2800.000000 3168.000000 
46.250000 15.240000 -10.040000 -0.600000 -34.200001 0.000000 2791.000000 -185.000000 3341.000000 421.000000 -2799.000000 3311.000000 
46.669998 13.800000 -9.930000 0.240000 -33.950001 0.000000 2895.000000 -160.000000 3382.000000 133.000000 -2781.000000 3639.000000 
47.189999 12.520000 -9.610000 1.180000 -33.700001 0.000000 3266.000000 182.000000 3126.000000 829.000000 -2678.000000 3455.000000 
47.900002 11.440000 -9.330000 1.990000 -33.290001 0.000000 2976.000000 201.000000 3220.000000 489.000000 -2287.000000 3256.000000 
