17.320000 18.870001 -44.099998 -1202.000000 1152.000000 3705.000000
17.350000 18.900000 -44.150002 -1223.000000 1152.000000 3692.000000
17.379999 18.959999 -44.189999 -1223.000000 1148.000000 3681.000000
17.410000 19.030001 -44.209999 -1229.000000 1146.000000 3684.000000
17.320000 19.010000 -44.230000 -1210.000000 1128.000000 3700.000000
17.200001 18.879999 -44.400002 -1214.000000 1142.000000 3713.000000
17.100000 18.809999 -44.570000 -1219.000000 1133.000000 3693.000000
17.000000 18.680000 -44.740002 -1195.000000 1125.000000 3702.000000
17.120001 18.809999 -44.660000 -1211.000000 1125.000000 3668.000000
17.150000 18.799999 -44.730000 -1214.000000 1141.000000 3694.000000
17.309999 18.820000 -44.639999 -1197.000000 1147.000000 3704.000000
17.190001 18.719999 -44.799999 -1198.000000 1126.000000 3688.000000
17.330000 18.799999 -44.669998 -1190.000000 1133.000000 3691.000000
17.430000 18.940001 -44.590000 -1218.000000 1137.000000 3672.000000
17.340000 18.809999 -44.720001 -1203.000000 1143.000000 3710.000000
17.469999 18.879999 -44.700001 -1227.000000 1171.000000 3693.000000
17.400000 18.760000 -44.849998 -1205.000000 1155.000000 3703.000000
17.370001 18.820000 -44.910000 -1230.000000 1152.000000 3735.000000
17.500000 18.910000 -44.740002 -1223.000000 1162.000000 3775.000000
17.370001 19.000000 -44.779999 -1248.000000 1148.000000 3771.000000
17.250000 19.080000 -44.900002 -1299.000000 1158.000000 3807.000000
17.280001 19.219999 -44.939999 -1379.000000 1214.000000 3841.000000
17.340000 19.360001 -44.930000 -1407.000000 1250.000000 3922.000000
17.490000 19.450001 -44.880001 -1469.000000 1407.000000 3976.000000
17.590000 19.459999 -44.900002 -1538.000000 1546.000000 4168.000000
17.600000 19.500000 -44.860001 -1681.000000 1574.000000 4570.000000
17.500000 19.549999 -44.840000 -1812.000000 1665.000000 4702.000000
17.100000 19.330000 -44.919998 -1467.000000 1514.000000 4902.000000
16.670000 19.340000 -44.990002 -715.000000 1281.000000 4967.000000
16.360001 19.780001 -45.090000 -260.000000 1190.000000 4645.000000
16.459999 20.660000 -45.080002 -370.000000 1626.000000 3894.000000
16.910000 21.940001 -44.880001 -1054.000000 2234.000000 3427.000000
17.430000 23.389999 -44.560001 -1886.000000 2797.000000 3218.000000
17.850000 24.790001 -44.250000 -2963.000000 2777.000000 2920.000000
18.250000 25.959999 -43.900002 -3484.000000 2601.000000 2767.000000
18.770000 26.820000 -43.439999 -3847.000000 2571.000000 2372.000000
19.270000 27.139999 -43.099998 -3655.000000 2690.000000 2928.000000
19.680000 26.870001 -43.009998 -2778.000000 2852.000000 3586.000000
19.969999 26.070000 -43.130001 -2093.000000 2757.000000 4124.000000
20.190001 24.959999 -43.349998 -2022.000000 2454.000000 4273.000000
20.400000 23.670000 -43.590000 -1885.000000 2156.000000 4098.000000
20.629999 22.360001 -43.849998 -1612.000000 2226.000000 3447.000000
20.799999 21.110001 -44.150002 -664.000000 2417.000000 2562.000000
20.879999 19.940001 -44.430000 -178.000000 2190.000000 2255.000000
20.879999 18.870001 -44.680000 193.000000 1923.000000 2084.000000
20.809999 17.959999 -44.880001 181.000000 1685.000000 1972.000000
20.719999 17.180000 -45.040001 -163.000000 1538.000000 2107.000000
20.570000 16.459999 -45.180000 -631.000000 1317.000000 2607.000000
19.980000 15.960000 -45.419998 -1232.000000 898.000000 3277.000000
19.250000 15.350000 -45.689999 -1200.000000 272.000000 3378.000000
18.430000 14.680000 -46.060001 -952.000000 -100.000000 3304.000000
17.590000 13.930000 -46.520000 -616.000000 -172.000000 3062.000000
16.770000 13.120000 -46.990002 -256.000000 -74.000000 2831.000000
15.950000 12.350000 -47.430000 -271.000000 6.000000 2844.000000
15.110000 11.640000 -47.830002 -563.000000 -63.000000 3229.000000
14.250000 10.960000 -48.200001 -1129.000000 -410.000000 3768.000000
13.380000 10.180000 -48.549999 -1432.000000 -918.000000 4554.000000
12.510000 9.210000 -48.889999 -818.000000 -1263.000000 4893.000000
11.720000 8.160000 -49.220001 -260.000000 -1228.000000 5236.000000
11.060000 7.220000 -49.509998 -39.000000 -1054.000000 5026.000000
10.500000 6.390000 -49.790001 258.000000 -1003.000000 4991.000000
10.030000 5.670000 -50.009998 388.000000 -792.000000 4544.000000
9.670000 5.100000 -50.169998 43.000000 -431.000000 5175.000000
9.470000 4.510000 -50.290001 951.000000 -364.000000 4656.000000
9.380000 4.120000 -50.450001 69.000000 525.000000 4780.000000
9.360000 4.210000 -50.549999 -429.000000 555.000000 4053.000000
9.220000 3.900000 -50.680000 64.000000 348.000000 4016.000000
9.180000 3.430000 -50.840000 766.000000 273.000000 3915.000000
9.330000 3.100000 -50.919998 426.000000 863.000000 3614.000000
9.450000 2.880000 -51.009998 153.000000 678.000000 3272.000000
9.400000 2.620000 -51.049999 503.000000 530.000000 3452.000000
9.330000 2.360000 -51.099998 581.000000 450.000000 3478.000000
9.240000 2.090000 -51.150002 811.000000 469.000000 3823.000000
9.140000 1.890000 -51.209999 985.000000 424.000000 4113.000000
9.010000 1.820000 -51.270000 929.000000 249.000000 4368.000000
8.850000 1.900000 -51.349998 734.000000 133.000000 4395.000000
8.710000 2.100000 -51.480000 776.000000 30.000000 4334.000000
8.620000 2.380000 -51.639999 1154.000000 -117.000000 4347.000000
8.580000 2.810000 -51.830002 1364.000000 -182.000000 4250.000000
8.550000 3.510000 -52.029999 968.000000 -280.000000 4249.000000
8.540000 4.460000 -52.230000 680.000000 -338.000000 4318.000000
8.590000 5.590000 -52.450001 724.000000 -508.000000 4614.000000
8.750000 6.960000 -52.630001 621.000000 -442.000000 4682.000000
9.060000 8.580000 -52.750000 585.000000 -144.000000 4509.000000
9.520000 10.480000 -52.820000 214.000000 211.000000 4326.000000
10.250000 12.790000 -52.599998 -568.000000 633.000000 4099.000000
10.990000 15.410000 -52.540001 -2154.000000 772.000000 3711.000000
11.750000 17.820000 -52.439999 -2110.000000 727.000000 3769.000000
12.450000 19.620001 -52.369999 -827.000000 732.000000 3934.000000
13.250000 21.559999 -52.310001 255.000000 921.000000 4051.000000
14.160000 23.959999 -52.080002 523.000000 796.000000 4215.000000
15.200000 26.930000 -51.610001 -503.000000 466.000000 4028.000000
16.440001 30.270000 -50.880001 -751.000000 284.000000 3711.000000
18.010000 33.790001 -49.840000 -94.000000 481.000000 3309.000000
20.020000 37.619999 -48.320000 484.000000 804.000000 2416.000000
22.700001 42.020000 -46.009998 366.000000 981.000000 1489.000000
26.580000 47.160000 -42.410000 -368.000000 1069.000000 452.000000
31.900000 52.750000 -37.180000 -1160.000000 1182.000000 -836.000000
39.060001 58.000000 -30.010000 -1183.000000 1307.000000 -2965.000000
47.410000 62.119999 -21.480000 -2424.000000 1839.000000 -2791.000000
59.060001 65.519997 -9.550000 -2711.000000 1373.000000 -3316.000000
76.400002 67.839996 8.110000 -2829.000000 1331.000000 -3581.000000
95.449997 67.870003 27.570000 -2950.000000 1467.000000 -3687.000000
109.440002 66.070000 41.930000 -2849.000000 1701.000000 -4315.000000
118.830002 63.630001 51.599998 -2807.000000 1720.000000 -4070.000000
126.620003 60.720001 59.650002 -2258.000000 1766.000000 -4190.000000
133.020004 57.639999 66.320000 -2237.000000 1988.000000 -4494.000000
137.529999 55.009998 71.160004 -2776.000000 2204.000000 -4772.000000
141.050003 52.490002 75.050003 -3159.000000 2160.000000 -4880.000000
144.199997 49.709999 78.680000 -3435.000000 2014.000000 -5042.000000
146.690002 47.139999 81.709999 -3998.000000 1845.000000 -4616.000000
148.860001 44.630001 84.449997 -4219.000000 1798.000000 -4350.000000
150.570007 42.369999 86.739998 -4004.000000 1801.000000 -4239.000000
151.740005 40.520000 88.440002 -3612.000000 1970.000000 -4111.000000
152.580002 38.930000 89.790001 -3325.000000 2117.000000 -3945.000000
153.250000 37.430000 90.989998 -3133.000000 2129.000000 -3556.000000
153.740005 36.070000 92.029999 -2896.000000 2043.000000 -3493.000000
153.970001 35.000000 92.820000 -2939.000000 1912.000000 -3375.000000
154.089996 34.029999 93.529999 -3064.000000 1898.000000 -3309.000000
154.270004 32.900002 94.330002 -3177.000000 1905.000000 -3152.000000
154.419998 31.860001 95.070000 -3444.000000 1843.000000 -3028.000000
154.380005 31.190001 95.540001 -3352.000000 1873.000000 -3064.000000
154.190002 30.870001 95.769997 -3027.000000 1851.000000 -3085.000000
154.000000 30.570000 95.959999 -2600.000000 1844.000000 -3232.000000
153.850006 30.200001 96.180000 -2403.000000 1774.000000 -3127.000000
153.710007 29.840000 96.389999 -2406.000000 1708.000000 -3118.000000
153.509995 29.559999 96.550003 -2400.000000 1727.000000 -3088.000000
153.300003 29.350000 96.650002 -2268.000000 1729.000000 -3063.000000
153.119995 29.120001 96.739998 -2071.000000 1753.000000 -3068.000000
152.960007 28.889999 96.839996 -2064.000000 1675.000000 -3080.000000
152.800003 28.719999 96.910004 -2138.000000 1605.000000 -3055.000000
152.649994 28.580000 96.959999 -2002.000000 1637.000000 -3141.000000
152.520004 28.430000 97.010002 -1880.000000 1607.000000 -3120.000000
152.410004 28.260000 97.070000 -1740.000000 1592.000000 -3083.000000
152.330002 28.090000 97.139999 -1746.000000 1582.000000 -3114.000000
152.270004 27.930000 97.220001 -1842.000000 1575.000000 -3143.000000
152.220001 27.770000 97.300003 -1813.000000 1591.000000 -3163.000000
152.190002 27.629999 97.370003 -1798.000000 1563.000000 -3152.000000
152.169998 27.490000 97.449997 -1820.000000 1571.000000 -3146.000000
152.160004 27.350000 97.529999 -1836.000000 1592.000000 -3181.000000
152.160004 27.240000 97.610001 -1853.000000 1586.000000 -3144.000000
152.169998 27.129999 97.690002 -1892.000000 1583.000000 -3151.000000
152.179993 27.040001 97.750000 -1881.000000 1585.000000 -3162.000000
152.190002 26.990000 97.800003 -1901.000000 1581.000000 -3201.000000
152.199997 26.980000 97.820000 -1875.000000 1576.000000 -3230.000000
152.220001 26.969999 97.830002 -1715.000000 1609.000000 -3266.000000
152.250000 26.959999 97.839996 -1677.000000 1582.000000 -3232.000000
152.279999 26.959999 97.849998 -1606.000000 1599.000000 -3236.000000
152.320007 26.959999 97.870003 -1583.000000 1582.000000 -3277.000000
152.369995 26.950001 97.910004 -1607.000000 1581.000000 -3275.000000
152.440002 26.889999 97.980003 -1606.000000 1592.000000 -3301.000000
152.539993 26.830000 98.070000 -1732.000000 1596.000000 -3356.000000
152.630005 26.790001 98.150002 -1800.000000 1608.000000 -3389.000000
152.710007 26.760000 98.209999 -1780.000000 1625.000000 -3394.000000
152.809998 26.690001 98.300003 -1814.000000 1591.000000 -3416.000000
152.919998 26.610001 98.410004 -1836.000000 1586.000000 -3462.000000
153.000000 26.570000 98.480003 -1860.000000 1600.000000 -3447.000000
153.070007 26.559999 98.529999 -1884.000000 1648.000000 -3501.000000
153.130005 26.540001 98.580002 -1810.000000 1647.000000 -3525.000000
153.179993 26.530001 98.629997 -1732.000000 1628.000000 -3522.000000
153.220001 26.530001 98.669998 -1732.000000 1619.000000 -3541.000000
153.250000 26.530001 98.720001 -1766.000000 1636.000000 -3461.000000
153.300003 26.490000 98.800003 -1760.000000 1619.000000 -3447.000000
153.330002 26.440001 98.889999 -1805.000000 1643.000000 -3475.000000
153.339996 26.440001 98.949997 -1881.000000 1658.000000 -3472.000000
153.350006 26.430000 99.019997 -1948.000000 1651.000000 -3451.000000
153.369995 26.389999 99.110001 -1919.000000 1638.000000 -3435.000000
153.380005 26.400000 99.169998 -1898.000000 1628.000000 -3440.000000
153.330002 26.490000 99.169998 -1916.000000 1678.000000 -3463.000000
153.300003 26.570000 99.169998 -1872.000000 1676.000000 -3488.000000
153.279999 26.600000 99.209999 -1883.000000 1653.000000 -3480.000000
153.240005 26.650000 99.239998 -1808.000000 1663.000000 -3443.000000
153.179993 26.740000 99.230003 -1818.000000 1642.000000 -3455.000000
153.139999 26.790001 99.250000 -1837.000000 1624.000000 -3407.000000
153.119995 26.820000 99.300003 -1979.000000 1618.000000 -3418.000000
153.080002 26.910000 99.309998 -2068.000000 1602.000000 -3403.000000
153.000000 27.049999 99.269997 -2025.000000 1632.000000 -3393.000000
152.929993 27.150000 99.239998 -1954.000000 1600.000000 -3329.000000
152.880005 27.219999 99.230003 -2004.000000 1616.000000 -3292.000000
152.809998 27.320000 99.199997 -1985.000000 1644.000000 -3286.000000
152.720001 27.459999 99.129997 -1957.000000 1630.000000 -3299.000000
152.630005 27.590000 99.050003 -1913.000000 1648.000000 -3279.000000
152.570007 27.660000 99.010002 -1764.000000 1638.000000 -3318.000000
152.520004 27.709999 98.989998 -1776.000000 1617.000000 -3317.000000
152.460007 27.760000 98.959999 -1847.000000 1641.000000 -3294.000000
152.419998 27.780001 98.970001 -1874.000000 1664.000000 -3256.000000
152.399994 27.790001 98.980003 -1884.000000 1643.000000 -3247.000000
152.369995 27.799999 98.989998 -1832.000000 1639.000000 -3264.000000
152.320007 27.840000 98.970001 -1851.000000 1619.000000 -3311.000000
152.300003 27.850000 98.980003 -1891.000000 1633.000000 -3313.000000
152.300003 27.830000 99.000000 -1878.000000 1640.000000 -3285.000000
152.279999 27.830000 99.010002 -1807.000000 1644.000000 -3304.000000
152.250000 27.850000 99.000000 -1847.000000 1648.000000 -3351.000000
152.240005 27.830000 99.010002 -1839.000000 1640.000000 -3337.000000
152.250000 27.770000 99.059998 -1832.000000 1628.000000 -3273.000000
152.259995 27.700001 99.110001 -1806.000000 1638.000000 -3264.000000
152.250000 27.680000 99.139999 -1820.000000 1622.000000 -3249.000000
152.259995 27.650000 99.169998 -1889.000000 1628.000000 -3290.000000
152.279999 27.600000 99.230003 -2024.000000 1610.000000 -3260.000000
152.289993 27.580000 99.279999 -2087.000000 1624.000000 -3237.000000
152.289993 27.639999 99.269997 -2190.000000 1565.000000 -3299.000000
152.259995 27.750000 99.230003 -2327.000000 1540.000000 -3340.000000
152.210007 27.940001 99.129997 -2557.000000 1535.000000 -3380.000000
152.139999 28.219999 98.959999 -2833.000000 1527.000000 -3412.000000
152.000000 28.639999 98.669998 -3118.000000 1514.000000 -3345.000000
151.789993 29.219999 98.239998 -3461.000000 1560.000000 -3419.000000
151.419998 30.070000 97.570000 -3889.000000 1608.000000 -3418.000000
150.850006 31.240000 96.620003 -4297.000000 1590.000000 -3336.000000
150.059998 32.759998 95.309998 -4602.000000 1601.000000 -3234.000000
148.949997 34.700001 93.550003 -4681.000000 1661.000000 -3101.000000
147.399994 37.080002 91.230003 -4584.000000 1723.000000 -3113.000000
145.270004 39.910000 88.209999 -4455.000000 1752.000000 -3183.000000
142.399994 43.110001 84.379997 -4229.000000 1727.000000 -3391.000000
138.610001 46.549999 79.550003 -3979.000000 1747.000000 -3646.000000
133.679993 50.049999 73.580002 -3798.000000 1749.000000 -3859.000000
127.250000 53.430000 66.160004 -3597.000000 1857.000000 -4361.000000
118.860001 56.470001 56.849998 -3300.000000 1953.000000 -4422.000000
109.010002 58.700001 46.180000 -2789.000000 2058.000000 -4368.000000
98.209999 59.959999 34.709999 -2174.000000 2113.000000 -4038.000000
86.360001 60.169998 22.290001 -1624.000000 2149.000000 -3952.000000
74.489998 59.169998 9.990000 -1336.000000 2133.000000 -3165.000000
64.489998 57.299999 -0.310000 -1084.000000 2045.000000 -2421.000000
56.430000 54.970001 -8.490000 -689.000000 1756.000000 -980.000000
49.490002 52.060001 -15.480000 -232.000000 1735.000000 -654.000000
44.009998 49.060001 -20.889999 27.000000 1615.000000 221.000000
39.939999 46.459999 -24.770000 -86.000000 1586.000000 931.000000
36.299999 44.000000 -27.969999 -824.000000 1324.000000 2630.000000
32.959999 41.439999 -30.830000 -1718.000000 1101.000000 3161.000000
30.100000 39.080002 -33.130001 -1954.000000 942.000000 3205.000000
27.680000 36.939999 -35.000000 -1702.000000 876.000000 3353.000000
25.690001 35.000000 -36.480000 -1069.000000 999.000000 3503.000000
24.059999 33.270000 -37.630001 -771.000000 1192.000000 3635.000000
22.690001 31.790001 -38.459999 -822.000000 1186.000000 3725.000000
21.450001 30.590000 -39.099998 -1372.000000 1048.000000 3875.000000
20.280001 29.670000 -39.639999 -1972.000000 900.000000 4172.000000
19.209999 28.889999 -40.119999 -2209.000000 826.000000 4290.000000
18.240000 28.240000 -40.560001 -2424.000000 854.000000 4111.000000
17.450001 27.600000 -40.939999 -2930.000000 971.000000 4161.000000
16.799999 26.680000 -41.290001 -3403.000000 1088.000000 3863.000000
16.030001 25.059999 -41.810001 -1852.000000 1105.000000 3882.000000
15.330000 23.360001 -42.209999 -284.000000 1006.000000 4192.000000
14.770000 22.000000 -42.529999 441.000000 1162.000000 4118.000000
14.300000 21.000000 -42.750000 -451.000000 1044.000000 4428.000000
13.750000 20.280001 -42.939999 -1483.000000 730.000000 4529.000000
13.210000 19.580000 -43.090000 -1614.000000 587.000000 4539.000000
12.750000 18.620001 -43.290001 -1064.000000 605.000000 4339.000000
12.420000 17.570000 -43.529999 -557.000000 668.000000 3311.000000
12.120000 16.559999 -43.709999 -194.000000 575.000000 4827.000000
11.990000 15.810000 -43.740002 367.000000 568.000000 4496.000000
11.820000 15.420000 -43.779999 126.000000 344.000000 4468.000000
11.740000 15.190000 -43.820000 66.000000 345.000000 4351.000000
11.760000 15.090000 -43.779999 191.000000 474.000000 3789.000000
11.790000 15.040000 -43.759998 -40.000000 508.000000 3396.000000
11.780000 15.020000 -43.770000 -100.000000 443.000000 3254.000000
11.680000 14.990000 -43.880001 -202.000000 308.000000 3489.000000
11.500000 14.950000 -44.040001 -357.000000 66.000000 3425.000000
11.220000 14.990000 -44.220001 -601.000000 -155.000000 3535.000000
10.960000 15.140000 -44.430000 -860.000000 -165.000000 3775.000000
10.740000 15.440000 -44.619999 -1574.000000 -143.000000 4323.000000
10.580000 15.640000 -44.709999 -1765.000000 -193.000000 4640.000000
10.450000 15.830000 -44.759998 -2525.000000 -563.000000 4740.000000
10.340000 15.940000 -44.840000 -2682.000000 -872.000000 4544.000000
10.210000 15.950000 -44.980000 -2189.000000 -889.000000 4266.000000
