30.860001 41.240002 -22.299999 -6.950000 -22.389999 0.000000 1246.000000 -553.000000 3840.000000 -743.000000 -1566.000000 2860.000000 
28.900000 40.130001 -24.209999 -5.990000 -21.250000 0.000000 1404.000000 -410.000000 4041.000000 -630.000000 -1428.000000 2728.000000 
27.129999 38.950001 -26.110001 -4.820000 -20.320000 0.000000 1343.000000 -199.000000 3612.000000 -591.000000 -1388.000000 2562.000000 
24.680000 38.310001 -28.430000 -3.580000 -19.670000 0.000000 1812.000000 51.000000 3204.000000 -226.000000 -1312.000000 2556.000000 
22.370001 37.340000 -30.440001 -2.490000 -19.150000 0.000000 2131.000000 47.000000 2888.000000 202.000000 -1340.000000 2637.000000 
20.860001 35.889999 -31.840000 -1.590000 -18.740000 0.000000 1893.000000 -14.000000 2822.000000 401.000000 -1395.000000 2899.000000 
19.500000 34.400002 -33.150002 -0.850000 -18.510000 0.000000 1685.000000 -49.000000 2507.000000 305.000000 -1414.000000 2896.000000 
17.900000 32.930000 -34.590000 -0.450000 -18.400000 0.000000 1689.000000 -252.000000 2223.000000 477.000000 -1468.000000 2777.000000 
16.049999 31.530001 -36.150002 -0.510000 -18.330000 0.000000 1802.000000 -637.000000 2127.000000 842.000000 -1578.000000 2573.000000 
14.200000 30.090000 -37.660000 -0.910000 -18.299999 0.000000 1807.000000 -832.000000 2208.000000 884.000000 -1682.000000 2555.000000 
12.350000 28.600000 -39.080002 -1.740000 -18.459999 0.000000 1764.000000 -1210.000000 2762.000000 833.000000 -2027.000000 2658.000000 
10.320000 27.170000 -40.570000 -2.710000 -18.719999 0.000000 1817.000000 -1336.000000 3356.000000 853.000000 -2302.000000 2992.000000 
8.270000 25.770000 -41.959999 -3.720000 -19.070000 0.000000 2117.000000 -1378.000000 3649.000000 882.000000 -2464.000000 3283.000000 
6.210000 24.450001 -43.349998 -4.690000 -19.480000 0.000000 2504.000000 -1316.000000 3880.000000 1192.000000 -2566.000000 3363.000000 
4.400000 22.950001 -44.610001 -5.690000 -19.969999 0.000000 1720.000000 -1142.000000 3495.000000 1517.000000 -2489.000000 3384.000000 
2.810000 21.549999 -45.759998 -6.490000 -20.620001 0.000000 2884.000000 -1034.000000 3665.000000 1658.000000 -2556.000000 3631.000000 
1.460000 20.190001 -46.759998 -7.360000 -21.440001 0.000000 3068.000000 -1064.000000 3797.000000 2078.000000 -2601.000000 3884.000000 
0.360000 18.820000 -47.610001 -8.440000 -22.389999 0.000000 2790.000000 -1249.000000 3557.000000 1916.000000 -2641.000000 3622.000000 
-0.770000 17.790001 -48.520000 -9.790000 -23.459999 0.000000 2452.000000 -1487.000000 2984.000000 1545.000000 -2709.000000 3298.000000 
-1.800000 16.730000 -49.369999 -11.430000 -24.600000 0.000000 2153.000000 -1995.000000 2823.000000 1593.000000 -2831.000000 3070.000000 
-2.570000 15.020000 -50.080002 -13.280000 -25.780001 0.000000 1641.000000 -2278.000000 2810.000000 1221.000000 -2927.000000 2927.000000 
-3.220000 13.240000 -50.709999 -15.270000 -26.990000 0.000000 1680.000000 -2331.000000 3026.000000 782.000000 -2885.000000 3051.000000 
-4.140000 12.100000 -51.230000 -17.020000 -28.250000 0.000000 2514.000000 -1514.000000 4007.000000 316.000000 -2925.000000 3039.000000 
-4.740000 10.410000 -51.669998 -19.770000 -29.740000 0.000000 6749.000000 -13914.000000 19811.000000 1108.000000 -3415.000000 3164.000000 
-5.030000 8.890000 -51.820000 -21.120001 -31.410000 0.000000 55.000000 36.000000 2136.000000 975.000000 -3394.000000 3428.000000 
-5.660000 8.870000 -52.060001 -24.020000 -32.880001 0.000000 3672.000000 -3222.000000 1688.000000 3722.000000 -3655.000000 6262.000000 
-5.830000 7.580000 -52.250000 -26.860001 -34.040001 0.000000 1954.000000 -1647.000000 3370.000000 5385.000000 -3647.000000 5242.000000 
-5.040000 6.490000 -52.209999 -30.110001 -35.369999 0.000000 3622.000000 -1842.000000 1915.000000 -454.000000 -3089.000000 2410.000000 
-4.080000 6.810000 -51.860001 -33.310001 -36.639999 0.000000 3283.000000 -2531.000000 2822.000000 2270.000000 -2960.000000 3005.000000 
-4.330000 6.180000 -51.820000 -36.240002 -37.070000 0.000000 1248.000000 -4270.000000 3662.000000 763.000000 -2113.000000 3557.000000 
-3.440000 5.570000 -51.770000 -38.619999 -37.810001 0.000000 2006.000000 -2476.000000 3016.000000 1136.000000 -1752.000000 2129.000000 
-3.080000 4.630000 -51.700001 -40.799999 -38.369999 0.000000 2057.000000 -2706.000000 2842.000000 2861.000000 -2595.000000 3442.000000 
-3.870000 4.890000 -51.779999 -42.470001 -38.930000 0.000000 3441.000000 -928.000000 231.000000 1698.000000 -3040.000000 3594.000000 
-3.020000 5.070000 -51.700001 -43.889999 -39.259998 0.000000 12306.000000 -3600.000000 1650.000000 2062.000000 -2844.000000 3507.000000 
-2.530000 4.620000 -51.590000 -45.279999 -39.320000 0.000000 1753.000000 -5442.000000 2449.000000 290.000000 -1783.000000 3194.000000 
-2.560000 5.510000 -51.380001 -46.650002 -39.860001 0.000000 1865.000000 -9704.000000 10653.000000 1919.000000 -1801.000000 2124.000000 
-2.320000 5.340000 -51.200001 -47.740002 -40.480000 0.000000 5495.000000 -14946.000000 16308.000000 3080.000000 -2186.000000 2773.000000 
-2.550000 4.820000 -51.130001 -49.180000 -40.970001 0.000000 4969.000000 -10624.000000 11103.000000 1656.000000 -2875.000000 3516.000000 
-3.240000 5.110000 -50.799999 -51.450001 -41.860001 0.000000 2420.000000 -2255.000000 1687.000000 2502.000000 -2813.000000 3064.000000 
-3.430000 6.280000 -50.570000 -53.650002 -42.880001 0.000000 3257.000000 -3065.000000 3025.000000 1556.000000 -2703.000000 2776.000000 
-3.740000 6.950000 -50.310001 -56.139999 -44.020000 0.000000 2668.000000 -3061.000000 2153.000000 1848.000000 -2773.000000 2568.000000 
-4.600000 7.280000 -50.220001 -58.430000 -45.090000 0.000000 3009.000000 -2926.000000 1782.000000 2070.000000 -2965.000000 2556.000000 
-5.610000 7.840000 -50.290001 -60.480000 -46.040001 0.000000 2988.000000 -2709.000000 1522.000000 1766.000000 -2892.000000 2315.000000 
-6.520000 8.910000 -50.270000 -61.900002 -46.700001 0.000000 2854.000000 -3028.000000 1953.000000 2038.000000 -2659.000000 2268.000000 
-7.270000 8.640000 -50.380001 -62.509998 -47.160000 0.000000 2810.000000 -3425.000000 2630.000000 1839.000000 -2958.000000 2552.000000 
-8.030000 8.490000 -50.490002 -62.720001 -47.360001 0.000000 3302.000000 -3575.000000 2622.000000 1319.000000 -3454.000000 3046.000000 
-8.890000 8.610000 -50.560001 -62.869999 -47.230000 0.000000 3665.000000 -3608.000000 2418.000000 1764.000000 -3909.000000 3689.000000 
-9.550000 9.200000 -50.340000 -63.200001 -47.169998 0.000000 4043.000000 -3502.000000 2150.000000 1990.000000 -4097.000000 3609.000000 
-9.600000 9.430000 -50.220001 -63.310001 -46.889999 0.000000 3764.000000 -3688.000000 2469.000000 2334.000000 -4080.000000 3826.000000 
-9.060000 10.050000 -50.130001 -63.169998 -46.419998 0.000000 3586.000000 -3712.000000 2621.000000 2009.000000 -3650.000000 3546.000000 
-8.330000 11.040000 -50.029999 -63.139999 -46.020000 0.000000 4193.000000 -3795.000000 2301.000000 1711.000000 -3791.000000 3437.000000 
-7.830000 11.970000 -49.970001 -63.119999 -45.529999 0.000000 4253.000000 -3504.000000 1844.000000 2014.000000 -3819.000000 3565.000000 
-7.260000 13.330000 -49.869999 -63.130001 -44.950001 0.000000 4196.000000 -3390.000000 1671.000000 2134.000000 -3646.000000 3616.000000 
-6.820000 15.070000 -49.669998 -63.080002 -44.459999 0.000000 4341.000000 -3590.000000 1885.000000 2169.000000 -3660.000000 3483.000000 
-6.570000 17.000000 -49.590000 -62.880001 -43.779999 0.000000 4349.000000 -3821.000000 2231.000000 1751.000000 -3701.000000 3826.000000 
-6.320000 19.309999 -49.400002 -62.630001 -42.410000 0.000000 4378.000000 -3797.000000 2265.000000 1208.000000 -3931.000000 4930.000000 
-6.190000 21.879999 -49.240002 -62.290001 -40.740002 0.000000 4344.000000 -3665.000000 2223.000000 -71.000000 -4399.000000 6338.000000 
-6.320000 24.920000 -48.810001 -61.730000 -39.130001 0.000000 3841.000000 -3791.000000 2487.000000 2005.000000 -4057.000000 5149.000000 
-6.600000 28.990000 -48.590000 -60.950001 -37.599998 0.000000 3339.000000 -3705.000000 2626.000000 2202.000000 -3044.000000 3967.000000 
-6.960000 33.580002 -48.669998 -60.009998 -36.110001 0.000000 2539.000000 -4012.000000 2781.000000 1212.000000 -2132.000000 2439.000000 
-7.240000 38.209999 -48.770000 -59.040001 -34.959999 0.000000 2589.000000 -4266.000000 2708.000000 -550.000000 -1356.000000 1235.000000 
-7.700000 42.840000 -49.029999 -58.200001 -33.990002 0.000000 2848.000000 -4045.000000 2225.000000 -1499.000000 -859.000000 282.000000 
-8.660000 47.590000 -49.599998 -57.619999 -33.459999 0.000000 2421.000000 -3346.000000 1437.000000 -1619.000000 -1109.000000 636.000000 
-10.650000 52.540001 -50.889999 -57.349998 -33.000000 0.000000 2035.000000 -2840.000000 1116.000000 -1317.000000 -1566.000000 2434.000000 
-13.600000 57.630001 -53.040001 -57.549999 -32.459999 0.000000 1356.000000 -2840.000000 1046.000000 -1723.000000 -1649.000000 3405.000000 
-17.840000 62.830002 -56.430000 -58.070000 -31.959999 0.000000 854.000000 -2805.000000 1217.000000 -2684.000000 -1329.000000 2539.000000 
-24.760000 68.050003 -62.200001 -58.750000 -31.469999 0.000000 637.000000 -2721.000000 1388.000000 -3486.000000 -936.000000 1407.000000 
-36.599998 73.040001 -72.690002 -59.660000 -30.740000 0.000000 -715.000000 -2389.000000 1199.000000 -3217.000000 -665.000000 870.000000 
-58.689999 77.099998 -93.139999 -60.540001 -29.450001 0.000000 -326.000000 -2283.000000 1476.000000 -3324.000000 -599.000000 1293.000000 
-94.639999 78.410004 -127.110001 -61.389999 -27.309999 0.000000 -770.000000 -2195.000000 1563.000000 -4326.000000 -525.000000 1463.000000 
-126.660004 75.870003 -157.220001 -61.799999 -22.940001 0.000000 -1230.000000 -1702.000000 2001.000000 -4910.000000 -225.000000 1547.000000 
-144.970001 71.129997 -173.690002 -61.529999 -14.220000 0.000000 -1756.000000 -2194.000000 2424.000000 -5264.000000 -99.000000 891.000000 
-155.330002 65.849998 177.919998 -59.990002 3.280000 0.000000 -2173.000000 -2047.000000 2189.000000 -5868.000000 -21.000000 249.000000 
-162.300003 60.849998 172.990005 -56.919998 33.070000 0.000000 -1883.000000 -2122.000000 1680.000000 -6464.000000 -72.000000 21.000000 
-167.770004 56.330002 169.580002 -52.500000 62.560001 0.000000 -1980.000000 -1699.000000 1148.000000 -6377.000000 -177.000000 -607.000000 
-172.380005 52.150002 167.050003 -46.840000 80.459999 0.000000 -2075.000000 -879.000000 605.000000 -5562.000000 35.000000 -1264.000000 
-176.399994 48.119999 165.119995 -40.430000 90.080002 0.000000 -2637.000000 -298.000000 -4.000000 -4172.000000 272.000000 -1704.000000 
-179.899994 44.130001 163.690002 -33.009998 95.470001 0.000000 -3173.000000 94.000000 -332.000000 -3236.000000 391.000000 -1616.000000 
177.100006 40.110001 162.740005 -24.000000 97.339996 0.000000 -4171.000000 517.000000 -425.000000 -1512.000000 -2431.000000 8769.000000 
174.470001 36.049999 162.100006 -12.330000 99.879997 0.000000 -5553.000000 1174.000000 -637.000000 -3441.000000 789.000000 49.000000 
172.190002 31.980000 161.690002 3.860000 102.239998 0.000000 -3938.000000 720.000000 236.000000 -4398.000000 2745.000000 -2877.000000 
169.910004 27.990000 161.259995 21.790001 103.269997 0.000000 -3612.000000 466.000000 951.000000 -3818.000000 2051.000000 -474.000000 
167.800003 24.280001 161.050003 36.619999 102.949997 0.000000 -3723.000000 719.000000 1253.000000 -2474.000000 1746.000000 294.000000 
165.860001 20.990000 161.020004 46.639999 103.389999 0.000000 -3348.000000 1040.000000 1504.000000 -2255.000000 2373.000000 -498.000000 
163.949997 18.040001 160.970001 53.470001 103.849998 0.000000 -3237.000000 1247.000000 1296.000000 -2737.000000 2584.000000 -529.000000 
162.110001 15.300000 160.869995 58.520000 104.209999 0.000000 -3499.000000 1733.000000 1041.000000 -2543.000000 2773.000000 -634.000000 
160.330002 12.750000 160.770004 62.169998 104.459999 0.000000 -3543.000000 2192.000000 1092.000000 -1909.000000 3013.000000 -787.000000 
158.649994 10.320000 160.740005 64.830002 104.599998 0.000000 -3592.000000 2078.000000 1282.000000 -1759.000000 3202.000000 -785.000000 
157.059998 8.040000 160.789993 66.690002 104.489998 0.000000 -3226.000000 2209.000000 1633.000000 -1455.000000 3389.000000 -545.000000 
155.509995 6.010000 160.929993 68.010002 104.209999 0.000000 -3006.000000 2242.000000 1821.000000 -1204.000000 3418.000000 -381.000000 
154.089996 4.280000 161.160004 69.059998 104.059998 0.000000 -3128.000000 2354.000000 1683.000000 -1234.000000 3628.000000 -589.000000 
152.720001 2.850000 161.380005 69.849998 104.010002 0.000000 -3121.000000 2589.000000 1584.000000 -913.000000 3594.000000 -799.000000 
151.440002 1.600000 161.559998 70.449997 103.730003 0.000000 -3065.000000 2694.000000 1486.000000 -941.000000 3557.000000 -628.000000 
150.289993 0.530000 161.710007 70.750000 103.180000 0.000000 -2832.000000 2694.000000 1550.000000 -763.000000 3566.000000 -425.000000 
149.259995 -0.430000 161.839996 70.779999 102.370003 0.000000 -2552.000000 2575.000000 1673.000000 -630.000000 3538.000000 -166.000000 
148.320007 -1.310000 161.940002 70.680000 101.500000 0.000000 -2424.000000 2446.000000 1759.000000 -519.000000 3465.000000 -6.000000 
147.470001 -2.160000 162.089996 70.570000 100.669998 0.000000 -2264.000000 2439.000000 1715.000000 -576.000000 3461.000000 -53.000000 
146.669998 -2.890000 162.270004 70.519997 100.180000 0.000000 -2346.000000 2542.000000 1567.000000 -793.000000 3494.000000 -342.000000 
145.940002 -3.470000 162.470001 70.639999 99.879997 0.000000 -2762.000000 2705.000000 1422.000000 -573.000000 3531.000000 -511.000000 
145.309998 -3.990000 162.619995 70.709999 99.709999 0.000000 -2610.000000 2789.000000 1370.000000 -571.000000 3576.000000 -652.000000 
144.789993 -4.440000 162.729996 70.839996 99.570000 0.000000 -2698.000000 2843.000000 1210.000000 -656.000000 3584.000000 -712.000000 
144.339996 -4.810000 162.789993 70.930000 99.389999 0.000000 -2693.000000 2845.000000 1124.000000 -653.000000 3580.000000 -698.000000 
143.960007 -5.130000 162.809998 70.879997 99.150002 0.000000 -2741.000000 2784.000000 1173.000000 -497.000000 3526.000000 -625.000000 
143.660004 -5.350000 162.759995 70.690002 98.849998 0.000000 -2613.000000 2719.000000 1238.000000 -497.000000 3500.000000 -533.000000 
143.389999 -5.530000 162.690002 70.430000 98.510002 0.000000 -2446.000000 2679.000000 1273.000000 -375.000000 3451.000000 -444.000000 
143.169998 -5.640000 162.600006 70.070000 98.180000 0.000000 -2267.000000 2680.000000 1370.000000 -339.000000 3429.000000 -431.000000 
143.009995 -5.690000 162.479996 69.669998 97.889999 0.000000 -2207.000000 2657.000000 1381.000000 -284.000000 3463.000000 -444.000000 
142.929993 -5.750000 162.300003 69.220001 97.589996 0.000000 -2175.000000 2725.000000 1427.000000 -251.000000 3510.000000 -414.000000 
142.929993 -5.790000 162.100006 68.790001 97.290001 0.000000 -2186.000000 2745.000000 1426.000000 -375.000000 3576.000000 -367.000000 
142.990005 -5.760000 161.889999 68.370003 97.150002 0.000000 -2241.000000 2763.000000 1432.000000 -442.000000 3623.000000 -491.000000 
143.070007 -5.730000 161.669998 68.070000 97.070000 0.000000 -2330.000000 2760.000000 1352.000000 -451.000000 3599.000000 -491.000000 
143.169998 -5.720000 161.419998 67.849998 97.059998 0.000000 -2427.000000 2762.000000 1269.000000 -594.000000 3594.000000 -579.000000 
143.270004 -5.650000 161.160004 67.610001 97.040001 0.000000 -2503.000000 2694.000000 1270.000000 -543.000000 3590.000000 -570.000000 
143.399994 -5.550000 160.899994 67.279999 96.970001 0.000000 -2457.000000 2615.000000 1345.000000 -576.000000 3563.000000 -508.000000 
143.539993 -5.510000 160.630005 66.800003 96.790001 0.000000 -2345.000000 2537.000000 1466.000000 -561.000000 3561.000000 -370.000000 
143.720001 -5.490000 160.369995 66.180000 96.629997 0.000000 -2302.000000 2435.000000 1608.000000 -609.000000 3641.000000 -374.000000 
143.899994 -5.480000 160.139999 65.559998 96.589996 0.000000 -2381.000000 2397.000000 1642.000000 -683.000000 3732.000000 -473.000000 
144.110001 -5.440000 159.940002 65.040001 96.639999 0.000000 -2531.000000 2485.000000 1636.000000 -706.000000 3783.000000 -602.000000 
144.320007 -5.380000 159.759995 64.629997 96.709999 0.000000 -2614.000000 2555.000000 1597.000000 -863.000000 3801.000000 -626.000000 
144.520004 -5.300000 159.600006 64.320000 96.760002 0.000000 -2651.000000 2594.000000 1551.000000 -822.000000 3840.000000 -587.000000 
144.720001 -5.230000 159.449997 64.029999 96.809998 0.000000 -2688.000000 2583.000000 1542.000000 -982.000000 3839.000000 -607.000000 
144.919998 -5.100000 159.320007 63.840000 96.910004 0.000000 -2861.000000 2600.000000 1446.000000 -1059.000000 3930.000000 -746.000000 
145.110001 -5.010000 159.199997 63.680000 97.040001 0.000000 -3069.000000 2632.000000 1404.000000 -1148.000000 3984.000000 -855.000000 
145.289993 -4.900000 159.029999 63.520000 97.120003 0.000000 -3083.000000 2666.000000 1367.000000 -1103.000000 3976.000000 -797.000000 
145.429993 -4.820000 158.860001 63.279999 97.129997 0.000000 -3088.000000 2645.000000 1454.000000 -1013.000000 3950.000000 -707.000000 
145.539993 -4.700000 158.699997 62.950001 97.059998 0.000000 -3003.000000 2570.000000 1526.000000 -1010.000000 3890.000000 -591.000000 
145.619995 -4.540000 158.539993 62.439999 96.910004 0.000000 -2849.000000 2518.000000 1675.000000 -947.000000 3860.000000 -468.000000 
145.710007 -4.410000 158.369995 61.830002 96.739998 0.000000 -2710.000000 2445.000000 1767.000000 -916.000000 3886.000000 -437.000000 
145.820007 -4.300000 158.179993 61.259998 96.610001 0.000000 -2655.000000 2468.000000 1785.000000 -934.000000 3935.000000 -456.000000 
145.919998 -4.230000 158.000000 60.820000 96.529999 0.000000 -2706.000000 2496.000000 1740.000000 -973.000000 3928.000000 -481.000000 
145.979996 -4.200000 157.860001 60.480000 96.489998 0.000000 -2793.000000 2523.000000 1698.000000 -1002.000000 3923.000000 -496.000000 
146.039993 -4.150000 157.729996 60.200001 96.419998 0.000000 -2820.000000 2536.000000 1692.000000 -1035.000000 3946.000000 -457.000000 
146.100006 -4.130000 157.619995 59.910000 96.360001 0.000000 -2813.000000 2519.000000 1740.000000 -982.000000 3942.000000 -453.000000 
146.139999 -4.180000 157.539993 59.660000 96.320000 0.000000 -2829.000000 2533.000000 1746.000000 -986.000000 3964.000000 -462.000000 
146.160004 -4.240000 157.470001 59.490002 96.330002 0.000000 -2842.000000 2563.000000 1736.000000 -993.000000 3975.000000 -513.000000 
146.190002 -4.270000 157.389999 59.360001 96.370003 0.000000 -2871.000000 2577.000000 1712.000000 -980.000000 3984.000000 -557.000000 
146.210007 -4.310000 157.289993 59.320000 96.410004 0.000000 -2913.000000 2625.000000 1672.000000 -981.000000 4010.000000 -547.000000 
146.259995 -4.320000 157.190002 59.299999 96.440002 0.000000 -2901.000000 2662.000000 1682.000000 -920.000000 4001.000000 -552.000000 
146.320007 -4.310000 157.059998 59.349998 96.480003 0.000000 -2868.000000 2717.000000 1628.000000 -885.000000 4034.000000 -584.000000 
146.360001 -4.310000 156.940002 59.430000 96.550003 0.000000 -2849.000000 2739.000000 1579.000000 -932.000000 4021.000000 -651.000000 
146.419998 -4.320000 156.789993 59.520000 96.629997 0.000000 -2954.000000 2755.000000 1495.000000 -958.000000 4011.000000 -727.000000 
146.460007 -4.340000 156.649994 59.590000 96.660004 0.000000 -2998.000000 2740.000000 1449.000000 -937.000000 3994.000000 -688.000000 
146.490005 -4.340000 156.520004 59.590000 96.680000 0.000000 -2979.000000 2717.000000 1488.000000 -960.000000 4004.000000 -683.000000 
146.520004 -4.350000 156.369995 59.529999 96.669998 0.000000 -2881.000000 2690.000000 1521.000000 -828.000000 3945.000000 -628.000000 
146.550003 -4.360000 156.210007 59.410000 96.650002 0.000000 -2811.000000 2646.000000 1585.000000 -865.000000 3904.000000 -603.000000 
146.589996 -4.380000 156.050003 59.259998 96.629997 0.000000 -2779.000000 2613.000000 1606.000000 -869.000000 3916.000000 -587.000000 
146.630005 -4.410000 155.910004 59.130001 96.610001 0.000000 -2792.000000 2606.000000 1610.000000 -924.000000 3885.000000 -575.000000 
146.660004 -4.510000 155.770004 59.049999 96.629997 0.000000 -2818.000000 2605.000000 1556.000000 -904.000000 3877.000000 -609.000000 
146.699997 -4.650000 155.660004 59.000000 96.599998 0.000000 -2839.000000 2606.000000 1546.000000 -888.000000 3877.000000 -527.000000 
146.729996 -4.750000 155.550003 58.930000 96.589996 0.000000 -2801.000000 2566.000000 1587.000000 -868.000000 3898.000000 -506.000000 
146.759995 -4.840000 155.460007 58.900002 96.629997 0.000000 -2754.000000 2595.000000 1609.000000 -859.000000 3911.000000 -555.000000 
146.789993 -4.900000 155.369995 58.910000 96.709999 0.000000 -2810.000000 2611.000000 1590.000000 -830.000000 3931.000000 -604.000000 
146.830002 -4.960000 155.289993 58.959999 96.839996 0.000000 -2824.000000 2650.000000 1574.000000 -879.000000 3932.000000 -689.000000 
146.880005 -4.970000 155.179993 59.110001 96.980003 0.000000 -2888.000000 2665.000000 1465.000000 -931.000000 3930.000000 -735.000000 
146.919998 -4.970000 155.039993 59.270000 97.099998 0.000000 -2931.000000 2674.000000 1408.000000 -940.000000 3892.000000 -743.000000 
146.940002 -4.980000 154.899994 59.400002 97.150002 0.000000 -2919.000000 2683.000000 1408.000000 -885.000000 3829.000000 -655.000000 
146.970001 -4.960000 154.759995 59.470001 97.120003 0.000000 -2897.000000 2619.000000 1423.000000 -836.000000 3804.000000 -565.000000 
147.000000 -4.940000 154.610001 59.439999 97.019997 0.000000 -2773.000000 2584.000000 1499.000000 -768.000000 3766.000000 -469.000000 
147.020004 -4.940000 154.470001 59.360001 96.910004 0.000000 -2715.000000 2554.000000 1534.000000 -802.000000 3775.000000 -443.000000 
147.050003 -4.910000 154.330002 59.240002 96.820000 0.000000 -2685.000000 2540.000000 1580.000000 -778.000000 3771.000000 -426.000000 
147.130005 -4.850000 154.210007 59.130001 96.779999 0.000000 -2627.000000 2551.000000 1599.000000 -855.000000 3761.000000 -456.000000 
147.240005 -4.730000 154.059998 59.090000 96.760002 0.000000 -2656.000000 2583.000000 1561.000000 -830.000000 3792.000000 -474.000000 
147.369995 -4.550000 153.869995 59.060001 96.790001 0.000000 -2762.000000 2654.000000 1556.000000 -834.000000 3826.000000 -534.000000 
147.509995 -4.330000 153.649994 59.040001 96.830002 0.000000 -2759.000000 2701.000000 1536.000000 -846.000000 3852.000000 -560.000000 
147.679993 -4.070000 153.410004 59.020000 96.879997 0.000000 -2759.000000 2657.000000 1467.000000 -877.000000 3815.000000 -561.000000 
147.880005 -3.680000 153.139999 58.990002 96.870003 0.000000 -2752.000000 2661.000000 1451.000000 -905.000000 3772.000000 -509.000000 
148.139999 -3.180000 152.820007 58.820000 96.900002 0.000000 -2831.000000 2625.000000 1509.000000 -905.000000 3803.000000 -581.000000 
148.470001 -2.540000 152.419998 58.560001 96.839996 0.000000 -3009.000000 2791.000000 1485.000000 -892.000000 3830.000000 -505.000000 
148.869995 -1.710000 151.940002 58.270000 96.779999 0.000000 -3136.000000 2905.000000 1384.000000 -935.000000 3843.000000 -525.000000 
149.360001 -0.650000 151.330002 57.860001 96.680000 0.000000 -3218.000000 2955.000000 1280.000000 -1065.000000 3833.000000 -517.000000 
149.929993 0.640000 150.589996 57.279999 96.570000 0.000000 -3137.000000 3035.000000 1181.000000 -1095.000000 3862.000000 -620.000000 
150.580002 2.230000 149.710007 56.450001 96.379997 0.000000 -3147.000000 3097.000000 1112.000000 -1137.000000 3880.000000 -650.000000 
151.350006 4.150000 148.699997 55.209999 96.010002 0.000000 -2753.000000 3082.000000 1012.000000 -1049.000000 3819.000000 -608.000000 
152.179993 6.430000 147.539993 53.380001 95.580002 0.000000 -2989.000000 3206.000000 878.000000 -1294.000000 3954.000000 -863.000000 
153.029999 9.140000 146.210007 50.869999 94.959999 0.000000 -2996.000000 3203.000000 789.000000 -1125.000000 3950.000000 -1113.000000 
153.869995 12.340000 144.720001 47.590000 94.059998 0.000000 -3091.000000 3193.000000 644.000000 -1349.000000 3878.000000 -1314.000000 
154.699997 15.960000 143.059998 43.590000 92.739998 0.000000 -2784.000000 3068.000000 601.000000 -1347.000000 3744.000000 -1528.000000 
155.449997 19.900000 141.250000 38.919998 90.820000 0.000000 -2629.000000 2850.000000 586.000000 -1283.000000 3540.000000 -1321.000000 
156.110001 24.160000 139.270004 33.700001 88.150002 0.000000 -2146.000000 2714.000000 611.000000 -1234.000000 3305.000000 -871.000000 
156.550003 28.620001 137.100006 28.080000 84.629997 0.000000 -1759.000000 2528.000000 704.000000 -1160.000000 3020.000000 -597.000000 
156.729996 33.250000 134.729996 22.330000 80.190002 0.000000 -1312.000000 2155.000000 900.000000 -1067.000000 2689.000000 -187.000000 
156.660004 38.020000 132.169998 16.730000 74.620003 0.000000 -993.000000 1729.000000 1159.000000 -1591.000000 2302.000000 385.000000 
156.270004 42.860001 129.320007 11.450000 68.019997 0.000000 -971.000000 1064.000000 1470.000000 -3392.000000 1780.000000 864.000000 
155.330002 47.599998 125.989998 6.610000 60.820000 0.000000 -496.000000 794.000000 1694.000000 -4834.000000 1867.000000 1781.000000 
153.630005 52.169998 122.070000 2.360000 54.220001 0.000000 -69.000000 401.000000 1828.000000 -1364.000000 2092.000000 1134.000000 
151.070007 56.520000 117.500000 -1.510000 48.189999 0.000000 -103.000000 -43.000000 1912.000000 512.000000 2434.000000 510.000000 
147.570007 60.680000 112.110001 -5.210000 42.459999 0.000000 294.000000 -559.000000 2288.000000 131.000000 2040.000000 350.000000 
142.750000 64.639999 105.480003 -8.630000 36.110001 0.000000 248.000000 -1040.000000 2871.000000 -1893.000000 1140.000000 1111.000000 
135.970001 68.160004 97.000000 -11.290000 29.059999 0.000000 1251.000000 -1399.000000 3329.000000 -2627.000000 725.000000 2374.000000 
126.620003 70.970001 86.059998 -13.470000 22.650000 0.000000 1260.000000 -2080.000000 3455.000000 -2646.000000 427.000000 2988.000000 
114.570000 72.820000 72.599998 -15.260000 17.270000 0.000000 1208.000000 -2421.000000 3900.000000 -2510.000000 452.000000 3064.000000 
101.099998 73.669998 57.889999 -16.799999 12.930000 0.000000 966.000000 -2533.000000 4120.000000 -2106.000000 451.000000 2630.000000 
87.610001 73.589996 43.340000 -18.030001 9.290000 0.000000 728.000000 -2453.000000 4079.000000 -1754.000000 331.000000 2503.000000 
75.620003 72.669998 30.440001 -18.930000 5.820000 0.000000 888.000000 -2489.000000 3866.000000 -1736.000000 -45.000000 2985.000000 
65.989998 71.180000 20.049999 -19.639999 2.540000 0.000000 946.000000 -2547.000000 3859.000000 -2123.000000 -333.000000 3842.000000 
58.610001 69.379997 12.070000 -20.309999 -0.440000 0.000000 1172.000000 -2576.000000 3956.000000 -2176.000000 -511.000000 4368.000000 
52.950001 67.400002 5.980000 -20.920000 -3.050000 0.000000 1490.000000 -2520.000000 4146.000000 -1980.000000 -584.000000 4397.000000 
48.630001 65.349998 1.340000 -21.590000 -5.120000 0.000000 1711.000000 -2548.000000 4269.000000 -1358.000000 -503.000000 4384.000000 
45.250000 63.439999 -2.270000 -22.290001 -6.960000 0.000000 1962.000000 -2453.000000 4253.000000 -1086.000000 -654.000000 4426.000000 
42.590000 61.529999 -5.120000 -23.020000 -8.840000 0.000000 1897.000000 -2315.000000 4082.000000 -1443.000000 -782.000000 4674.000000 
40.480000 59.669998 -7.380000 -23.780001 -10.260000 0.000000 1860.000000 -2231.000000 3808.000000 -1426.000000 -848.000000 4738.000000 
38.709999 58.009998 -9.230000 -24.629999 -11.510000 0.000000 2074.000000 -2178.000000 3661.000000 -1221.000000 -932.000000 4579.000000 
37.220001 56.480000 -10.720000 -25.680000 -12.620000 0.000000 2178.000000 -2240.000000 3685.000000 -1226.000000 -1068.000000 4679.000000 
35.970001 55.250000 -11.940000 -26.870001 -13.600000 0.000000 2554.000000 -2415.000000 3872.000000 -1253.000000 -1127.000000 4702.000000 
34.709999 54.259998 -13.090000 -28.100000 -14.310000 0.000000 2599.000000 -2451.000000 3954.000000 -1115.000000 -1079.000000 4556.000000 
33.410000 53.740002 -14.200000 -29.240000 -14.870000 0.000000 2604.000000 -2289.000000 3804.000000 -949.000000 -1007.000000 4206.000000 
32.070000 53.340000 -15.360000 -30.260000 -15.540000 0.000000 2550.000000 -2025.000000 3470.000000 -1013.000000 -1022.000000 4000.000000 
30.770000 52.950001 -16.559999 -31.120001 -16.160000 0.000000 2458.000000 -1769.000000 3186.000000 -977.000000 -1002.000000 4034.000000 
29.480000 52.509998 -17.770000 -31.910000 -16.709999 0.000000 2466.000000 -1673.000000 2972.000000 -520.000000 -1096.000000 4094.000000 
28.200001 51.970001 -18.990000 -32.680000 -17.620001 0.000000 2538.000000 -1651.000000 2818.000000 -795.000000 -1318.000000 4126.000000 
26.940001 51.029999 -20.230000 -33.439999 -18.610001 0.000000 2666.000000 -1673.000000 2721.000000 -894.000000 -1511.000000 4400.000000 
25.490000 49.470001 -21.350000 -34.259998 -19.680000 0.000000 2826.000000 -1761.000000 2651.000000 -594.000000 -1841.000000 4777.000000 
23.790001 47.570000 -22.860001 -35.169998 -20.610001 0.000000 3072.000000 -2018.000000 2798.000000 -161.000000 -2001.000000 4971.000000 
22.730000 45.660000 -23.799999 -36.139999 -21.370001 0.000000 2864.000000 -2122.000000 2828.000000 176.000000 -2018.000000 4876.000000 
22.020000 43.790001 -24.440001 -37.130001 -21.900000 0.000000 3358.000000 -2344.000000 2965.000000 11.000000 -1869.000000 4581.000000 
21.580000 42.029999 -24.889999 -38.060001 -22.420000 0.000000 3309.000000 -2361.000000 2886.000000 -221.000000 -1854.000000 4261.000000 
21.209999 40.369999 -25.200001 -38.810001 -22.889999 0.000000 3219.000000 -2196.000000 2835.000000 -66.000000 -1829.000000 4166.000000 
20.900000 38.799999 -25.379999 -39.450001 -23.270000 0.000000 3117.000000 -2112.000000 2773.000000 275.000000 -1748.000000 4119.000000 
20.820000 37.360001 -25.379999 -39.970001 -23.639999 0.000000 3100.000000 -2018.000000 2717.000000 431.000000 -1632.000000 3853.000000 
20.900000 36.119999 -25.270000 -40.349998 -24.139999 0.000000 3037.000000 -1926.000000 2642.000000 383.000000 -1617.000000 3565.000000 
19.980000 36.049999 -25.840000 -40.520000 -25.059999 0.000000 2491.000000 -1109.000000 1620.000000 611.000000 -1786.000000 3214.000000 
19.150000 36.020000 -26.570000 -41.380001 -26.400000 0.000000 -2489.000000 3048.000000 -6559.000000 512.000000 -2177.000000 2853.000000 
18.590000 35.419998 -27.280001 -41.459999 -27.650000 0.000000 1834.000000 -904.000000 1281.000000 -535.000000 -2330.000000 3403.000000 
17.799999 33.049999 -28.170000 -41.669998 -29.129999 0.000000 4520.000000 -15984.000000 17988.000000 -196.000000 -3050.000000 4194.000000 
17.110001 30.910000 -29.010000 -40.869999 -30.750000 0.000000 5592.000000 -1346.000000 3419.000000 -2227.000000 -4583.000000 5116.000000 
17.200001 29.490000 -29.160000 -40.820000 -31.830000 0.000000 2211.000000 -2324.000000 1461.000000 1705.000000 -7044.000000 20343.000000 
16.820000 30.080000 -29.270000 -40.680000 -31.730000 0.000000 2693.000000 -1254.000000 536.000000 3177.000000 -3366.000000 4664.000000 
16.590000 30.480000 -29.030001 -39.860001 -31.940001 0.000000 3825.000000 -1467.000000 1945.000000 -2457.000000 -1612.000000 1006.000000 
17.260000 29.790001 -28.780001 -38.860001 -31.620001 0.000000 2763.000000 -1649.000000 2133.000000 735.000000 -2412.000000 4075.000000 
17.520000 28.910000 -28.670000 -38.150002 -31.219999 0.000000 3662.000000 -1655.000000 2079.000000 1186.000000 -2486.000000 4207.000000 
17.459999 28.120001 -28.650000 -37.540001 -31.160000 0.000000 3227.000000 -2035.000000 2434.000000 -28.000000 -2572.000000 3601.000000 
16.910000 27.620001 -28.610001 -37.110001 -31.139999 0.000000 2970.000000 -2130.000000 2377.000000 449.000000 -2817.000000 3877.000000 
15.940000 27.860001 -28.590000 -36.950001 -31.049999 0.000000 2754.000000 -2221.000000 2318.000000 -12.000000 -3131.000000 4270.000000 
15.040000 28.299999 -28.530001 -36.759998 -31.190001 0.000000 2817.000000 -2471.000000 2529.000000 -966.000000 -3274.000000 3834.000000 
14.220000 29.150000 -28.309999 -36.419998 -31.280001 0.000000 2877.000000 -2598.000000 2689.000000 -968.000000 -3364.000000 5565.000000 
13.720000 30.480000 -27.940001 -35.860001 -30.910000 0.000000 2531.000000 -3037.000000 2867.000000 813.000000 -3768.000000 5706.000000 
13.530000 31.740000 -27.430000 -34.959999 -30.330000 0.000000 2163.000000 -3150.000000 2890.000000 1074.000000 -3707.000000 4606.000000 
13.630000 32.799999 -26.809999 -33.830002 -29.660000 0.000000 918.000000 -3407.000000 2560.000000 -235.000000 -3261.000000 3516.000000 
13.730000 33.509998 -26.170000 -32.369999 -29.030001 0.000000 4066.000000 -3132.000000 3334.000000 -1087.000000 -3093.000000 2741.000000 
13.480000 33.730000 -25.740000 -30.719999 -28.580000 0.000000 4483.000000 -2845.000000 3767.000000 -1302.000000 -3222.000000 2541.000000 
13.210000 33.490002 -25.280001 -29.020000 -28.469999 0.000000 4068.000000 -2765.000000 3665.000000 -321.000000 -3393.000000 3314.000000 
13.130000 33.110001 -24.680000 -27.400000 -28.510000 0.000000 3623.000000 -2596.000000 3342.000000 432.000000 -3202.000000 4005.000000 
13.330000 33.110001 -23.520000 -25.930000 -28.540001 0.000000 3047.000000 -2399.000000 3194.000000 470.000000 -2967.000000 3980.000000 
13.550000 33.660000 -22.440001 -24.620001 -28.590000 0.000000 2737.000000 -2156.000000 3358.000000 52.000000 -2638.000000 3541.000000 
13.710000 34.320000 -21.430000 -23.360001 -28.709999 0.000000 2656.000000 -1874.000000 3652.000000 -148.000000 -2369.000000 3130.000000 
14.420000 35.459999 -20.100000 -22.059999 -28.900000 0.000000 2745.000000 -1572.000000 3559.000000 -168.000000 -2138.000000 3068.000000 
15.990000 36.580002 -18.379999 -20.740000 -29.139999 0.000000 2769.000000 -1203.000000 3101.000000 157.000000 -2002.000000 3039.000000 
17.629999 37.720001 -16.820000 -19.420000 -29.370001 0.000000 2771.000000 -847.000000 2607.000000 489.000000 -1883.000000 3034.000000 
19.370001 38.709999 -15.300000 -18.160000 -29.590000 0.000000 2609.000000 -581.000000 2297.000000 635.000000 -1736.000000 3140.000000 
21.240000 39.419998 -13.820000 -16.920000 -29.900000 0.000000 2389.000000 -361.000000 2266.000000 438.000000 -1769.000000 3158.000000 
23.240000 39.770000 -12.400000 -15.790000 -30.000000 0.000000 2271.000000 -326.000000 2394.000000 210.000000 -1594.000000 3157.000000 
25.400000 39.610001 -10.980000 -14.730000 -30.020000 0.000000 2273.000000 -265.000000 2589.000000 26.000000 -1453.000000 3256.000000 
27.500000 39.290001 -9.730000 -13.790000 -30.150000 0.000000 2181.000000 -279.000000 2735.000000 -161.000000 -1523.000000 3289.000000 
29.549999 38.880001 -8.560000 -12.900000 -30.219999 0.000000 2211.000000 -165.000000 2961.000000 -260.000000 -1342.000000 3622.000000 
31.510000 38.419998 -7.420000 -12.040000 -30.280001 0.000000 2060.000000 -59.000000 3066.000000 37.000000 -1131.000000 3875.000000 
33.369999 38.130001 -6.350000 -11.210000 -30.350000 0.000000 1766.000000 32.000000 2991.000000 403.000000 -1087.000000 3796.000000 
35.060001 38.000000 -5.410000 -10.440000 -30.360001 0.000000 1600.000000 116.000000 2798.000000 491.000000 -1062.000000 3633.000000 
36.570000 37.990002 -4.600000 -9.840000 -30.350000 0.000000 1671.000000 97.000000 2876.000000 441.000000 -1259.000000 3436.000000 
37.900002 38.049999 -3.920000 -9.480000 -30.299999 0.000000 1718.000000 22.000000 3173.000000 -253.000000 -1546.000000 3364.000000 
39.139999 38.029999 -3.350000 -9.260000 -30.590000 0.000000 1579.000000 -56.000000 3290.000000 -1170.000000 -1316.000000 3106.000000 
40.250000 38.070000 -2.930000 -9.240000 -31.160000 0.000000 1550.000000 -257.000000 3315.000000 -1058.000000 -1407.000000 2818.000000 
41.299999 38.020000 -2.540000 -9.310000 -31.889999 0.000000 1278.000000 -254.000000 3252.000000 -1010.000000 -1327.000000 2731.000000 
42.270000 37.930000 -2.190000 -9.540000 -32.630001 0.000000 1402.000000 -339.000000 3582.000000 -883.000000 -1252.000000 2891.000000 
43.139999 37.860001 -1.830000 -9.770000 -33.389999 0.000000 1293.000000 -290.000000 3719.000000 -932.000000 -1239.000000 2952.000000 
43.919998 37.639999 -1.510000 -9.870000 -34.099998 0.000000 1220.000000 -68.000000 3568.000000 -609.000000 -1427.000000 3095.000000 
44.590000 37.330002 -1.210000 -9.750000 -34.820000 0.000000 1200.000000 353.000000 3120.000000 -206.000000 -1579.000000 3371.000000 
45.160000 37.119999 -0.880000 -9.720000 -35.439999 0.000000 1680.000000 277.000000 3015.000000 -216.000000 -1740.000000 3631.000000 
45.599998 36.919998 -0.700000 -9.730000 -35.869999 0.000000 1731.000000 215.000000 2934.000000 -201.000000 -1576.000000 3649.000000 
45.970001 36.580002 -0.690000 -9.690000 -36.330002 0.000000 1356.000000 377.000000 2720.000000 961.000000 -1488.000000 3990.000000 
46.330002 36.240002 -0.790000 -9.800000 -36.520000 0.000000 1318.000000 289.000000 2893.000000 596.000000 -1286.000000 2795.000000 
46.590000 35.830002 -1.020000 -10.020000 -36.480000 0.000000 1324.000000 316.000000 2858.000000 -356.000000 -1094.000000 2332.000000 
46.730000 35.599998 -1.290000 -10.350000 -36.669998 0.000000 1069.000000 282.000000 2790.000000 -658.000000 -1136.000000 2488.000000 
46.520000 36.000000 -1.720000 -11.010000 -37.450001 0.000000 1425.000000 -146.000000 3132.000000 -1154.000000 -2236.000000 3199.000000 
45.240002 36.849998 -2.630000 -12.190000 -38.660000 0.000000 2470.000000 -1357.000000 4735.000000 -6847.000000 -8272.000000 6257.000000 
44.240002 37.119999 -3.200000 -13.070000 -39.500000 0.000000 2533.000000 -2029.000000 8379.000000 -1132.000000 -5456.000000 6403.000000 
42.560001 36.209999 -4.250000 -12.910000 -40.389999 0.000000 1447.000000 689.000000 21040.000000 -3926.000000 -7448.000000 8257.000000 
41.860001 34.150002 -5.180000 -13.040000 -40.439999 0.000000 4578.000000 -1806.000000 -1050.000000 -2973.000000 -3139.000000 3645.000000 
42.639999 32.459999 -5.360000 -12.630000 -39.660000 0.000000 1755.000000 -350.000000 4619.000000 1483.000000 -1652.000000 3031.000000 
43.939999 31.620001 -4.840000 -12.630000 -38.709999 0.000000 1451.000000 -860.000000 4509.000000 -556.000000 -1021.000000 1953.000000 
44.590000 31.850000 -4.440000 -12.640000 -38.490002 0.000000 1264.000000 -223.000000 3263.000000 -265.000000 -1654.000000 1980.000000 
43.889999 32.750000 -4.500000 -12.910000 -38.860001 0.000000 1928.000000 -126.000000 1793.000000 380.000000 -2107.000000 1978.000000 
42.980000 33.369999 -4.940000 -13.620000 -39.279999 0.000000 2909.000000 -903.000000 2906.000000 669.000000 -3378.000000 3650.000000 
41.740002 33.230000 -5.850000 -14.360000 -40.000000 0.000000 1551.000000 -535.000000 2468.000000 -842.000000 -3974.000000 3081.000000 
40.779999 32.439999 -6.680000 -15.450000 -40.529999 0.000000 3624.000000 -1544.000000 4094.000000 -1015.000000 -5947.000000 5447.000000 
39.990002 31.670000 -7.330000 -16.459999 -41.119999 0.000000 2447.000000 -1376.000000 3503.000000 -698.000000 -3263.000000 2313.000000 
