41.070000 20.400000 -5.050000 -14.940000 -44.349998 0.000000 2921.000000 -771.000000 3115.000000 12.000000 -3082.000000 2977.000000 
40.889999 20.540001 -5.070000 -14.960000 -44.369999 0.000000 2919.000000 -774.000000 3114.000000 -7.000000 -3069.000000 2967.000000 
41.189999 20.510000 -4.770000 -14.970000 -44.380001 0.000000 2876.000000 -777.000000 3125.000000 1.000000 -3041.000000 2944.000000 
41.009998 20.480000 -5.170000 -14.970000 -44.389999 0.000000 2896.000000 -764.000000 3087.000000 16.000000 -3056.000000 2955.000000 
41.000000 20.719999 -4.990000 -14.980000 -44.389999 0.000000 2913.000000 -782.000000 3109.000000 14.000000 -3063.000000 2978.000000 
40.970001 20.620001 -4.970000 -14.980000 -44.380001 0.000000 2923.000000 -774.000000 3112.000000 1.000000 -3051.000000 2975.000000 
41.020000 20.610001 -5.010000 -14.980000 -44.349998 0.000000 2885.000000 -770.000000 3120.000000 2.000000 -3029.000000 2964.000000 
41.270000 20.610001 -4.790000 -14.970000 -44.369999 0.000000 2902.000000 -771.000000 3098.000000 8.000000 -3075.000000 2976.000000 
41.320000 20.730000 -4.660000 -14.960000 -44.349998 0.000000 2891.000000 -757.000000 3133.000000 14.000000 -3049.000000 2980.000000 
41.450001 20.480000 -4.620000 -14.950000 -44.360001 0.000000 2890.000000 -759.000000 3093.000000 7.000000 -3046.000000 2958.000000 
40.820000 20.120001 -5.050000 -14.940000 -44.380001 0.000000 2901.000000 -747.000000 3103.000000 51.000000 -3062.000000 2955.000000 
41.110001 20.040001 -4.870000 -14.950000 -44.389999 0.000000 2927.000000 -781.000000 3113.000000 54.000000 -3054.000000 2963.000000 
41.270000 19.790001 -4.680000 -14.960000 -44.340000 0.000000 2937.000000 -752.000000 3094.000000 38.000000 -3016.000000 3007.000000 
41.500000 19.590000 -4.670000 -14.990000 -44.279999 0.000000 2885.000000 -758.000000 3132.000000 41.000000 -2961.000000 2963.000000 
41.849998 19.549999 -4.570000 -15.040000 -44.220001 0.000000 2877.000000 -740.000000 3103.000000 20.000000 -2982.000000 3011.000000 
42.290001 19.440001 -4.270000 -15.120000 -44.099998 0.000000 2895.000000 -732.000000 3124.000000 7.000000 -2922.000000 3035.000000 
42.639999 19.139999 -4.230000 -15.220000 -43.950001 0.000000 2873.000000 -702.000000 3177.000000 40.000000 -2894.000000 3074.000000 
42.950001 18.809999 -4.190000 -15.400000 -43.669998 0.000000 2828.000000 -690.000000 3109.000000 -5.000000 -2747.000000 3069.000000 
43.259998 18.580000 -4.160000 -15.700000 -43.720001 0.000000 2969.000000 -708.000000 3154.000000 193.000000 -2821.000000 2959.000000 
43.070000 18.209999 -4.270000 -16.080000 -43.900002 0.000000 2903.000000 -618.000000 3116.000000 301.000000 -3125.000000 3210.000000 
42.549999 18.020000 -4.500000 -16.639999 -43.450001 0.000000 2851.000000 -605.000000 3140.000000 130.000000 -1909.000000 2841.000000 
42.119999 18.090000 -4.650000 -17.490000 -43.189999 0.000000 3555.000000 -383.000000 3182.000000 105.000000 -2728.000000 3288.000000 
41.570000 18.510000 -4.850000 -19.230000 -43.529999 0.000000 1481.000000 -2041.000000 5348.000000 267.000000 -3160.000000 3171.000000 
41.340000 19.889999 -5.000000 -21.219999 -43.090000 0.000000 4534.000000 -1279.000000 3651.000000 243.000000 -3329.000000 5631.000000 
40.750000 21.830000 -5.500000 -23.400000 -42.490002 0.000000 -1792.000000 -1914.000000 5152.000000 1152.000000 -4341.000000 5994.000000 
39.919998 24.600000 -6.110000 -25.590000 -41.389999 0.000000 4755.000000 -2516.000000 5730.000000 1245.000000 -4458.000000 6586.000000 
38.669998 27.620001 -6.930000 -26.799999 -39.740002 0.000000 4797.000000 -2007.000000 6397.000000 48.000000 -4142.000000 6098.000000 
37.250000 30.629999 -7.900000 -27.070000 -38.080002 0.000000 3563.000000 -1485.000000 5906.000000 -1115.000000 -3873.000000 4720.000000 
35.959999 33.450001 -8.860000 -26.750000 -36.410000 0.000000 2620.000000 -1242.000000 5002.000000 -1167.000000 -3296.000000 4137.000000 
34.980000 35.959999 -9.670000 -26.049999 -34.590000 0.000000 1939.000000 -1194.000000 4853.000000 -996.000000 -2530.000000 3688.000000 
34.200001 38.029999 -10.380000 -25.040001 -33.200001 0.000000 1011.000000 -1595.000000 5279.000000 -1692.000000 -2373.000000 3698.000000 
33.580002 39.720001 -11.020000 -23.280001 -31.910000 0.000000 613.000000 -1462.000000 5222.000000 -1686.000000 -1882.000000 3430.000000 
32.860001 41.160000 -11.700000 -20.850000 -30.910000 0.000000 1256.000000 -1040.000000 4704.000000 -1856.000000 -1865.000000 3152.000000 
32.119999 42.080002 -12.620000 -18.059999 -30.190001 0.000000 1507.000000 -407.000000 3631.000000 -1966.000000 -2037.000000 3084.000000 
31.809999 42.480000 -13.300000 -15.320000 -29.360001 0.000000 1830.000000 -85.000000 3153.000000 -1598.000000 -1714.000000 3411.000000 
32.009998 42.410000 -13.580000 -12.680000 -28.350000 0.000000 1654.000000 -31.000000 3171.000000 -1342.000000 -1482.000000 3603.000000 
32.040001 42.540001 -13.940000 -10.240000 -27.200001 0.000000 1200.000000 57.000000 3229.000000 -579.000000 -1303.000000 3453.000000 
31.840000 42.669998 -14.550000 -8.110000 -26.280001 0.000000 1097.000000 140.000000 3034.000000 -1.000000 -1227.000000 3240.000000 
31.680000 42.599998 -15.270000 -6.420000 -25.400000 0.000000 1023.000000 77.000000 2706.000000 -10.000000 -1287.000000 3220.000000 
31.600000 42.180000 -16.040001 -5.300000 -24.400000 0.000000 979.000000 -210.000000 2842.000000 -345.000000 -1419.000000 3392.000000 
31.500000 41.450001 -16.879999 -4.290000 -23.389999 0.000000 1086.000000 -213.000000 3160.000000 -457.000000 -1515.000000 3616.000000 
31.200001 40.360001 -17.910000 -3.230000 -22.510000 0.000000 1360.000000 -59.000000 3293.000000 -353.000000 -1475.000000 3366.000000 
30.590000 39.180000 -19.049999 -2.290000 -21.620001 0.000000 1548.000000 -77.000000 3640.000000 -236.000000 -1261.000000 2899.000000 
29.920000 38.090000 -20.190001 -1.260000 -20.879999 0.000000 1487.000000 27.000000 3597.000000 -138.000000 -1124.000000 2521.000000 
29.330000 37.139999 -21.230000 -0.250000 -20.110001 0.000000 1326.000000 -83.000000 3251.000000 -115.000000 -945.000000 2176.000000 
28.340000 36.230000 -22.590000 0.680000 -19.570000 0.000000 1106.000000 -129.000000 2626.000000 -7.000000 -900.000000 1948.000000 
26.209999 35.779999 -24.580000 1.320000 -19.280001 0.000000 856.000000 -285.000000 2396.000000 236.000000 -1006.000000 1727.000000 
23.780001 35.619999 -26.660000 1.570000 -19.080000 0.000000 634.000000 -675.000000 2462.000000 418.000000 -1231.000000 1619.000000 
21.270000 35.709999 -28.809999 2.390000 -18.900000 0.000000 741.000000 201.000000 2943.000000 282.000000 -1563.000000 1887.000000 
18.330000 35.259998 -31.320000 2.470000 -18.700001 0.000000 985.000000 -989.000000 2789.000000 213.000000 -1894.000000 1968.000000 
15.240000 34.169998 -33.950001 2.470000 -18.530001 0.000000 891.000000 -964.000000 2895.000000 43.000000 -2162.000000 1997.000000 
12.170000 32.689999 -36.570000 2.360000 -18.469999 0.000000 1052.000000 -842.000000 3181.000000 59.000000 -2341.000000 2020.000000 
9.240000 31.049999 -38.970001 2.160000 -18.600000 0.000000 1870.000000 -859.000000 3660.000000 172.000000 -2649.000000 2454.000000 
6.460000 29.490000 -41.169998 1.660000 -19.010000 0.000000 936.000000 -1072.000000 3757.000000 349.000000 -3029.000000 2938.000000 
3.840000 28.110001 -43.119999 0.940000 -19.610001 0.000000 1114.000000 -1361.000000 3802.000000 327.000000 -3368.000000 3641.000000 
1.460000 26.660000 -44.750000 0.110000 -20.370001 0.000000 484.000000 -1553.000000 3570.000000 676.000000 -3589.000000 3931.000000 
-0.710000 25.219999 -46.119999 -0.880000 -21.209999 0.000000 1349.000000 -1654.000000 3735.000000 925.000000 -3254.000000 3470.000000 
-2.740000 23.910000 -47.369999 -2.000000 -22.170000 0.000000 1389.000000 -1537.000000 3707.000000 1180.000000 -2962.000000 2988.000000 
-4.540000 22.520000 -48.439999 -3.330000 -23.240000 0.000000 1443.000000 -1493.000000 3478.000000 1720.000000 -3037.000000 2700.000000 
-6.200000 21.170000 -49.389999 -4.920000 -24.410000 0.000000 1550.000000 -1635.000000 3222.000000 1746.000000 -2976.000000 3024.000000 
-7.660000 19.830000 -50.230000 -6.630000 -25.650000 0.000000 1971.000000 -1363.000000 1968.000000 1835.000000 -3017.000000 3420.000000 
-8.780000 17.850000 -50.900002 -8.990000 -27.010000 0.000000 2123.000000 -1898.000000 1106.000000 1449.000000 -3001.000000 3534.000000 
-9.750000 15.870000 -51.509998 -12.180000 -28.450001 0.000000 2018.000000 -2439.000000 1174.000000 1343.000000 -2952.000000 3708.000000 
-10.850000 14.380000 -52.029999 -15.970000 -29.700001 0.000000 2110.000000 -2374.000000 1723.000000 2241.000000 -2915.000000 3922.000000 
-11.700000 12.610000 -52.439999 -20.059999 -30.750000 0.000000 3055.000000 -2647.000000 1625.000000 2777.000000 -2823.000000 4268.000000 
-11.740000 10.340000 -52.650002 -24.299999 -32.110001 0.000000 1535.000000 -1826.000000 3712.000000 2142.000000 -3595.000000 3967.000000 
-11.390000 8.160000 -52.880001 -28.180000 -33.160000 0.000000 10023.000000 3517.000000 -8404.000000 375.000000 -3656.000000 3839.000000 
-10.830000 6.490000 -53.160000 -32.549999 -34.099998 0.000000 3772.000000 -1570.000000 820.000000 9301.000000 -4687.000000 6956.000000 
-11.040000 6.900000 -53.590000 -36.139999 -34.730000 0.000000 2039.000000 -2903.000000 3030.000000 894.000000 -3073.000000 4117.000000 
-10.920000 6.140000 -53.830002 -39.340000 -35.200001 0.000000 3129.000000 -3518.000000 2487.000000 -694.000000 -2805.000000 3327.000000 
-10.150000 5.440000 -54.049999 -41.529999 -35.310001 0.000000 4328.000000 -3137.000000 2232.000000 2429.000000 -2091.000000 3664.000000 
-9.340000 5.690000 -54.200001 -43.139999 -35.919998 0.000000 6658.000000 -1683.000000 968.000000 4080.000000 -1822.000000 2701.000000 
-9.220000 6.940000 -54.299999 -45.029999 -36.630001 0.000000 -2300.000000 -3386.000000 3038.000000 662.000000 -2036.000000 2540.000000 
-8.600000 6.910000 -54.340000 -47.110001 -37.200001 0.000000 813.000000 -2008.000000 2184.000000 1088.000000 -2182.000000 3002.000000 
-8.840000 8.060000 -54.259998 -49.500000 -38.020000 0.000000 1928.000000 -2818.000000 2520.000000 2539.000000 -2623.000000 3437.000000 
-8.670000 7.900000 -54.169998 -52.080002 -38.869999 0.000000 2376.000000 -3011.000000 2442.000000 3580.000000 -2996.000000 3604.000000 
-8.150000 7.950000 -53.950001 -55.240002 -38.900002 0.000000 3359.000000 -2670.000000 1061.000000 1479.000000 -2363.000000 4881.000000 
-8.750000 9.670000 -53.660000 -58.570000 -39.730000 0.000000 3010.000000 -3043.000000 1892.000000 3620.000000 -2142.000000 1526.000000 
-9.590000 11.190000 -53.610001 -62.029999 -40.360001 0.000000 825.000000 -3695.000000 1885.000000 1753.000000 -2053.000000 252.000000 
-9.220000 11.100000 -53.380001 -64.849998 -41.060001 0.000000 2318.000000 -3754.000000 2164.000000 2581.000000 -2695.000000 1390.000000 
-9.540000 11.010000 -53.349998 -66.639999 -41.689999 0.000000 3112.000000 -3490.000000 2095.000000 2790.000000 -3369.000000 3325.000000 
-10.190000 11.210000 -53.480000 -67.419998 -41.650002 0.000000 3237.000000 -3910.000000 2571.000000 1909.000000 -3842.000000 4643.000000 
-10.410000 11.410000 -53.580002 -67.699997 -41.570000 0.000000 4025.000000 -4377.000000 3047.000000 1117.000000 -4053.000000 4906.000000 
-10.520000 11.870000 -53.700001 -67.870003 -41.299999 0.000000 3798.000000 -4503.000000 2698.000000 2573.000000 -4403.000000 5180.000000 
-11.120000 12.840000 -53.930000 -68.029999 -41.119999 0.000000 3691.000000 -4255.000000 2251.000000 2031.000000 -3528.000000 3591.000000 
-10.890000 13.890000 -53.990002 -67.910004 -40.910000 0.000000 3667.000000 -4416.000000 2299.000000 1671.000000 -3385.000000 3442.000000 
-10.410000 15.310000 -54.009998 -67.629997 -40.570000 0.000000 3987.000000 -4152.000000 1925.000000 2613.000000 -3540.000000 3724.000000 
-10.080000 16.969999 -54.110001 -66.949997 -40.209999 0.000000 3947.000000 -4072.000000 2117.000000 2085.000000 -3409.000000 3679.000000 
-9.760000 18.980000 -54.230000 -66.040001 -39.730000 0.000000 4203.000000 -4108.000000 2068.000000 2383.000000 -3380.000000 4170.000000 
-9.580000 21.240000 -54.389999 -65.070000 -39.250000 0.000000 4558.000000 -3971.000000 1949.000000 2366.000000 -3416.000000 4154.000000 
-9.490000 23.820000 -54.639999 -64.309998 -38.549999 0.000000 4374.000000 -4105.000000 1925.000000 752.000000 -3130.000000 4114.000000 
-9.180000 27.230000 -54.830002 -63.709999 -37.889999 0.000000 3598.000000 -4169.000000 2119.000000 431.000000 -2923.000000 3923.000000 
-9.210000 31.459999 -55.070000 -63.180000 -37.080002 0.000000 2960.000000 -4162.000000 2302.000000 47.000000 -2374.000000 3545.000000 
-9.670000 36.169998 -55.500000 -62.660000 -36.540001 0.000000 2517.000000 -4309.000000 2440.000000 304.000000 -2121.000000 2941.000000 
-10.700000 41.230000 -56.230000 -62.130001 -36.009998 0.000000 2414.000000 -4298.000000 2530.000000 502.000000 -1826.000000 2765.000000 
-12.490000 46.680000 -57.520000 -61.689999 -35.310001 0.000000 2538.000000 -4193.000000 2436.000000 -1038.000000 -1189.000000 2316.000000 
-15.620000 52.500000 -59.830002 -61.529999 -35.029999 0.000000 2163.000000 -3843.000000 1792.000000 -2787.000000 -746.000000 1439.000000 
-20.940001 58.549999 -63.910000 -61.669998 -34.880001 0.000000 1760.000000 -3138.000000 1040.000000 -3211.000000 -532.000000 586.000000 
-29.879999 64.470001 -71.199997 -62.130001 -34.529999 0.000000 621.000000 -2391.000000 590.000000 -1802.000000 -273.000000 608.000000 
-44.419998 69.599998 -83.739998 -62.590000 -34.299999 0.000000 -240.000000 -2473.000000 770.000000 -4012.000000 -270.000000 408.000000 
-67.029999 72.959999 -104.029999 -62.889999 -33.959999 0.000000 -106.000000 -2589.000000 1220.000000 -4456.000000 -617.000000 741.000000 
-95.419998 73.339996 -129.899994 -63.099998 -32.619999 0.000000 27.000000 -2515.000000 1396.000000 -3958.000000 -738.000000 908.000000 
-120.019997 70.540001 -152.029999 -63.099998 -29.129999 0.000000 -177.000000 -2415.000000 1803.000000 -3051.000000 -498.000000 826.000000 
-136.649994 65.709999 -166.259995 -62.930000 -20.580000 0.000000 -674.000000 -2526.000000 1891.000000 -5098.000000 -436.000000 1145.000000 
-147.490005 60.040001 -174.720001 -62.290001 6.710000 0.000000 -1458.000000 -2152.000000 1513.000000 -6384.000000 -417.000000 1050.000000 
-155.149994 54.310001 179.990005 -60.810001 65.699997 0.000000 -2046.000000 -1564.000000 1133.000000 -5616.000000 -478.000000 767.000000 
-160.970001 48.900002 176.410004 -58.450001 93.080002 0.000000 -2382.000000 -1228.000000 589.000000 -4807.000000 -94.000000 420.000000 
-165.649994 43.950001 173.720001 -54.709999 102.099998 0.000000 -2423.000000 -842.000000 178.000000 -4832.000000 477.000000 -174.000000 
-169.669998 39.419998 171.500000 -48.990002 106.190002 0.000000 -2774.000000 -779.000000 -399.000000 -5822.000000 804.000000 -1060.000000 
-173.279999 35.169998 169.539993 -38.439999 108.260002 0.000000 -2970.000000 -372.000000 -558.000000 -6040.000000 915.000000 -2182.000000 
-176.619995 30.990000 167.779999 -16.940001 109.080002 0.000000 -2922.000000 165.000000 -428.000000 -4711.000000 929.000000 -2751.000000 
-179.800003 26.760000 166.259995 20.469999 109.190002 0.000000 -2926.000000 1024.000000 101.000000 -2754.000000 1457.000000 -2206.000000 
177.229996 22.480000 165.029999 50.099998 108.989998 0.000000 -3087.000000 1385.000000 81.000000 -3004.000000 1852.000000 -1504.000000 
174.500000 18.330000 164.169998 64.360001 108.919998 0.000000 -2230.000000 2257.000000 279.000000 -4070.000000 2054.000000 -1621.000000 
172.039993 14.530000 163.619995 71.980003 108.660004 0.000000 -2447.000000 2895.000000 -145.000000 -3456.000000 2183.000000 -1695.000000 
169.770004 11.310000 163.199997 76.900002 107.900002 0.000000 -2957.000000 3200.000000 -693.000000 -1892.000000 2395.000000 -1387.000000 
167.779999 8.570000 162.880005 80.169998 107.029999 0.000000 -3410.000000 3355.000000 -680.000000 -569.000000 1524.000000 2511.000000 
166.000000 6.410000 162.520004 81.589996 107.440002 0.000000 -3030.000000 3113.000000 374.000000 -1025.000000 3503.000000 -2596.000000 
164.320007 4.590000 162.059998 82.300003 107.070000 0.000000 -3083.000000 2988.000000 790.000000 -706.000000 3642.000000 -1078.000000 
162.800003 2.900000 161.710007 82.349998 106.480003 0.000000 -2856.000000 3109.000000 1209.000000 2.000000 3639.000000 -721.000000 
161.389999 1.490000 161.479996 82.150002 106.070000 0.000000 -2262.000000 3106.000000 1594.000000 -148.000000 3927.000000 -1180.000000 
160.059998 0.300000 161.520004 81.970001 105.389999 0.000000 -1988.000000 3139.000000 1624.000000 -432.000000 3799.000000 -706.000000 
158.889999 -0.670000 161.710007 81.720001 104.550003 0.000000 -2070.000000 3331.000000 1435.000000 -916.000000 3771.000000 -547.000000 
157.889999 -1.460000 161.929993 81.559998 103.769997 0.000000 -2548.000000 3562.000000 975.000000 -1200.000000 3891.000000 -538.000000 
157.009995 -2.080000 162.070007 81.650002 103.169998 0.000000 -3050.000000 3805.000000 371.000000 -1514.000000 3952.000000 -594.000000 
156.179993 -2.540000 162.110001 81.680000 102.589996 0.000000 -3189.000000 3976.000000 123.000000 -1564.000000 3906.000000 -576.000000 
155.419998 -2.840000 162.059998 81.419998 101.989998 0.000000 -2961.000000 3987.000000 242.000000 -1286.000000 3893.000000 -626.000000 
154.740005 -3.000000 161.940002 80.809998 101.139999 0.000000 -2670.000000 3874.000000 616.000000 -1024.000000 3880.000000 -429.000000 
154.070007 -3.100000 161.820007 79.720001 100.209999 0.000000 -2428.000000 3444.000000 1119.000000 -507.000000 3886.000000 -348.000000 
153.440002 -3.140000 161.690002 78.309998 99.309998 0.000000 -2297.000000 3021.000000 1452.000000 -388.000000 3790.000000 -310.000000 
152.850006 -3.160000 161.570007 76.809998 98.440002 0.000000 -2270.000000 2614.000000 1654.000000 -459.000000 3597.000000 -280.000000 
152.330002 -3.160000 161.440002 75.440002 97.430000 0.000000 -2246.000000 2399.000000 1915.000000 -587.000000 3525.000000 -114.000000 
151.899994 -3.260000 161.339996 74.190002 96.379997 0.000000 -2294.000000 2309.000000 1959.000000 -589.000000 3519.000000 -18.000000 
151.539993 -3.430000 161.279999 73.120003 95.410004 0.000000 -2401.000000 2428.000000 1830.000000 -848.000000 3536.000000 91.000000 
151.179993 -3.670000 161.250000 72.330002 94.669998 0.000000 -2434.000000 2551.000000 1647.000000 -933.000000 3589.000000 12.000000 
150.779999 -3.960000 161.300003 71.889999 94.129997 0.000000 -2383.000000 2628.000000 1371.000000 -1114.000000 3550.000000 15.000000 
150.380005 -4.250000 161.410004 71.750000 93.779999 0.000000 -2466.000000 2705.000000 1155.000000 -1342.000000 3578.000000 -58.000000 
149.979996 -4.540000 161.550003 71.720001 93.570000 0.000000 -2585.000000 2827.000000 1019.000000 -1359.000000 3655.000000 -221.000000 
149.600006 -4.830000 161.679993 71.589996 93.400002 0.000000 -2591.000000 2978.000000 1100.000000 -1168.000000 3752.000000 -311.000000 
149.240005 -5.020000 161.779999 71.290001 93.220001 0.000000 -2507.000000 2947.000000 1285.000000 -1039.000000 3801.000000 -308.000000 
148.919998 -5.150000 161.850006 70.860001 92.940002 0.000000 -2349.000000 2896.000000 1421.000000 -882.000000 3794.000000 -192.000000 
148.619995 -5.250000 161.860001 70.300003 92.669998 0.000000 -2255.000000 2825.000000 1528.000000 -783.000000 3727.000000 -180.000000 
148.360001 -5.340000 161.839996 69.730003 92.320000 0.000000 -2208.000000 2818.000000 1513.000000 -727.000000 3714.000000 -97.000000 
148.160004 -5.390000 161.800003 69.269997 91.940002 0.000000 -2248.000000 2808.000000 1362.000000 -913.000000 3688.000000 -51.000000 
147.929993 -5.470000 161.770004 68.900002 91.620003 0.000000 -2373.000000 2859.000000 1330.000000 -979.000000 3702.000000 -69.000000 
147.740005 -5.530000 161.679993 68.550003 91.339996 0.000000 -2420.000000 2844.000000 1363.000000 -948.000000 3681.000000 -91.000000 
147.580002 -5.600000 161.570007 68.169998 90.959999 0.000000 -2277.000000 2778.000000 1410.000000 -867.000000 3612.000000 37.000000 
147.389999 -5.700000 161.479996 67.730003 90.629997 0.000000 -2117.000000 2748.000000 1485.000000 -687.000000 3602.000000 23.000000 
147.270004 -5.780000 161.410004 67.290001 90.309998 0.000000 -2092.000000 2800.000000 1521.000000 -662.000000 3636.000000 54.000000 
147.179993 -5.870000 161.369995 66.900002 90.029999 0.000000 -2189.000000 2837.000000 1518.000000 -707.000000 3707.000000 64.000000 
147.089996 -6.010000 161.350006 66.629997 89.889999 0.000000 -2296.000000 2875.000000 1438.000000 -754.000000 3730.000000 -32.000000 
147.039993 -6.140000 161.330002 66.470001 89.849998 0.000000 -2303.000000 2961.000000 1373.000000 -775.000000 3779.000000 -101.000000 
146.990005 -6.230000 161.300003 66.360001 89.870003 0.000000 -2317.000000 2984.000000 1330.000000 -801.000000 3793.000000 -166.000000 
146.949997 -6.360000 161.279999 66.260002 89.900002 0.000000 -2370.000000 2983.000000 1336.000000 -793.000000 3801.000000 -173.000000 
146.990005 -6.450000 161.220001 66.180000 89.940002 0.000000 -2367.000000 2965.000000 1317.000000 -815.000000 3801.000000 -182.000000 
147.009995 -6.580000 161.149994 66.099998 89.959999 0.000000 -2372.000000 2935.000000 1337.000000 -915.000000 3783.000000 -155.000000 
147.020004 -6.760000 161.100006 66.040001 90.019997 0.000000 -2359.000000 2951.000000 1374.000000 -869.000000 3837.000000 -172.000000 
147.050003 -6.930000 161.020004 66.019997 90.110001 0.000000 -2366.000000 3008.000000 1368.000000 -816.000000 3878.000000 -200.000000 
147.080002 -7.080000 160.949997 66.059998 90.220001 0.000000 -2365.000000 3013.000000 1302.000000 -876.000000 3882.000000 -183.000000 
147.119995 -7.220000 160.880005 66.139999 90.389999 0.000000 -2401.000000 3052.000000 1261.000000 -846.000000 3909.000000 -281.000000 
147.139999 -7.390000 160.820007 66.190002 90.570000 0.000000 -2416.000000 3092.000000 1268.000000 -827.000000 3974.000000 -309.000000 
147.179993 -7.530000 160.740005 66.239998 90.730003 0.000000 -2433.000000 3102.000000 1274.000000 -875.000000 3991.000000 -321.000000 
147.240005 -7.640000 160.649994 66.300003 90.910004 0.000000 -2450.000000 3137.000000 1249.000000 -815.000000 4019.000000 -368.000000 
147.300003 -7.740000 160.570007 66.360001 91.099998 0.000000 -2452.000000 3177.000000 1211.000000 -825.000000 4044.000000 -421.000000 
147.339996 -7.820000 160.490005 66.410004 91.250000 0.000000 -2443.000000 3166.000000 1206.000000 -776.000000 4029.000000 -394.000000 
147.369995 -7.900000 160.429993 66.400002 91.349998 0.000000 -2461.000000 3151.000000 1298.000000 -820.000000 4052.000000 -328.000000 
147.399994 -7.970000 160.360001 66.370003 91.410004 0.000000 -2437.000000 3160.000000 1325.000000 -762.000000 4054.000000 -302.000000 
147.449997 -8.030000 160.279999 66.320000 91.449997 0.000000 -2409.000000 3179.000000 1371.000000 -751.000000 4043.000000 -246.000000 
147.470001 -8.120000 160.240005 66.309998 91.489998 0.000000 -2428.000000 3174.000000 1294.000000 -803.000000 4011.000000 -247.000000 
147.550003 -8.160000 160.149994 66.330002 91.570000 0.000000 -2488.000000 3191.000000 1257.000000 -876.000000 4041.000000 -304.000000 
147.610001 -8.220000 160.080002 66.349998 91.629997 0.000000 -2523.000000 3213.000000 1243.000000 -850.000000 4065.000000 -293.000000 
147.649994 -8.300000 160.009995 66.330002 91.690002 0.000000 -2524.000000 3173.000000 1293.000000 -836.000000 4062.000000 -296.000000 
147.699997 -8.360000 159.940002 66.290001 91.760002 0.000000 -2487.000000 3163.000000 1326.000000 -795.000000 4061.000000 -295.000000 
147.720001 -8.410000 159.880005 66.260002 91.839996 0.000000 -2451.000000 3172.000000 1325.000000 -770.000000 4089.000000 -341.000000 
147.770004 -8.450000 159.830002 66.269997 91.910004 0.000000 -2502.000000 3168.000000 1248.000000 -844.000000 4079.000000 -336.000000 
147.800003 -8.480000 159.779999 66.260002 91.970001 0.000000 -2544.000000 3146.000000 1270.000000 -878.000000 4081.000000 -344.000000 
147.809998 -8.520000 159.750000 66.269997 91.989998 0.000000 -2541.000000 3175.000000 1222.000000 -916.000000 4083.000000 -314.000000 
147.830002 -8.540000 159.699997 66.250000 92.029999 0.000000 -2525.000000 3200.000000 1273.000000 -945.000000 4081.000000 -361.000000 
147.839996 -8.550000 159.669998 66.220001 92.050003 0.000000 -2531.000000 3233.000000 1287.000000 -884.000000 4111.000000 -317.000000 
147.880005 -8.500000 159.619995 66.169998 92.080002 0.000000 -2493.000000 3250.000000 1329.000000 -782.000000 4121.000000 -335.000000 
147.919998 -8.410000 159.550003 66.070000 92.099998 0.000000 -2391.000000 3158.000000 1306.000000 -916.000000 4125.000000 -329.000000 
147.949997 -8.320000 159.479996 65.949997 92.080002 0.000000 -2519.000000 3109.000000 1298.000000 -916.000000 4049.000000 -304.000000 
147.949997 -8.290000 159.410004 65.820000 92.019997 0.000000 -2546.000000 3074.000000 1294.000000 -986.000000 4055.000000 -276.000000 
147.940002 -8.280000 159.350006 65.620003 91.910004 0.000000 -2515.000000 3024.000000 1371.000000 -925.000000 4001.000000 -218.000000 
147.929993 -8.290000 159.289993 65.370003 91.790001 0.000000 -2451.000000 2988.000000 1429.000000 -920.000000 3985.000000 -178.000000 
147.940002 -8.270000 159.220001 65.129997 91.660004 0.000000 -2416.000000 3009.000000 1466.000000 -840.000000 3970.000000 -143.000000 
147.929993 -8.300000 159.190002 64.930000 91.559998 0.000000 -2442.000000 3013.000000 1454.000000 -875.000000 3959.000000 -135.000000 
147.929993 -8.300000 159.169998 64.809998 91.489998 0.000000 -2490.000000 3048.000000 1402.000000 -894.000000 3971.000000 -138.000000 
147.949997 -8.300000 159.139999 64.779999 91.470001 0.000000 -2541.000000 3063.000000 1336.000000 -954.000000 3967.000000 -187.000000 
147.979996 -8.320000 159.100006 64.760002 91.459999 0.000000 -2561.000000 3034.000000 1336.000000 -969.000000 3951.000000 -181.000000 
148.000000 -8.360000 159.039993 64.750000 91.440002 0.000000 -2511.000000 3016.000000 1361.000000 -937.000000 3974.000000 -158.000000 
148.050003 -8.410000 158.970001 64.730003 91.440002 0.000000 -2435.000000 3011.000000 1385.000000 -908.000000 3970.000000 -177.000000 
148.070007 -8.470000 158.919998 64.699997 91.489998 0.000000 -2465.000000 3021.000000 1407.000000 -883.000000 3995.000000 -220.000000 
148.059998 -8.560000 158.910004 64.709999 91.559998 0.000000 -2503.000000 3054.000000 1342.000000 -906.000000 4022.000000 -266.000000 
148.070007 -8.610000 158.889999 64.760002 91.639999 0.000000 -2547.000000 3074.000000 1293.000000 -962.000000 4051.000000 -294.000000 
148.100006 -8.630000 158.839996 64.839996 91.699997 0.000000 -2578.000000 3090.000000 1232.000000 -1025.000000 4021.000000 -293.000000 
148.119995 -8.690000 158.789993 64.889999 91.720001 0.000000 -2568.000000 3085.000000 1272.000000 -1012.000000 4006.000000 -261.000000 
148.110001 -8.740000 158.759995 64.900002 91.720001 0.000000 -2533.000000 3080.000000 1318.000000 -996.000000 4004.000000 -230.000000 
148.119995 -8.800000 158.720001 64.900002 91.699997 0.000000 -2557.000000 3069.000000 1333.000000 -981.000000 4006.000000 -199.000000 
148.110001 -8.880000 158.669998 64.889999 91.680000 0.000000 -2516.000000 3087.000000 1373.000000 -903.000000 4001.000000 -175.000000 
148.130005 -8.940000 158.619995 64.910004 91.709999 0.000000 -2516.000000 3116.000000 1363.000000 -898.000000 4006.000000 -216.000000 
148.169998 -8.960000 158.559998 64.970001 91.760002 0.000000 -2555.000000 3131.000000 1316.000000 -899.000000 3997.000000 -224.000000 
148.220001 -8.970000 158.490005 65.080002 91.830002 0.000000 -2484.000000 3169.000000 1273.000000 -901.000000 4027.000000 -247.000000 
148.309998 -8.920000 158.380005 65.180000 91.889999 0.000000 -2573.000000 3196.000000 1289.000000 -856.000000 3994.000000 -252.000000 
148.419998 -8.810000 158.250000 65.279999 91.930000 0.000000 -2521.000000 3234.000000 1294.000000 -866.000000 3957.000000 -225.000000 
148.559998 -8.620000 158.110001 65.419998 91.930000 0.000000 -2545.000000 3273.000000 1251.000000 -898.000000 3916.000000 -181.000000 
148.779999 -8.270000 157.899994 65.559998 91.900002 0.000000 -2633.000000 3287.000000 1210.000000 -1057.000000 3708.000000 -145.000000 
149.070007 -7.750000 157.600006 65.660004 91.510002 0.000000 -2624.000000 3416.000000 1283.000000 -1206.000000 3677.000000 165.000000 
149.490005 -7.180000 157.139999 65.739998 90.769997 0.000000 -2710.000000 3553.000000 1307.000000 -1118.000000 3593.000000 490.000000 
150.070007 -6.440000 156.470001 65.750000 90.309998 0.000000 -2750.000000 3642.000000 1382.000000 -1548.000000 3614.000000 313.000000 
150.770004 -5.470000 155.619995 65.779999 89.669998 0.000000 -2138.000000 3714.000000 1454.000000 -1092.000000 3709.000000 339.000000 
151.610001 -4.140000 154.559998 65.849998 88.970001 0.000000 -2640.000000 3676.000000 1303.000000 -1147.000000 3960.000000 427.000000 
152.630005 -2.490000 153.259995 65.769997 88.720001 0.000000 -2738.000000 3704.000000 1062.000000 -1022.000000 4038.000000 -62.000000 
153.699997 -0.360000 151.750000 65.489998 88.349998 0.000000 -2473.000000 3626.000000 815.000000 -898.000000 3857.000000 -46.000000 
154.800003 2.280000 150.089996 64.919998 87.870003 0.000000 -2216.000000 3440.000000 524.000000 -1243.000000 3627.000000 -180.000000 
155.910004 5.270000 148.330002 63.759998 87.160004 0.000000 -2053.000000 3264.000000 424.000000 -1399.000000 3569.000000 -412.000000 
156.970001 8.550000 146.470001 61.830002 86.040001 0.000000 -1990.000000 3144.000000 472.000000 -1169.000000 3399.000000 -483.000000 
157.949997 12.130000 144.550003 59.139999 84.489998 0.000000 -1886.000000 2968.000000 514.000000 -1751.000000 3428.000000 -595.000000 
158.899994 16.030001 142.559998 55.900002 82.349998 0.000000 -1762.000000 2823.000000 537.000000 -1670.000000 3303.000000 -379.000000 
159.759995 20.170000 140.470001 51.990002 79.680000 0.000000 -1409.000000 2813.000000 638.000000 -1440.000000 3048.000000 -328.000000 
160.600006 24.620001 138.289993 47.360001 76.349998 0.000000 -1008.000000 2670.000000 742.000000 -1461.000000 2686.000000 45.000000 
161.460007 29.190001 136.020004 42.020000 72.300003 0.000000 -763.000000 2260.000000 1006.000000 -1604.000000 2481.000000 409.000000 
162.119995 33.810001 133.300003 35.639999 67.519997 0.000000 201.000000 1616.000000 1651.000000 -1861.000000 2374.000000 699.000000 
162.440002 38.340000 130.529999 28.870001 62.209999 0.000000 -715.000000 1066.000000 1851.000000 -1734.000000 2108.000000 857.000000 
162.460007 42.840000 127.699997 21.889999 56.250000 0.000000 -769.000000 530.000000 2273.000000 -1864.000000 1897.000000 1152.000000 
162.229996 47.189999 124.739998 14.970000 49.869999 0.000000 -1092.000000 -84.000000 2502.000000 -2089.000000 1556.000000 1323.000000 
161.610001 51.330002 121.510002 8.450000 43.750000 0.000000 -1311.000000 -583.000000 2513.000000 -2855.000000 1465.000000 1286.000000 
160.449997 55.160000 117.900002 2.520000 37.549999 0.000000 -1677.000000 -987.000000 2511.000000 -3032.000000 1364.000000 1429.000000 
158.460007 59.150002 113.669998 -2.700000 31.540001 0.000000 -1779.000000 -1092.000000 2417.000000 -3209.000000 1181.000000 1234.000000 
155.500000 62.939999 108.650002 -7.220000 25.590000 0.000000 -1854.000000 -1231.000000 2290.000000 -3097.000000 1014.000000 1574.000000 
151.199997 66.400002 102.559998 -11.220000 20.100000 0.000000 -1399.000000 -1270.000000 2556.000000 -3108.000000 879.000000 1514.000000 
145.350006 69.430000 95.139999 -14.820000 15.250000 0.000000 -1096.000000 -1709.000000 2729.000000 -2717.000000 853.000000 1858.000000 
137.979996 71.910004 86.339996 -18.080000 10.720000 0.000000 -1016.000000 -1738.000000 3074.000000 -2275.000000 542.000000 2044.000000 
128.550003 73.889999 75.699997 -21.080000 7.260000 0.000000 -855.000000 -1912.000000 3219.000000 -2278.000000 599.000000 1812.000000 
117.580002 75.320000 63.599998 -23.690001 4.150000 0.000000 -1101.000000 -1970.000000 3494.000000 -2546.000000 466.000000 2165.000000 
105.430000 76.169998 50.360001 -25.850000 1.170000 0.000000 -988.000000 -2269.000000 3693.000000 -2795.000000 172.000000 2487.000000 
92.959999 76.449997 36.810001 -27.629999 -2.080000 0.000000 -758.000000 -2290.000000 3355.000000 -2202.000000 -253.000000 2412.000000 
80.320000 76.300003 23.150000 -29.270000 -4.960000 0.000000 -440.000000 -2148.000000 2974.000000 -2903.000000 -490.000000 2438.000000 
68.820000 75.889999 10.650000 -31.000000 -7.970000 0.000000 -357.000000 -2282.000000 2988.000000 -2473.000000 -587.000000 2841.000000 
58.450001 75.050003 -0.620000 -32.669998 -10.820000 0.000000 -628.000000 -2468.000000 3142.000000 -2199.000000 -784.000000 3280.000000 
49.529999 73.790001 -10.450000 -34.250000 -13.110000 0.000000 -541.000000 -2646.000000 3107.000000 -1397.000000 -862.000000 3336.000000 
42.090000 72.110001 -18.770000 -35.720001 -15.630000 0.000000 -426.000000 -2726.000000 3065.000000 -2631.000000 -1198.000000 2971.000000 
35.810001 70.089996 -25.850000 -37.090000 -17.799999 0.000000 -152.000000 -2689.000000 3085.000000 -2978.000000 -1183.000000 2783.000000 
30.629999 67.970001 -31.830000 -38.360001 -20.270000 0.000000 -103.000000 -2862.000000 3226.000000 -2174.000000 -1566.000000 2775.000000 
26.170000 65.650002 -36.910000 -39.570000 -22.610001 0.000000 687.000000 -3158.000000 3428.000000 -1550.000000 -1681.000000 3245.000000 
22.780001 63.959999 -41.049999 -40.459999 -25.059999 0.000000 -18486.000000 -17818.000000 27031.000000 -3037.000000 -3205.000000 3009.000000 
20.459999 61.580002 -44.439999 -41.410000 -27.400000 0.000000 4038.000000 -3303.000000 2776.000000 -4265.000000 -3371.000000 4888.000000 
18.340000 59.119999 -47.389999 -43.160000 -29.469999 0.000000 -142.000000 -4709.000000 4124.000000 -6126.000000 -4059.000000 5536.000000 
16.549999 55.790001 -49.369999 -44.860001 -31.250000 0.000000 794.000000 -9327.000000 8611.000000 -4705.000000 -4350.000000 5714.000000 
16.420000 53.080002 -49.470001 -45.340000 -31.420000 0.000000 3692.000000 -8102.000000 9898.000000 -2052.000000 -2085.000000 5691.000000 
14.580000 50.080002 -51.049999 -45.080002 -32.470001 0.000000 2883.000000 -5291.000000 6538.000000 -2371.000000 -4992.000000 5268.000000 
14.510000 47.230000 -51.560001 -44.790001 -32.770000 0.000000 1935.000000 -3846.000000 3948.000000 207.000000 -3163.000000 6599.000000 
15.880000 44.759998 -51.279999 -44.529999 -32.880001 0.000000 1362.000000 -2996.000000 2917.000000 -161.000000 -2655.000000 5460.000000 
17.150000 42.439999 -51.029999 -44.299999 -32.450001 0.000000 1196.000000 -2658.000000 2736.000000 -512.000000 -1836.000000 3725.000000 
18.410000 40.320000 -50.759998 -44.090000 -31.889999 0.000000 1422.000000 -2358.000000 2541.000000 -178.000000 -1227.000000 2472.000000 
19.219999 38.220001 -50.730000 -43.900002 -31.420000 0.000000 1573.000000 -1945.000000 2191.000000 101.000000 -1108.000000 2422.000000 
19.750000 36.290001 -50.900002 -43.849998 -31.110001 0.000000 1692.000000 -1551.000000 1721.000000 397.000000 -1159.000000 2808.000000 
19.660000 34.590000 -51.610001 -43.950001 -30.940001 0.000000 2005.000000 -1224.000000 1465.000000 442.000000 -1320.000000 2869.000000 
18.700001 32.549999 -52.849998 -44.250000 -31.590000 0.000000 2193.000000 -1745.000000 1901.000000 385.000000 -1940.000000 2418.000000 
17.610001 30.459999 -53.939999 -44.720001 -32.540001 0.000000 2452.000000 -2602.000000 2702.000000 139.000000 -2236.000000 2323.000000 
16.309999 28.510000 -55.000000 -45.220001 -33.689999 0.000000 3528.000000 -2472.000000 2611.000000 -200.000000 -2659.000000 2597.000000 
15.020000 26.879999 -55.939999 -45.610001 -35.040001 0.000000 3354.000000 -3265.000000 3415.000000 -442.000000 -3444.000000 3343.000000 
13.800000 25.590000 -56.759998 -45.849998 -36.439999 0.000000 3097.000000 -3417.000000 3481.000000 -29.000000 -3717.000000 4121.000000 
12.820000 24.459999 -57.369999 -45.830002 -37.720001 0.000000 5570.000000 -11269.000000 12161.000000 150.000000 -3739.000000 4333.000000 
12.230000 23.719999 -57.759998 -45.590000 -39.130001 0.000000 2701.000000 -3881.000000 3424.000000 -698.000000 -5728.000000 4957.000000 
12.890000 24.340000 -57.480000 -45.320000 -39.959999 0.000000 2753.000000 -3608.000000 2786.000000 -434.000000 -4275.000000 5559.000000 
13.170000 25.049999 -57.310001 -44.959999 -40.080002 0.000000 2052.000000 -3121.000000 2446.000000 2558.000000 -3434.000000 5687.000000 
13.120000 24.360001 -56.910000 -44.380001 -40.270000 0.000000 2302.000000 -2928.000000 2637.000000 -673.000000 -2716.000000 1542.000000 
14.250000 24.170000 -56.270000 -43.720001 -40.340000 0.000000 2272.000000 -2806.000000 2570.000000 -414.000000 -2842.000000 2666.000000 
15.200000 24.129999 -55.439999 -43.080002 -40.049999 0.000000 2263.000000 -3055.000000 2594.000000 -74.000000 -3169.000000 3617.000000 
15.980000 23.950001 -54.639999 -42.250000 -39.970001 0.000000 2019.000000 -3438.000000 3030.000000 -543.000000 -3320.000000 2987.000000 
15.430000 24.750000 -54.000000 -40.980000 -39.860001 0.000000 2194.000000 -3651.000000 3714.000000 -393.000000 -3359.000000 3106.000000 
14.790000 26.000000 -53.540001 -39.209999 -39.799999 0.000000 1347.000000 -4357.000000 4938.000000 -608.000000 -3521.000000 3252.000000 
14.310000 27.469999 -53.029999 -37.049999 -39.549999 0.000000 1825.000000 -4410.000000 3290.000000 -135.000000 -3858.000000 4112.000000 
13.850000 28.910000 -52.549999 -34.669998 -39.119999 0.000000 2512.000000 -3682.000000 2494.000000 138.000000 -4162.000000 4222.000000 
13.450000 30.250000 -52.020000 -32.310001 -38.610001 0.000000 2690.000000 -3194.000000 2573.000000 -230.000000 -4170.000000 3620.000000 
13.120000 31.490000 -51.430000 -30.059999 -38.070000 0.000000 2783.000000 -2749.000000 2566.000000 -676.000000 -3889.000000 2894.000000 
12.860000 32.619999 -50.900002 -28.000000 -37.639999 0.000000 2775.000000 -2499.000000 2567.000000 -954.000000 -3707.000000 2479.000000 
12.660000 33.599998 -50.349998 -26.190001 -37.400002 0.000000 2682.000000 -2283.000000 2750.000000 -945.000000 -3617.000000 2511.000000 
12.530000 34.430000 -49.720001 -24.590000 -37.299999 0.000000 2815.000000 -1907.000000 2842.000000 -634.000000 -3625.000000 3158.000000 
12.920000 35.360001 -48.669998 -23.299999 -37.130001 0.000000 2702.000000 -1701.000000 3028.000000 -828.000000 -3551.000000 3838.000000 
13.820000 36.430000 -47.270000 -22.330000 -36.900002 0.000000 2337.000000 -1602.000000 3348.000000 -1170.000000 -3574.000000 3919.000000 
14.930000 37.650002 -45.650002 -21.610001 -36.529999 0.000000 1929.000000 -1583.000000 3677.000000 -1489.000000 -3293.000000 3813.000000 
16.350000 38.810001 -43.790001 -20.940001 -35.939999 0.000000 1565.000000 -1419.000000 3553.000000 -1281.000000 -2835.000000 3658.000000 
18.180000 39.740002 -41.709999 -20.270000 -35.020000 0.000000 1233.000000 -1229.000000 3193.000000 -791.000000 -2272.000000 3302.000000 
20.190001 40.340000 -39.599998 -19.549999 -33.939999 0.000000 1106.000000 -975.000000 2859.000000 -271.000000 -1730.000000 2549.000000 
22.180000 40.650002 -37.580002 -18.780001 -33.020000 0.000000 1334.000000 -740.000000 2839.000000 -65.000000 -1423.000000 2084.000000 
24.100000 40.709999 -35.669998 -17.969999 -32.220001 0.000000 1677.000000 -496.000000 3128.000000 -5.000000 -1341.000000 2099.000000 
25.959999 40.549999 -33.900002 -17.170000 -31.450001 0.000000 1855.000000 -347.000000 3214.000000 -46.000000 -1359.000000 2465.000000 
27.809999 40.060001 -32.200001 -16.410000 -30.840000 0.000000 2004.000000 -247.000000 3166.000000 -10.000000 -1401.000000 2869.000000 
29.620001 39.480000 -30.790001 -15.680000 -30.389999 0.000000 1967.000000 -261.000000 3154.000000 83.000000 -1413.000000 3146.000000 
31.330000 38.820000 -29.590000 -15.020000 -29.980000 0.000000 1828.000000 -297.000000 3244.000000 133.000000 -1309.000000 3314.000000 
32.889999 38.220001 -28.610001 -14.430000 -29.620001 0.000000 1637.000000 -276.000000 3308.000000 63.000000 -1165.000000 3288.000000 
34.259998 37.720001 -27.790001 -13.890000 -29.290001 0.000000 1568.000000 -209.000000 3371.000000 -103.000000 -1152.000000 3222.000000 
35.490002 37.290001 -27.059999 -13.450000 -29.100000 0.000000 1655.000000 -241.000000 3487.000000 -213.000000 -1381.000000 3324.000000 
36.680000 36.869999 -26.330000 -13.050000 -29.049999 0.000000 1731.000000 -216.000000 3640.000000 -498.000000 -1423.000000 3505.000000 
37.799999 36.549999 -25.650000 -12.660000 -28.950001 0.000000 1679.000000 -172.000000 3543.000000 -533.000000 -1408.000000 3635.000000 
38.820000 36.340000 -25.040001 -12.290000 -28.830000 0.000000 1585.000000 -176.000000 3313.000000 -369.000000 -1449.000000 3552.000000 
39.700001 36.209999 -24.520000 -12.040000 -28.760000 0.000000 1606.000000 -251.000000 3217.000000 -196.000000 -1486.000000 3338.000000 
40.430000 36.110001 -24.100000 -11.890000 -28.889999 0.000000 1705.000000 -242.000000 3316.000000 -168.000000 -1535.000000 3232.000000 
41.099998 35.880001 -23.760000 -11.770000 -29.040001 0.000000 1755.000000 -130.000000 3482.000000 -349.000000 -1498.000000 3404.000000 
41.720001 35.540001 -23.480000 -11.690000 -29.180000 0.000000 1696.000000 -93.000000 3446.000000 -376.000000 -1534.000000 3627.000000 
42.240002 35.150002 -23.299999 -11.640000 -29.270000 0.000000 1614.000000 -90.000000 3323.000000 -218.000000 -1537.000000 3518.000000 
42.680000 34.730000 -23.180000 -11.650000 -29.459999 0.000000 1764.000000 -101.000000 3244.000000 -152.000000 -1503.000000 3160.000000 
43.060001 34.259998 -23.030001 -11.750000 -29.940001 0.000000 1891.000000 -110.000000 3331.000000 -224.000000 -1548.000000 2905.000000 
43.410000 34.000000 -22.860001 -11.910000 -30.620001 0.000000 1869.000000 -127.000000 3455.000000 -333.000000 -1612.000000 2922.000000 
43.730000 33.939999 -22.700001 -12.130000 -31.410000 0.000000 1839.000000 -164.000000 3501.000000 -291.000000 -1796.000000 3141.000000 
43.919998 34.220001 -22.670000 -12.320000 -32.320000 0.000000 1828.000000 -178.000000 3534.000000 -285.000000 -2019.000000 3335.000000 
44.009998 34.439999 -22.629999 -12.500000 -33.150002 0.000000 1883.000000 -203.000000 3469.000000 -341.000000 -2109.000000 3504.000000 
43.020000 34.099998 -23.469999 -13.330000 -34.439999 0.000000 6192.000000 -12284.000000 28091.000000 -334.000000 -2592.000000 3324.000000 
43.450001 34.480000 -23.350000 -11.080000 -36.020000 0.000000 -4271.000000 1365.000000 -2418.000000 -1605.000000 -5686.000000 3134.000000 
43.790001 34.759998 -22.980000 -9.650000 -35.520000 0.000000 5807.000000 -1968.000000 4495.000000 -5411.000000 -2476.000000 4091.000000 
44.459999 34.660000 -22.120001 -6.930000 -35.450001 0.000000 -721.000000 469.000000 3771.000000 60.000000 -2692.000000 560.000000 
45.520000 33.240002 -21.290001 -5.220000 -35.060001 0.000000 3075.000000 392.000000 3490.000000 -408.000000 -552.000000 3814.000000 
46.279999 31.670000 -21.309999 -4.250000 -34.509998 0.000000 2270.000000 198.000000 3823.000000 269.000000 -1928.000000 5165.000000 
47.009998 30.400000 -21.250000 -3.650000 -33.759998 0.000000 1939.000000 129.000000 3688.000000 476.000000 -2412.000000 3937.000000 
47.340000 30.209999 -20.500000 -2.950000 -33.320000 0.000000 3016.000000 416.000000 3480.000000 -260.000000 -2213.000000 3286.000000 
46.730000 30.400000 -20.620001 -2.470000 -33.500000 0.000000 2528.000000 249.000000 3802.000000 -244.000000 -2840.000000 3475.000000 
46.110001 29.840000 -20.879999 -2.550000 -33.869999 0.000000 2735.000000 -13.000000 3502.000000 -291.000000 -3003.000000 3403.000000 
45.900002 28.900000 -20.950001 -3.000000 -34.270000 0.000000 2832.000000 -166.000000 3444.000000 -108.000000 -2801.000000 3305.000000 
45.580002 28.170000 -20.959999 -3.680000 -34.740002 0.000000 2678.000000 -295.000000 3460.000000 -50.000000 -2831.000000 3197.000000 
