10.360000 8.700000 -51.070000 -500.000000 711.000000 3972.000000
10.310000 8.660000 -51.139999 -508.000000 718.000000 3963.000000
10.260000 8.680000 -51.209999 -525.000000 715.000000 3968.000000
10.370000 8.810000 -51.110001 -514.000000 722.000000 3955.000000
10.460000 8.890000 -50.990002 -497.000000 716.000000 3957.000000
10.430000 8.820000 -50.980000 -495.000000 717.000000 3974.000000
10.400000 8.830000 -50.950001 -503.000000 707.000000 3980.000000
10.450000 8.940000 -50.830002 -513.000000 709.000000 3971.000000
10.430000 8.890000 -50.889999 -513.000000 729.000000 3951.000000
10.510000 8.930000 -50.820000 -514.000000 734.000000 3975.000000
10.450000 8.940000 -50.820000 -522.000000 717.000000 4011.000000
10.350000 8.960000 -50.810001 -529.000000 708.000000 4049.000000
10.230000 8.900000 -50.860001 -516.000000 697.000000 4019.000000
10.150000 8.870000 -50.919998 -521.000000 705.000000 4035.000000
10.130000 8.840000 -50.950001 -518.000000 722.000000 4076.000000
10.250000 8.800000 -50.880001 -495.000000 757.000000 4151.000000
10.270000 8.700000 -50.860001 -488.000000 770.000000 4300.000000
10.180000 8.580000 -50.810001 -455.000000 748.000000 4457.000000
9.970000 8.580000 -50.790001 -513.000000 717.000000 4802.000000
9.730000 8.640000 -50.810001 -610.000000 752.000000 5020.000000
9.450000 8.710000 -50.820000 -676.000000 756.000000 5317.000000
9.180000 8.920000 -50.730000 -784.000000 807.000000 5567.000000
8.860000 9.110000 -50.650002 -757.000000 695.000000 5414.000000
8.580000 9.540000 -50.520000 -796.000000 382.000000 5394.000000
8.790000 10.290000 -50.330002 -810.000000 787.000000 5269.000000
9.230000 11.140000 -50.200001 -773.000000 1333.000000 4930.000000
9.750000 12.130000 -50.020000 -616.000000 1968.000000 4518.000000
10.320000 13.180000 -49.849998 -672.000000 2415.000000 4083.000000
10.870000 14.200000 -49.709999 -873.000000 2488.000000 3944.000000
11.420000 15.060000 -49.560001 -942.000000 2273.000000 3871.000000
11.990000 15.730000 -49.389999 -1061.000000 2003.000000 3853.000000
12.630000 16.219999 -49.180000 -1296.000000 1841.000000 3781.000000
13.400000 16.530001 -48.889999 -1310.000000 2195.000000 3275.000000
14.210000 16.660000 -48.549999 -1314.000000 2243.000000 3325.000000
14.920000 16.600000 -48.340000 -1220.000000 2147.000000 3122.000000
15.570000 16.400000 -48.220001 -1276.000000 2141.000000 3010.000000
16.200001 16.059999 -48.060001 -1212.000000 2069.000000 2993.000000
16.809999 15.650000 -47.860001 -1168.000000 2041.000000 3010.000000
17.360001 15.220000 -47.700001 -1245.000000 1987.000000 3155.000000
17.860001 14.750000 -47.560001 -1149.000000 1850.000000 3194.000000
18.320000 14.200000 -47.439999 -848.000000 1657.000000 3131.000000
18.690001 13.560000 -47.389999 -477.000000 1521.000000 2992.000000
19.000000 12.950000 -47.360001 -273.000000 1536.000000 2811.000000
19.309999 12.460000 -47.320000 -289.000000 1634.000000 2657.000000
19.580000 12.130000 -47.250000 -433.000000 1693.000000 2698.000000
19.770000 11.950000 -47.220001 -807.000000 1597.000000 2872.000000
19.770000 11.830000 -47.259998 -940.000000 1288.000000 2964.000000
19.480000 11.690000 -47.419998 -980.000000 1065.000000 3224.000000
19.110001 11.440000 -47.639999 -1285.000000 1000.000000 3659.000000
18.690001 11.080000 -47.889999 -1227.000000 892.000000 3605.000000
18.139999 10.590000 -48.220001 -1049.000000 627.000000 3489.000000
17.500000 10.070000 -48.639999 -853.000000 571.000000 3323.000000
16.830000 9.510000 -49.110001 -650.000000 541.000000 3147.000000
16.139999 8.830000 -49.529999 -252.000000 374.000000 3318.000000
15.420000 8.260000 -49.939999 -354.000000 -7.000000 3453.000000
14.700000 7.780000 -50.290001 -544.000000 -326.000000 3698.000000
14.000000 7.370000 -50.580002 -675.000000 -524.000000 3866.000000
13.350000 7.030000 -50.820000 -725.000000 -529.000000 3926.000000
12.730000 6.710000 -51.029999 -746.000000 -476.000000 3945.000000
12.140000 6.390000 -51.200001 -648.000000 -312.000000 3822.000000
11.600000 6.130000 -51.349998 -955.000000 -166.000000 3776.000000
11.080000 5.790000 -51.490002 -938.000000 -146.000000 3802.000000
10.500000 5.260000 -51.639999 -480.000000 -254.000000 3801.000000
9.930000 4.700000 -51.779999 -441.000000 -154.000000 3545.000000
9.380000 4.210000 -51.860001 -529.000000 -78.000000 3796.000000
8.840000 3.600000 -51.950001 -386.000000 -44.000000 3630.000000
8.340000 2.680000 -52.020000 315.000000 17.000000 4065.000000
7.960000 1.690000 -52.060001 1783.000000 -608.000000 4653.000000
7.680000 0.970000 -52.139999 1765.000000 -13.000000 5786.000000
7.500000 0.710000 -52.250000 376.000000 176.000000 5435.000000
7.220000 0.530000 -52.270000 472.000000 -260.000000 5168.000000
7.230000 0.100000 -52.389999 1740.000000 177.000000 4677.000000
7.540000 -0.050000 -52.480000 865.000000 1281.000000 3734.000000
7.660000 -0.150000 -52.560001 604.000000 551.000000 3660.000000
7.680000 -0.210000 -52.619999 770.000000 517.000000 3425.000000
7.750000 -0.150000 -52.650002 457.000000 554.000000 3511.000000
7.760000 -0.050000 -52.630001 723.000000 431.000000 3581.000000
7.770000 0.130000 -52.599998 706.000000 445.000000 3469.000000
7.760000 0.580000 -52.549999 118.000000 560.000000 4252.000000
7.480000 0.900000 -52.639999 441.000000 -477.000000 4449.000000
7.320000 1.050000 -52.730000 1098.000000 -377.000000 4409.000000
7.300000 1.370000 -52.880001 635.000000 85.000000 4167.000000
7.280000 1.810000 -53.060001 737.000000 -94.000000 4149.000000
7.270000 2.330000 -53.240002 874.000000 -265.000000 4302.000000
7.360000 3.010000 -53.419998 814.000000 -6.000000 4368.000000
7.530000 3.910000 -53.560001 671.000000 109.000000 4589.000000
7.780000 5.020000 -53.700001 858.000000 159.000000 4935.000000
8.120000 6.380000 -53.860001 1182.000000 222.000000 5054.000000
8.540000 8.040000 -54.009998 1056.000000 211.000000 4991.000000
9.040000 10.010000 -54.139999 811.000000 277.000000 4845.000000
9.670000 12.250000 -54.230000 702.000000 473.000000 4590.000000
10.410000 14.820000 -54.259998 638.000000 602.000000 4515.000000
11.230000 17.719999 -54.220001 359.000000 577.000000 4331.000000
12.140000 20.920000 -54.049999 335.000000 530.000000 4064.000000
13.240000 24.450001 -53.689999 128.000000 629.000000 3661.000000
14.620000 28.320000 -53.060001 -265.000000 802.000000 2975.000000
16.340000 32.549999 -52.080002 -310.000000 1025.000000 2585.000000
18.400000 37.169998 -50.660000 -254.000000 1079.000000 2206.000000
20.950001 42.220001 -48.610001 73.000000 1085.000000 1431.000000
24.370001 47.730000 -45.560001 157.000000 1009.000000 552.000000
29.120001 53.680000 -41.009998 -225.000000 995.000000 -861.000000
35.689999 59.450001 -34.520000 -846.000000 875.000000 -1239.000000
43.720001 63.880001 -26.459999 -1120.000000 685.000000 -2841.000000
54.639999 67.459999 -15.430000 -1355.000000 805.000000 -4462.000000
73.879997 70.629997 3.910000 -2100.000000 887.000000 -4074.000000
95.360001 71.199997 25.670000 -2833.000000 727.000000 -4523.000000
112.419998 69.620003 43.070000 -3390.000000 716.000000 -5759.000000
125.889999 66.580002 56.779999 -3438.000000 777.000000 -5528.000000
134.779999 63.080002 65.820000 -3972.000000 990.000000 -5645.000000
140.809998 59.580002 71.930000 -3896.000000 1221.000000 -5483.000000
144.960007 56.279999 76.160004 -3235.000000 1490.000000 -5300.000000
148.080002 53.250000 79.449997 -2820.000000 1691.000000 -5121.000000
150.559998 50.450001 82.220001 -2690.000000 1703.000000 -4637.000000
152.559998 47.740002 84.589996 -2576.000000 1689.000000 -4531.000000
154.210007 45.070000 86.720001 -2886.000000 1521.000000 -4540.000000
155.570007 42.490002 88.610001 -3291.000000 1545.000000 -4613.000000
156.649994 40.139999 90.250000 -3664.000000 1768.000000 -4301.000000
157.520004 38.060001 91.660004 -3762.000000 2047.000000 -4200.000000
158.130005 36.310001 92.820000 -3874.000000 1982.000000 -4042.000000
158.449997 35.000000 93.680000 -4045.000000 1854.000000 -3708.000000
158.600006 33.990002 94.349998 -4002.000000 1739.000000 -3316.000000
158.710007 33.070000 94.930000 -3559.000000 1554.000000 -3420.000000
158.679993 32.389999 95.330002 -3234.000000 1514.000000 -3549.000000
158.550003 31.870001 95.629997 -3062.000000 1581.000000 -3766.000000
158.419998 31.330000 95.940002 -2954.000000 1646.000000 -3822.000000
158.279999 30.809999 96.230003 -2808.000000 1640.000000 -3791.000000
158.080002 30.469999 96.430000 -2708.000000 1576.000000 -3671.000000
157.809998 30.250000 96.550003 -2513.000000 1589.000000 -3559.000000
157.520004 30.070000 96.629997 -2451.000000 1561.000000 -3351.000000
157.229996 29.879999 96.720001 -2469.000000 1486.000000 -3215.000000
156.899994 29.750000 96.760002 -2446.000000 1487.000000 -3176.000000
156.529999 29.709999 96.720001 -2159.000000 1565.000000 -3237.000000
156.179993 29.680000 96.669998 -1938.000000 1551.000000 -3357.000000
155.869995 29.629999 96.650002 -1986.000000 1478.000000 -3287.000000
155.589996 29.570000 96.660004 -1927.000000 1432.000000 -3287.000000
155.309998 29.520000 96.650002 -1679.000000 1459.000000 -3172.000000
155.039993 29.459999 96.650002 -1552.000000 1471.000000 -3197.000000
154.800003 29.370001 96.690002 -1678.000000 1407.000000 -3189.000000
154.589996 29.240000 96.760002 -1763.000000 1470.000000 -3180.000000
154.410004 29.070000 96.860001 -1851.000000 1518.000000 -3130.000000
154.259995 28.889999 96.989998 -2010.000000 1505.000000 -3099.000000
154.100006 28.740000 97.080002 -2021.000000 1503.000000 -3183.000000
153.940002 28.660000 97.110001 -2074.000000 1558.000000 -3191.000000
153.789993 28.580000 97.129997 -2014.000000 1551.000000 -3162.000000
153.639999 28.510000 97.129997 -1848.000000 1565.000000 -3083.000000
153.500000 28.459999 97.120003 -1727.000000 1532.000000 -3040.000000
153.360001 28.430000 97.099998 -1622.000000 1558.000000 -3039.000000
153.229996 28.410000 97.080002 -1700.000000 1555.000000 -3048.000000
153.139999 28.370001 97.099998 -1888.000000 1529.000000 -3057.000000
153.070007 28.290001 97.139999 -1862.000000 1527.000000 -3172.000000
153.009995 28.230000 97.169998 -1882.000000 1515.000000 -3161.000000
152.970001 28.160000 97.199997 -1854.000000 1528.000000 -3161.000000
152.949997 28.059999 97.260002 -1882.000000 1519.000000 -3133.000000
152.929993 27.990000 97.300003 -1851.000000 1535.000000 -3228.000000
152.889999 27.980000 97.290001 -1827.000000 1559.000000 -3287.000000
152.869995 27.950001 97.279999 -1756.000000 1563.000000 -3357.000000
152.880005 27.860001 97.320000 -1721.000000 1560.000000 -3327.000000
152.899994 27.770000 97.370003 -1739.000000 1545.000000 -3300.000000
152.899994 27.709999 97.410004 -1755.000000 1554.000000 -3338.000000
152.889999 27.670000 97.430000 -1757.000000 1598.000000 -3351.000000
152.899994 27.600000 97.470001 -1778.000000 1615.000000 -3292.000000
152.940002 27.480000 97.559998 -1811.000000 1585.000000 -3272.000000
152.960007 27.440001 97.589996 -1834.000000 1620.000000 -3307.000000
152.940002 27.450001 97.589996 -1825.000000 1617.000000 -3314.000000
152.970001 27.400000 97.629997 -1794.000000 1615.000000 -3333.000000
153.009995 27.320000 97.690002 -1788.000000 1633.000000 -3357.000000
153.009995 27.320000 97.709999 -1825.000000 1629.000000 -3349.000000
153.000000 27.340000 97.720001 -1851.000000 1642.000000 -3408.000000
153.020004 27.320000 97.739998 -1831.000000 1625.000000 -3464.000000
153.039993 27.290001 97.779999 -1802.000000 1642.000000 -3452.000000
153.039993 27.250000 97.820000 -1808.000000 1657.000000 -3417.000000
153.050003 27.209999 97.860001 -1774.000000 1649.000000 -3424.000000
153.059998 27.180000 97.900002 -1790.000000 1657.000000 -3396.000000
153.070007 27.139999 97.959999 -1827.000000 1622.000000 -3373.000000
153.080002 27.110001 98.010002 -1869.000000 1639.000000 -3378.000000
153.080002 27.090000 98.059998 -1781.000000 1639.000000 -3384.000000
153.080002 27.080000 98.089996 -1813.000000 1638.000000 -3373.000000
153.089996 27.059999 98.150002 -1849.000000 1636.000000 -3457.000000
153.089996 27.049999 98.190002 -1919.000000 1631.000000 -3400.000000
153.070007 27.070000 98.220001 -1947.000000 1648.000000 -3368.000000
153.070007 27.059999 98.260002 -1892.000000 1645.000000 -3368.000000
153.039993 27.070000 98.269997 -1801.000000 1671.000000 -3388.000000
153.009995 27.100000 98.269997 -1770.000000 1665.000000 -3381.000000
152.979996 27.110001 98.279999 -1744.000000 1650.000000 -3370.000000
152.960007 27.120001 98.290001 -1729.000000 1623.000000 -3387.000000
152.940002 27.139999 98.309998 -1776.000000 1606.000000 -3371.000000
152.919998 27.139999 98.330002 -1778.000000 1595.000000 -3353.000000
152.910004 27.120001 98.379997 -1840.000000 1612.000000 -3365.000000
152.899994 27.090000 98.419998 -1860.000000 1600.000000 -3394.000000
152.889999 27.070000 98.459999 -1791.000000 1613.000000 -3417.000000
152.869995 27.059999 98.480003 -1808.000000 1596.000000 -3382.000000
152.869995 27.020000 98.529999 -1811.000000 1592.000000 -3355.000000
152.869995 26.990000 98.570000 -1829.000000 1601.000000 -3342.000000
152.850006 26.980000 98.599998 -1875.000000 1593.000000 -3333.000000
152.839996 26.950001 98.639999 -1849.000000 1600.000000 -3333.000000
152.850006 26.900000 98.690002 -1795.000000 1588.000000 -3358.000000
152.850006 26.860001 98.720001 -1772.000000 1595.000000 -3369.000000
152.839996 26.840000 98.750000 -1820.000000 1602.000000 -3422.000000
152.839996 26.799999 98.790001 -1825.000000 1582.000000 -3431.000000
152.839996 26.750000 98.839996 -1889.000000 1586.000000 -3429.000000
152.850006 26.700001 98.889999 -1915.000000 1580.000000 -3435.000000
152.860001 26.660000 98.930000 -1957.000000 1559.000000 -3414.000000
152.839996 26.660000 98.949997 -2020.000000 1581.000000 -3375.000000
152.820007 26.660000 98.959999 -2043.000000 1562.000000 -3359.000000
152.800003 26.690001 98.949997 -2100.000000 1565.000000 -3355.000000
152.750000 26.780001 98.910004 -2171.000000 1536.000000 -3339.000000
152.679993 26.940001 98.809998 -2266.000000 1515.000000 -3408.000000
152.589996 27.170000 98.660004 -2460.000000 1502.000000 -3499.000000
152.460007 27.530001 98.419998 -2902.000000 1446.000000 -3538.000000
152.279999 28.010000 98.050003 -3292.000000 1476.000000 -3572.000000
152.029999 28.690001 97.510002 -3566.000000 1527.000000 -3460.000000
151.639999 29.620001 96.709999 -3714.000000 1584.000000 -3341.000000
151.070007 30.850000 95.599998 -3855.000000 1643.000000 -3044.000000
150.289993 32.330002 94.190002 -3651.000000 1742.000000 -2888.000000
149.250000 34.099998 92.410004 -3339.000000 1825.000000 -2892.000000
147.860001 36.240002 90.180000 -3148.000000 1807.000000 -2949.000000
146.119995 38.669998 87.529999 -3109.000000 1742.000000 -3049.000000
144.059998 41.209999 84.559998 -3121.000000 1733.000000 -3078.000000
141.669998 43.759998 81.279999 -3013.000000 1745.000000 -3045.000000
138.820007 46.389999 77.529999 -3029.000000 1801.000000 -3173.000000
135.250000 49.119999 73.059998 -3092.000000 1895.000000 -3440.000000
130.919998 51.759998 67.879997 -3030.000000 1972.000000 -3494.000000
126.169998 54.040001 62.349998 -2799.000000 2049.000000 -3344.000000
121.080002 55.970001 56.590000 -2511.000000 2121.000000 -3098.000000
115.239998 57.650002 50.169998 -2261.000000 2133.000000 -2746.000000
108.580002 59.040001 43.020000 -2061.000000 2157.000000 -2539.000000
101.730003 59.980000 35.840000 -1874.000000 2012.000000 -1951.000000
95.230003 60.520000 29.120001 -1737.000000 1895.000000 -1394.000000
88.910004 60.779999 22.629999 -1939.000000 1630.000000 -790.000000
82.230003 60.740002 15.800000 -2236.000000 1564.000000 -344.000000
75.260002 60.270000 8.660000 -2426.000000 1517.000000 -154.000000
68.900002 59.400002 2.160000 -2422.000000 1587.000000 59.000000
63.540001 58.290001 -3.300000 -2142.000000 1643.000000 455.000000
58.900002 57.139999 -7.990000 -2295.000000 1788.000000 631.000000
54.860001 55.919998 -12.040000 -2036.000000 1798.000000 651.000000
51.209999 54.650002 -15.650000 -2108.000000 1743.000000 920.000000
47.939999 53.459999 -18.820000 -2372.000000 1607.000000 1159.000000
45.060001 52.509998 -21.520000 -2750.000000 1618.000000 1368.000000
42.340000 51.590000 -24.020000 -2811.000000 1496.000000 1254.000000
39.720001 50.709999 -26.389999 -2837.000000 1326.000000 1243.000000
37.209999 49.860001 -28.639999 -2839.000000 1254.000000 1427.000000
34.770000 48.860001 -30.780001 -2820.000000 1283.000000 1781.000000
32.450001 47.720001 -32.790001 -2836.000000 1313.000000 1921.000000
30.250000 46.520000 -34.650002 -2972.000000 1295.000000 2020.000000
28.160000 45.270000 -36.369999 -3095.000000 1263.000000 2059.000000
26.150000 43.959999 -37.990002 -3406.000000 1148.000000 1912.000000
24.299999 42.669998 -39.369999 -3785.000000 1199.000000 3000.000000
22.660000 41.259998 -40.500000 -3984.000000 1040.000000 3809.000000
21.200001 39.689999 -41.419998 -4636.000000 780.000000 4982.000000
20.010000 37.910000 -42.259998 -4870.000000 1031.000000 2928.000000
18.910000 36.110001 -42.900002 -2689.000000 1031.000000 2199.000000
17.830000 33.889999 -43.639999 -1784.000000 1303.000000 3755.000000
16.900000 31.709999 -44.220001 -1099.000000 1113.000000 4350.000000
16.080000 29.799999 -44.570000 -983.000000 664.000000 4663.000000
15.350000 28.150000 -44.900002 -1378.000000 641.000000 4409.000000
14.720000 26.629999 -45.169998 -1220.000000 668.000000 4206.000000
14.220000 25.200001 -45.389999 -849.000000 761.000000 4164.000000
13.790000 23.889999 -45.560001 -868.000000 846.000000 4161.000000
13.400000 22.680000 -45.700001 -1019.000000 858.000000 3855.000000
13.090000 21.540001 -45.810001 -807.000000 914.000000 3474.000000
12.750000 20.450001 -45.939999 -403.000000 867.000000 3397.000000
12.360000 19.490000 -46.070000 -227.000000 661.000000 3425.000000
11.900000 18.700001 -46.180000 -363.000000 373.000000 3563.000000
11.390000 18.100000 -46.279999 -689.000000 155.000000 3697.000000
10.870000 17.629999 -46.389999 -828.000000 69.000000 3436.000000
10.410000 17.150000 -46.470001 -856.000000 -85.000000 4347.000000
10.100000 16.680000 -46.509998 -560.000000 131.000000 4369.000000
9.780000 16.340000 -46.590000 -639.000000 37.000000 4201.000000
9.530000 16.000000 -46.669998 -618.000000 161.000000 4245.000000
9.360000 15.680000 -46.720001 -478.000000 234.000000 4440.000000
9.230000 15.460000 -46.799999 -180.000000 148.000000 4253.000000
9.050000 15.400000 -46.939999 -325.000000 -100.000000 4274.000000
8.930000 15.530000 -47.049999 -615.000000 -93.000000 4218.000000
8.830000 15.940000 -47.119999 -1247.000000 -190.000000 4294.000000
8.770000 16.450001 -47.160000 -1652.000000 -376.000000 4258.000000
8.760000 16.950001 -47.180000 -1966.000000 -472.000000 4277.000000
8.790000 17.389999 -47.169998 -2022.000000 -457.000000 4284.000000
8.860000 17.790001 -47.119999 -1939.000000 -341.000000 4136.000000
8.980000 18.160000 -47.049999 -1848.000000 -202.000000 4039.000000
9.120000 18.500000 -46.950001 -1666.000000 -100.000000 3736.000000
9.250000 18.809999 -46.830002 -1377.000000 35.000000 3566.000000
9.390000 19.059999 -46.750000 -1229.000000 304.000000 3386.000000
9.640000 19.290001 -46.590000 -1142.000000 475.000000 3179.000000
9.900000 19.450001 -46.439999 -1245.000000 531.000000 3220.000000
10.120000 19.549999 -46.369999 -1584.000000 605.000000 3584.000000
10.330000 19.559999 -46.279999 -1813.000000 636.000000 3647.000000
10.590000 19.520000 -46.150002 -1649.000000 799.000000 3452.000000
10.890000 19.340000 -46.070000 -1462.000000 1050.000000 3330.000000
11.180000 19.049999 -46.049999 -1263.000000 1233.000000 3322.000000
11.440000 18.740000 -46.060001 -1207.000000 1339.000000 3318.000000
11.660000 18.469999 -46.090000 -1351.000000 1320.000000 3429.000000
11.830000 18.250000 -46.139999 -1432.000000 1250.000000 3519.000000
11.950000 18.040001 -46.200001 -1446.000000 1219.000000 3628.000000
12.070000 17.770000 -46.340000 -1343.000000 1245.000000 3608.000000
12.190000 17.420000 -46.480000 -1041.000000 1283.000000 3408.000000
12.290000 17.010000 -46.650002 -755.000000 1417.000000 3378.000000
12.390000 16.670000 -46.840000 -822.000000 1471.000000 3451.000000
12.490000 16.400000 -47.029999 -983.000000 1403.000000 3632.000000
12.550000 16.270000 -47.209999 -1207.000000 1289.000000 3690.000000
12.570000 16.160000 -47.400002 -1211.000000 1179.000000 3658.000000
12.590000 16.000000 -47.639999 -1106.000000 1204.000000 3555.000000
12.630000 15.770000 -47.910000 -1010.000000 1382.000000 3541.000000
12.670000 15.500000 -48.169998 -876.000000 1477.000000 3471.000000
12.670000 15.230000 -48.419998 -706.000000 1512.000000 3437.000000
12.660000 14.990000 -48.700001 -646.000000 1540.000000 3216.000000
12.640000 14.850000 -48.970001 -745.000000 1506.000000 3140.000000
12.590000 14.790000 -49.230000 -840.000000 1472.000000 3128.000000
12.540000 14.790000 -49.450001 -896.000000 1529.000000 3175.000000
12.480000 14.780000 -49.639999 -902.000000 1548.000000 3248.000000
12.430000 14.740000 -49.779999 -1001.000000 1619.000000 3532.000000
12.470000 14.590000 -49.799999 -1006.000000 1785.000000 3550.000000
12.450000 14.120000 -49.740002 -923.000000 1467.000000 5109.000000
12.500000 13.990000 -49.689999 -1902.000000 1432.000000 5278.000000
12.560000 13.980000 -49.599998 -2500.000000 1312.000000 4814.000000
12.650000 14.010000 -49.540001 -2313.000000 1443.000000 4328.000000
12.790000 13.930000 -49.509998 -1504.000000 1542.000000 3861.000000
12.960000 13.610000 -49.419998 -617.000000 1599.000000 3811.000000
