-16.500000 38.930000 35.209999 -17.790001 -46.490002 0.000000 2458.000000 -1284.000000 3313.000000 291.000000 -3179.000000 2834.000000 
-16.360001 38.830002 35.389999 -17.809999 -46.509998 0.000000 2462.000000 -1285.000000 3326.000000 303.000000 -3188.000000 2817.000000 
-16.510000 38.939999 35.279999 -17.809999 -46.509998 0.000000 2464.000000 -1274.000000 3341.000000 295.000000 -3183.000000 2852.000000 
-16.400000 39.000000 35.389999 -17.809999 -46.520000 0.000000 2467.000000 -1260.000000 3297.000000 291.000000 -3167.000000 2827.000000 
-16.639999 39.110001 35.160000 -17.809999 -46.529999 0.000000 2460.000000 -1262.000000 3324.000000 300.000000 -3171.000000 2813.000000 
-16.740000 39.240002 35.060001 -17.820000 -46.540001 0.000000 2460.000000 -1276.000000 3284.000000 294.000000 -3159.000000 2798.000000 
-16.709999 39.070000 35.099998 -17.820000 -46.540001 0.000000 2463.000000 -1270.000000 3331.000000 295.000000 -3185.000000 2835.000000 
-16.639999 39.119999 35.119999 -17.820000 -46.549999 0.000000 2464.000000 -1248.000000 3312.000000 286.000000 -3179.000000 2810.000000 
-16.809999 39.240002 34.950001 -17.820000 -46.570000 0.000000 2481.000000 -1279.000000 3310.000000 296.000000 -3176.000000 2810.000000 
-16.920000 39.180000 34.820000 -17.820000 -46.549999 0.000000 2447.000000 -1261.000000 3298.000000 293.000000 -3152.000000 2840.000000 
-16.820000 39.110001 34.820000 -17.820000 -46.549999 0.000000 2476.000000 -1261.000000 3334.000000 283.000000 -3154.000000 2829.000000 
-16.760000 39.169998 34.799999 -17.830000 -46.549999 0.000000 2452.000000 -1270.000000 3347.000000 286.000000 -3159.000000 2816.000000 
-16.690001 39.250000 34.860001 -17.830000 -46.560001 0.000000 2461.000000 -1256.000000 3316.000000 277.000000 -3175.000000 2813.000000 
-16.690001 39.110001 34.900002 -17.850000 -46.560001 0.000000 2454.000000 -1286.000000 3318.000000 276.000000 -3179.000000 2822.000000 
-16.719999 39.099998 34.860001 -17.860001 -46.560001 0.000000 2445.000000 -1270.000000 3301.000000 298.000000 -3179.000000 2830.000000 
-16.450001 39.080002 35.080002 -17.850000 -46.549999 0.000000 2455.000000 -1259.000000 3318.000000 291.000000 -3155.000000 2846.000000 
-16.709999 39.209999 34.830002 -17.860001 -46.549999 0.000000 2459.000000 -1264.000000 3301.000000 283.000000 -3156.000000 2800.000000 
-16.580000 39.240002 34.930000 -17.860001 -46.540001 0.000000 2454.000000 -1269.000000 3330.000000 309.000000 -3149.000000 2830.000000 
-16.530001 39.240002 34.990002 -17.860001 -46.529999 0.000000 2466.000000 -1253.000000 3333.000000 285.000000 -3156.000000 2860.000000 
-16.590000 39.349998 34.910000 -17.870001 -46.540001 0.000000 2454.000000 -1257.000000 3299.000000 274.000000 -3172.000000 2815.000000 
-16.670000 39.450001 34.759998 -17.879999 -46.540001 0.000000 2445.000000 -1268.000000 3326.000000 294.000000 -3166.000000 2834.000000 
-16.590000 39.369999 34.770000 -17.889999 -46.560001 0.000000 2474.000000 -1280.000000 3333.000000 299.000000 -3179.000000 2795.000000 
-16.430000 38.910000 34.919998 -17.910000 -46.560001 0.000000 2492.000000 -1275.000000 3290.000000 308.000000 -3162.000000 2839.000000 
-16.809999 38.959999 34.509998 -17.920000 -46.570000 0.000000 2467.000000 -1271.000000 3315.000000 309.000000 -3166.000000 2821.000000 
-16.770000 39.080002 34.520000 -17.940001 -46.570000 0.000000 2443.000000 -1286.000000 3271.000000 271.000000 -3153.000000 2830.000000 
-16.580000 39.139999 34.709999 -17.959999 -46.560001 0.000000 2448.000000 -1306.000000 3284.000000 264.000000 -3152.000000 2831.000000 
-16.500000 39.119999 34.779999 -17.959999 -46.540001 0.000000 2473.000000 -1304.000000 3354.000000 304.000000 -3126.000000 2836.000000 
-16.410000 39.090000 34.849998 -17.920000 -46.490002 0.000000 2451.000000 -1242.000000 3301.000000 290.000000 -3091.000000 2872.000000 
-16.120001 39.160000 34.990002 -17.870001 -46.400002 0.000000 2451.000000 -1200.000000 3339.000000 332.000000 -3049.000000 2973.000000 
-15.220000 39.000000 35.650002 -17.750000 -46.430000 0.000000 2568.000000 -946.000000 3397.000000 374.000000 -3039.000000 2866.000000 
-14.550000 39.349998 35.980000 -17.870001 -46.580002 0.000000 2542.000000 -1213.000000 3349.000000 234.000000 -3149.000000 2886.000000 
-14.200000 39.840000 36.080002 -18.049999 -46.860001 0.000000 2309.000000 -1116.000000 3382.000000 198.000000 -3327.000000 2943.000000 
-13.890000 40.220001 36.150002 -18.299999 -47.110001 0.000000 2607.000000 -969.000000 3365.000000 369.000000 -3190.000000 3085.000000 
-13.510000 40.180000 36.320000 -18.700001 -47.500000 0.000000 2607.000000 -869.000000 3353.000000 535.000000 -3142.000000 3053.000000 
-14.000000 39.619999 35.759998 -19.430000 -48.200001 0.000000 2720.000000 -1004.000000 3326.000000 360.000000 -3335.000000 2895.000000 
-15.170000 40.419998 34.720001 -20.180000 -48.689999 0.000000 3187.000000 -1496.000000 5338.000000 763.000000 -3229.000000 3448.000000 
-16.030001 41.380001 33.830002 -19.280001 -49.259998 0.000000 2911.000000 -450.000000 3762.000000 127.000000 -3423.000000 3664.000000 
-17.129999 42.180000 32.639999 -18.430000 -49.340000 0.000000 4301.000000 -1269.000000 5914.000000 -2708.000000 -6602.000000 14730.000000 
-17.840000 42.869999 31.629999 -17.379999 -47.419998 0.000000 3381.000000 -1450.000000 6068.000000 815.000000 -4535.000000 4369.000000 
-18.170000 43.520000 30.830000 -15.980000 -45.610001 0.000000 1549.000000 -994.000000 5241.000000 767.000000 -3541.000000 4285.000000 
-17.059999 44.250000 30.860001 -14.470000 -43.939999 0.000000 1116.000000 -711.000000 3909.000000 -1318.000000 -2047.000000 2949.000000 
-14.840000 44.639999 31.590000 -12.970000 -42.650002 0.000000 1856.000000 -499.000000 4195.000000 -1525.000000 -2672.000000 2374.000000 
-12.580000 45.790001 32.970001 -11.550000 -41.299999 0.000000 1890.000000 -1102.000000 5812.000000 -5827.000000 -4150.000000 4781.000000 
-11.720000 47.410000 34.110001 -10.150000 -39.880001 0.000000 -694.000000 -1212.000000 8431.000000 -3150.000000 -3013.000000 4226.000000 
-11.820000 49.139999 34.860001 -8.940000 -38.439999 0.000000 1150.000000 -876.000000 7537.000000 -3056.000000 -2667.000000 3815.000000 
-11.750000 50.840000 35.820000 -7.450000 -36.860001 0.000000 674.000000 -459.000000 5002.000000 -2074.000000 -2028.000000 3142.000000 
-11.820000 52.240002 36.529999 -5.790000 -35.090000 0.000000 -104.000000 -168.000000 3530.000000 -1415.000000 -1609.000000 2895.000000 
-11.820000 53.310001 37.150002 -4.220000 -33.209999 0.000000 28.000000 -10.000000 2973.000000 -1004.000000 -1370.000000 2807.000000 
-11.570000 54.139999 37.849998 -2.710000 -31.280001 0.000000 435.000000 171.000000 2885.000000 -972.000000 -1189.000000 2726.000000 
-11.080000 54.779999 38.660000 -1.400000 -29.469999 0.000000 700.000000 193.000000 3146.000000 -999.000000 -1266.000000 2712.000000 
-10.510000 55.230000 39.529999 -0.250000 -27.850000 0.000000 788.000000 227.000000 3301.000000 -1134.000000 -1318.000000 2666.000000 
-9.820000 55.400002 40.529999 0.770000 -26.410000 0.000000 998.000000 273.000000 3334.000000 -1043.000000 -1220.000000 2458.000000 
-9.060000 55.029999 41.610001 1.680000 -24.950001 0.000000 1187.000000 371.000000 3216.000000 -606.000000 -1068.000000 2352.000000 
-8.950000 53.959999 42.130001 2.380000 -23.709999 0.000000 1436.000000 305.000000 3013.000000 -230.000000 -1037.000000 2372.000000 
-9.890000 52.740002 41.740002 2.870000 -22.760000 0.000000 1637.000000 173.000000 2968.000000 280.000000 -1037.000000 2489.000000 
-11.070000 51.580002 41.060001 3.350000 -22.049999 0.000000 1833.000000 248.000000 2851.000000 813.000000 -1129.000000 2678.000000 
-12.240000 50.520000 40.340000 3.770000 -21.590000 0.000000 2056.000000 112.000000 2594.000000 802.000000 -1348.000000 2921.000000 
-13.860000 49.520000 39.230000 4.140000 -21.200001 0.000000 1961.000000 -2.000000 2330.000000 1102.000000 -1518.000000 3191.000000 
-15.890000 48.509998 37.759998 4.410000 -20.830000 0.000000 1849.000000 -156.000000 2261.000000 1231.000000 -1621.000000 3026.000000 
-18.150000 47.480000 36.049999 4.490000 -20.480000 0.000000 1818.000000 -273.000000 2395.000000 1380.000000 -1672.000000 2762.000000 
-20.570000 46.430000 34.160000 4.250000 -20.209999 0.000000 2199.000000 -443.000000 2688.000000 1447.000000 -1680.000000 2546.000000 
-23.070000 45.299999 32.130001 3.720000 -20.110001 0.000000 1989.000000 -714.000000 2706.000000 1322.000000 -1770.000000 2377.000000 
-25.570000 44.060001 30.040001 2.820000 -20.209999 0.000000 1781.000000 -1064.000000 2535.000000 1245.000000 -2100.000000 2553.000000 
-27.940001 42.689999 28.020000 1.600000 -20.400000 0.000000 2034.000000 -1793.000000 3139.000000 1402.000000 -2701.000000 3355.000000 
-30.200001 41.279999 26.080000 0.450000 -20.559999 0.000000 2174.000000 -1693.000000 4114.000000 1285.000000 -2951.000000 3771.000000 
-32.150002 39.700001 24.330000 -0.510000 -20.680000 0.000000 2131.000000 -1646.000000 4289.000000 1059.000000 -3000.000000 3671.000000 
-33.779999 38.000000 22.790001 -1.410000 -20.760000 0.000000 1998.000000 -1635.000000 3745.000000 991.000000 -2822.000000 3302.000000 
-35.070000 36.130001 21.559999 -2.320000 -20.879999 0.000000 2123.000000 -1674.000000 3486.000000 1062.000000 -2761.000000 3348.000000 
-36.250000 34.250000 20.549999 -3.220000 -21.110001 0.000000 2443.000000 -1607.000000 3438.000000 1177.000000 -2736.000000 3532.000000 
-37.400002 32.450001 19.639999 -4.130000 -21.459999 0.000000 2579.000000 -1553.000000 3369.000000 1426.000000 -2628.000000 3446.000000 
-38.560001 30.790001 18.780001 -5.150000 -22.040001 0.000000 2245.000000 -1828.000000 2996.000000 1109.000000 -2587.000000 3056.000000 
-39.430000 28.730000 18.129999 -6.310000 -22.780001 0.000000 1871.000000 -2201.000000 2196.000000 1504.000000 -2417.000000 2182.000000 
-39.669998 26.290001 17.900000 -7.550000 -23.639999 0.000000 1941.000000 -2162.000000 1733.000000 1661.000000 -2063.000000 1217.000000 
-40.180000 23.900000 17.620001 -8.970000 -24.760000 0.000000 2468.000000 -2349.000000 2711.000000 2168.000000 -2576.000000 2274.000000 
-40.980000 21.690001 17.219999 -10.610000 -26.030001 0.000000 2506.000000 -2575.000000 3709.000000 2617.000000 -2943.000000 3437.000000 
-41.779999 19.450001 16.809999 -12.290000 -27.290001 0.000000 2424.000000 -2504.000000 3275.000000 2181.000000 -2868.000000 2869.000000 
-42.599998 17.330000 16.450001 -13.940000 -28.620001 0.000000 2669.000000 -2368.000000 3120.000000 1518.000000 -2948.000000 2535.000000 
-43.580002 15.600000 16.120001 -15.660000 -30.010000 0.000000 2692.000000 -2192.000000 3101.000000 2194.000000 -2889.000000 2791.000000 
-44.529999 13.850000 15.880000 -17.590000 -30.610001 0.000000 3127.000000 -2058.000000 2179.000000 7577.000000 -6407.000000 13567.000000 
-44.959999 11.870000 15.950000 -19.670000 -30.770000 0.000000 4902.000000 -1457.000000 1634.000000 2087.000000 -2618.000000 3603.000000 
-45.270000 10.350000 15.870000 -20.700001 -32.130001 0.000000 2504.000000 4860.000000 5708.000000 2233.000000 -3535.000000 2478.000000 
-44.860001 9.510000 15.760000 -23.219999 -32.509998 0.000000 4479.000000 -3482.000000 -926.000000 4176.000000 -2301.000000 3416.000000 
-45.750000 9.270000 15.410000 -26.129999 -33.360001 0.000000 1177.000000 -2056.000000 3588.000000 1501.000000 -2646.000000 3083.000000 
-45.439999 8.680000 15.330000 -29.190001 -34.150002 0.000000 4150.000000 -2459.000000 1096.000000 1392.000000 -2466.000000 2867.000000 
-46.360001 7.940000 15.020000 -31.559999 -34.160000 0.000000 1832.000000 -2226.000000 3404.000000 2893.000000 -1975.000000 3069.000000 
-47.200001 7.030000 14.740000 -34.389999 -34.689999 0.000000 3936.000000 -2728.000000 1494.000000 2433.000000 -2590.000000 2944.000000 
-48.090000 6.690000 14.330000 -36.779999 -34.770000 0.000000 3743.000000 -2807.000000 1426.000000 2264.000000 -2333.000000 3092.000000 
-48.700001 6.870000 13.770000 -38.340000 -34.910000 0.000000 4628.000000 -1923.000000 -1961.000000 2189.000000 -2296.000000 2913.000000 
-49.200001 6.320000 13.110000 -38.790001 -34.299999 0.000000 1819.000000 -1869.000000 3075.000000 2630.000000 -1467.000000 2988.000000 
-48.880001 5.690000 12.910000 -40.189999 -33.830002 0.000000 7464.000000 2670.000000 -5843.000000 2469.000000 -1409.000000 3065.000000 
-48.869999 4.830000 12.440000 -41.500000 -33.900002 0.000000 -7036.000000 -2174.000000 15985.000000 3309.000000 -1741.000000 3407.000000 
-49.330002 5.170000 11.760000 -43.380001 -34.990002 0.000000 9641.000000 -759.000000 -3630.000000 1119.000000 -2612.000000 2775.000000 
-50.060001 5.240000 11.260000 -44.759998 -35.200001 0.000000 1130.000000 -2738.000000 3672.000000 3933.000000 -1284.000000 2848.000000 
-50.439999 5.940000 10.720000 -46.500000 -36.250000 0.000000 3124.000000 -2594.000000 1927.000000 1457.000000 -2737.000000 2682.000000 
-50.939999 6.290000 10.300000 -48.400002 -36.840000 0.000000 2813.000000 -2556.000000 1186.000000 2928.000000 -2337.000000 2984.000000 
-51.169998 7.020000 9.820000 -50.049999 -37.680000 0.000000 3127.000000 -2450.000000 1339.000000 1804.000000 -2486.000000 2594.000000 
-50.950001 7.880000 9.340000 -51.590000 -38.200001 0.000000 2790.000000 -2510.000000 1488.000000 2170.000000 -2418.000000 2800.000000 
-50.590000 8.620000 8.790000 -52.939999 -38.599998 0.000000 2986.000000 -2558.000000 1913.000000 2385.000000 -2562.000000 2957.000000 
-50.070000 9.040000 8.170000 -54.330002 -38.799999 0.000000 3045.000000 -2415.000000 1709.000000 2356.000000 -2444.000000 3061.000000 
-50.160000 9.790000 7.560000 -55.919998 -39.189999 0.000000 3104.000000 -2264.000000 1191.000000 2343.000000 -2463.000000 2976.000000 
-50.389999 10.600000 7.030000 -57.610001 -39.619999 0.000000 2809.000000 -2457.000000 1098.000000 1857.000000 -2335.000000 2780.000000 
-50.630001 11.340000 6.410000 -59.349998 -39.919998 0.000000 3346.000000 -2185.000000 626.000000 2414.000000 -2293.000000 2778.000000 
-50.650002 11.200000 6.020000 -61.110001 -40.419998 0.000000 3385.000000 -2336.000000 764.000000 1962.000000 -2411.000000 2605.000000 
-50.430000 10.780000 5.830000 -62.849998 -40.840000 0.000000 3553.000000 -2455.000000 729.000000 2712.000000 -2550.000000 2718.000000 
-50.650002 10.340000 5.560000 -64.470001 -41.160000 0.000000 3473.000000 -2438.000000 579.000000 2505.000000 -2552.000000 2761.000000 
-50.790001 10.780000 5.290000 -65.930000 -41.430000 0.000000 3752.000000 -2487.000000 510.000000 2382.000000 -2334.000000 2545.000000 
-50.639999 10.450000 5.090000 -66.889999 -41.660000 0.000000 3773.000000 -2811.000000 1049.000000 2329.000000 -2661.000000 2916.000000 
-50.259998 10.430000 4.820000 -67.050003 -41.750000 0.000000 4407.000000 -3367.000000 2265.000000 2662.000000 -2877.000000 3298.000000 
-49.860001 11.380000 4.370000 -66.970001 -41.779999 0.000000 4962.000000 -3673.000000 2513.000000 1943.000000 -3505.000000 3996.000000 
-50.000000 11.790000 3.580000 -66.940002 -41.630001 0.000000 5450.000000 -3622.000000 1891.000000 2511.000000 -3953.000000 4523.000000 
-50.060001 12.220000 2.950000 -67.160004 -41.490002 0.000000 5200.000000 -3525.000000 408.000000 3316.000000 -4150.000000 4630.000000 
-49.970001 13.140000 2.500000 -67.000000 -41.020000 0.000000 6095.000000 -3492.000000 1269.000000 2908.000000 -3514.000000 4604.000000 
-49.840000 14.810000 1.830000 -66.540001 -40.820000 0.000000 6037.000000 -3490.000000 1365.000000 2689.000000 -3402.000000 4124.000000 
-49.980000 16.620001 1.060000 -65.860001 -40.790001 0.000000 6126.000000 -3139.000000 1122.000000 3111.000000 -3454.000000 4024.000000 
-50.430000 18.580000 0.130000 -65.080002 -40.669998 0.000000 6175.000000 -2961.000000 1108.000000 3571.000000 -3291.000000 4145.000000 
-51.009998 21.260000 -0.930000 -64.169998 -40.459999 0.000000 5693.000000 -4183.000000 2135.000000 971.000000 -3454.000000 4655.000000 
-52.509998 25.200001 -2.280000 -63.230000 -40.610001 0.000000 4728.000000 -3981.000000 2101.000000 365.000000 -3661.000000 4566.000000 
-54.619999 29.350000 -3.900000 -62.220001 -41.000000 0.000000 4067.000000 -4353.000000 2186.000000 -731.000000 -3880.000000 4342.000000 
-57.330002 33.669998 -5.800000 -60.900002 -41.570000 0.000000 4150.000000 -4887.000000 2573.000000 -1082.000000 -4270.000000 4165.000000 
-60.790001 38.259998 -8.210000 -59.299999 -42.209999 0.000000 4056.000000 -5332.000000 2599.000000 -1467.000000 -4345.000000 4336.000000 
-65.440002 43.049999 -11.450000 -57.470001 -42.889999 0.000000 3840.000000 -4962.000000 1767.000000 -2203.000000 -4271.000000 3994.000000 
-71.419998 47.840000 -15.750000 -55.590000 -43.490002 0.000000 3247.000000 -4118.000000 950.000000 -2352.000000 -4329.000000 3389.000000 
-79.070000 52.369999 -21.559999 -53.990002 -44.110001 0.000000 2594.000000 -3494.000000 862.000000 -2143.000000 -3927.000000 2562.000000 
-88.720001 56.430000 -29.400000 -52.759998 -44.860001 0.000000 2091.000000 -3166.000000 1012.000000 -2403.000000 -3613.000000 2036.000000 
-100.809998 59.570000 -39.750000 -51.720001 -45.709999 0.000000 1798.000000 -2879.000000 1348.000000 -2607.000000 -3419.000000 2058.000000 
-115.190002 61.340000 -52.480000 -50.740002 -46.430000 0.000000 1534.000000 -2515.000000 1516.000000 -2486.000000 -2899.000000 2087.000000 
-130.610001 61.400002 -66.309998 -49.790001 -47.200001 0.000000 622.000000 -2125.000000 1574.000000 -3134.000000 -2737.000000 1936.000000 
-144.919998 59.740002 -78.970001 -48.639999 -47.560001 0.000000 -453.000000 -2232.000000 1843.000000 -3531.000000 -2341.000000 1758.000000 
-156.779999 57.090000 -88.889999 -46.990002 -47.380001 0.000000 -1188.000000 -2263.000000 2110.000000 -4107.000000 -2351.000000 1515.000000 
-166.300003 54.090000 -96.239998 -44.290001 -45.180000 0.000000 -1315.000000 -2013.000000 2701.000000 -4408.000000 -2174.000000 1280.000000 
-174.199997 50.919998 -101.800003 -40.880001 -38.340000 0.000000 -1152.000000 -1928.000000 1961.000000 -3594.000000 -1723.000000 1079.000000 
178.889999 47.590000 -106.220001 -36.770000 -23.040001 0.000000 -1513.000000 -1603.000000 1378.000000 -4131.000000 -1637.000000 1032.000000 
172.779999 44.139999 -109.720001 -31.879999 15.260000 0.000000 -1787.000000 -882.000000 992.000000 -3569.000000 -1230.000000 112.000000 
167.369995 40.560001 -112.449997 -26.350000 65.550003 0.000000 -2060.000000 -433.000000 867.000000 -3457.000000 -986.000000 -144.000000 
162.550003 36.730000 -114.580002 -19.910000 86.690002 0.000000 -2046.000000 -149.000000 1300.000000 -2826.000000 -180.000000 4.000000 
158.240005 32.820000 -116.160004 -12.330000 95.459999 0.000000 -1959.000000 -68.000000 1646.000000 -3036.000000 131.000000 -213.000000 
154.509995 29.160000 -117.199997 -3.260000 99.000000 0.000000 -2469.000000 503.000000 1454.000000 -2707.000000 602.000000 -179.000000 
151.279999 25.900000 -117.870003 6.870000 100.769997 0.000000 -2972.000000 975.000000 1142.000000 -2826.000000 932.000000 -336.000000 
148.470001 23.170000 -118.309998 17.400000 101.849998 0.000000 -3172.000000 1380.000000 1109.000000 -2686.000000 1094.000000 -706.000000 
145.979996 20.799999 -118.629997 27.370001 101.680000 0.000000 -3121.000000 1446.000000 1473.000000 -2361.000000 1400.000000 -444.000000 
143.820007 18.730000 -118.849998 36.180000 100.239998 0.000000 -2919.000000 1356.000000 1714.000000 -2062.000000 1669.000000 -58.000000 
141.880005 16.840000 -119.059998 43.639999 98.889999 0.000000 -2688.000000 1450.000000 1700.000000 -2099.000000 1731.000000 -35.000000 
140.139999 15.000000 -119.239998 49.779999 97.709999 0.000000 -2413.000000 1629.000000 1845.000000 -1699.000000 2109.000000 95.000000 
138.580002 13.260000 -119.330002 55.070000 96.900002 0.000000 -2444.000000 1625.000000 1833.000000 -1970.000000 2511.000000 -153.000000 
137.149994 11.760000 -119.320000 59.560001 96.070000 0.000000 -2338.000000 1769.000000 1728.000000 -2038.000000 2302.000000 -33.000000 
135.839996 10.270000 -119.230003 63.380001 95.519997 0.000000 -2504.000000 1892.000000 1754.000000 -1660.000000 2556.000000 -248.000000 
134.669998 9.030000 -119.059998 66.599998 95.279999 0.000000 -2446.000000 1867.000000 1799.000000 -1610.000000 2537.000000 -439.000000 
133.570007 7.930000 -118.809998 69.269997 94.540001 0.000000 -2361.000000 1883.000000 1909.000000 -1448.000000 2620.000000 -85.000000 
132.559998 6.910000 -118.519997 71.589996 93.610001 0.000000 -2445.000000 1915.000000 1876.000000 -1497.000000 2606.000000 -6.000000 
131.600006 6.040000 -118.180000 73.519997 92.709999 0.000000 -2316.000000 2018.000000 1820.000000 -1470.000000 2748.000000 43.000000 
130.710007 5.290000 -117.820000 75.239998 91.919998 0.000000 -2522.000000 2133.000000 1834.000000 -1373.000000 2751.000000 24.000000 
129.899994 4.680000 -117.410004 76.639999 91.389999 0.000000 -2465.000000 2061.000000 1784.000000 -1756.000000 2675.000000 65.000000 
129.110001 4.120000 -117.019997 77.720001 91.059998 0.000000 -2380.000000 2142.000000 1801.000000 -1921.000000 2954.000000 -88.000000 
128.429993 3.500000 -116.660004 78.610001 90.989998 0.000000 -2268.000000 2231.000000 1825.000000 -1792.000000 3263.000000 -330.000000 
127.790001 3.100000 -116.290001 79.160004 90.050003 0.000000 -2125.000000 2198.000000 1989.000000 -1180.000000 3044.000000 232.000000 
127.160004 2.850000 -115.889999 79.580002 89.099998 0.000000 -2038.000000 2210.000000 2007.000000 -1117.000000 3014.000000 303.000000 
126.540001 2.520000 -115.449997 79.879997 88.230003 0.000000 -1957.000000 2207.000000 2054.000000 -1265.000000 3099.000000 273.000000 
126.050003 2.250000 -115.010002 80.209999 87.500000 0.000000 -2071.000000 2282.000000 2002.000000 -1349.000000 3103.000000 282.000000 
125.589996 2.080000 -114.589996 80.620003 87.169998 0.000000 -2247.000000 2407.000000 1920.000000 -1471.000000 3274.000000 137.000000 
125.190002 2.010000 -114.220001 81.080002 86.879997 0.000000 -2441.000000 2612.000000 1892.000000 -1328.000000 3380.000000 123.000000 
124.809998 2.020000 -113.900002 81.449997 86.610001 0.000000 -2334.000000 2662.000000 1863.000000 -1183.000000 3432.000000 137.000000 
124.470001 2.110000 -113.620003 81.650002 86.419998 0.000000 -2230.000000 2682.000000 1935.000000 -1070.000000 3479.000000 57.000000 
124.180000 2.230000 -113.370003 81.709999 85.930000 0.000000 -2068.000000 2674.000000 1995.000000 -1238.000000 3435.000000 270.000000 
123.970001 2.460000 -113.110001 81.699997 85.349998 0.000000 -2055.000000 2656.000000 1993.000000 -1171.000000 3460.000000 349.000000 
123.699997 2.650000 -112.910004 81.650002 84.879997 0.000000 -2146.000000 2734.000000 1983.000000 -1266.000000 3442.000000 342.000000 
123.589996 2.770000 -112.739998 81.550003 84.400002 0.000000 -2169.000000 2707.000000 1995.000000 -1262.000000 3530.000000 388.000000 
123.489998 2.890000 -112.580002 81.379997 83.900002 0.000000 -2122.000000 2724.000000 2061.000000 -1217.000000 3569.000000 441.000000 
123.360001 3.010000 -112.449997 81.180000 83.550003 0.000000 -2062.000000 2769.000000 2095.000000 -1155.000000 3584.000000 393.000000 
123.300003 3.130000 -112.320000 80.930000 83.339996 0.000000 -2043.000000 2707.000000 2149.000000 -1138.000000 3636.000000 363.000000 
123.269997 3.220000 -112.190002 80.699997 83.209999 0.000000 -1998.000000 2693.000000 2113.000000 -1180.000000 3623.000000 332.000000 
123.279999 3.350000 -112.070000 80.510002 83.050003 0.000000 -2101.000000 2665.000000 2133.000000 -1285.000000 3521.000000 372.000000 
123.300003 3.460000 -111.940002 80.300003 82.800003 0.000000 -2079.000000 2572.000000 2194.000000 -1387.000000 3498.000000 476.000000 
123.370003 3.520000 -111.809998 80.160004 82.529999 0.000000 -2082.000000 2589.000000 2206.000000 -1411.000000 3474.000000 537.000000 
123.349998 3.430000 -111.709999 80.050003 82.220001 0.000000 -2024.000000 2604.000000 2252.000000 -1332.000000 3523.000000 593.000000 
123.459999 3.390000 -111.570000 80.029999 82.169998 0.000000 -2065.000000 2641.000000 2197.000000 -1300.000000 3557.000000 505.000000 
123.540001 3.250000 -111.449997 80.120003 82.389999 0.000000 -2138.000000 2688.000000 2090.000000 -1376.000000 3648.000000 354.000000 
123.760002 3.180000 -111.330002 80.330002 82.790001 0.000000 -2322.000000 2775.000000 1979.000000 -1514.000000 3739.000000 126.000000 
123.949997 3.120000 -111.250000 80.620003 83.220001 0.000000 -2477.000000 2829.000000 1924.000000 -1470.000000 3878.000000 -45.000000 
124.190002 3.110000 -111.199997 80.949997 83.669998 0.000000 -2543.000000 2906.000000 1841.000000 -1482.000000 3958.000000 -181.000000 
124.400002 3.120000 -111.199997 81.250000 84.080002 0.000000 -2628.000000 2977.000000 1814.000000 -1374.000000 3997.000000 -258.000000 
124.629997 3.160000 -111.239998 81.449997 84.529999 0.000000 -2602.000000 2950.000000 1790.000000 -1600.000000 4067.000000 -464.000000 
124.809998 3.190000 -111.279999 81.470001 84.870003 0.000000 -2522.000000 2903.000000 1856.000000 -1332.000000 3909.000000 -278.000000 
125.000000 3.150000 -111.320000 81.290001 85.099998 0.000000 -2412.000000 2790.000000 1916.000000 -1341.000000 3830.000000 -47.000000 
125.169998 3.060000 -111.349998 81.080002 85.209999 0.000000 -2359.000000 2735.000000 1957.000000 -1345.000000 3761.000000 112.000000 
125.379997 2.930000 -111.349998 80.849998 85.320000 0.000000 -2353.000000 2675.000000 2015.000000 -1384.000000 3738.000000 144.000000 
125.610001 2.820000 -111.300003 80.669998 85.470001 0.000000 -2323.000000 2668.000000 2000.000000 -1425.000000 3736.000000 124.000000 
125.790001 2.730000 -111.220001 80.570000 85.720001 0.000000 -2443.000000 2711.000000 1973.000000 -1483.000000 3818.000000 23.000000 
125.930000 2.610000 -111.150002 80.599998 86.059998 0.000000 -2570.000000 2753.000000 1950.000000 -1511.000000 3845.000000 -113.000000 
126.080002 2.540000 -111.059998 80.680000 86.419998 0.000000 -2624.000000 2803.000000 1912.000000 -1559.000000 3887.000000 -160.000000 
126.230003 2.470000 -110.980003 80.739998 86.750000 0.000000 -2668.000000 2818.000000 1883.000000 -1589.000000 3912.000000 -170.000000 
126.320000 2.350000 -110.910004 80.870003 87.059998 0.000000 -2708.000000 2831.000000 1851.000000 -1587.000000 3927.000000 -178.000000 
126.500000 2.310000 -110.820000 80.870003 87.330002 0.000000 -2640.000000 2785.000000 1906.000000 -1554.000000 3932.000000 -144.000000 
126.639999 2.240000 -110.739998 80.800003 87.570000 0.000000 -2608.000000 2776.000000 1930.000000 -1611.000000 3951.000000 -142.000000 
126.739998 2.180000 -110.669998 80.730003 87.820000 0.000000 -2675.000000 2807.000000 1901.000000 -1569.000000 3996.000000 -227.000000 
126.790001 2.160000 -110.589996 80.680000 88.110001 0.000000 -2714.000000 2825.000000 1869.000000 -1534.000000 3973.000000 -347.000000 
126.879997 2.200000 -110.500000 80.589996 88.330002 0.000000 -2674.000000 2811.000000 1873.000000 -1591.000000 3946.000000 -269.000000 
126.930000 2.250000 -110.400002 80.419998 88.470001 0.000000 -2665.000000 2827.000000 1946.000000 -1590.000000 3932.000000 -164.000000 
127.000000 2.270000 -110.309998 80.220001 88.550003 0.000000 -2577.000000 2771.000000 1961.000000 -1496.000000 3880.000000 -97.000000 
127.070000 2.290000 -110.209999 80.000000 88.510002 0.000000 -2524.000000 2763.000000 1984.000000 -1567.000000 3845.000000 29.000000 
127.089996 2.230000 -110.120003 79.830002 88.519997 0.000000 -2543.000000 2743.000000 1979.000000 -1557.000000 3837.000000 5.000000 
127.129997 2.200000 -110.019997 79.660004 88.620003 0.000000 -2594.000000 2716.000000 1999.000000 -1625.000000 3884.000000 -60.000000 
127.160004 2.170000 -109.910004 79.529999 88.760002 0.000000 -2637.000000 2738.000000 1931.000000 -1649.000000 3904.000000 -130.000000 
127.230003 2.130000 -109.800003 79.459999 88.970001 0.000000 -2698.000000 2767.000000 1884.000000 -1639.000000 3966.000000 -283.000000 
127.269997 2.140000 -109.690002 79.379997 89.139999 0.000000 -2758.000000 2808.000000 1908.000000 -1551.000000 3967.000000 -287.000000 
127.339996 2.210000 -109.580002 79.279999 89.239998 0.000000 -2710.000000 2804.000000 1853.000000 -1579.000000 3927.000000 -236.000000 
127.410004 2.300000 -109.480003 79.089996 89.239998 0.000000 -2658.000000 2798.000000 1859.000000 -1566.000000 3838.000000 -130.000000 
127.449997 2.420000 -109.379997 78.809998 89.089996 0.000000 -2616.000000 2739.000000 1947.000000 -1522.000000 3788.000000 7.000000 
127.480003 2.500000 -109.279999 78.470001 88.879997 0.000000 -2562.000000 2662.000000 1969.000000 -1575.000000 3711.000000 77.000000 
127.500000 2.560000 -109.160004 78.139999 88.639999 0.000000 -2554.000000 2651.000000 1984.000000 -1596.000000 3708.000000 119.000000 
127.529999 2.620000 -109.040001 77.820000 88.580002 0.000000 -2531.000000 2638.000000 1993.000000 -1649.000000 3732.000000 25.000000 
127.580002 2.710000 -108.910004 77.589996 88.610001 0.000000 -2524.000000 2647.000000 1969.000000 -1650.000000 3739.000000 -58.000000 
127.570000 2.770000 -108.800003 77.339996 88.650002 0.000000 -2552.000000 2634.000000 1977.000000 -1615.000000 3736.000000 -60.000000 
127.580002 2.860000 -108.680000 77.099998 88.599998 0.000000 -2498.000000 2621.000000 1963.000000 -1573.000000 3743.000000 6.000000 
127.580002 2.890000 -108.570000 76.809998 88.570000 0.000000 -2508.000000 2601.000000 2016.000000 -1620.000000 3711.000000 -13.000000 
127.580002 2.880000 -108.480003 76.550003 88.540001 0.000000 -2514.000000 2599.000000 1970.000000 -1602.000000 3730.000000 -2.000000 
127.599998 2.930000 -108.349998 76.300003 88.470001 0.000000 -2545.000000 2632.000000 1982.000000 -1549.000000 3704.000000 17.000000 
127.599998 2.980000 -108.209999 76.059998 88.360001 0.000000 -2527.000000 2620.000000 2006.000000 -1592.000000 3710.000000 64.000000 
127.580002 3.030000 -108.089996 75.839996 88.190002 0.000000 -2524.000000 2634.000000 1989.000000 -1555.000000 3681.000000 116.000000 
127.589996 3.100000 -107.980003 75.629997 88.089996 0.000000 -2518.000000 2688.000000 1983.000000 -1573.000000 3715.000000 87.000000 
127.629997 3.140000 -107.889999 75.389999 87.980003 0.000000 -2493.000000 2703.000000 2000.000000 -1581.000000 3717.000000 115.000000 
127.599998 3.180000 -107.809998 75.169998 87.910004 0.000000 -2494.000000 2674.000000 1989.000000 -1551.000000 3720.000000 101.000000 
127.660004 3.140000 -107.730003 74.989998 87.959999 0.000000 -2484.000000 2630.000000 1949.000000 -1579.000000 3708.000000 23.000000 
127.709999 3.100000 -107.639999 74.730003 87.980003 0.000000 -2472.000000 2603.000000 2022.000000 -1586.000000 3724.000000 40.000000 
127.750000 3.070000 -107.550003 74.519997 88.089996 0.000000 -2503.000000 2603.000000 1995.000000 -1643.000000 3749.000000 -41.000000 
127.790001 3.040000 -107.440002 74.349998 88.220001 0.000000 -2558.000000 2627.000000 1983.000000 -1628.000000 3805.000000 -90.000000 
127.800003 3.040000 -107.339996 74.180000 88.339996 0.000000 -2614.000000 2649.000000 1943.000000 -1673.000000 3772.000000 -85.000000 
127.820000 3.040000 -107.239998 74.010002 88.400002 0.000000 -2620.000000 2689.000000 1961.000000 -1609.000000 3809.000000 -50.000000 
127.849998 3.060000 -107.169998 73.889999 88.430000 0.000000 -2646.000000 2707.000000 1957.000000 -1604.000000 3769.000000 -19.000000 
127.959999 3.120000 -107.070000 73.760002 88.419998 0.000000 -2635.000000 2729.000000 1945.000000 -1584.000000 3772.000000 25.000000 
127.989998 3.070000 -107.010002 73.550003 88.430000 0.000000 -2586.000000 2704.000000 1952.000000 -1573.000000 3733.000000 9.000000 
128.009995 2.960000 -106.959999 73.320000 88.430000 0.000000 -2532.000000 2654.000000 2010.000000 -1635.000000 3734.000000 50.000000 
128.059998 2.840000 -106.879997 73.099998 88.529999 0.000000 -2565.000000 2592.000000 1995.000000 -1621.000000 3775.000000 -44.000000 
128.059998 2.770000 -106.779999 72.919998 88.699997 0.000000 -2595.000000 2601.000000 1992.000000 -1673.000000 3779.000000 -128.000000 
128.089996 2.730000 -106.650002 72.800003 88.900002 0.000000 -2674.000000 2646.000000 1946.000000 -1686.000000 3836.000000 -186.000000 
128.119995 2.710000 -106.529999 72.760002 89.089996 0.000000 -2757.000000 2693.000000 1868.000000 -1678.000000 3868.000000 -216.000000 
128.100006 2.720000 -106.440002 72.699997 89.239998 0.000000 -2744.000000 2754.000000 1850.000000 -1622.000000 3858.000000 -210.000000 
128.119995 2.750000 -106.339996 72.580002 89.250000 0.000000 -2669.000000 2745.000000 1881.000000 -1559.000000 3829.000000 -83.000000 
128.059998 2.740000 -106.250000 72.339996 89.199997 0.000000 -2601.000000 2705.000000 1964.000000 -1513.000000 3774.000000 -16.000000 
128.059998 2.740000 -106.150002 72.080002 89.110001 0.000000 -2565.000000 2679.000000 1960.000000 -1572.000000 3749.000000 16.000000 
128.080002 2.740000 -106.050003 71.779999 89.040001 0.000000 -2533.000000 2630.000000 2002.000000 -1558.000000 3691.000000 9.000000 
128.110001 2.790000 -105.930000 71.480003 88.940002 0.000000 -2511.000000 2589.000000 1989.000000 -1638.000000 3671.000000 50.000000 
128.110001 2.820000 -105.830002 71.220001 88.889999 0.000000 -2568.000000 2576.000000 1970.000000 -1616.000000 3686.000000 15.000000 
128.160004 2.920000 -105.730003 70.980003 88.830002 0.000000 -2570.000000 2614.000000 1954.000000 -1619.000000 3673.000000 30.000000 
128.240005 3.070000 -105.650002 70.750000 88.769997 0.000000 -2570.000000 2627.000000 1965.000000 -1598.000000 3664.000000 33.000000 
128.320007 3.270000 -105.599998 70.500000 88.720001 0.000000 -2578.000000 2634.000000 1944.000000 -1669.000000 3642.000000 24.000000 
128.369995 3.480000 -105.570000 70.230003 88.680000 0.000000 -2625.000000 2617.000000 1927.000000 -1685.000000 3608.000000 21.000000 
128.470001 3.770000 -105.580002 69.919998 88.620003 0.000000 -2641.000000 2584.000000 1956.000000 -1650.000000 3575.000000 31.000000 
128.589996 4.130000 -105.610001 69.599998 88.529999 0.000000 -2591.000000 2555.000000 1944.000000 -1642.000000 3536.000000 54.000000 
128.750000 4.560000 -105.699997 69.199997 88.360001 0.000000 -2574.000000 2525.000000 1988.000000 -1694.000000 3465.000000 113.000000 
128.970001 5.110000 -105.849998 68.790001 88.129997 0.000000 -2638.000000 2541.000000 1966.000000 -1704.000000 3508.000000 147.000000 
129.279999 5.830000 -106.080002 68.440002 87.980003 0.000000 -2711.000000 2621.000000 1904.000000 -1630.000000 3535.000000 98.000000 
129.679993 6.710000 -106.430000 68.150002 87.919998 0.000000 -2866.000000 2781.000000 1794.000000 -1549.000000 3569.000000 0.000000 
130.199997 7.850000 -106.900002 67.839996 87.889999 0.000000 -2907.000000 2900.000000 1686.000000 -1549.000000 3616.000000 -89.000000 
130.800003 9.230000 -107.540001 67.419998 87.839996 0.000000 -2971.000000 2997.000000 1584.000000 -1545.000000 3634.000000 -225.000000 
131.509995 10.930000 -108.320000 66.790001 87.699997 0.000000 -2857.000000 3057.000000 1442.000000 -1402.000000 3594.000000 -342.000000 
132.320007 12.960000 -109.250000 65.839996 87.330002 0.000000 -2818.000000 3017.000000 1344.000000 -1397.000000 3503.000000 -316.000000 
133.210007 15.310000 -110.320000 64.500000 86.690002 0.000000 -2732.000000 2986.000000 1270.000000 -1451.000000 3400.000000 -320.000000 
134.179993 18.059999 -111.519997 62.689999 85.750000 0.000000 -2626.000000 2931.000000 1154.000000 -1374.000000 3326.000000 -386.000000 
135.199997 21.200001 -112.860001 60.389999 84.370003 0.000000 -2545.000000 2914.000000 979.000000 -1267.000000 3157.000000 -278.000000 
136.190002 24.709999 -114.349998 57.490002 82.480003 0.000000 -2321.000000 2892.000000 893.000000 -1084.000000 3009.000000 -285.000000 
137.179993 28.500000 -115.970001 53.970001 79.849998 0.000000 -1933.000000 2870.000000 889.000000 -922.000000 2844.000000 6.000000 
138.160004 32.540001 -117.720001 49.880001 76.370003 0.000000 -1547.000000 2782.000000 879.000000 -736.000000 2707.000000 309.000000 
139.080002 36.830002 -119.629997 45.250000 72.040001 0.000000 -1165.000000 2691.000000 896.000000 -581.000000 2509.000000 479.000000 
139.910004 41.330002 -121.669998 40.209999 66.870003 0.000000 -748.000000 2479.000000 872.000000 -553.000000 2145.000000 562.000000 
140.669998 46.090000 -123.779999 34.910000 60.770000 0.000000 -500.000000 2247.000000 820.000000 -690.000000 1946.000000 702.000000 
141.240005 51.000000 -126.029999 29.320000 53.910000 0.000000 -71.000000 1819.000000 981.000000 -762.000000 1671.000000 674.000000 
141.539993 56.090000 -128.509995 23.770000 46.279999 0.000000 55.000000 1472.000000 1031.000000 -855.000000 1362.000000 855.000000 
141.460007 61.320000 -131.309998 18.410000 38.060001 0.000000 276.000000 1066.000000 1127.000000 -925.000000 1039.000000 1137.000000 
140.690002 66.570000 -134.710007 13.400000 29.770000 0.000000 500.000000 759.000000 1291.000000 -985.000000 755.000000 1518.000000 
138.860001 71.730003 -139.110001 8.780000 22.090000 0.000000 886.000000 395.000000 1394.000000 -955.000000 530.000000 1812.000000 
134.699997 76.650002 -145.789993 4.650000 15.240000 0.000000 1266.000000 79.000000 1561.000000 -881.000000 232.000000 2080.000000 
124.639999 80.989998 -158.509995 0.930000 9.360000 0.000000 1553.000000 -252.000000 1832.000000 -793.000000 0.000000 2410.000000 
91.790001 83.820000 166.289993 -2.490000 4.250000 0.000000 1773.000000 -655.000000 2131.000000 -797.000000 -511.000000 2697.000000 
26.830000 83.449997 102.550003 -5.570000 -0.140000 0.000000 2161.000000 -1158.000000 2506.000000 -977.000000 -924.000000 3101.000000 
0.470000 80.680000 74.529999 -8.310000 -3.950000 0.000000 2355.000000 -1742.000000 2868.000000 -1084.000000 -1405.000000 3378.000000 
-8.760000 77.290001 63.430000 -10.790000 -7.380000 0.000000 2579.000000 -2232.000000 3057.000000 -1661.000000 -1920.000000 3656.000000 
-12.890000 73.860001 57.759998 -13.040000 -10.360000 0.000000 2699.000000 -2662.000000 3387.000000 -1638.000000 -1990.000000 4107.000000 
-15.350000 70.650002 54.000000 -15.120000 -13.010000 0.000000 2934.000000 -2928.000000 3670.000000 -1536.000000 -2305.000000 4330.000000 
-16.969999 67.639999 51.270000 -17.000000 -15.320000 0.000000 3205.000000 -3104.000000 3882.000000 -1484.000000 -2522.000000 4763.000000 
-17.670000 64.790001 49.570000 -18.639999 -17.290001 0.000000 3251.000000 -3218.000000 3986.000000 -978.000000 -2744.000000 4976.000000 
-19.240000 62.410000 47.169998 -20.010000 -19.040001 0.000000 3513.000000 -3185.000000 3917.000000 -1029.000000 -2714.000000 5080.000000 
-21.080000 60.130001 44.680000 -21.230000 -20.639999 0.000000 3546.000000 -3058.000000 3842.000000 -744.000000 -2721.000000 4836.000000 
-22.440001 58.110001 42.590000 -22.330000 -22.100000 0.000000 3520.000000 -2890.000000 3675.000000 -972.000000 -2799.000000 4777.000000 
-23.809999 56.049999 40.560001 -23.389999 -23.540001 0.000000 3580.000000 -2823.000000 3650.000000 -625.000000 -2878.000000 4726.000000 
-25.590000 54.360001 38.279999 -24.510000 -24.969999 0.000000 3679.000000 -2894.000000 3484.000000 -699.000000 -3196.000000 4821.000000 
-27.340000 52.980000 36.160000 -25.709999 -26.389999 0.000000 3715.000000 -2953.000000 3449.000000 -906.000000 -3241.000000 4789.000000 
-29.030001 51.779999 34.169998 -26.990000 -27.850000 0.000000 3781.000000 -2976.000000 3410.000000 -1093.000000 -3344.000000 4784.000000 
-30.389999 50.770000 32.480000 -28.240000 -29.280001 0.000000 3607.000000 -2946.000000 3298.000000 -978.000000 -3348.000000 4722.000000 
-31.440001 49.910000 31.080000 -29.360001 -30.639999 0.000000 3545.000000 -2894.000000 3166.000000 -860.000000 -3397.000000 4743.000000 
-32.169998 49.119999 30.010000 -30.340000 -31.820000 0.000000 3601.000000 -2859.000000 3073.000000 -362.000000 -3283.000000 4873.000000 
-33.340000 48.049999 28.670000 -31.110001 -32.740002 0.000000 3709.000000 -2635.000000 2967.000000 397.000000 -3019.000000 4723.000000 
-34.349998 46.990002 27.530001 -31.790001 -33.560001 0.000000 3980.000000 -2464.000000 2627.000000 236.000000 -3091.000000 4607.000000 
-34.590000 46.060001 26.809999 -32.439999 -34.450001 0.000000 3953.000000 -2318.000000 2448.000000 -520.000000 -3261.000000 4023.000000 
-34.150002 44.959999 26.650000 -33.139999 -35.279999 0.000000 3862.000000 -2364.000000 2357.000000 -436.000000 -3215.000000 4008.000000 
-34.040001 44.180000 26.129999 -33.900002 -36.040001 0.000000 3765.000000 -2453.000000 2424.000000 22.000000 -3152.000000 4121.000000 
-33.389999 43.360001 26.110001 -34.720001 -36.790001 0.000000 3712.000000 -2549.000000 2363.000000 -43.000000 -3048.000000 3824.000000 
-32.939999 42.669998 26.000000 -35.560001 -37.500000 0.000000 3627.000000 -2554.000000 2299.000000 -216.000000 -2898.000000 3587.000000 
-32.860001 42.230000 25.650000 -36.450001 -38.310001 0.000000 3411.000000 -2549.000000 2185.000000 -170.000000 -3092.000000 3491.000000 
-32.430000 41.740002 25.670000 -37.299999 -39.119999 0.000000 3464.000000 -2501.000000 2181.000000 -99.000000 -3383.000000 3755.000000 
-33.279999 41.209999 24.930000 -38.169998 -39.900002 0.000000 2650.000000 -2190.000000 1714.000000 -209.000000 -4043.000000 4517.000000 
-34.000000 40.060001 24.350000 -38.959999 -39.730000 0.000000 5294.000000 -2819.000000 2952.000000 198.000000 -4042.000000 6090.000000 
-33.419998 38.410000 24.750000 -39.369999 -39.799999 0.000000 3868.000000 -2847.000000 2710.000000 1891.000000 -3133.000000 3367.000000 
-33.389999 36.730000 24.840000 -39.490002 -39.970001 0.000000 5271.000000 -2941.000000 2809.000000 899.000000 -2980.000000 3280.000000 
-32.419998 35.490002 25.360001 -39.310001 -39.509998 0.000000 4317.000000 -2465.000000 2239.000000 1219.000000 -2859.000000 4712.000000 
-31.379999 34.689999 25.850000 -38.900002 -39.240002 0.000000 3840.000000 -2265.000000 2061.000000 1380.000000 -5776.000000 7778.000000 
-31.320000 33.509998 25.809999 -37.599998 -38.900002 0.000000 1135.000000 -453.000000 1015.000000 865.000000 -2141.000000 2237.000000 
-32.099998 32.869999 25.370001 -37.470001 -39.090000 0.000000 2947.000000 -1544.000000 1396.000000 426.000000 -2035.000000 2111.000000 
-31.260000 33.060001 25.760000 -37.939999 -38.669998 0.000000 4232.000000 -2047.000000 1187.000000 1320.000000 -2691.000000 3628.000000 
-30.520000 32.959999 26.070000 -38.169998 -38.639999 0.000000 4144.000000 -1681.000000 988.000000 679.000000 -2943.000000 3714.000000 
-30.420000 32.200001 26.129999 -38.070000 -38.570000 0.000000 3477.000000 -1753.000000 1454.000000 1155.000000 -2452.000000 3347.000000 
-30.440001 31.450001 26.059999 -37.970001 -38.560001 0.000000 3695.000000 -1706.000000 1323.000000 819.000000 -2502.000000 3430.000000 
-30.379999 31.940001 25.879999 -37.869999 -38.919998 0.000000 3605.000000 -1781.000000 1388.000000 421.000000 -2764.000000 3267.000000 
-30.950001 32.639999 25.490000 -37.779999 -39.410000 0.000000 3535.000000 -1887.000000 1402.000000 492.000000 -2989.000000 3111.000000 
-32.240002 32.950001 24.910000 -37.570000 -39.779999 0.000000 3686.000000 -1866.000000 1341.000000 782.000000 -2987.000000 3154.000000 
-33.660000 32.959999 24.290001 -37.259998 -40.080002 0.000000 3598.000000 -1913.000000 1380.000000 602.000000 -3114.000000 3157.000000 
-34.869999 32.820000 23.770000 -36.910000 -40.360001 0.000000 3548.000000 -2165.000000 1389.000000 739.000000 -3127.000000 2919.000000 
-35.880001 32.549999 23.260000 -36.299999 -40.500000 0.000000 3540.000000 -2216.000000 1422.000000 531.000000 -3327.000000 2915.000000 
-36.619999 31.910000 23.059999 -35.299999 -40.320000 0.000000 3610.000000 -2327.000000 1500.000000 674.000000 -3231.000000 3047.000000 
-37.369999 31.420000 22.879999 -33.910000 -39.840000 0.000000 3848.000000 -3289.000000 2467.000000 1179.000000 -3282.000000 3230.000000 
-38.049999 31.160000 22.709999 -31.920000 -39.169998 0.000000 2135.000000 -3606.000000 2969.000000 633.000000 -3535.000000 3536.000000 
-38.770000 31.469999 22.590000 -28.389999 -38.169998 0.000000 3463.000000 -4912.000000 6911.000000 419.000000 -3739.000000 4413.000000 
-39.360001 31.400000 22.670000 -22.969999 -37.250000 0.000000 3458.000000 -2161.000000 1338.000000 -2269.000000 -5478.000000 6107.000000 
-39.860001 31.500000 22.799999 -18.180000 -36.029999 0.000000 5249.000000 -2332.000000 924.000000 4237.000000 -5786.000000 8402.000000 
-40.049999 31.820000 23.040001 -14.610000 -33.919998 0.000000 4554.000000 -2373.000000 1423.000000 3997.000000 -4977.000000 5572.000000 
-39.820000 32.060001 23.360001 -11.680000 -32.049999 0.000000 4002.000000 -2471.000000 1944.000000 747.000000 -4361.000000 1886.000000 
-39.639999 32.619999 23.570000 -9.360000 -30.469999 0.000000 3728.000000 -2422.000000 1885.000000 36.000000 -3304.000000 198.000000 
-39.580002 34.009998 23.760000 -7.640000 -29.559999 0.000000 4155.000000 -2496.000000 2835.000000 593.000000 -2857.000000 822.000000 
-39.889999 35.000000 23.770000 -6.450000 -29.170000 0.000000 3601.000000 -2419.000000 3662.000000 902.000000 -2889.000000 2259.000000 
-40.380001 35.610001 23.719999 -5.690000 -29.129999 0.000000 2833.000000 -2027.000000 2528.000000 865.000000 -2738.000000 2749.000000 
-40.869999 36.090000 23.610001 -4.980000 -29.360001 0.000000 2872.000000 -1629.000000 1981.000000 826.000000 -2445.000000 2546.000000 
-41.070000 36.349998 23.629999 -4.340000 -29.690001 0.000000 2753.000000 -1293.000000 1657.000000 1201.000000 -1989.000000 2237.000000 
-40.549999 36.500000 24.040001 -3.830000 -30.190001 0.000000 2485.000000 -1133.000000 1466.000000 1334.000000 -1544.000000 1639.000000 
-39.450001 36.790001 24.719999 -3.440000 -31.049999 0.000000 2212.000000 -949.000000 1309.000000 1025.000000 -1293.000000 1077.000000 
-38.220001 37.070000 25.469999 -3.130000 -32.150002 0.000000 2214.000000 -816.000000 1383.000000 845.000000 -1210.000000 1293.000000 
-36.970001 37.270000 26.209999 -2.880000 -33.310001 0.000000 2207.000000 -734.000000 1665.000000 1050.000000 -1339.000000 1850.000000 
-35.790001 37.259998 26.900000 -2.520000 -34.490002 0.000000 2528.000000 -546.000000 2316.000000 940.000000 -1627.000000 2558.000000 
-34.700001 37.080002 27.510000 -2.030000 -35.650002 0.000000 2948.000000 -476.000000 2825.000000 1198.000000 -2049.000000 3568.000000 
-33.709999 36.630001 27.969999 -1.360000 -36.740002 0.000000 3109.000000 -257.000000 2870.000000 1215.000000 -2435.000000 4207.000000 
-32.810001 36.130001 28.370001 -0.620000 -37.630001 0.000000 3276.000000 -219.000000 2852.000000 1069.000000 -2589.000000 4522.000000 
-31.920000 35.709999 28.559999 0.160000 -38.340000 0.000000 3122.000000 -133.000000 2749.000000 973.000000 -2490.000000 4466.000000 
-31.230000 36.320000 28.280001 0.930000 -38.880001 0.000000 2926.000000 -126.000000 2624.000000 920.000000 -2192.000000 4029.000000 
-30.850000 37.110001 28.000000 1.620000 -39.240002 0.000000 2514.000000 -145.000000 2527.000000 833.000000 -1924.000000 3467.000000 
-29.950001 37.889999 28.010000 2.260000 -39.480000 0.000000 2166.000000 -156.000000 2563.000000 698.000000 -1679.000000 2922.000000 
-28.959999 38.560001 28.010000 2.740000 -39.799999 0.000000 1741.000000 -163.000000 2638.000000 196.000000 -1674.000000 2512.000000 
-28.070000 39.090000 27.879999 3.060000 -40.270000 0.000000 1739.000000 -152.000000 3029.000000 -381.000000 -1842.000000 2530.000000 
-27.219999 39.500000 27.709999 3.240000 -40.759998 0.000000 1950.000000 -145.000000 3494.000000 -634.000000 -1987.000000 2927.000000 
-26.500000 39.840000 27.500000 3.380000 -41.250000 0.000000 1942.000000 -136.000000 3607.000000 -466.000000 -2160.000000 3215.000000 
-26.020000 40.110001 27.120001 3.600000 -41.689999 0.000000 1823.000000 44.000000 3469.000000 -413.000000 -2175.000000 3248.000000 
-25.770000 40.320000 26.590000 3.740000 -42.040001 0.000000 1777.000000 85.000000 3359.000000 -272.000000 -2218.000000 3347.000000 
-25.690001 40.459999 25.950001 3.770000 -42.340000 0.000000 1712.000000 131.000000 3287.000000 -345.000000 -2333.000000 3465.000000 
-25.719999 40.509998 25.219999 3.700000 -42.590000 0.000000 1870.000000 104.000000 3511.000000 -501.000000 -2397.000000 3555.000000 
-25.629999 40.480000 24.540001 3.580000 -42.750000 0.000000 2004.000000 75.000000 3697.000000 -347.000000 -2510.000000 3561.000000 
-25.299999 40.369999 23.959999 3.430000 -42.910000 0.000000 1888.000000 114.000000 3819.000000 -816.000000 -2478.000000 3450.000000 
-24.860001 40.279999 23.480000 3.220000 -42.959999 0.000000 1754.000000 79.000000 3725.000000 -967.000000 -2338.000000 3336.000000 
-24.340000 40.230000 23.070000 2.930000 -43.040001 0.000000 1667.000000 99.000000 3739.000000 -1072.000000 -2185.000000 3095.000000 
-23.809999 40.220001 22.719999 2.530000 -43.090000 0.000000 1460.000000 43.000000 3681.000000 -1147.000000 -1882.000000 2892.000000 
-23.260000 40.259998 22.450001 2.040000 -43.250000 0.000000 1314.000000 44.000000 3645.000000 -1276.000000 -1746.000000 2495.000000 
-22.969999 40.470001 22.110001 1.500000 -43.639999 0.000000 782.000000 51.000000 3614.000000 -3747.000000 -8145.000000 9526.000000 
-22.400000 39.740002 22.030001 3.280000 -42.419998 0.000000 -8573.000000 6240.000000 8191.000000 -3995.000000 -7193.000000 2282.000000 
-22.049999 40.130001 21.719999 4.560000 -41.290001 0.000000 3408.000000 -4076.000000 5444.000000 -422.000000 -1598.000000 1704.000000 
-21.240000 41.220001 22.709999 6.320000 -40.049999 0.000000 3642.000000 2477.000000 3902.000000 -1193.000000 -3643.000000 3698.000000 
-20.480000 42.450001 23.600000 7.010000 -38.700001 0.000000 -466.000000 1817.000000 5092.000000 -1989.000000 -2633.000000 4227.000000 
-20.360001 42.630001 24.139999 6.850000 -37.430000 0.000000 2384.000000 1346.000000 3743.000000 -248.000000 -780.000000 3446.000000 
-20.059999 42.389999 24.690001 6.260000 -36.970001 0.000000 2840.000000 617.000000 3320.000000 299.000000 -760.000000 4363.000000 
-17.969999 41.790001 26.120001 5.090000 -36.939999 0.000000 2167.000000 213.000000 3656.000000 610.000000 -1782.000000 3514.000000 
-16.180000 40.930000 27.020000 3.170000 -37.770000 0.000000 2933.000000 -253.000000 3168.000000 854.000000 -3197.000000 3874.000000 
-15.200000 39.750000 27.410000 0.790000 -39.130001 0.000000 3321.000000 -732.000000 2802.000000 1160.000000 -3357.000000 2920.000000 
-15.180000 38.540001 27.320000 -1.810000 -40.689999 0.000000 3093.000000 -1399.000000 2942.000000 712.000000 -3353.000000 2819.000000 
-15.910000 37.650002 26.860001 -3.920000 -42.130001 0.000000 2899.000000 -1567.000000 3566.000000 886.000000 -3233.000000 2868.000000 
-16.770000 37.139999 26.209999 -4.840000 -43.520000 0.000000 3279.000000 -930.000000 2024.000000 487.000000 -3270.000000 2689.000000 
-17.430000 36.799999 25.600000 -6.580000 -44.820000 0.000000 2721.000000 -1878.000000 2447.000000 470.000000 -3382.000000 2533.000000 
-17.549999 35.869999 25.260000 -8.810000 -45.980000 0.000000 2998.000000 -1956.000000 2834.000000 445.000000 -3500.000000 2405.000000 
-17.180000 34.930000 25.230000 -10.840000 -46.869999 0.000000 2950.000000 -1896.000000 2757.000000 528.000000 -3427.000000 2397.000000 
-16.809999 34.160000 25.320000 -12.420000 -47.520000 0.000000 2908.000000 -1905.000000 2767.000000 561.000000 -3428.000000 2442.000000 
-17.090000 33.509998 25.100000 -13.570000 -47.959999 0.000000 2881.000000 -1889.000000 2748.000000 512.000000 -3449.000000 2418.000000 
-17.910000 33.189999 24.650000 -14.300000 -48.200001 0.000000 2894.000000 -1831.000000 2826.000000 422.000000 -3476.000000 2477.000000 
-18.770000 33.200001 24.290001 -14.630000 -48.189999 0.000000 2874.000000 -1742.000000 2855.000000 416.000000 -3382.000000 2591.000000 
-19.389999 33.610001 24.020000 -14.700000 -48.020000 0.000000 2739.000000 -1683.000000 2924.000000 378.000000 -3295.000000 2633.000000 
-19.280001 34.310001 24.260000 -14.560000 -47.750000 0.000000 2675.000000 -1587.000000 3019.000000 325.000000 -3250.000000 2686.000000 
-18.750000 34.950001 24.790001 -14.250000 -47.419998 0.000000 2644.000000 -1481.000000 3043.000000 317.000000 -3233.000000 2758.000000 
-18.250000 35.580002 25.250000 -13.830000 -47.020000 0.000000 2642.000000 -1377.000000 3094.000000 344.000000 -3154.000000 2850.000000 
-17.920000 36.110001 25.629999 -13.380000 -46.610001 0.000000 2627.000000 -1322.000000 3118.000000 364.000000 -3094.000000 2898.000000 
-17.290001 36.459999 26.340000 -12.910000 -46.220001 0.000000 2646.000000 -1257.000000 3169.000000 349.000000 -3059.000000 2926.000000 
-16.889999 36.959999 26.719999 -12.440000 -45.900002 0.000000 2608.000000 -1172.000000 3185.000000 337.000000 -3079.000000 2954.000000 
-16.530001 37.439999 27.090000 -12.070000 -45.630001 0.000000 2609.000000 -1152.000000 3196.000000 319.000000 -3045.000000 2945.000000 
-16.330000 37.900002 27.360001 -11.780000 -45.430000 0.000000 2560.000000 -1130.000000 3223.000000 291.000000 -3043.000000 2940.000000 
-16.570000 38.439999 27.219999 -11.620000 -45.259998 0.000000 2551.000000 -1143.000000 3235.000000 252.000000 -3048.000000 2975.000000 
-16.690001 38.910000 27.260000 -11.570000 -45.189999 0.000000 2578.000000 -1160.000000 3217.000000 248.000000 -3084.000000 2929.000000 
