-0.070042 -0.922002 -38.290521
0.985806 -1.414616 -38.649049
1.983962 -1.831168 -39.157652
3.00139 -2.236962 -39.910552
3.897656 -2.750291 -40.524148
4.751739 -3.414566 -41.016965
5.572246 -3.542273 -42.373783
6.2184 -3.839672 -43.736642
6.473557 -4.841176 -44.146233
7.421043 -6.314626 -44.054611
8.806746 -7.45058 -44.565889
9.638642 -8.58525 -44.541492
10.050982 -9.58803 -44.430255
10.000938 -10.074074 -45.018875
9.84445 -10.425289 -45.607332
9.562087 -10.766511 -46.079789
9.206911 -11.18637 -46.41808
8.899703 -11.748546 -46.521932
8.612789 -12.338225 -46.409654
8.215805 -12.821131 -46.204302
7.741004 -13.121404 -46.111905
7.216949 -13.206652 -46.298658
6.735615 -13.152235 -46.668333
6.290715 -13.034591 -47.083496
5.839665 -12.874464 -47.49099
5.439632 -12.505527 -48.213332
5.260399 -11.965547 -49.239548
5.168453 -11.331032 -50.398337
4.980258 -10.555032 -51.789551
4.610051 -9.632188 -53.388677
4.144 -8.680762 -54.833816
3.633005 -7.728904 -56.228862
3.050921 -6.883416 -57.331604
2.304466 -6.207239 -58.00541
1.579694 -5.688274 -58.387121
1.055447 -5.161312 -58.786339
0.849673 -4.555274 -59.396827
0.678182 -3.856642 -60.122487
0.423473 -3.125052 -60.857287
0.012434 -2.430063 -61.573375
-0.771092 -1.870439 -61.956446
-1.686344 -1.612076 -61.83315
-2.69439 -1.526558 -61.511604
-3.587812 -1.333368 -61.278593
-4.31735 -0.973892 -61.273176
-4.892185 -0.516674 -61.365428
-5.302479 -0.040601 -61.472579
-5.575836 0.327138 -61.544819
-5.915388 0.50114 -61.511972
-6.280876 0.396961 -61.207746
-6.876581 0.017573 -60.685414
-7.614723 -0.597664 -60.069012
-8.471326 -1.147243 -59.426008
-9.375775 -1.457706 -58.876842
-10.334684 -1.498463 -58.487025
-11.287142 -1.348312 -58.247819
-11.781964 -0.832314 -58.234193
-11.660583 -0.284595 -58.352058
-11.217599 0.107172 -58.484637
-10.602988 0.319645 -58.639858
-10.258982 0.312903 -58.51666
-10.11923 0.008966 -58.154386
-10.046128 -0.483109 -57.684377
-10.211971 -1.256634 -57.099073
-10.439256 -2.082425 -56.501644
-10.499468 -2.659125 -55.96114
-10.644382 -2.283755 -55.8759
-9.858919 -1.86683 -55.918751
-9.115679 -1.527745 -55.903842
-8.400635 -1.299546 -55.899704
-7.812772 -1.303159 -55.734786
-7.189718 -1.370121 -55.614476
-6.441694 -1.376455 -55.516194
-5.743271 -1.558292 -55.261194
-5.856747 -2.270253 -54.595764
-6.114596 -2.775093 -54.054853
-6.313429 -3.255789 -53.579956
-6.242064 -3.779078 -53.094904
-5.553503 -3.946403 -52.870805
-4.793536 -4.009165 -52.721801
-4.651309 -4.285808 -52.470123
-4.074983 -4.717098 -52.027695
-3.632154 -5.306849 -51.488275
-3.684674 -5.619011 -51.108512
-3.199391 -5.860565 -50.815128
-3.675455 -5.655115 -50.726375
-4.094119 -5.409479 -50.678868
-3.473703 -5.324809 -50.603763
-3.107477 -5.410274 -50.439878
-3.263068 -5.32228 -50.455394
-3.567393 -5.506567 -50.219846
-3.835686 -5.722676 -49.922178
-4.249348 -5.608503 -49.735475
-3.987397 -5.326475 -49.632674
-3.734977 -5.279689 -49.315761
-3.753855 -5.794444 -48.752923
-4.020862 -5.179683 -48.965058
-3.489322 -4.483417 -49.213601
-2.937859 -3.958831 -49.480992
-2.818565 -3.320472 -49.805259
-3.018356 -2.840669 -50.041072
-3.292991 -2.381822 -50.21944
-2.529713 -2.785999 -49.825465
-2.012013 -3.217775 -49.191513
-1.768838 -3.003823 -49.09693
-1.445947 -2.585224 -49.252228
-0.909761 -1.969626 -49.691289
-0.382604 -1.29251 -50.303724
0.208062 -0.79387 -50.784734
0.629823 -0.345219 -51.380148
0.987776 0.07115 -51.806235
1.352181 0.503964 -52.421879
1.926202 1.240608 -53.583159
2.512049 2.119724 -55.177191
3.055827 3.059742 -57.127505
3.567132 3.948768 -59.298858
4.033952 4.608159 -61.310939
4.399975 4.896816 -62.67156
4.583337 5.097713 -63.973478
4.553784 5.282484 -65.280298
4.856803 5.576122 -67.665131
5.601016 6.097524 -72.139059
6.70303 6.789642 -79.531223
8.240301 7.275146 -90.429727
10.258357 7.198913 -106.157871
12.811295 6.013891 -129.496092
15.676716 2.796965 -166.538441
17.511935 -4.459596 130.60674
12.154155 -16.568484 30.825631
-6.386219 -19.448597 -84.058806
-20.180434 -8.935835 -170.393972
-22.396934 3.646215 137.538596
-20.062864 12.212905 104.673582
-16.65999 17.201272 82.466395
-13.327648 20.038418 66.878683
-10.354123 21.646925 55.430559
-7.728698 22.642654 46.573826
-5.170373 23.267783 39.167463
-2.644551 23.586066 32.951724
-0.219272 23.626525 27.704576
2.094693 23.404338 23.247005
4.267177 22.984194 19.654311
6.057033 22.534473 17.057871
7.590261 22.051478 15.053131
8.969676 21.469129 13.491728
10.361566 20.642209 11.968584
11.389589 19.593738 10.629942
12.237128 18.795754 9.6819
13.185888 18.214523 8.82748
13.998968 17.844965 8.209602
14.561444 17.567768 7.925355
14.860949 17.258607 7.829506
15.18866 16.914674 7.762677
15.424115 16.526008 7.640828
15.531728 16.051151 7.585148
15.943738 15.448385 7.396245
16.57286 14.888734 7.150639
17.147414 14.316133 6.982912
17.414128 13.701834 6.995834
17.608847 13.105236 7.040491
17.795382 12.520315 7.173192
17.980049 11.986653 7.446082
18.157737 11.416715 7.690297
18.051988 11.040116 7.983678
18.026974 10.639681 8.287826
18.342117 10.065714 8.619225
18.804921 9.342757 8.894245
19.152721 8.612497 9.218356
19.290732 8.160681 9.469825
19.504457 7.836183 9.713592
19.636476 7.520354 9.952711
19.83458 7.185575 10.168339
20.031991 7.021298 10.33373
20.117668 6.949925 10.499557
20.23492 6.835282 10.709251
20.475527 6.718473 10.854497
20.896134 6.507331 10.971452
21.431514 6.171735 11.178305
22.143562 5.813481 11.41607
22.712837 5.39112 11.844528
22.995107 5.178815 12.321485
23.215909 5.1089 12.673369
23.532735 5.008586 12.995249
23.859804 4.954404 13.27592
24.045826 4.909848 13.485357
24.073292 4.910454 13.738059
24.218426 4.848452 13.964682
24.299922 4.700881 14.208564
24.537275 4.453764 14.436514
24.88232 4.087204 14.7187
25.170092 3.805068 15.031565
25.479443 3.53833 15.375553
25.603144 3.433559 15.683012
25.670423 3.42863 15.916219
25.650034 3.495175 16.101864
25.502544 3.653432 16.227302
25.3152 3.822446 16.363373
25.419307 3.72868 16.58154
25.798721 3.495038 16.843015
26.247885 3.217132 17.12402
26.627585 2.966201 17.447395
26.733656 2.88945 17.618852
26.653787 2.977933 17.792978
26.52637 3.154559 17.878782
26.399593 3.312258 17.998233
26.419153 3.315955 18.124092
26.415905 3.247104 18.26787
26.482417 3.143355 18.447448
26.600105 3.077277 18.576833
26.649438 3.095204 18.711018
26.659494 3.143697 18.901806
26.630799 3.21765 19.058561
26.543678 3.35102 19.194281
26.498534 3.503362 19.263443
26.461043 3.615404 19.359166
26.459357 3.605488 19.591528
26.575642 3.491435 19.821084
26.683005 3.440403 19.919086
26.721867 3.473475 20.053029
26.663444 3.615297 20.118036
26.517134 3.846333 20.139796
26.29903 4.020274 20.148676
26.138583 4.105524 20.24285
26.115791 4.090625 20.339139
26.192385 4.067798 20.388655
26.230128 4.060601 20.47554
26.287428 4.033721 20.536064
26.305834 4.056143 20.588728
26.293753 4.059661 20.686318
26.251384 4.054152 20.80819
26.139137 4.059139 20.861399
26.017265 4.083838 20.951854
25.952339 4.062449 21.078568
25.908825 4.031658 21.165123
25.955079 4.013642 21.233734
26.051566 3.961552 21.267065
26.158348 3.91891 21.267048
26.236727 3.930739 21.31717
26.225065 3.95362 21.381258
26.154649 4.02128 21.380335
26.023833 4.123528 21.417833
25.951979 4.199916 21.426098
25.918598 4.222063 21.463389
25.986459 4.215183 21.461017
26.114084 4.178923 21.530717
26.171283 4.177061 21.598825
26.159615 4.219726 21.631508
26.137483 4.285917 21.638942
26.116135 4.357204 21.683818
26.074448 4.409261 21.724564
26.093569 4.456516 21.742442
26.11309 4.542591 21.772442
26.213222 4.594561 21.773445
26.283234 4.646935 21.777495
26.261794 4.665831 21.82573
26.229742 4.636617 21.846395
26.197956 4.626691 21.921909
26.185618 4.630539 21.972653
26.17486 4.635001 21.982467
26.184289 4.648862 22.007736
26.275192 4.705995 22.006642
26.355678 4.796169 21.987813
26.405403 4.829236 22.026023
26.371798 4.799165 22.125462
26.309039 4.784351 22.244809
26.31715 4.75522 22.303032
26.285111 4.716415 22.35591
26.21225 4.682053 22.400975
26.140488 4.691333 22.396249
26.048896 4.739261 22.394736
25.986706 4.800791 22.377035
25.945946 4.834158 22.323927
25.994487 4.833286 22.301423
26.040802 4.835478 22.335704
26.088042 4.862135 22.353844
26.146142 4.903738 22.357806
26.18418 4.945185 22.362591
26.222227 5.01585 22.362447
26.189866 5.067637 22.413506
26.168075 5.057451 22.429213
26.143984 5.060032 22.470313
26.142374 5.078479 22.457007
26.120793 5.134942 22.415346
26.089202 5.210488 22.389531
26.178817 5.234038 22.385217
26.267554 5.213948 22.400639
26.337026 5.180104 22.471133
26.365543 5.160115 22.532139
26.363989 5.139749 22.555066
26.322282 5.157689 22.572853
26.340744 5.166677 22.619047
26.380117 5.142408 22.631001
26.347551 5.174731 22.656321
26.303265 5.225326 22.688411
26.290636 5.276942 22.678443
26.288772 5.324672 22.690239
26.317121 5.334021 22.667929
26.316218 5.348117 22.655591
26.295165 5.38133 22.650816
26.233054 5.447139 22.660718
26.179285 5.493059 22.685109
26.087967 5.497015 22.713649
25.993881 5.524006 22.739733
25.888228 5.632402 22.702771
25.737364 5.864751 22.663389
25.571198 6.207893 22.560532
25.475854 6.70204 22.424309
25.407519 7.330411 22.178298
25.267682 8.110904 21.894372
25.141219 9.066255 21.576767
25.015665 10.117797 21.275146
24.780038 11.207167 21.01872
24.546773 12.343548 20.747416
24.2855 13.568041 20.588863
23.937235 14.85727 20.559472
23.497979 16.152005 20.742454
22.85275 17.41541 21.171837
22.037564 18.665047 21.861035
20.962725 19.96829 22.951515
19.691031 21.237764 24.392818
18.208036 22.579233 26.304759
16.146524 24.22633 29.221599
13.659874 25.799189 32.96064
10.590026 27.134274 37.583018
7.025335 28.176959 43.050505
2.957517 28.775918 49.246535
-1.584843 28.846398 56.306346
-6.380952 28.348145 64.160539
-11.23349 27.23287 72.725851
-15.941505 25.418405 81.883875
-20.280576 22.765281 91.452222
-24.326219 19.033316 102.084654
-27.461343 13.964663 112.742606
-29.197617 7.585111 122.774148
-29.468312 0.362555 132.546399
-28.266581 -6.894074 142.64614
-25.453243 -13.662292 154.000666
-20.768125 -19.49647 167.530268
-13.941846 -23.764876 -177.023424
-5.390809 -26.074339 -160.474508
2.989794 -26.413819 -146.615072
9.589395 -25.485174 -139.278583
13.989784 -23.935591 -142.492702
16.419315 -21.680752 -161.348548
17.214102 -18.507438 160.649727
17.307547 -16.400629 111.395511
17.518334 -15.109394 69.899695
17.808534 -12.938793 38.010172
18.236858 -10.692386 15.040024
18.603911 -8.891192 -0.908912
18.805708 -7.707339 -9.363598
18.788999 -6.657001 -15.563941
18.737225 -5.798115 -19.732744
18.832825 -4.9195 -23.619476
18.787638 -4.055075 -26.601969
18.615456 -3.336336 -28.33976
18.236099 -2.755804 -29.220774
17.477818 -2.427116 -28.869083
16.67409 -2.21518 -28.564458
15.845346 -2.069207 -28.372299
15.142463 -2.002705 -28.344688
14.584684 -2.132848 -27.909922
13.975475 -2.288849 -27.702105
13.127725 -2.379845 -27.761583
12.456575 -2.423083 -28.116501
11.99818 -2.433782 -28.700479
11.714311 -2.351739 -29.426436
11.52851 -2.300266 -30.035503
11.398426 -2.351532 -30.489474
11.18328 -2.622524 -30.618061
10.377192 -3.118231 -30.300453
9.524548 -3.692747 -29.950945
8.827302 -4.409295 -29.486104
7.916831 -4.939808 -29.262238
7.244914 -4.943779 -29.911076
6.995545 -4.900555 -30.44282
6.636942 -4.701234 -31.381377
7.228664 -4.638015 -31.764826
6.868375 -5.40319 -31.220137
5.797658 -6.010431 -30.875984
5.188685 -6.429801 -30.77185
5.377612 -6.596826 -30.719477
5.530578 -6.89413 -30.606205
5.473921 -7.266747 -30.423294
5.322261 -7.535633 -30.453842
5.197986 -7.710484 -30.558976
4.740046 -8.043347 -30.517982
4.253941 -8.265349 -30.488173
4.057508 -8.325948 -30.593837
4.147776 -8.373309 -30.586787
3.292011 -8.545492 -30.758358
3.264662 -8.425583 -31.134574
3.45082 -8.396871 -31.259603
3.253109 -8.649234 -31.212861
2.600802 -8.989154 -31.138469
1.656325 -9.166913 -31.149984
1.409059 -8.20453 -32.207036
2.105978 -7.472827 -32.86702
2.064203 -7.175255 -33.285461
1.402564 -7.744093 -33.106119
1.613233 -8.202561 -32.841692
1.736461 -8.525832 -32.471228
1.647843 -8.299236 -32.533086
0.772975 -8.05913 -32.824569
0.984521 -7.718106 -33.22304
1.416354 -7.610112 -33.288594
1.692499 -7.440105 -33.400008
2.097279 -7.160538 -33.647992
2.386024 -6.960921 -33.836655
2.50686 -7.045446 -33.811248
2.673471 -7.213366 -33.630863
2.644534 -7.467044 -33.381697
2.455601 -7.645063 -33.234017
2.555575 -7.685558 -33.074639
2.768502 -7.589107 -33.066627
3.104197 -7.145358 -33.439475
3.290246 -6.499781 -34.256349
3.026796 -5.903437 -35.070538
2.685009 -5.47388 -35.829207
2.082391 -5.259286 -36.289728
1.556593 -5.39399 -36.303326
0.881627 -5.520947 -36.250947
0.261445 -5.282915 -36.562099
-0.488176 -5.127806 -36.685738
-1.286342 -5.091079 -36.63446
-1.942476 -4.698804 -36.906882
-1.960864 -3.94602 -37.580905
-1.679046 -3.090129 -38.401596
-1.364033 -2.253754 -39.212449
-1.357134 -1.486492 -40.108429
-1.735424 -0.751996 -40.884848
-2.303704 -0.118091 -41.423759
-2.84345 0.440801 -41.831853
-2.54885 0.555854 -41.766709
-1.714561 0.424185 -41.299443
-0.650257 0.121236 -40.533161
0.690675 -0.273883 -39.596089
2.159312 -0.73246 -38.593669
3.604176 -1.447586 -37.379153
4.600015 -2.226414 -36.072845
4.825517 -2.779414 -34.76864
4.255361 -2.625417 -33.793228
3.858503 -1.960022 -33.265827
4.453149 -1.630049 -32.574347
5.606114 -2.0104 -31.168255
6.780922 -2.623746 -29.597489
7.833709 -3.283877 -28.012512
8.728153 -3.868741 -26.479595
9.43406 -4.309599 -25.129734
9.871329 -4.690699 -23.799459
10.154831 -4.952354 -22.687535
10.38958 -5.237536 -21.489193
10.637296 -5.636072 -20.065966
10.913893 -6.039659 -18.642242
11.229246 -6.509679 -17.067607
11.504146 -7.088959 -15.397156
11.818633 -7.660982 -13.863422
12.189808 -8.180847 -12.637855
12.548447 -8.561782 -11.810432
12.803586 -8.866461 -11.301974
12.994096 -9.073701 -10.9916
13.182051 -9.296933 -10.595862
13.362173 -9.567414 -10.039796
13.453473 -9.88813 -9.320139
13.446743 -10.263684 -8.444817
13.404197 -10.680675 -7.490036
13.412435 -11.008767 -6.810512
13.524035 -11.205463 -6.540408
13.633345 -11.317212 -6.611096
13.615177 -11.435028 -6.716318
13.500852 -11.633555 -6.70214
13.379795 -11.913027 -6.527221
13.2099 -12.226109 -6.13118
13.082771 -12.521315 -5.590014
13.103957 -12.589284 -5.547682
13.230947 -12.499403 -5.953969
13.257142 -12.331169 -6.656686
13.276079 -12.173899 -7.364762
13.024814 -11.97156 -8.287448
12.497243 -11.774076 -9.251661
11.90005 -11.902617 -9.663972
11.316047 -12.454021 -9.427685
10.662794 -13.282359 -8.723629
9.75046 -13.873076 -8.269178
8.902902 -13.964851 -8.271811
8.566456 -13.508422 -9.032157
8.412528 -12.426686 -10.908673
7.952039 -11.587964 -12.436702
7.20844 -11.465919 -12.84977
6.412089 -11.878332 -12.559138
5.745834 -12.431434 -12.131914
5.208141 -12.720676 -12.01139
4.909244 -12.622633 -12.250915
5.02874 -12.069266 -13.000874
5.37253 -11.293703 -14.01422
5.731996 -10.551983 -15.115478
5.995376 -9.945991 -16.179987
6.077086 -9.451229 -17.102354
5.997001 -8.998159 -18.038546
5.755933 -8.485583 -19.046237
5.318853 -7.826212 -20.064319
4.744505 -7.181591 -20.960932
4.117609 -6.30956 -22.104318
3.42434 -5.507718 -22.953413
2.912661 -5.404745 -23.127541
2.173753 -5.487546 -23.060929
1.40972 -5.52145 -22.982598
0.768674 -5.374562 -23.03274
0.460973 -5.142083 -23.169319
0.37924 -4.961131 -23.30448
0.503946 -4.922042 -23.378969
0.763441 -4.889797 -23.452445
1.081081 -4.804141 -23.609898
1.366418 -4.719968 -23.867873
1.512308 -4.646776 -24.019922
1.465976 -4.642312 -24.073467
1.304093 -4.600009 -24.174884
1.130891 -4.532958 -24.284882
1.003709 -4.452932 -24.424691
0.94227 -4.366644 -24.573655
0.908897 -4.261088 -24.683597
0.926789 -4.16342 -24.795284
0.931852 -4.071276 -24.913664
0.95659 -3.986246 -25.02222
0.959512 -3.932031 -25.104721
12.522361 -25.940328 4.298376
12.433526 -25.905069 4.059506
12.393377 -25.885715 3.859864
12.341817 -25.858312 3.638787
12.355384 -25.824816 3.445945
12.365203 -25.815065 3.22199
12.372297 -25.805723 3.043115
12.396113 -25.818736 2.919713
12.397722 -25.833851 2.826672
15.061519 -5.771221 -35.624481
15.280844 -6.578338 -34.101744
15.426146 -7.172794 -32.77674
15.551923 -7.596936 -31.672619
15.699759 -7.891428 -30.721023
15.981914 -8.104304 -29.81856
16.429908 -8.290846 -28.994477
16.926211 -8.570935 -28.018753
17.359398 -9.009365 -26.884683
17.658882 -9.544912 -25.778551
17.781471 -10.138118 -24.798121
17.685453 -10.72165 -23.962256
17.498214 -11.270869 -23.239403
17.275544 -11.758774 -22.603157
16.989616 -12.228227 -21.922879
16.629985 -12.691625 -21.223814
16.293626 -13.151241 -20.389257
16.15881 -13.611607 -19.340684
16.150286 -13.73386 -18.686119
16.221274 -13.76341 -18.360623
16.089122 -13.815535 -18.28296
15.741822 -13.93526 -18.31287
15.25027 -14.136018 -18.419179
14.676488 -14.363617 -18.560167
14.275689 -14.461072 -18.906555
14.022753 -14.484463 -19.389583
13.536736 -14.294802 -20.051174
12.770492 -13.569477 -21.360075
12.256246 -12.995595 -22.297226
11.675253 -12.486859 -23.044947
10.926043 -11.974097 -23.885815
10.154472 -11.914706 -24.201745
9.476171 -12.193001 -24.017814
8.917146 -12.497335 -23.773827
8.491177 -12.681507 -23.688604
8.23486 -12.598115 -23.844458
8.105861 -12.293728 -24.249005
8.056328 -11.840415 -24.923708
7.986948 -11.332177 -25.730656
7.988479 -10.769545 -26.621727
8.038338 -10.102608 -27.695699
8.126213 -9.434692 -28.851402
8.250018 -8.730408 -30.057498
8.386189 -8.015888 -31.304557
8.539921 -7.310343 -32.550422
8.618469 -6.663177 -33.633929
8.648244 -6.032485 -34.771244
8.541412 -5.524057 -35.649386
8.280219 -5.145319 -36.340896
7.890902 -4.908168 -36.737792
7.453694 -4.698124 -37.079771
7.014538 -4.763833 -37.062806
6.648616 -5.057078 -36.756748
6.29699 -5.33668 -36.494237
6.060382 -5.539933 -36.376855
5.937204 -5.704002 -36.230723
5.919846 -5.859898 -36.1542
5.905633 -6.006063 -36.081847
5.850622 -6.142888 -35.981382
5.795695 -6.242869 -35.940854
5.775433 -6.326256 -35.911033
5.7715 -6.351855 -35.966337
5.802424 -6.325952 -36.074777
5.846043 -6.294902 -36.189437
5.897997 -6.27454 -36.319641
5.918332 -6.255512 -36.4696
5.905223 -6.244565 -36.582083
5.878956 -6.246213 -36.645728
5.858679 -6.224038 -36.753429
5.778349 -6.193284 -36.801024
5.663318 -6.171541 -36.901899
5.534957 -6.126518 -36.963848
7.195389 -4.175346 -40.756372
5.438622 -4.150501 -40.908906
4.069398 -4.316697 -40.835108
2.961601 -4.567499 -40.601929
2.073521 -4.896147 -40.239195
1.423762 -5.117128 -39.968498
1.198362 -5.348299 -39.792591
1.400943 -5.457828 -39.841918
1.542256 -5.540464 -40.015921
1.368672 -5.765032 -40.005325
1.174444 -5.954553 -40.131614
1.242792 -5.956058 -40.473903
1.671277 -5.696706 -41.064016
2.295505 -5.152087 -41.973672
2.954238 -4.475745 -43.071974
