17.180000 31.190001 124.419998 -2581.000000 1340.000000 3366.000000
17.450001 31.370001 124.339996 -2382.000000 1404.000000 3131.000000
17.790001 31.540001 124.279999 -2330.000000 1447.000000 3082.000000
18.190001 31.750000 124.250000 -2358.000000 1465.000000 3092.000000
18.590000 31.980000 124.220001 -2480.000000 1396.000000 2923.000000
19.030001 32.230000 124.190002 -3020.000000 1464.000000 2556.000000
19.540001 32.509998 124.250000 -3384.000000 1594.000000 2502.000000
20.129999 32.750000 124.419998 -3037.000000 2080.000000 2368.000000
20.709999 32.869999 124.699997 -2874.000000 2241.000000 2456.000000
21.150000 32.880001 124.930000 -2570.000000 2166.000000 2867.000000
21.459999 32.919998 125.029999 -2145.000000 2102.000000 3018.000000
21.760000 33.000000 125.070000 -2191.000000 2217.000000 2716.000000
22.059999 33.090000 125.220001 -2095.000000 2099.000000 2693.000000
22.360001 33.200001 125.440002 -1989.000000 2056.000000 2629.000000
22.629999 33.259998 125.540001 -2062.000000 2282.000000 2531.000000
22.790001 33.240002 125.519997 -1957.000000 2424.000000 2594.000000
22.790001 33.110001 125.400002 -1731.000000 2379.000000 2809.000000
22.620001 32.860001 125.180000 -1535.000000 2079.000000 3105.000000
22.320000 32.560001 124.870003 -1488.000000 1713.000000 3254.000000
21.969999 32.299999 124.510002 -1546.000000 1473.000000 3286.000000
21.629999 32.099998 124.160004 -1677.000000 1409.000000 3251.000000
21.309999 31.969999 123.849998 -1759.000000 1377.000000 3179.000000
21.010000 31.860001 123.559998 -1754.000000 1415.000000 3155.000000
20.680000 31.780001 123.269997 -1827.000000 1402.000000 3155.000000
20.290001 31.730000 122.959999 -1876.000000 1284.000000 3194.000000
19.830000 31.690001 122.589996 -1981.000000 1094.000000 3331.000000
19.309999 31.629999 122.150002 -2160.000000 950.000000 3404.000000
18.760000 31.500000 121.639999 -2231.000000 847.000000 3438.000000
18.160000 31.260000 121.070000 -2015.000000 763.000000 3400.000000
17.540001 30.920000 120.500000 -1723.000000 731.000000 3309.000000
16.950001 30.530001 119.940002 -1506.000000 831.000000 3304.000000
16.360001 30.180000 119.419998 -1331.000000 796.000000 3322.000000
15.730000 29.930000 118.910004 -1318.000000 644.000000 3437.000000
15.080000 29.809999 118.379997 -1570.000000 542.000000 3491.000000
14.420000 29.770000 117.839996 -1916.000000 361.000000 3587.000000
13.750000 29.730000 117.290001 -2104.000000 159.000000 3647.000000
13.060000 29.660000 116.730003 -2196.000000 56.000000 3707.000000
12.420000 29.559999 116.169998 -2142.000000 102.000000 3604.000000
11.810000 29.379999 115.639999 -1977.000000 183.000000 3542.000000
11.210000 29.129999 115.129997 -1687.000000 237.000000 3445.000000
10.630000 28.860001 114.650002 -1539.000000 260.000000 3428.000000
10.040000 28.580000 114.169998 -1528.000000 248.000000 3527.000000
9.450000 28.320000 113.730003 -1594.000000 122.000000 3601.000000
8.830000 28.110001 113.269997 -1611.000000 4.000000 3704.000000
8.220000 27.959999 112.830002 -1656.000000 -78.000000 3735.000000
7.640000 27.870001 112.389999 -1713.000000 -148.000000 3674.000000
7.110000 27.830000 111.949997 -1792.000000 -95.000000 3608.000000
6.640000 27.790001 111.500000 -1837.000000 -2.000000 3454.000000
6.200000 27.670000 111.099998 -1756.000000 70.000000 3414.000000
5.770000 27.459999 110.669998 -1596.000000 133.000000 3435.000000
5.350000 27.160000 110.239998 -1435.000000 143.000000 3543.000000
4.890000 26.809999 109.809998 -1355.000000 43.000000 3694.000000
4.410000 26.469999 109.349998 -1311.000000 -64.000000 3806.000000
3.950000 26.219999 108.900002 -1420.000000 -124.000000 3889.000000
3.500000 26.059999 108.430000 -1554.000000 -196.000000 3946.000000
3.080000 26.020000 107.980003 -1686.000000 -232.000000 3873.000000
2.750000 26.030001 107.529999 -1774.000000 -179.000000 3728.000000
2.450000 26.040001 107.080002 -1756.000000 -156.000000 3606.000000
2.210000 26.010000 106.669998 -1875.000000 -121.000000 3536.000000
2.020000 25.870001 106.309998 -1820.000000 -39.000000 3543.000000
1.840000 25.670000 105.980003 -1661.000000 -4.000000 3622.000000
1.690000 25.459999 105.690002 -1694.000000 27.000000 3722.000000
1.560000 25.270000 105.419998 -1654.000000 77.000000 3831.000000
1.400000 25.070000 105.150002 -1487.000000 40.000000 3918.000000
1.210000 24.950001 104.849998 -1419.000000 -75.000000 3587.000000
1.010000 24.889999 104.589996 -1579.000000 -189.000000 4069.000000
0.960000 25.030001 104.400002 -1784.000000 68.000000 3829.000000
0.920000 25.280001 104.209999 -2025.000000 102.000000 3663.000000
0.870000 25.520000 104.050003 -2062.000000 74.000000 3516.000000
0.840000 25.700001 103.919998 -2065.000000 176.000000 3525.000000
0.850000 25.809999 103.839996 -1949.000000 228.000000 3401.000000
0.890000 25.850000 103.790001 -2001.000000 304.000000 3368.000000
0.950000 25.799999 103.760002 -2086.000000 306.000000 3449.000000
0.990000 25.610001 103.730003 -1972.000000 234.000000 3648.000000
1.010000 25.260000 103.680000 -1544.000000 141.000000 3805.000000
1.040000 24.860001 103.599998 -1291.000000 165.000000 3916.000000
1.110000 24.520000 103.519997 -1245.000000 248.000000 3910.000000
1.200000 24.340000 103.440002 -1511.000000 267.000000 3760.000000
1.280000 24.250000 103.349998 -1819.000000 246.000000 3642.000000
1.360000 24.150000 103.269997 -1887.000000 285.000000 3699.000000
1.430000 23.980000 103.220001 -1752.000000 284.000000 3730.000000
1.510000 23.719999 103.120003 -1423.000000 293.000000 4050.000000
1.590000 23.480000 103.050003 -1198.000000 324.000000 4050.000000
1.630000 23.360001 102.980003 -1280.000000 205.000000 4082.000000
1.670000 23.340000 102.889999 -1125.000000 213.000000 3849.000000
1.690000 23.469999 102.750000 -1451.000000 149.000000 3807.000000
1.720000 23.680000 102.620003 -1608.000000 162.000000 3653.000000
1.770000 23.870001 102.500000 -1771.000000 203.000000 3536.000000
1.810000 23.900000 102.360001 -1521.000000 185.000000 3443.000000
1.820000 23.700001 102.230003 -1087.000000 168.000000 3743.000000
1.800000 23.430000 102.089996 -762.000000 97.000000 3794.000000
1.760000 23.270000 101.959999 -801.000000 19.000000 3915.000000
1.710000 23.360001 101.739998 -1228.000000 -61.000000 3769.000000
1.660000 23.620001 101.550003 -1522.000000 -71.000000 3568.000000
1.670000 23.879999 101.360001 -1505.000000 70.000000 3536.000000
1.700000 24.030001 101.260002 -1288.000000 146.000000 3734.000000
1.680000 24.170000 101.150002 -1162.000000 21.000000 3920.000000
1.640000 24.459999 101.000000 -1477.000000 -71.000000 3932.000000
1.610000 24.879999 100.879997 -1667.000000 -144.000000 3830.000000
1.680000 25.400000 100.809998 -1822.000000 17.000000 3826.000000
1.810000 25.900000 100.730003 -1775.000000 145.000000 3994.000000
1.960000 26.250000 100.650002 -1566.000000 276.000000 5492.000000
2.140000 26.690001 100.519997 -1524.000000 174.000000 4556.000000
2.280000 27.309999 100.410004 -1372.000000 46.000000 4237.000000
2.540000 28.200001 100.309998 -1870.000000 310.000000 4088.000000
2.830000 29.260000 100.239998 -2175.000000 243.000000 3948.000000
3.110000 30.400000 100.160004 -2297.000000 223.000000 3769.000000
3.380000 31.590000 100.080002 -2242.000000 234.000000 3652.000000
3.660000 32.759998 100.029999 -1919.000000 211.000000 3660.000000
3.990000 34.000000 100.029999 -1940.000000 257.000000 3662.000000
4.310000 35.349998 100.010002 -2072.000000 217.000000 3761.000000
4.640000 36.860001 100.040001 -2306.000000 150.000000 3460.000000
5.050000 38.470001 100.139999 -2737.000000 146.000000 3291.000000
5.540000 40.119999 100.349998 -2993.000000 193.000000 3068.000000
6.140000 41.750000 100.660004 -3129.000000 316.000000 2943.000000
6.820000 43.360001 101.019997 -2985.000000 428.000000 2930.000000
7.550000 44.930000 101.430000 -2674.000000 462.000000 3018.000000
8.360000 46.529999 101.940002 -2389.000000 497.000000 3098.000000
9.280000 48.299999 102.620003 -2158.000000 595.000000 3130.000000
10.340000 50.389999 103.459999 -2112.000000 679.000000 3030.000000
11.580000 52.869999 104.529999 -2057.000000 669.000000 2717.000000
13.140000 55.759998 105.980003 -2190.000000 676.000000 2263.000000
15.210000 59.090000 107.980003 -2391.000000 739.000000 1636.000000
17.920000 62.660000 110.720001 -2664.000000 835.000000 1243.000000
21.600000 66.320000 114.489998 -2874.000000 924.000000 735.000000
26.730000 69.910004 119.769997 -2994.000000 900.000000 338.000000
34.400002 73.330002 127.610001 -2986.000000 883.000000 -23.000000
46.630001 76.339996 139.940002 -2781.000000 872.000000 -307.000000
66.019997 78.459999 159.179993 -2631.000000 935.000000 -645.000000
91.860001 79.040001 -175.160004 -2552.000000 895.000000 -1386.000000
115.680000 77.699997 -150.940002 -2373.000000 869.000000 -1623.000000
131.720001 74.959999 -134.179993 -2671.000000 1076.000000 -2128.000000
141.699997 71.559998 -123.459999 -2932.000000 1115.000000 -2441.000000
147.960007 67.900002 -116.459999 -3147.000000 1081.000000 -2549.000000
151.880005 64.330002 -111.870003 -3272.000000 1108.000000 -3015.000000
154.399994 60.939999 -108.750000 -3109.000000 1132.000000 -3129.000000
156.229996 57.590000 -106.349998 -2862.000000 1172.000000 -3107.000000
157.699997 54.320000 -104.330002 -2657.000000 1222.000000 -3188.000000
158.919998 51.200001 -102.589996 -2507.000000 1200.000000 -3235.000000
159.899994 48.209999 -101.070000 -2368.000000 1126.000000 -3229.000000
160.699997 45.380001 -99.760002 -2363.000000 1041.000000 -3302.000000
161.380005 42.840000 -98.610001 -2505.000000 1096.000000 -3544.000000
161.960007 40.500000 -97.620003 -2477.000000 1104.000000 -3537.000000
162.419998 38.389999 -96.769997 -2346.000000 1129.000000 -3545.000000
162.789993 36.509998 -96.070000 -2126.000000 1063.000000 -3541.000000
163.139999 34.860001 -95.410004 -2108.000000 1043.000000 -3674.000000
163.509995 33.320000 -94.769997 -2062.000000 1008.000000 -3963.000000
163.820007 31.799999 -94.169998 -1938.000000 951.000000 -3967.000000
164.110001 30.290001 -93.589996 -1910.000000 908.000000 -4004.000000
164.369995 28.889999 -93.059998 -1885.000000 967.000000 -3874.000000
164.610001 27.629999 -92.580002 -1927.000000 1060.000000 -3801.000000
164.789993 26.580000 -92.190002 -1976.000000 1086.000000 -3735.000000
164.910004 25.700001 -91.879997 -1902.000000 1135.000000 -3637.000000
165.000000 24.910000 -91.610001 -1597.000000 1058.000000 -3585.000000
165.089996 24.200001 -91.370003 -1414.000000 1015.000000 -3497.000000
165.190002 23.469999 -91.120003 -1330.000000 1030.000000 -3525.000000
165.320007 22.709999 -90.860001 -1330.000000 980.000000 -3639.000000
165.470001 21.910000 -90.610001 -1378.000000 967.000000 -3789.000000
165.649994 21.120001 -90.349998 -1525.000000 941.000000 -3864.000000
165.850006 20.389999 -90.080002 -1645.000000 917.000000 -4032.000000
166.059998 19.760000 -89.839996 -1745.000000 947.000000 -4062.000000
166.229996 19.219999 -89.660004 -1765.000000 958.000000 -3767.000000
166.410004 18.740000 -89.529999 -1632.000000 1000.000000 -3817.000000
166.570007 18.330000 -89.419998 -1456.000000 985.000000 -3767.000000
166.750000 17.930000 -89.300003 -1286.000000 918.000000 -3777.000000
166.940002 17.540001 -89.180000 -1176.000000 875.000000 -3802.000000
167.160004 17.150000 -89.040001 -1107.000000 843.000000 -3835.000000
167.389999 16.760000 -88.879997 -1142.000000 842.000000 -3962.000000
167.630005 16.330000 -88.720001 -1121.000000 780.000000 -4096.000000
167.860001 15.930000 -88.599998 -1180.000000 761.000000 -4021.000000
168.100006 15.590000 -88.470001 -1242.000000 808.000000 -4177.000000
168.320007 15.320000 -88.349998 -1366.000000 760.000000 -4221.000000
168.509995 15.130000 -88.269997 -1348.000000 797.000000 -4124.000000
168.690002 14.970000 -88.220001 -1163.000000 826.000000 -4087.000000
168.860001 14.850000 -88.220001 -1119.000000 805.000000 -4059.000000
169.029999 14.720000 -88.199997 -1117.000000 788.000000 -4132.000000
169.210007 14.520000 -88.160004 -996.000000 734.000000 -4139.000000
169.410004 14.270000 -88.120003 -1049.000000 615.000000 -4191.000000
169.639999 14.180000 -88.089996 -2121.000000 820.000000 -5060.000000
169.899994 14.170000 -88.129997 -1434.000000 1262.000000 -4863.000000
170.039993 14.220000 -88.220001 -666.000000 921.000000 -4528.000000
170.110001 14.260000 -88.290001 -658.000000 674.000000 -4393.000000
170.190002 14.320000 -88.290001 -998.000000 675.000000 -4377.000000
170.259995 14.350000 -88.309998 -986.000000 688.000000 -4250.000000
170.289993 14.350000 -88.339996 -907.000000 744.000000 -4127.000000
170.330002 14.310000 -88.370003 -928.000000 690.000000 -3986.000000
170.339996 14.310000 -88.400002 -1027.000000 768.000000 -3914.000000
170.339996 14.270000 -88.430000 -939.000000 699.000000 -3769.000000
170.360001 14.220000 -88.470001 -897.000000 690.000000 -3923.000000
170.410004 14.140000 -88.489998 -872.000000 596.000000 -3962.000000
170.460007 14.030000 -88.519997 -774.000000 612.000000 -3938.000000
170.529999 13.940000 -88.540001 -961.000000 577.000000 -4180.000000
170.559998 13.870000 -88.580002 -974.000000 673.000000 -4250.000000
170.570007 13.830000 -88.620003 -1022.000000 613.000000 -4175.000000
170.539993 13.810000 -88.660004 -948.000000 695.000000 -4047.000000
170.479996 13.790000 -88.699997 -964.000000 732.000000 -3977.000000
170.399994 13.760000 -88.739998 -731.000000 791.000000 -3862.000000
170.360001 13.720000 -88.779999 -527.000000 724.000000 -3885.000000
170.339996 13.710000 -88.830002 -600.000000 705.000000 -3912.000000
170.369995 13.710000 -88.870003 -803.000000 693.000000 -4117.000000
170.399994 13.710000 -88.919998 -927.000000 769.000000 -4246.000000
170.410004 13.710000 -88.949997 -961.000000 756.000000 -4276.000000
170.399994 13.710000 -88.989998 -929.000000 732.000000 -4256.000000
170.350006 13.690000 -89.029999 -844.000000 769.000000 -4133.000000
170.289993 13.650000 -89.050003 -722.000000 760.000000 -4023.000000
170.220001 13.620000 -89.059998 -735.000000 759.000000 -3916.000000
170.160004 13.590000 -89.080002 -776.000000 749.000000 -3878.000000
170.119995 13.590000 -89.089996 -884.000000 706.000000 -3949.000000
170.100006 13.610000 -89.099998 -879.000000 715.000000 -3962.000000
170.089996 13.630000 -89.120003 -883.000000 740.000000 -4064.000000
170.089996 13.670000 -89.139999 -940.000000 733.000000 -4104.000000
170.080002 13.700000 -89.150002 -870.000000 714.000000 -4064.000000
170.059998 13.710000 -89.160004 -891.000000 703.000000 -4048.000000
170.020004 13.720000 -89.150002 -846.000000 739.000000 -3977.000000
169.979996 13.700000 -89.160004 -705.000000 769.000000 -3942.000000
169.949997 13.700000 -89.180000 -738.000000 760.000000 -3936.000000
169.919998 13.720000 -89.190002 -839.000000 793.000000 -4013.000000
169.889999 13.770000 -89.209999 -953.000000 739.000000 -4050.000000
169.869995 13.830000 -89.239998 -1000.000000 722.000000 -4086.000000
169.860001 13.880000 -89.269997 -1047.000000 705.000000 -4090.000000
169.839996 13.930000 -89.300003 -1018.000000 743.000000 -4017.000000
169.820007 13.950000 -89.330002 -850.000000 757.000000 -3996.000000
169.809998 13.960000 -89.360001 -862.000000 739.000000 -3976.000000
169.809998 13.980000 -89.389999 -949.000000 705.000000 -4007.000000
169.820007 13.990000 -89.430000 -892.000000 761.000000 -4043.000000
169.809998 13.970000 -89.459999 -844.000000 774.000000 -4054.000000
169.809998 13.960000 -89.489998 -947.000000 737.000000 -4052.000000
169.800003 13.950000 -89.519997 -938.000000 748.000000 -4052.000000
169.789993 13.920000 -89.550003 -931.000000 739.000000 -4009.000000
169.789993 13.890000 -89.580002 -929.000000 713.000000 -4016.000000
169.789993 13.840000 -89.610001 -849.000000 695.000000 -4013.000000
169.779999 13.800000 -89.639999 -826.000000 733.000000 -4032.000000
169.770004 13.770000 -89.699997 -833.000000 730.000000 -4007.000000
169.750000 13.730000 -89.739998 -801.000000 761.000000 -3986.000000
169.720001 13.710000 -89.790001 -863.000000 752.000000 -4017.000000
169.710007 13.700000 -89.830002 -931.000000 718.000000 -4053.000000
169.699997 13.680000 -89.870003 -886.000000 724.000000 -4042.000000
169.690002 13.660000 -89.900002 -909.000000 736.000000 -4084.000000
169.669998 13.640000 -89.930000 -909.000000 749.000000 -4069.000000
169.649994 13.630000 -89.949997 -917.000000 731.000000 -4041.000000
169.619995 13.640000 -89.980003 -960.000000 710.000000 -3934.000000
169.580002 13.640000 -90.019997 -674.000000 763.000000 -3844.000000
169.550003 13.640000 -90.070000 -759.000000 756.000000 -3898.000000
169.550003 13.660000 -90.099998 -912.000000 731.000000 -3945.000000
169.559998 13.680000 -90.129997 -922.000000 760.000000 -3993.000000
169.570007 13.710000 -90.169998 -915.000000 761.000000 -4014.000000
169.580002 13.730000 -90.199997 -935.000000 744.000000 -3969.000000
169.570007 13.740000 -90.239998 -779.000000 746.000000 -4030.000000
169.559998 13.730000 -90.269997 -710.000000 740.000000 -4060.000000
169.559998 13.720000 -90.300003 -771.000000 766.000000 -4030.000000
169.559998 13.720000 -90.320000 -867.000000 767.000000 -4051.000000
169.550003 13.730000 -90.339996 -835.000000 745.000000 -4047.000000
169.529999 13.740000 -90.349998 -881.000000 740.000000 -3977.000000
169.509995 13.760000 -90.360001 -892.000000 729.000000 -3953.000000
169.500000 13.770000 -90.379997 -873.000000 733.000000 -4001.000000
169.500000 13.790000 -90.400002 -909.000000 739.000000 -4001.000000
169.500000 13.800000 -90.419998 -900.000000 750.000000 -4029.000000
169.500000 13.810000 -90.449997 -863.000000 750.000000 -4073.000000
169.479996 13.810000 -90.459999 -871.000000 782.000000 -4155.000000
169.460007 13.800000 -90.470001 -874.000000 758.000000 -4159.000000
169.419998 13.790000 -90.470001 -876.000000 741.000000 -4020.000000
169.380005 13.770000 -90.480003 -870.000000 700.000000 -3971.000000
169.360001 13.770000 -90.489998 -874.000000 685.000000 -3920.000000
169.339996 13.770000 -90.529999 -897.000000 815.000000 -3949.000000
169.309998 13.780000 -90.559998 -936.000000 846.000000 -3933.000000
169.309998 13.810000 -90.580002 -954.000000 743.000000 -4006.000000
169.309998 13.830000 -90.599998 -902.000000 717.000000 -4031.000000
169.309998 13.850000 -90.629997 -904.000000 772.000000 -4075.000000
169.309998 13.870000 -90.650002 -929.000000 768.000000 -4072.000000
169.309998 13.890000 -90.669998 -924.000000 755.000000 -4038.000000
169.300003 13.900000 -90.699997 -856.000000 776.000000 -3981.000000
169.300003 13.910000 -90.709999 -901.000000 751.000000 -3968.000000
169.300003 13.930000 -90.730003 -909.000000 749.000000 -3991.000000
169.309998 13.920000 -90.779999 -902.000000 747.000000 -4000.000000
169.320007 13.900000 -90.820000 -910.000000 747.000000 -4045.000000
169.330002 13.880000 -90.849998 -879.000000 728.000000 -4080.000000
169.330002 13.850000 -90.879997 -890.000000 764.000000 -4050.000000
169.320007 13.840000 -90.910004 -932.000000 771.000000 -4009.000000
169.309998 13.840000 -90.940002 -896.000000 730.000000 -3973.000000
169.320007 13.860000 -90.959999 -910.000000 727.000000 -3995.000000
169.320007 13.860000 -91.010002 -923.000000 744.000000 -4067.000000
169.320007 13.870000 -91.029999 -888.000000 750.000000 -4077.000000
169.309998 13.860000 -91.050003 -844.000000 736.000000 -4040.000000
169.289993 13.840000 -91.070000 -834.000000 748.000000 -4017.000000
169.270004 13.830000 -91.080002 -874.000000 758.000000 -3996.000000
169.250000 13.820000 -91.099998 -930.000000 741.000000 -3987.000000
169.229996 13.810000 -91.110001 -919.000000 766.000000 -4029.000000
169.210007 13.800000 -91.129997 -898.000000 757.000000 -4030.000000
169.190002 13.780000 -91.150002 -874.000000 784.000000 -4042.000000
169.169998 13.760000 -91.169998 -868.000000 775.000000 -4050.000000
169.149994 13.760000 -91.190002 -902.000000 778.000000 -4051.000000
169.169998 13.760000 -91.199997 -890.000000 627.000000 -3974.000000
169.179993 13.760000 -91.230003 -839.000000 745.000000 -3953.000000
169.190002 13.760000 -91.279999 -867.000000 839.000000 -4016.000000
169.179993 13.770000 -91.309998 -912.000000 823.000000 -4021.000000
169.179993 13.800000 -91.330002 -932.000000 746.000000 -3992.000000
169.169998 13.830000 -91.349998 -901.000000 746.000000 -4021.000000
169.160004 13.840000 -91.360001 -899.000000 784.000000 -4088.000000
169.160004 13.850000 -91.370003 -921.000000 685.000000 -4031.000000
169.179993 13.840000 -91.389999 -853.000000 750.000000 -4120.000000
169.179993 13.840000 -91.430000 -923.000000 817.000000 -4165.000000
169.169998 13.850000 -91.440002 -972.000000 796.000000 -4234.000000
169.179993 13.890000 -91.480003 -1059.000000 693.000000 -4400.000000
169.169998 13.970000 -91.529999 -1036.000000 673.000000 -4493.000000
169.149994 14.150000 -91.620003 -1169.000000 679.000000 -4600.000000
169.089996 14.490000 -91.739998 -1406.000000 869.000000 -4785.000000
168.960007 15.110000 -91.910004 -1707.000000 854.000000 -4662.000000
168.770004 15.980000 -92.139999 -1628.000000 816.000000 -4570.000000
168.490005 17.030001 -92.459999 -1538.000000 739.000000 -4492.000000
168.160004 18.219999 -92.860001 -1490.000000 729.000000 -4382.000000
167.800003 19.510000 -93.320000 -1496.000000 667.000000 -4282.000000
167.410004 20.850000 -93.809998 -1573.000000 656.000000 -4202.000000
167.000000 22.270000 -94.349998 -1788.000000 705.000000 -4162.000000
166.559998 23.750000 -94.940002 -1955.000000 741.000000 -4250.000000
166.070007 25.330000 -95.570000 -2197.000000 770.000000 -4185.000000
165.550003 27.020000 -96.279999 -2381.000000 794.000000 -4161.000000
164.979996 28.820000 -97.080002 -2511.000000 839.000000 -4084.000000
164.360001 30.780001 -97.959999 -2590.000000 914.000000 -4052.000000
163.669998 32.900002 -98.959999 -2674.000000 970.000000 -4088.000000
162.929993 35.189999 -100.050003 -2696.000000 1010.000000 -4252.000000
162.070007 37.689999 -101.300003 -2823.000000 1091.000000 -4150.000000
160.929993 40.610001 -102.910004 -2781.000000 1116.000000 -3680.000000
159.550003 43.750000 -104.779999 -2763.000000 1089.000000 -3339.000000
157.889999 47.009998 -107.000000 -2607.000000 1045.000000 -3045.000000
155.889999 50.290001 -109.589996 -2443.000000 985.000000 -2534.000000
153.570007 53.450001 -112.519997 -2299.000000 1016.000000 -2276.000000
150.960007 56.470001 -115.809998 -2335.000000 1132.000000 -2095.000000
148.000000 59.320000 -119.470001 -2397.000000 1245.000000 -2003.000000
144.589996 61.950001 -123.540001 -2395.000000 1316.000000 -1829.000000
140.679993 64.300003 -128.059998 -2325.000000 1296.000000 -1348.000000
136.240005 66.370003 -133.080002 -2263.000000 1251.000000 -976.000000
130.809998 68.290001 -139.050003 -2403.000000 1183.000000 -321.000000
124.660004 69.930000 -145.729996 -2691.000000 1200.000000 -203.000000
117.879997 71.260002 -153.009995 -3067.000000 1229.000000 -252.000000
110.559998 72.290001 -160.789993 -3540.000000 1244.000000 -188.000000
102.949997 73.070000 -168.820007 -3980.000000 1237.000000 -154.000000
95.059998 73.620003 -177.100006 -4343.000000 1112.000000 -321.000000
86.570000 73.910004 174.070007 -4460.000000 984.000000 -454.000000
77.510002 73.809998 164.679993 -4165.000000 959.000000 -372.000000
68.110001 73.199997 154.949997 -3617.000000 1019.000000 18.000000
59.439999 72.019997 145.910004 -2854.000000 1108.000000 243.000000
52.259998 70.389999 138.339996 -2245.000000 1255.000000 541.000000
46.650002 68.550003 132.350006 -1961.000000 1325.000000 921.000000
42.320000 66.760002 127.730003 -2127.000000 1286.000000 1367.000000
39.090000 65.250000 124.250000 -2706.000000 1210.000000 1235.000000
36.279999 64.050003 121.260002 -3389.000000 1095.000000 1402.000000
33.810001 63.070000 118.620003 -3860.000000 1014.000000 1295.000000
31.520000 62.139999 116.169998 -4006.000000 893.000000 1301.000000
29.340000 61.090000 113.839996 -3726.000000 780.000000 1501.000000
27.430000 59.860001 111.750000 -3130.000000 828.000000 1480.000000
25.850000 58.509998 109.989998 -2741.000000 1097.000000 1381.000000
24.490000 57.090000 108.480003 -2596.000000 1264.000000 1599.000000
23.280001 55.759998 107.180000 -2557.000000 1249.000000 1515.000000
21.990000 54.509998 105.849998 -2899.000000 1062.000000 1743.000000
20.629999 53.310001 104.449997 -3148.000000 901.000000 1900.000000
19.230000 52.040001 103.040001 -3179.000000 705.000000 2173.000000
17.879999 50.630001 101.699997 -2933.000000 561.000000 2445.000000
16.730000 49.099998 100.550003 -2555.000000 638.000000 2559.000000
15.790000 47.580002 99.599998 -2398.000000 815.000000 2604.000000
14.950000 46.130001 98.730003 -2461.000000 829.000000 2722.000000
14.060000 44.750000 97.879997 -2635.000000 643.000000 2872.000000
13.160000 43.439999 97.040001 -2704.000000 495.000000 3020.000000
12.310000 42.169998 96.290001 -2794.000000 385.000000 3207.000000
11.580000 40.939999 95.660004 -2624.000000 409.000000 3060.000000
10.920000 39.720001 95.120003 -2523.000000 413.000000 3079.000000
10.330000 38.529999 94.650002 -2525.000000 436.000000 3148.000000
9.800000 37.400002 94.209999 -2561.000000 459.000000 3082.000000
9.300000 36.259998 93.790001 -2611.000000 427.000000 3241.000000
8.810000 35.060001 93.410004 -2525.000000 353.000000 3627.000000
8.330000 33.790001 93.080002 -2153.000000 235.000000 3856.000000
7.910000 32.540001 92.809998 -1932.000000 268.000000 4077.000000
7.580000 31.459999 92.610001 -1862.000000 376.000000 3923.000000
7.320000 30.639999 92.470001 -1924.000000 457.000000 3664.000000
7.070000 30.030001 92.290001 -2040.000000 456.000000 3478.000000
6.780000 29.530001 92.139999 -2172.000000 344.000000 3528.000000
6.490000 29.080000 91.970001 -2556.000000 197.000000 3732.000000
6.220000 28.530001 91.849998 -2320.000000 172.000000 3655.000000
6.020000 27.840000 91.800003 -1890.000000 308.000000 3956.000000
5.930000 27.150000 91.860001 -1601.000000 538.000000 3988.000000
5.830000 26.580000 91.860001 -1669.000000 509.000000 4081.000000
5.690000 26.230000 91.830002 -1935.000000 365.000000 3804.000000
5.570000 25.980000 91.800003 -2143.000000 351.000000 3643.000000
5.450000 25.709999 91.779999 -1978.000000 375.000000 3688.000000
5.350000 25.370001 91.769997 -1654.000000 417.000000 3816.000000
5.230000 25.030001 91.760002 -1288.000000 416.000000 3856.000000
5.120000 24.809999 91.750000 -1275.000000 406.000000 3685.000000
5.010000 24.780001 91.739998 -1497.000000 405.000000 3571.000000
4.900000 24.870001 91.690002 -1692.000000 370.000000 3289.000000
4.750000 24.940001 91.610001 -1687.000000 321.000000 3302.000000
4.590000 24.950001 91.500000 -1612.000000 263.000000 3416.000000
4.400000 24.879999 91.389999 -1421.000000 236.000000 3518.000000
4.210000 24.780001 91.250000 -1219.000000 255.000000 3532.000000
4.020000 24.700001 91.139999 -1120.000000 286.000000 3566.000000
3.820000 24.680000 91.010002 -1039.000000 264.000000 3505.000000
3.590000 24.879999 90.870003 -1437.000000 202.000000 3376.000000
3.360000 25.250000 90.669998 -2590.000000 20.000000 3232.000000
3.170000 25.280001 90.470001 -3632.000000 -160.000000 4947.000000
2.990000 25.180000 90.430000 -2408.000000 -415.000000 4457.000000
3.000000 24.940001 90.519997 -1420.000000 291.000000 4262.000000
3.160000 24.760000 90.629997 -946.000000 767.000000 4017.000000
3.250000 24.770000 90.690002 -1116.000000 604.000000 3840.000000
3.160000 25.080000 90.639999 -1524.000000 206.000000 3590.000000
3.000000 25.570000 90.500000 -2068.000000 5.000000 3334.000000
2.850000 25.950001 90.379997 -2214.000000 -77.000000 3317.000000
2.710000 26.170000 90.320000 -2036.000000 -40.000000 3444.000000
2.650000 26.270000 90.300003 -1935.000000 164.000000 3473.000000
2.600000 26.280001 90.269997 -1816.000000 165.000000 3625.000000
2.560000 26.250000 90.279999 -1868.000000 156.000000 3674.000000
2.530000 26.209999 90.290001 -1856.000000 179.000000 3790.000000
2.550000 26.150000 90.330002 -1682.000000 266.000000 3725.000000
2.590000 26.100000 90.370003 -1576.000000 315.000000 3796.000000
2.610000 26.129999 90.410004 -1656.000000 260.000000 3792.000000
2.580000 26.260000 90.410004 -1827.000000 143.000000 3754.000000
2.550000 26.430000 90.379997 -2063.000000 26.000000 3781.000000
2.500000 26.570000 90.339996 -2037.000000 -70.000000 3737.000000
2.490000 26.639999 90.330002 -1913.000000 -78.000000 3638.000000
2.520000 26.610001 90.370003 -1687.000000 -56.000000 3624.000000
2.580000 26.510000 90.440002 -1407.000000 -23.000000 3623.000000
2.670000 26.340000 90.519997 -1186.000000 -9.000000 3698.000000
2.760000 26.170000 90.620003 -1227.000000 -76.000000 4019.000000
2.840000 26.049999 90.699997 -1305.000000 -190.000000 4117.000000
2.920000 26.010000 90.760002 -1458.000000 -323.000000 4336.000000
3.020000 26.080000 90.860001 -1586.000000 -402.000000 4337.000000
3.170000 26.270000 91.000000 -1703.000000 -430.000000 4230.000000
3.360000 26.530001 91.169998 -1725.000000 -455.000000 4093.000000
3.570000 26.820000 91.379997 -1761.000000 -509.000000 4065.000000
3.840000 27.070000 91.680000 -1644.000000 -574.000000 4061.000000
4.130000 27.230000 92.029999 -1434.000000 -601.000000 3967.000000
4.460000 27.330000 92.430000 -1184.000000 -574.000000 3888.000000
4.840000 27.410000 92.919998 -985.000000 -490.000000 3867.000000
5.270000 27.520000 93.459999 -856.000000 -308.000000 3748.000000
5.740000 27.700001 94.040001 -1008.000000 -174.000000 3688.000000
6.280000 27.969999 94.660004 -1289.000000 68.000000 3482.000000
6.900000 28.320000 95.360001 -1692.000000 272.000000 3357.000000
7.520000 28.639999 96.059998 -1992.000000 406.000000 3349.000000
8.110000 28.820000 96.739998 -2100.000000 402.000000 3484.000000
8.620000 28.780001 97.389999 -1951.000000 338.000000 3634.000000
9.080000 28.540001 98.099998 -1626.000000 338.000000 3477.000000
9.410000 28.110001 98.879997 -1006.000000 216.000000 3271.000000
9.730000 27.820000 99.800003 -694.000000 311.000000 3377.000000
10.210000 27.920000 100.769997 -1004.000000 763.000000 3456.000000
10.800000 28.410000 101.629997 -1756.000000 1177.000000 3418.000000
11.360000 29.059999 102.290001 -2426.000000 1349.000000 3324.000000
11.780000 29.629999 102.720001 -2748.000000 1301.000000 3232.000000
12.070000 29.950001 102.959999 -2864.000000 1113.000000 3286.000000
12.280000 30.090000 103.089996 -2542.000000 983.000000 3152.000000
12.450000 30.100000 103.220001 -2091.000000 938.000000 3049.000000
12.620000 30.080000 103.389999 -1949.000000 949.000000 2971.000000
12.800000 30.090000 103.660004 -2050.000000 918.000000 3056.000000
13.030000 30.219999 104.010002 -2222.000000 959.000000 2709.000000
13.270000 30.430000 104.430000 -2524.000000 1042.000000 2442.000000
13.510000 30.650000 104.860001 -2788.000000 1143.000000 2179.000000
13.740000 30.770000 105.290001 -2987.000000 1316.000000 2254.000000
13.950000 30.760000 105.680000 -3079.000000 1441.000000 2597.000000
14.080000 30.620001 105.989998 -3060.000000 1498.000000 2632.000000
14.120000 30.410000 106.209999 -2833.000000 1428.000000 2745.000000
14.060000 30.160000 106.349998 -2520.000000 1301.000000 2656.000000
13.970000 29.870001 106.459999 -2296.000000 1240.000000 2691.000000
13.930000 29.600000 106.589996 -2006.000000 1283.000000 2593.000000
13.930000 29.389999 106.779999 -1873.000000 1358.000000 2644.000000
13.980000 29.219999 106.989998 -1910.000000 1428.000000 2737.000000
14.020000 29.100000 107.190002 -2020.000000 1440.000000 2869.000000
14.040000 29.040001 107.370003 -2242.000000 1429.000000 3098.000000
14.050000 29.000000 107.510002 -2523.000000 1412.000000 3126.000000
14.060000 28.959999 107.599998 -2689.000000 1386.000000 3097.000000
14.040000 28.900000 107.669998 -2641.000000 1333.000000 2983.000000
14.040000 28.790001 107.730003 -2398.000000 1383.000000 2873.000000
14.060000 28.600000 107.820000 -2034.000000 1518.000000 2932.000000
14.120000 28.370001 107.959999 -1761.000000 1610.000000 3009.000000
14.180000 28.160000 108.110001 -1676.000000 1630.000000 3291.000000
14.220000 28.000000 108.239998 -1826.000000 1586.000000 3454.000000
14.200000 27.920000 108.379997 -1986.000000 1384.000000 3615.000000
14.160000 27.940001 108.470001 -2224.000000 1231.000000 3505.000000
14.150000 27.980000 108.519997 -2502.000000 1181.000000 3383.000000
14.170000 27.959999 108.559998 -2445.000000 1222.000000 3133.000000
14.190000 27.820000 108.629997 -2201.000000 1224.000000 3090.000000
14.200000 27.559999 108.699997 -1812.000000 1271.000000 2954.000000
14.200000 27.240000 108.739998 -1370.000000 1350.000000 2776.000000
14.150000 26.870001 108.769997 -1073.000000 1329.000000 2902.000000
14.090000 26.549999 108.839996 -973.000000 1506.000000 3185.000000
14.020000 26.219999 109.029999 -1051.000000 1531.000000 3587.000000
13.870000 25.879999 109.250000 -1592.000000 1518.000000 4362.000000
13.690000 25.580000 109.449997 -2285.000000 1406.000000 4970.000000
13.540000 25.309999 109.570000 -3096.000000 1144.000000 5006.000000
13.480000 25.059999 109.580002 -2959.000000 1196.000000 4025.000000
13.470000 24.719999 109.559998 -2081.000000 1349.000000 3355.000000
13.400000 24.209999 109.570000 -1292.000000 1211.000000 3330.000000
13.270000 23.690001 109.540001 -839.000000 1022.000000 3573.000000
13.170000 23.330000 109.430000 -889.000000 908.000000 3832.000000
13.140000 23.160000 109.300003 -1088.000000 855.000000 3975.000000
13.150000 23.190001 109.230003 -1312.000000 841.000000 3934.000000
13.240000 23.350000 109.230003 -1609.000000 867.000000 3752.000000
13.370000 23.580000 109.239998 -2023.000000 943.000000 3509.000000
13.490000 23.770000 109.220001 -2276.000000 998.000000 3373.000000
13.550000 23.850000 109.190002 -2246.000000 911.000000 3337.000000
13.540000 23.840000 109.160004 -2056.000000 815.000000 3383.000000
13.510000 23.740000 109.139999 -1875.000000 765.000000 3542.000000
13.500000 23.620001 109.110001 -1702.000000 801.000000 3635.000000
13.510000 23.510000 109.129997 -1600.000000 825.000000 3736.000000
13.550000 23.389999 109.169998 -1482.000000 831.000000 3780.000000
13.620000 23.280001 109.220001 -1402.000000 871.000000 3670.000000
13.690000 23.180000 109.290001 -1287.000000 880.000000 3796.000000
13.780000 23.100000 109.370003 -1161.000000 927.000000 3759.000000
13.900000 23.059999 109.449997 -1144.000000 1029.000000 3787.000000
14.030000 23.070000 109.550003 -1192.000000 1120.000000 3762.000000
14.120000 23.139999 109.650002 -1334.000000 1126.000000 3782.000000
14.200000 23.280001 109.730003 -1454.000000 1064.000000 3610.000000
14.250000 23.450001 109.779999 -1644.000000 1007.000000 3551.000000
14.290000 23.600000 109.820000 -1758.000000 960.000000 3487.000000
14.320000 23.740000 109.860001 -1868.000000 957.000000 3472.000000
14.360000 23.860001 109.910004 -1857.000000 960.000000 3501.000000
14.400000 23.950001 109.959999 -1774.000000 990.000000 3520.000000
14.450000 24.010000 110.029999 -1649.000000 996.000000 3551.000000
14.480000 24.059999 110.110001 -1599.000000 972.000000 3565.000000
14.530000 24.129999 110.180000 -1578.000000 979.000000 3593.000000
14.560000 24.209999 110.260002 -1607.000000 986.000000 3588.000000
14.600000 24.309999 110.360001 -1629.000000 988.000000 3601.000000
14.650000 24.430000 110.440002 -1667.000000 986.000000 3520.000000
14.680000 24.549999 110.529999 -1714.000000 998.000000 3505.000000
14.710000 24.660000 110.620003 -1761.000000 983.000000 3494.000000
14.740000 24.780001 110.709999 -1765.000000 987.000000 3497.000000
14.780000 24.889999 110.790001 -1748.000000 994.000000 3493.000000
14.810000 25.000000 110.879997 -1755.000000 991.000000 3530.000000
14.850000 25.090000 110.959999 -1776.000000 1014.000000 3520.000000
14.880000 25.170000 111.050003 -1738.000000 1007.000000 3496.000000
