4.080000 21.670000 73.080002 -11.870000 -23.020000 0.000000 1497.000000 -982.000000 3971.000000 -228.000000 -1740.000000 3990.000000 
4.070000 21.610001 73.029999 -11.910000 -23.049999 0.000000 1500.000000 -1021.000000 3905.000000 -205.000000 -1765.000000 4034.000000 
4.010000 21.590000 73.000000 -11.930000 -23.170000 0.000000 1507.000000 -1031.000000 3936.000000 -208.000000 -1770.000000 3956.000000 
3.950000 21.639999 72.930000 -11.930000 -23.240000 0.000000 1479.000000 -1004.000000 3918.000000 -182.000000 -1746.000000 3966.000000 
3.890000 21.750000 72.889999 -11.910000 -23.110001 0.000000 1465.000000 -967.000000 3961.000000 -236.000000 -1721.000000 4009.000000 
3.890000 21.900000 72.889999 -11.920000 -23.010000 0.000000 1488.000000 -969.000000 3938.000000 -278.000000 -1692.000000 4027.000000 
3.930000 21.910000 72.830002 -11.940000 -22.920000 0.000000 1589.000000 -934.000000 3899.000000 -198.000000 -1695.000000 4089.000000 
3.980000 21.780001 72.790001 -12.040000 -22.889999 0.000000 1556.000000 -1027.000000 3948.000000 -149.000000 -1735.000000 4089.000000 
3.990000 21.610001 72.790001 -12.160000 -22.910000 0.000000 1537.000000 -1107.000000 3942.000000 -160.000000 -1759.000000 4004.000000 
3.890000 21.540001 72.699997 -12.240000 -22.990000 0.000000 1499.000000 -1106.000000 3869.000000 -147.000000 -1800.000000 4015.000000 
3.620000 21.540001 72.529999 -12.260000 -23.129999 0.000000 1363.000000 -1125.000000 4029.000000 -201.000000 -1798.000000 3920.000000 
3.290000 21.719999 72.349998 -12.210000 -23.170000 0.000000 1450.000000 -1081.000000 3911.000000 -329.000000 -1790.000000 4051.000000 
2.980000 21.860001 72.199997 -12.110000 -23.170000 0.000000 1340.000000 -1095.000000 3977.000000 -256.000000 -1755.000000 4001.000000 
2.770000 22.010000 72.070000 -11.960000 -23.110001 0.000000 1422.000000 -1020.000000 3972.000000 -300.000000 -1732.000000 4039.000000 
2.710000 22.030001 72.040001 -11.800000 -22.990000 0.000000 1473.000000 -1018.000000 3932.000000 -261.000000 -1702.000000 4047.000000 
2.650000 21.940001 72.029999 -11.610000 -22.830000 0.000000 1561.000000 -971.000000 3937.000000 -182.000000 -1660.000000 4045.000000 
2.480000 21.820000 71.940002 -11.410000 -22.840000 0.000000 1577.000000 -949.000000 3964.000000 -135.000000 -1707.000000 4097.000000 
2.100000 21.860001 71.800003 -11.130000 -22.850000 0.000000 1294.000000 -606.000000 3421.000000 -154.000000 -1726.000000 4124.000000 
1.510000 22.049999 71.599998 -11.240000 -23.049999 0.000000 1291.000000 -946.000000 3939.000000 -263.000000 -1779.000000 4122.000000 
0.890000 22.420000 71.360001 -11.420000 -23.219999 0.000000 1373.000000 -841.000000 3929.000000 -258.000000 -1788.000000 4245.000000 
0.300000 22.910000 71.190002 -11.930000 -23.420000 0.000000 1417.000000 -965.000000 4058.000000 -304.000000 -1780.000000 4261.000000 
-0.320000 23.440001 71.059998 -12.740000 -23.690001 0.000000 1259.000000 -967.000000 3943.000000 -288.000000 -1757.000000 4293.000000 
-1.010000 23.950001 70.940002 -13.750000 -24.240000 0.000000 1593.000000 -1020.000000 3984.000000 -448.000000 -1861.000000 4230.000000 
-2.160000 24.400000 70.650002 -15.030000 -24.600000 0.000000 1938.000000 -1687.000000 4903.000000 -213.000000 -1758.000000 4243.000000 
-3.480000 24.780001 70.139999 -15.920000 -25.200001 0.000000 1952.000000 -1170.000000 4982.000000 -454.000000 -1892.000000 4293.000000 
-4.180000 24.680000 69.860001 -17.110001 -25.980000 0.000000 3001.000000 -1414.000000 5604.000000 -148.000000 -2157.000000 4791.000000 
-5.160000 24.730000 69.610001 -18.150000 -26.680000 0.000000 2103.000000 -1615.000000 7132.000000 -756.000000 -1207.000000 4346.000000 
-5.920000 24.410000 69.349998 -18.600000 -28.049999 0.000000 3204.000000 -1496.000000 7253.000000 872.000000 -2491.000000 6434.000000 
-5.820000 23.950001 69.070000 -18.549999 -28.870001 0.000000 3200.000000 -1420.000000 6761.000000 567.000000 -3260.000000 8293.000000 
-5.490000 24.209999 68.769997 -17.969999 -28.870001 0.000000 3166.000000 -1035.000000 5819.000000 -509.000000 -3307.000000 8045.000000 
-5.450000 25.000000 68.230003 -17.100000 -28.480000 0.000000 3116.000000 -906.000000 5575.000000 -1099.000000 -3083.000000 7205.000000 
-5.450000 26.190001 67.680000 -16.010000 -27.670000 0.000000 2729.000000 -756.000000 5476.000000 -693.000000 -2724.000000 6409.000000 
-5.100000 27.389999 67.220001 -14.820000 -26.799999 0.000000 2464.000000 -618.000000 4956.000000 92.000000 -2374.000000 5877.000000 
-4.300000 28.410000 66.779999 -13.590000 -25.799999 0.000000 2294.000000 -401.000000 4331.000000 81.000000 -2196.000000 5490.000000 
-2.940000 29.230000 66.510002 -12.380000 -24.670000 0.000000 2038.000000 -279.000000 3883.000000 -222.000000 -2058.000000 5181.000000 
-1.130000 29.870001 66.370003 -11.220000 -23.360001 0.000000 1913.000000 -184.000000 3706.000000 -497.000000 -1919.000000 4795.000000 
0.770000 30.389999 66.199997 -10.120000 -22.219999 0.000000 1889.000000 -65.000000 3687.000000 -421.000000 -1708.000000 4419.000000 
2.640000 30.840000 65.989998 -9.130000 -21.129999 0.000000 1847.000000 -47.000000 3847.000000 -241.000000 -1481.000000 4105.000000 
4.590000 31.219999 65.709999 -8.240000 -20.000000 0.000000 1729.000000 -90.000000 3930.000000 -107.000000 -1296.000000 3925.000000 
6.710000 31.490000 65.500000 -7.330000 -19.100000 0.000000 1591.000000 17.000000 3547.000000 -130.000000 -1165.000000 3611.000000 
8.920000 31.760000 65.290001 -6.510000 -17.969999 0.000000 1648.000000 68.000000 3121.000000 -391.000000 -933.000000 3325.000000 
11.090000 32.090000 65.099998 -5.800000 -17.389999 0.000000 1434.000000 12.000000 3147.000000 -993.000000 -415.000000 2495.000000 
13.130000 32.500000 64.889999 -5.050000 -16.680000 0.000000 1017.000000 128.000000 2967.000000 -843.000000 -114.000000 2042.000000 
14.970000 32.900002 64.650002 -4.150000 -15.920000 0.000000 894.000000 341.000000 2148.000000 -740.000000 99.000000 1698.000000 
16.600000 33.240002 64.320000 -3.310000 -15.310000 0.000000 567.000000 342.000000 1704.000000 -960.000000 225.000000 1465.000000 
18.000000 33.490002 63.910000 -2.610000 -14.790000 0.000000 205.000000 433.000000 1264.000000 -1092.000000 347.000000 1038.000000 
19.190001 33.549999 63.400002 -2.080000 -14.150000 0.000000 187.000000 416.000000 999.000000 -752.000000 427.000000 867.000000 
20.080000 33.380001 62.759998 -1.780000 -13.530000 0.000000 364.000000 330.000000 936.000000 -501.000000 269.000000 718.000000 
20.580000 33.029999 61.930000 -2.020000 -13.080000 0.000000 476.000000 70.000000 1070.000000 -402.000000 -47.000000 923.000000 
20.660000 32.490002 60.910000 -3.060000 -13.700000 0.000000 554.000000 -205.000000 1352.000000 -96.000000 -509.000000 1293.000000 
20.299999 31.459999 59.689999 -4.600000 -14.790000 0.000000 870.000000 -619.000000 1892.000000 29.000000 -1031.000000 1716.000000 
19.230000 29.920000 58.150002 -6.210000 -16.040001 0.000000 909.000000 -934.000000 2225.000000 -48.000000 -1406.000000 2065.000000 
17.860001 28.379999 56.470001 -7.820000 -17.379999 0.000000 952.000000 -1121.000000 2263.000000 -182.000000 -1782.000000 2300.000000 
16.440001 26.840000 54.869999 -9.450000 -18.709999 0.000000 942.000000 -1300.000000 2131.000000 -191.000000 -2037.000000 2375.000000 
14.910000 25.360001 53.290001 -11.090000 -19.959999 0.000000 1005.000000 -1498.000000 2049.000000 161.000000 -2325.000000 2528.000000 
13.300000 23.959999 51.799999 -12.830000 -21.080000 0.000000 970.000000 -1794.000000 2138.000000 529.000000 -2533.000000 2537.000000 
11.760000 22.469999 50.389999 -14.660000 -22.110001 0.000000 1058.000000 -2121.000000 2248.000000 921.000000 -2671.000000 2300.000000 
10.290000 20.900000 49.099998 -16.559999 -23.180000 0.000000 1206.000000 -2573.000000 2509.000000 866.000000 -2739.000000 2008.000000 
8.880000 19.260000 47.900002 -18.459999 -24.350000 0.000000 1233.000000 -2837.000000 2680.000000 826.000000 -2855.000000 1853.000000 
7.580000 17.520000 46.799999 -20.340000 -25.629999 0.000000 1346.000000 -2998.000000 2910.000000 1064.000000 -3314.000000 2287.000000 
6.370000 15.690000 45.840000 -22.190001 -27.000000 0.000000 1388.000000 -3307.000000 3271.000000 1095.000000 -3705.000000 2863.000000 
5.130000 13.900000 44.980000 -23.930000 -28.389999 0.000000 1405.000000 -3440.000000 3682.000000 1033.000000 -3919.000000 3116.000000 
3.810000 12.290000 44.169998 -25.480000 -29.389999 0.000000 1631.000000 -3507.000000 3951.000000 1186.000000 -4082.000000 3461.000000 
2.450000 10.890000 43.450001 -26.870001 -29.670000 0.000000 1762.000000 -3408.000000 3831.000000 1380.000000 -4110.000000 3892.000000 
1.170000 9.630000 42.830002 -28.129999 -29.740000 0.000000 1771.000000 -3262.000000 3599.000000 1490.000000 -3964.000000 3867.000000 
0.020000 8.490000 42.330002 -29.320000 -29.680000 0.000000 1689.000000 -3167.000000 3227.000000 1443.000000 -3761.000000 3666.000000 
-1.020000 7.470000 41.919998 -30.450001 -29.510000 0.000000 1702.000000 -3089.000000 2896.000000 1481.000000 -3649.000000 3487.000000 
-1.910000 6.450000 41.599998 -31.559999 -29.290001 0.000000 1830.000000 -3168.000000 3020.000000 1467.000000 -3518.000000 3280.000000 
-2.650000 5.380000 41.389999 -32.630001 -29.049999 0.000000 1903.000000 -3224.000000 3272.000000 1627.000000 -3421.000000 3218.000000 
-3.280000 4.290000 41.240002 -33.610001 -28.860001 0.000000 2014.000000 -3270.000000 3519.000000 1822.000000 -3610.000000 3308.000000 
-3.900000 3.310000 41.119999 -34.570000 -28.590000 0.000000 1985.000000 -3260.000000 3053.000000 2750.000000 -3270.000000 3451.000000 
-4.590000 2.580000 41.009998 -35.430000 -28.360001 0.000000 2582.000000 -3045.000000 2321.000000 2269.000000 -3747.000000 4303.000000 
-4.700000 1.260000 40.970001 -36.349998 -27.920000 0.000000 2571.000000 -3218.000000 2875.000000 2232.000000 -3360.000000 3938.000000 
-4.560000 -0.070000 41.049999 -37.279999 -27.459999 0.000000 2603.000000 -3027.000000 2571.000000 2242.000000 -3395.000000 4035.000000 
-4.170000 -1.530000 41.090000 -38.099998 -27.080000 0.000000 3026.000000 -3047.000000 3251.000000 1415.000000 -3434.000000 4036.000000 
-3.290000 -2.770000 41.110001 -38.709999 -26.690001 0.000000 3003.000000 -3306.000000 4102.000000 1559.000000 -3220.000000 3520.000000 
-2.580000 -3.690000 41.310001 -38.630001 -26.330000 0.000000 8020.000000 -6686.000000 10564.000000 2489.000000 -2961.000000 3367.000000 
-2.190000 -4.510000 41.380001 -38.720001 -26.170000 0.000000 4101.000000 -3849.000000 1070.000000 2943.000000 -3157.000000 3815.000000 
-1.560000 -4.620000 41.540001 -39.020000 -26.090000 0.000000 2658.000000 -3093.000000 1792.000000 1531.000000 -3192.000000 3715.000000 
-0.580000 -3.920000 41.630001 -39.080002 -26.030001 0.000000 1813.000000 -2894.000000 2948.000000 212.000000 -2955.000000 3510.000000 
-0.160000 -2.980000 41.910000 -39.580002 -25.840000 0.000000 1931.000000 -2692.000000 2273.000000 974.000000 -2453.000000 2860.000000 
-0.030000 -2.750000 42.360001 -40.099998 -25.540001 0.000000 2501.000000 -2754.000000 2044.000000 1469.000000 -2032.000000 2292.000000 
0.670000 -2.280000 42.630001 -40.360001 -25.290001 0.000000 3143.000000 -2458.000000 1902.000000 1406.000000 -2085.000000 2539.000000 
0.780000 -2.030000 43.009998 -40.360001 -25.120001 0.000000 2712.000000 -2484.000000 2588.000000 1937.000000 -2968.000000 4013.000000 
0.840000 -2.300000 43.180000 -39.980000 -24.930000 0.000000 1139.000000 -3182.000000 7555.000000 1085.000000 -3229.000000 3801.000000 
0.500000 -1.240000 43.410000 -38.840000 -24.670000 0.000000 3126.000000 -2476.000000 3388.000000 1414.000000 -2511.000000 3140.000000 
0.220000 0.000000 43.540001 -37.959999 -24.430000 0.000000 2094.000000 -2280.000000 3068.000000 962.000000 -2382.000000 2936.000000 
0.350000 0.960000 43.680000 -37.130001 -24.160000 0.000000 2005.000000 -2216.000000 2946.000000 952.000000 -2643.000000 3174.000000 
0.310000 1.770000 43.849998 -36.349998 -23.799999 0.000000 2539.000000 -2052.000000 2818.000000 998.000000 -2552.000000 3362.000000 
0.170000 2.540000 44.060001 -35.439999 -23.430000 0.000000 2103.000000 -2096.000000 3040.000000 1062.000000 -2462.000000 3160.000000 
0.250000 3.140000 44.310001 -34.630001 -23.000000 0.000000 2227.000000 -1953.000000 2882.000000 1203.000000 -2448.000000 3291.000000 
0.270000 3.650000 44.570000 -34.040001 -22.480000 0.000000 2380.000000 -1811.000000 2778.000000 1220.000000 -2410.000000 3359.000000 
0.840000 3.710000 44.680000 -33.639999 -21.980000 0.000000 2478.000000 -1913.000000 2881.000000 1077.000000 -2508.000000 3534.000000 
1.250000 3.800000 44.880001 -33.349998 -21.510000 0.000000 2348.000000 -1952.000000 2887.000000 1182.000000 -2449.000000 3472.000000 
1.730000 3.690000 45.119999 -33.200001 -21.090000 0.000000 2505.000000 -1929.000000 2844.000000 1127.000000 -2527.000000 3646.000000 
2.000000 3.630000 45.410000 -33.090000 -20.740000 0.000000 2641.000000 -1926.000000 2938.000000 1433.000000 -2329.000000 3384.000000 
2.430000 3.330000 45.619999 -33.349998 -20.480000 0.000000 2562.000000 -2000.000000 2782.000000 1339.000000 -2620.000000 3641.000000 
2.570000 3.180000 45.830002 -33.700001 -20.290001 0.000000 2633.000000 -2105.000000 2867.000000 1411.000000 -2432.000000 3365.000000 
2.620000 3.130000 46.080002 -34.259998 -20.190001 0.000000 2480.000000 -2193.000000 2691.000000 1243.000000 -2663.000000 3634.000000 
2.170000 3.580000 46.279999 -34.610001 -20.170000 0.000000 2522.000000 -2065.000000 2714.000000 1427.000000 -2338.000000 3035.000000 
2.370000 3.830000 46.430000 -35.139999 -20.129999 0.000000 2407.000000 -2252.000000 2833.000000 812.000000 -2512.000000 3521.000000 
2.460000 3.680000 46.570000 -35.680000 -20.129999 0.000000 2555.000000 -2056.000000 2392.000000 1294.000000 -2682.000000 3348.000000 
2.140000 3.530000 46.680000 -36.259998 -20.139999 0.000000 2370.000000 -2188.000000 2694.000000 1536.000000 -2466.000000 3171.000000 
1.740000 3.780000 46.810001 -37.090000 -20.180000 0.000000 2208.000000 -2385.000000 2770.000000 1519.000000 -2595.000000 3101.000000 
1.540000 3.650000 46.950001 -37.730000 -20.240000 0.000000 2327.000000 -2399.000000 2817.000000 1069.000000 -2692.000000 3186.000000 
1.020000 4.000000 46.939999 -37.950001 -20.240000 0.000000 2147.000000 -2439.000000 2988.000000 1295.000000 -2663.000000 3176.000000 
0.710000 3.600000 47.029999 -38.299999 -20.250000 0.000000 2237.000000 -2311.000000 2665.000000 1311.000000 -2672.000000 3174.000000 
0.340000 3.200000 47.090000 -38.889999 -20.270000 0.000000 2230.000000 -2351.000000 2606.000000 1437.000000 -2745.000000 3186.000000 
-0.040000 3.190000 47.209999 -39.369999 -20.290001 0.000000 2274.000000 -2508.000000 2841.000000 1221.000000 -2796.000000 3332.000000 
-0.200000 3.180000 47.290001 -39.799999 -20.340000 0.000000 2248.000000 -2471.000000 2763.000000 1288.000000 -2622.000000 3126.000000 
-0.020000 2.770000 47.480000 -40.500000 -20.440001 0.000000 2230.000000 -2481.000000 2513.000000 1565.000000 -2813.000000 3002.000000 
0.200000 2.430000 47.720001 -41.330002 -20.600000 0.000000 2554.000000 -2703.000000 2430.000000 780.000000 -2872.000000 2861.000000 
-0.230000 2.640000 47.720001 -42.209999 -20.620001 0.000000 2262.000000 -2856.000000 2376.000000 1783.000000 -2860.000000 3073.000000 
-0.780000 2.370000 47.849998 -42.770000 -20.530001 0.000000 3094.000000 -3064.000000 2781.000000 1948.000000 -3202.000000 3681.000000 
-0.820000 2.070000 47.869999 -42.830002 -20.450001 0.000000 3356.000000 -3140.000000 3036.000000 1823.000000 -3221.000000 3778.000000 
-0.680000 2.050000 47.880001 -42.590000 -20.400000 0.000000 3369.000000 -3325.000000 3361.000000 1912.000000 -3098.000000 3724.000000 
-0.530000 2.230000 47.889999 -42.110001 -20.370001 0.000000 3443.000000 -3320.000000 3409.000000 1995.000000 -3087.000000 3781.000000 
-0.310000 2.650000 47.820000 -41.680000 -20.379999 0.000000 3506.000000 -3316.000000 3163.000000 1759.000000 -3199.000000 4024.000000 
-0.210000 3.230000 47.740002 -41.160000 -20.410000 0.000000 3428.000000 -3298.000000 2976.000000 1735.000000 -3200.000000 3927.000000 
-0.130000 3.990000 47.619999 -40.450001 -20.459999 0.000000 3607.000000 -3333.000000 2941.000000 1317.000000 -3202.000000 3951.000000 
-0.070000 5.170000 47.470001 -39.290001 -20.570000 0.000000 3780.000000 -3445.000000 3320.000000 1019.000000 -3206.000000 3852.000000 
-0.100000 7.520000 47.150002 -38.040001 -20.719999 0.000000 3337.000000 -3295.000000 3205.000000 812.000000 -3096.000000 3628.000000 
-0.280000 9.910000 46.869999 -36.240002 -20.920000 0.000000 3094.000000 -3179.000000 3530.000000 681.000000 -3118.000000 3525.000000 
-0.500000 12.480000 46.380001 -34.490002 -21.160000 0.000000 2800.000000 -3220.000000 3745.000000 383.000000 -3064.000000 3296.000000 
-1.230000 15.540000 45.790001 -32.730000 -21.469999 0.000000 2818.000000 -3188.000000 3870.000000 163.000000 -3043.000000 3150.000000 
-2.200000 18.910000 45.099998 -31.139999 -21.840000 0.000000 2657.000000 -3173.000000 4024.000000 -136.000000 -2962.000000 2988.000000 
-3.580000 22.860001 44.240002 -29.639999 -22.290001 0.000000 2383.000000 -3026.000000 4023.000000 -503.000000 -2805.000000 2776.000000 
-5.590000 27.150000 43.160000 -28.120001 -22.820000 0.000000 1883.000000 -2739.000000 3844.000000 -1090.000000 -2750.000000 2565.000000 
-7.980000 31.660000 41.820000 -26.690001 -23.420000 0.000000 1472.000000 -2552.000000 3775.000000 -1711.000000 -2700.000000 2322.000000 
-10.770000 36.270000 40.180000 -25.370001 -24.049999 0.000000 989.000000 -2340.000000 3615.000000 -2271.000000 -2642.000000 2173.000000 
-14.120000 40.860001 38.110001 -24.059999 -24.730000 0.000000 703.000000 -2181.000000 3562.000000 -2525.000000 -2687.000000 1903.000000 
-18.110001 45.400002 35.500000 -22.629999 -25.420000 0.000000 692.000000 -2035.000000 3517.000000 -2685.000000 -2669.000000 1810.000000 
-22.990000 49.860001 32.099998 -21.170000 -26.120001 0.000000 558.000000 -1841.000000 3427.000000 -2710.000000 -2617.000000 1704.000000 
-29.190001 54.139999 27.469999 -19.559999 -26.850000 0.000000 636.000000 -1441.000000 3200.000000 -2429.000000 -2446.000000 1436.000000 
-37.060001 58.189999 21.150000 -17.990000 -27.559999 0.000000 532.000000 -1229.000000 3053.000000 -2706.000000 -2231.000000 1291.000000 
-47.150002 61.580002 12.630000 -16.459999 -28.290001 0.000000 436.000000 -1021.000000 2771.000000 -2605.000000 -2126.000000 1050.000000 
-59.750000 64.059998 1.540000 -14.900000 -28.950001 0.000000 -182.000000 -712.000000 2420.000000 -3098.000000 -1963.000000 1121.000000 
-74.470001 65.309998 -11.720000 -13.300000 -29.780001 0.000000 -263.000000 -440.000000 2055.000000 -2793.000000 -1942.000000 747.000000 
-89.410004 65.010002 -25.320000 -11.610000 -30.450001 0.000000 -1070.000000 -335.000000 1719.000000 -3593.000000 -1859.000000 740.000000 
-102.970001 63.459999 -37.660000 -9.660000 -31.260000 0.000000 -1451.000000 -107.000000 1326.000000 -3235.000000 -1774.000000 314.000000 
-113.980003 60.990002 -47.580002 -7.620000 -31.740000 0.000000 -2255.000000 -25.000000 1171.000000 -4065.000000 -1510.000000 198.000000 
-122.690002 58.060001 -55.310001 -5.290000 -31.870001 0.000000 -2643.000000 148.000000 891.000000 -3506.000000 -1349.000000 -32.000000 
-129.350006 54.990002 -61.139999 -2.820000 -31.129999 0.000000 -3314.000000 61.000000 728.000000 -3597.000000 -1132.000000 -398.000000 
-134.539993 52.090000 -65.690002 0.150000 -28.790001 0.000000 -3382.000000 219.000000 481.000000 -3356.000000 -954.000000 -764.000000 
-138.600006 49.509998 -69.349998 3.410000 -14.080000 0.000000 -3312.000000 203.000000 430.000000 -3357.000000 -693.000000 -1086.000000 
-141.919998 47.220001 -72.400002 6.910000 131.970001 0.000000 -3338.000000 330.000000 608.000000 -3567.000000 -470.000000 -1375.000000 
-144.679993 45.080002 -74.989998 10.390000 139.419998 0.000000 -2922.000000 356.000000 860.000000 -3626.000000 -494.000000 -1290.000000 
-147.080002 42.919998 -77.220001 14.830000 139.429993 0.000000 -3615.000000 1083.000000 -4.000000 -3297.000000 -331.000000 -834.000000 
-149.460007 40.610001 -79.290001 20.260000 138.809998 0.000000 -3515.000000 949.000000 -35.000000 -3541.000000 74.000000 -1496.000000 
-151.970001 38.220001 -81.169998 26.700001 138.240005 0.000000 -3496.000000 634.000000 351.000000 -3749.000000 165.000000 -1592.000000 
-154.429993 35.910000 -82.820000 33.770000 137.960007 0.000000 -3395.000000 586.000000 645.000000 -3694.000000 171.000000 -1657.000000 
-156.690002 33.630001 -84.220001 40.790001 137.839996 0.000000 -3564.000000 474.000000 782.000000 -3694.000000 142.000000 -1620.000000 
-158.789993 31.290001 -85.400002 48.630001 137.679993 0.000000 -3333.000000 944.000000 462.000000 -3489.000000 192.000000 -1535.000000 
-160.759995 28.870001 -86.480003 56.660000 137.240005 0.000000 -3497.000000 919.000000 628.000000 -3220.000000 400.000000 -1597.000000 
-162.520004 26.410000 -87.330002 64.820000 136.809998 0.000000 -3241.000000 1117.000000 525.000000 -2720.000000 502.000000 -1556.000000 
-164.080002 23.990000 -87.889999 72.459999 136.419998 0.000000 -3104.000000 1155.000000 659.000000 -2612.000000 644.000000 -1405.000000 
-165.520004 21.530001 -88.339996 79.589996 136.279999 0.000000 -2941.000000 907.000000 662.000000 -2567.000000 764.000000 -1586.000000 
-166.929993 19.080000 -88.599998 86.830002 136.330002 0.000000 -3070.000000 1186.000000 319.000000 -2793.000000 831.000000 -1683.000000 
-168.309998 16.730000 -88.760002 93.720001 136.479996 0.000000 -3226.000000 1157.000000 128.000000 -2834.000000 921.000000 -1810.000000 
-169.600006 14.430000 -88.809998 100.080002 136.520004 0.000000 -2872.000000 2203.000000 -115.000000 -2706.000000 994.000000 -1679.000000 
-170.720001 12.180000 -88.730003 106.050003 136.649994 0.000000 -3405.000000 1492.000000 -514.000000 -2646.000000 1135.000000 -1969.000000 
-171.699997 9.970000 -88.480003 111.290001 136.750000 0.000000 -3350.000000 1554.000000 -604.000000 -2551.000000 1236.000000 -1955.000000 
-172.490005 7.870000 -88.160004 115.919998 136.929993 0.000000 -3543.000000 1551.000000 -822.000000 -2638.000000 1309.000000 -2038.000000 
-173.240005 5.970000 -87.870003 120.000000 137.169998 0.000000 -3588.000000 1671.000000 -1017.000000 -2651.000000 1446.000000 -2242.000000 
-174.009995 4.330000 -87.589996 123.529999 137.429993 0.000000 -3675.000000 1741.000000 -1213.000000 -2653.000000 1623.000000 -2412.000000 
-174.800003 2.960000 -87.279999 126.529999 137.669998 0.000000 -3739.000000 1890.000000 -1440.000000 -2546.000000 1737.000000 -2526.000000 
-175.539993 1.760000 -87.000000 129.000000 137.869995 0.000000 -3750.000000 2008.000000 -1453.000000 -2316.000000 1830.000000 -2475.000000 
-176.179993 0.730000 -86.690002 130.990005 138.020004 0.000000 -3602.000000 1974.000000 -1448.000000 -2028.000000 1889.000000 -2502.000000 
-176.699997 -0.130000 -86.290001 132.699997 138.179993 0.000000 -3494.000000 2037.000000 -1489.000000 -1882.000000 1938.000000 -2551.000000 
-177.110001 -0.890000 -85.940002 134.270004 138.330002 0.000000 -3483.000000 2017.000000 -1601.000000 -1866.000000 1973.000000 -2575.000000 
-177.399994 -1.550000 -85.570000 135.679993 138.559998 0.000000 -3510.000000 1944.000000 -1663.000000 -2023.000000 1980.000000 -2691.000000 
-177.630005 -2.120000 -85.169998 136.960007 138.830002 0.000000 -3657.000000 1933.000000 -1749.000000 -2119.000000 1982.000000 -2723.000000 
-177.850006 -2.580000 -84.779999 138.100006 139.130005 0.000000 -3716.000000 1887.000000 -1791.000000 -2195.000000 1937.000000 -2725.000000 
-178.059998 -2.910000 -84.430000 139.070007 139.479996 0.000000 -3763.000000 1822.000000 -1792.000000 -2133.000000 1886.000000 -2742.000000 
-178.190002 -3.150000 -84.089996 139.869995 139.809998 0.000000 -3661.000000 1814.000000 -1778.000000 -2057.000000 1864.000000 -2710.000000 
-178.199997 -3.350000 -83.809998 140.500000 140.210007 0.000000 -3583.000000 1803.000000 -1681.000000 -1930.000000 1880.000000 -2760.000000 
-178.119995 -3.490000 -83.559998 141.020004 140.619995 0.000000 -3554.000000 1830.000000 -1678.000000 -1807.000000 1956.000000 -2709.000000 
-177.990005 -3.610000 -83.339996 141.490005 141.100006 0.000000 -3402.000000 1800.000000 -1714.000000 -1689.000000 1985.000000 -2764.000000 
-177.830002 -3.630000 -83.089996 141.929993 141.600006 0.000000 -3393.000000 1768.000000 -1710.000000 -1713.000000 2016.000000 -2852.000000 
-177.779999 -3.640000 -82.830002 142.279999 142.130005 0.000000 -3192.000000 1757.000000 -1653.000000 -1635.000000 2097.000000 -2940.000000 
-177.800003 -3.780000 -82.599998 142.610001 142.630005 0.000000 -3172.000000 1723.000000 -1656.000000 -1660.000000 2130.000000 -2991.000000 
-177.860001 -3.930000 -82.360001 142.929993 143.100006 0.000000 -3197.000000 1738.000000 -1653.000000 -1660.000000 2113.000000 -2977.000000 
-177.919998 -4.180000 -82.089996 143.229996 143.529999 0.000000 -3239.000000 1760.000000 -1691.000000 -1654.000000 2156.000000 -2994.000000 
-177.940002 -4.510000 -81.830002 143.509995 143.919998 0.000000 -3242.000000 1769.000000 -1741.000000 -1652.000000 2088.000000 -2908.000000 
-177.899994 -4.730000 -81.529999 143.779999 144.300003 0.000000 -3259.000000 1802.000000 -1762.000000 -1664.000000 2085.000000 -2871.000000 
-177.839996 -4.870000 -81.209999 144.050003 144.699997 0.000000 -3278.000000 1829.000000 -1820.000000 -1637.000000 2053.000000 -2805.000000 
-177.740005 -5.010000 -80.870003 144.380005 145.149994 0.000000 -3355.000000 1751.000000 -1877.000000 -1750.000000 2074.000000 -2837.000000 
-177.649994 -5.110000 -80.610001 144.710007 145.630005 0.000000 -3388.000000 1785.000000 -1905.000000 -1763.000000 2115.000000 -2943.000000 
-177.589996 -5.140000 -80.300003 145.050003 146.160004 0.000000 -3413.000000 1764.000000 -1894.000000 -1840.000000 2162.000000 -2998.000000 
-177.589996 -5.180000 -80.089996 145.270004 146.660004 0.000000 -3420.000000 1799.000000 -1891.000000 -1833.000000 2206.000000 -3051.000000 
-177.649994 -5.170000 -79.870003 145.410004 147.119995 0.000000 -3362.000000 1824.000000 -1821.000000 -1780.000000 2269.000000 -3067.000000 
-177.759995 -5.090000 -79.660004 145.419998 147.490005 0.000000 -3314.000000 1836.000000 -1775.000000 -1727.000000 2297.000000 -3033.000000 
-177.869995 -5.020000 -79.480003 145.339996 147.809998 0.000000 -3262.000000 1884.000000 -1743.000000 -1657.000000 2278.000000 -2998.000000 
-177.970001 -4.920000 -79.230003 145.250000 148.059998 0.000000 -3245.000000 1897.000000 -1735.000000 -1654.000000 2247.000000 -2923.000000 
-178.039993 -4.850000 -79.040001 145.130005 148.289993 0.000000 -3221.000000 1871.000000 -1762.000000 -1668.000000 2198.000000 -2885.000000 
-178.070007 -4.800000 -78.839996 145.029999 148.509995 0.000000 -3222.000000 1856.000000 -1751.000000 -1689.000000 2153.000000 -2832.000000 
-178.080002 -4.790000 -78.660004 144.919998 148.740005 0.000000 -3198.000000 1832.000000 -1726.000000 -1739.000000 2140.000000 -2765.000000 
-178.059998 -4.830000 -78.410004 144.830002 149.000000 0.000000 -3190.000000 1767.000000 -1670.000000 -1777.000000 2124.000000 -2756.000000 
-178.080002 -4.890000 -78.230003 144.770004 149.259995 0.000000 -3186.000000 1711.000000 -1636.000000 -1812.000000 2115.000000 -2783.000000 
-178.119995 -4.930000 -78.110001 144.679993 149.550003 0.000000 -3203.000000 1713.000000 -1606.000000 -1815.000000 2133.000000 -2807.000000 
-178.210007 -5.020000 -77.949997 144.589996 149.789993 0.000000 -3175.000000 1720.000000 -1591.000000 -1789.000000 2152.000000 -2812.000000 
-178.339996 -5.120000 -77.790001 144.449997 149.979996 0.000000 -3141.000000 1735.000000 -1532.000000 -1787.000000 2164.000000 -2787.000000 
-178.470001 -5.250000 -77.639999 144.320007 150.119995 0.000000 -3149.000000 1805.000000 -1549.000000 -1700.000000 2180.000000 -2753.000000 
-178.600006 -5.370000 -77.500000 144.190002 150.199997 0.000000 -3144.000000 1829.000000 -1583.000000 -1620.000000 2178.000000 -2729.000000 
-178.669998 -5.470000 -77.339996 144.080002 150.279999 0.000000 -3112.000000 1858.000000 -1625.000000 -1612.000000 2174.000000 -2721.000000 
-178.710007 -5.530000 -77.190002 144.009995 150.380005 0.000000 -3111.000000 1839.000000 -1665.000000 -1645.000000 2174.000000 -2769.000000 
-178.720001 -5.590000 -77.019997 144.000000 150.559998 0.000000 -3160.000000 1859.000000 -1751.000000 -1724.000000 2188.000000 -2884.000000 
-178.750000 -5.660000 -76.900002 143.990005 150.729996 0.000000 -3216.000000 1818.000000 -1691.000000 -1774.000000 2217.000000 -2850.000000 
-178.850006 -5.730000 -76.750000 143.960007 150.869995 0.000000 -3225.000000 1795.000000 -1693.000000 -1777.000000 2218.000000 -2871.000000 
-178.990005 -5.800000 -76.629997 143.889999 150.960007 0.000000 -3207.000000 1779.000000 -1673.000000 -1754.000000 2198.000000 -2810.000000 
-179.130005 -5.860000 -76.519997 143.729996 150.990005 0.000000 -3139.000000 1847.000000 -1657.000000 -1675.000000 2230.000000 -2753.000000 
-179.250000 -5.890000 -76.379997 143.580002 151.009995 0.000000 -3072.000000 1850.000000 -1641.000000 -1660.000000 2240.000000 -2781.000000 
-179.330002 -5.950000 -76.279999 143.369995 151.000000 0.000000 -3055.000000 1912.000000 -1634.000000 -1575.000000 2237.000000 -2707.000000 
-179.369995 -5.980000 -76.190002 143.220001 150.990005 0.000000 -3080.000000 1931.000000 -1669.000000 -1626.000000 2218.000000 -2682.000000 
-179.369995 -5.970000 -76.059998 143.070007 151.009995 0.000000 -3116.000000 1931.000000 -1666.000000 -1651.000000 2200.000000 -2666.000000 
-179.369995 -5.920000 -75.940002 142.979996 151.059998 0.000000 -3160.000000 1935.000000 -1741.000000 -1705.000000 2201.000000 -2657.000000 
-179.380005 -5.850000 -75.820000 142.899994 151.119995 0.000000 -3183.000000 1896.000000 -1697.000000 -1738.000000 2174.000000 -2625.000000 
-179.369995 -5.790000 -75.669998 142.779999 151.190002 0.000000 -3184.000000 1862.000000 -1626.000000 -1779.000000 2136.000000 -2590.000000 
-179.389999 -5.720000 -75.540001 142.690002 151.270004 0.000000 -3160.000000 1799.000000 -1609.000000 -1822.000000 2182.000000 -2641.000000 
-179.399994 -5.610000 -75.379997 142.509995 151.339996 0.000000 -3151.000000 1849.000000 -1585.000000 -1810.000000 2175.000000 -2640.000000 
-179.389999 -5.530000 -75.309998 142.330002 151.399994 0.000000 -3127.000000 1850.000000 -1575.000000 -1772.000000 2186.000000 -2631.000000 
-179.369995 -5.440000 -75.230003 142.119995 151.479996 0.000000 -3123.000000 1886.000000 -1541.000000 -1769.000000 2186.000000 -2631.000000 
-179.320007 -5.360000 -75.169998 141.940002 151.539993 0.000000 -3157.000000 1903.000000 -1552.000000 -1728.000000 2214.000000 -2654.000000 
-179.270004 -5.250000 -75.110001 141.729996 151.610001 0.000000 -3233.000000 1971.000000 -1592.000000 -1763.000000 2207.000000 -2624.000000 
-179.210007 -5.110000 -75.080002 141.520004 151.699997 0.000000 -3215.000000 1958.000000 -1582.000000 -1832.000000 2211.000000 -2670.000000 
-179.110001 -4.940000 -75.019997 141.380005 151.839996 0.000000 -3416.000000 2016.000000 -1726.000000 -1950.000000 2178.000000 -2742.000000 
-178.899994 -4.500000 -74.989998 141.240005 152.089996 0.000000 -3632.000000 1965.000000 -1719.000000 -2148.000000 2127.000000 -2827.000000 
-178.610001 -3.950000 -75.029999 141.190002 152.419998 0.000000 -4008.000000 1983.000000 -1956.000000 -2359.000000 2100.000000 -2943.000000 
-178.210007 -3.210000 -75.169998 141.009995 152.860001 0.000000 -4188.000000 1880.000000 -1934.000000 -2529.000000 2016.000000 -3033.000000 
-177.770004 -2.240000 -75.370003 140.639999 153.369995 0.000000 -4396.000000 1815.000000 -1911.000000 -2728.000000 2000.000000 -3141.000000 
-177.259995 -0.960000 -75.660004 140.020004 153.940002 0.000000 -4684.000000 1964.000000 -2032.000000 -2844.000000 2102.000000 -3287.000000 
-176.699997 0.600000 -76.050003 138.919998 154.520004 0.000000 -4844.000000 2116.000000 -2065.000000 -2853.000000 2244.000000 -3369.000000 
-176.130005 2.520000 -76.470001 137.289993 155.100006 0.000000 -4897.000000 2239.000000 -2066.000000 -2946.000000 2296.000000 -3395.000000 
-175.559998 4.780000 -76.970001 135.029999 155.690002 0.000000 -4923.000000 2362.000000 -2039.000000 -2929.000000 2354.000000 -3327.000000 
-175.039993 7.420000 -77.489998 131.880005 156.259995 0.000000 -4818.000000 2502.000000 -1991.000000 -2825.000000 2409.000000 -3322.000000 
-174.520004 10.470000 -77.970001 127.769997 156.850006 0.000000 -4651.000000 2574.000000 -2009.000000 -2775.000000 2364.000000 -3338.000000 
-173.979996 13.910000 -78.500000 122.550003 157.449997 0.000000 -4450.000000 2543.000000 -1964.000000 -2876.000000 2264.000000 -3143.000000 
-173.309998 17.750000 -78.980003 115.949997 158.169998 0.000000 -4323.000000 2491.000000 -1904.000000 -2894.000000 2001.000000 -2972.000000 
-172.460007 21.850000 -79.459999 107.750000 159.009995 0.000000 -4088.000000 2355.000000 -1770.000000 -2891.000000 1807.000000 -2745.000000 
-171.369995 26.110001 -79.910004 97.940002 160.039993 0.000000 -4030.000000 2249.000000 -1609.000000 -2998.000000 1584.000000 -2377.000000 
-170.089996 30.559999 -80.339996 86.769997 161.289993 0.000000 -3661.000000 2190.000000 -1417.000000 -2914.000000 1444.000000 -2048.000000 
-168.570007 35.290001 -80.660004 75.019997 163.000000 0.000000 -3287.000000 2111.000000 -1332.000000 -2960.000000 1255.000000 -1888.000000 
-166.919998 40.220001 -80.860001 63.509998 165.369995 0.000000 -2893.000000 2028.000000 -1326.000000 -2975.000000 1094.000000 -1685.000000 
-165.080002 45.380001 -80.860001 52.790001 168.710007 0.000000 -2568.000000 1840.000000 -1189.000000 -2999.000000 980.000000 -1318.000000 
-162.880005 50.779999 -80.510002 43.290001 173.860001 0.000000 -2192.000000 1632.000000 -1022.000000 -3050.000000 712.000000 -1004.000000 
-160.149994 56.360001 -79.669998 35.180000 -177.899994 0.000000 -1634.000000 1412.000000 -759.000000 -2953.000000 509.000000 -667.000000 
-156.649994 62.049999 -78.129997 28.480000 -163.679993 0.000000 -1012.000000 1210.000000 -489.000000 -2733.000000 251.000000 -428.000000 
-151.710007 67.769997 -75.190002 22.930000 -138.800003 0.000000 -769.000000 944.000000 -36.000000 -2887.000000 273.000000 342.000000 
-144.220001 73.309998 -69.709999 18.299999 -106.739998 0.000000 -9.000000 624.000000 290.000000 -2539.000000 -37.000000 409.000000 
-130.020004 78.300003 -57.389999 13.750000 -82.349998 0.000000 1949.000000 783.000000 617.000000 -2494.000000 -324.000000 968.000000 
-98.620003 81.660004 -27.209999 9.510000 -68.769997 0.000000 2144.000000 -323.000000 1451.000000 -2706.000000 -303.000000 1004.000000 
-49.029999 81.430000 21.190001 5.690000 -60.869999 0.000000 2108.000000 -279.000000 2221.000000 -2263.000000 -296.000000 1559.000000 
-20.580000 77.980003 47.200001 2.180000 -55.580002 0.000000 2536.000000 -339.000000 2749.000000 -950.000000 -495.000000 2203.000000 
-8.220000 73.550003 57.259998 -0.960000 -51.919998 0.000000 2792.000000 -291.000000 2997.000000 -720.000000 -623.000000 2774.000000 
-0.720000 68.949997 62.529999 -3.630000 -49.360001 0.000000 2662.000000 -647.000000 3172.000000 -912.000000 -678.000000 2486.000000 
4.530000 64.160004 65.529999 -5.960000 -47.529999 0.000000 2840.000000 -892.000000 3291.000000 -1124.000000 -1227.000000 2893.000000 
8.230000 59.759998 67.080002 -8.070000 -46.119999 0.000000 2571.000000 -1014.000000 3713.000000 -1183.000000 -1383.000000 3362.000000 
11.070000 55.680000 67.870003 -10.040000 -45.029999 0.000000 2688.000000 -1268.000000 4095.000000 -1343.000000 -1338.000000 3429.000000 
13.160000 51.880001 68.080002 -11.710000 -44.099998 0.000000 2724.000000 -1313.000000 4260.000000 -1316.000000 -1576.000000 3328.000000 
14.860000 48.560001 68.050003 -12.950000 -43.220001 0.000000 2400.000000 -1188.000000 4105.000000 -1259.000000 -1563.000000 3363.000000 
16.330000 45.689999 67.839996 -13.880000 -42.430000 0.000000 2186.000000 -1129.000000 3768.000000 -1023.000000 -1476.000000 3160.000000 
17.549999 43.230000 67.370003 -14.560000 -41.779999 0.000000 2010.000000 -964.000000 3344.000000 -1044.000000 -1401.000000 2884.000000 
18.270000 41.500000 66.459999 -15.300000 -41.320000 0.000000 1792.000000 -886.000000 2953.000000 -844.000000 -1312.000000 2547.000000 
18.410000 40.090000 65.260002 -16.180000 -41.099998 0.000000 1585.000000 -833.000000 2601.000000 -769.000000 -1304.000000 2273.000000 
18.150000 38.730000 63.770000 -17.320000 -41.150002 0.000000 1655.000000 -900.000000 2522.000000 -528.000000 -1376.000000 2260.000000 
17.580000 36.590000 61.860001 -18.260000 -41.480000 0.000000 1648.000000 -449.000000 2733.000000 -577.000000 -1983.000000 2645.000000 
17.219999 34.759998 60.119999 -20.120001 -42.009998 0.000000 2115.000000 -1588.000000 3148.000000 -1035.000000 -2200.000000 2834.000000 
17.290001 32.490002 58.980000 -22.010000 -42.740002 0.000000 2562.000000 -2116.000000 4006.000000 -1036.000000 -2705.000000 3417.000000 
17.000000 30.280001 57.799999 -23.610001 -43.570000 0.000000 3089.000000 -2420.000000 4767.000000 -953.000000 -2950.000000 3774.000000 
16.590000 28.410000 56.700001 -24.700001 -44.439999 0.000000 3084.000000 -2353.000000 5079.000000 -1015.000000 -2890.000000 3771.000000 
15.800000 27.049999 55.500000 -25.309999 -45.250000 0.000000 2906.000000 -2045.000000 4544.000000 -663.000000 -3170.000000 4499.000000 
14.900000 26.740000 54.500000 -25.650000 -45.830002 0.000000 2243.000000 -1759.000000 3812.000000 -452.000000 -3165.000000 4603.000000 
14.300000 26.700001 53.770000 -25.840000 -46.099998 0.000000 2010.000000 -1615.000000 3353.000000 -550.000000 -3011.000000 3856.000000 
13.510000 26.490000 52.939999 -25.980000 -46.119999 0.000000 2172.000000 -1621.000000 3101.000000 -126.000000 -3029.000000 3696.000000 
12.730000 25.990000 52.080002 -26.360001 -46.029999 0.000000 2165.000000 -1820.000000 3177.000000 -392.000000 -2905.000000 3411.000000 
12.400000 25.070000 51.250000 -26.820000 -45.970001 0.000000 2194.000000 -2007.000000 3426.000000 -579.000000 -2890.000000 3236.000000 
12.150000 23.930000 50.540001 -27.400000 -46.009998 0.000000 2361.000000 -2132.000000 3498.000000 -572.000000 -3109.000000 3407.000000 
11.650000 22.600000 49.799999 -28.000000 -46.130001 0.000000 2404.000000 -2295.000000 3685.000000 -445.000000 -3326.000000 3776.000000 
10.920000 21.870001 49.150002 -28.559999 -46.290001 0.000000 2499.000000 -2453.000000 3830.000000 -266.000000 -3382.000000 3921.000000 
10.310000 21.410000 48.529999 -28.889999 -46.470001 0.000000 2520.000000 -2357.000000 3722.000000 -147.000000 -3358.000000 3742.000000 
9.770000 21.330000 48.180000 -29.180000 -46.669998 0.000000 2459.000000 -2293.000000 3511.000000 -364.000000 -3407.000000 3760.000000 
9.430000 21.410000 47.919998 -29.580000 -46.840000 0.000000 3001.000000 -2313.000000 3349.000000 -217.000000 -3306.000000 3570.000000 
9.290000 21.340000 47.779999 -29.820000 -46.939999 0.000000 2598.000000 -2245.000000 3228.000000 -324.000000 -3148.000000 3275.000000 
8.550000 20.820000 47.439999 -30.080000 -46.939999 0.000000 2647.000000 -2256.000000 3174.000000 12.000000 -3245.000000 3485.000000 
8.370000 20.740000 47.270000 -30.490000 -46.900002 0.000000 2236.000000 -2060.000000 2657.000000 -292.000000 -3891.000000 3973.000000 
8.970000 19.180000 47.450001 -31.010000 -46.849998 0.000000 3850.000000 -2669.000000 3531.000000 355.000000 -3205.000000 3206.000000 
9.610000 17.809999 47.599998 -31.780001 -46.779999 0.000000 2953.000000 -2637.000000 3174.000000 150.000000 -3329.000000 3902.000000 
10.330000 17.000000 47.799999 -32.250000 -46.700001 0.000000 2669.000000 -2510.000000 3265.000000 33.000000 -3154.000000 3645.000000 
10.300000 16.309999 47.970001 -32.290001 -46.549999 0.000000 3497.000000 -2823.000000 4260.000000 47.000000 -3630.000000 4924.000000 
9.770000 15.790000 48.020000 -32.599998 -46.279999 0.000000 3378.000000 -2267.000000 2981.000000 762.000000 -3235.000000 3800.000000 
10.030000 15.520000 48.110001 -32.830002 -45.939999 0.000000 2865.000000 -2226.000000 2815.000000 628.000000 -3043.000000 3712.000000 
10.480000 15.230000 48.320000 -32.959999 -45.610001 0.000000 2793.000000 -2208.000000 2794.000000 556.000000 -2969.000000 3588.000000 
10.820000 15.030000 48.500000 -33.189999 -45.320000 0.000000 2645.000000 -2177.000000 2615.000000 530.000000 -2917.000000 3460.000000 
11.210000 14.840000 48.700001 -33.470001 -45.090000 0.000000 2550.000000 -2159.000000 2518.000000 562.000000 -2794.000000 2816.000000 
11.360000 14.500000 48.810001 -33.830002 -44.750000 0.000000 2583.000000 -2219.000000 2501.000000 686.000000 -2812.000000 3228.000000 
11.590000 13.910000 48.930000 -34.130001 -44.380001 0.000000 2720.000000 -2309.000000 2637.000000 677.000000 -2867.000000 3326.000000 
11.470000 13.380000 48.939999 -34.310001 -44.029999 0.000000 2655.000000 -2503.000000 2951.000000 578.000000 -3138.000000 3429.000000 
11.130000 13.170000 48.880001 -34.279999 -43.709999 0.000000 3280.000000 -3718.000000 4885.000000 383.000000 -3376.000000 3706.000000 
11.210000 12.290000 48.950001 -34.299999 -43.400002 0.000000 3288.000000 -2720.000000 3199.000000 908.000000 -3187.000000 2809.000000 
11.910000 11.940000 49.099998 -34.250000 -43.009998 0.000000 2583.000000 -2642.000000 2969.000000 385.000000 -2951.000000 3371.000000 
12.400000 11.970000 49.189999 -34.130001 -42.730000 0.000000 2685.000000 -2595.000000 2938.000000 288.000000 -3020.000000 3400.000000 
12.220000 12.210000 49.259998 -34.310001 -42.630001 0.000000 1872.000000 -2121.000000 1933.000000 302.000000 -3014.000000 3399.000000 
12.430000 12.840000 49.380001 -34.040001 -42.720001 0.000000 2388.000000 -2208.000000 2589.000000 29.000000 -2854.000000 3143.000000 
12.520000 13.240000 49.509998 -33.939999 -42.919998 0.000000 2302.000000 -2041.000000 2300.000000 323.000000 -2894.000000 2945.000000 
12.520000 13.530000 49.509998 -33.950001 -43.139999 0.000000 2194.000000 -2052.000000 2232.000000 220.000000 -2841.000000 2947.000000 
12.750000 13.680000 49.700001 -34.009998 -43.349998 0.000000 2127.000000 -1969.000000 2026.000000 99.000000 -2783.000000 2663.000000 
12.830000 13.930000 49.860001 -34.070000 -43.500000 0.000000 2014.000000 -1849.000000 1802.000000 198.000000 -2696.000000 2431.000000 
12.520000 13.880000 49.970001 -33.810001 -43.500000 0.000000 2870.000000 -2559.000000 3209.000000 -217.000000 -3922.000000 3985.000000 
12.120000 13.420000 50.090000 -33.049999 -43.349998 0.000000 2582.000000 -2361.000000 2745.000000 987.000000 -3662.000000 3361.000000 
12.680000 12.940000 50.200001 -32.889999 -43.150002 0.000000 2484.000000 -2436.000000 2645.000000 64.000000 -2597.000000 1999.000000 
13.260000 13.420000 50.450001 -32.840000 -42.860001 0.000000 1968.000000 -2473.000000 2804.000000 89.000000 -3568.000000 3638.000000 
13.330000 13.260000 50.639999 -32.779999 -42.639999 0.000000 2599.000000 -2273.000000 2563.000000 585.000000 -2732.000000 2419.000000 
13.330000 13.440000 50.860001 -32.689999 -42.400002 0.000000 2314.000000 -2237.000000 2624.000000 -43.000000 -3007.000000 2981.000000 
13.310000 14.030000 50.930000 -32.450001 -42.139999 0.000000 2300.000000 -2195.000000 2662.000000 305.000000 -3018.000000 2910.000000 
13.190000 14.580000 50.950001 -32.150002 -41.840000 0.000000 2266.000000 -2130.000000 2673.000000 59.000000 -3201.000000 3138.000000 
13.190000 15.030000 51.049999 -32.009998 -41.509998 0.000000 2400.000000 -1980.000000 2273.000000 183.000000 -2988.000000 2872.000000 
13.130000 15.160000 51.130001 -31.809999 -41.160000 0.000000 2360.000000 -2195.000000 2692.000000 135.000000 -3022.000000 2995.000000 
13.130000 15.320000 51.250000 -31.510000 -40.790001 0.000000 2266.000000 -2209.000000 2823.000000 154.000000 -3062.000000 3104.000000 
13.240000 15.470000 51.290001 -31.160000 -40.400002 0.000000 2327.000000 -2120.000000 2720.000000 144.000000 -2916.000000 3094.000000 
13.380000 15.410000 51.430000 -30.670000 -40.009998 0.000000 2478.000000 -2127.000000 2878.000000 159.000000 -2950.000000 3104.000000 
13.340000 15.270000 51.520000 -30.110001 -39.619999 0.000000 2664.000000 -2247.000000 3142.000000 215.000000 -2978.000000 3033.000000 
13.290000 15.290000 51.610001 -29.639999 -39.230000 0.000000 2468.000000 -2098.000000 2754.000000 -49.000000 -2977.000000 2951.000000 
13.460000 15.520000 51.750000 -29.070000 -38.810001 0.000000 2226.000000 -2110.000000 2909.000000 -126.000000 -2899.000000 2887.000000 
13.710000 15.670000 52.040001 -28.660000 -38.299999 0.000000 2055.000000 -2094.000000 2706.000000 -84.000000 -2859.000000 2946.000000 
13.890000 15.340000 52.349998 -28.270000 -37.720001 0.000000 2181.000000 -2062.000000 2667.000000 191.000000 -2876.000000 3070.000000 
13.550000 14.730000 52.549999 -27.820000 -37.150002 0.000000 2682.000000 -2249.000000 3028.000000 483.000000 -2924.000000 3006.000000 
13.070000 14.120000 52.740002 -27.280001 -36.599998 0.000000 2605.000000 -2282.000000 3073.000000 456.000000 -2972.000000 2952.000000 
12.620000 13.770000 52.869999 -26.580000 -36.049999 0.000000 2521.000000 -2298.000000 3121.000000 439.000000 -2999.000000 3014.000000 
11.920000 13.800000 52.939999 -25.650000 -35.509998 0.000000 2652.000000 -2479.000000 3774.000000 379.000000 -3158.000000 3111.000000 
10.950000 13.580000 52.950001 -25.010000 -35.049999 0.000000 4033.000000 -2898.000000 4921.000000 307.000000 -3571.000000 3277.000000 
9.880000 13.410000 52.860001 -24.860001 -34.480000 0.000000 2691.000000 -3182.000000 4833.000000 644.000000 -3867.000000 4091.000000 
8.590000 13.900000 52.689999 -24.230000 -34.320000 0.000000 2823.000000 -2783.000000 4077.000000 1609.000000 -2897.000000 3812.000000 
7.510000 14.860000 52.520000 -23.389999 -34.230000 0.000000 2706.000000 -2673.000000 4073.000000 -2571.000000 -4633.000000 5243.000000 
6.870000 15.770000 52.540001 -22.620001 -33.299999 0.000000 2415.000000 -2679.000000 3619.000000 -1354.000000 -4527.000000 5654.000000 
6.020000 16.760000 52.410000 -21.730000 -32.090000 0.000000 2435.000000 -2416.000000 2673.000000 -130.000000 -4287.000000 4723.000000 
5.210000 17.059999 52.360001 -20.959999 -30.820000 0.000000 2430.000000 -2257.000000 2585.000000 750.000000 -3707.000000 3493.000000 
3.850000 17.809999 52.380001 -20.260000 -29.799999 0.000000 2363.000000 -2133.000000 2816.000000 903.000000 -3373.000000 2869.000000 
2.550000 18.660000 52.430000 -19.680000 -29.230000 0.000000 2457.000000 -2458.000000 3378.000000 616.000000 -3315.000000 2832.000000 
1.470000 19.400000 52.490002 -19.170000 -29.120001 0.000000 2308.000000 -2612.000000 3512.000000 201.000000 -3367.000000 2965.000000 
0.730000 19.719999 52.590000 -18.750000 -29.139999 0.000000 1880.000000 -2617.000000 3199.000000 -429.000000 -3433.000000 3054.000000 
0.300000 19.879999 52.810001 -18.370001 -29.080000 0.000000 1276.000000 -2575.000000 3015.000000 -1056.000000 -3337.000000 2892.000000 
-0.060000 20.240000 53.110001 -18.000000 -29.020000 0.000000 658.000000 -2523.000000 2998.000000 -1395.000000 -3199.000000 2599.000000 
-0.220000 20.910000 53.610001 -17.680000 -29.020000 0.000000 545.000000 -2504.000000 3078.000000 -1192.000000 -3088.000000 2522.000000 
-0.410000 21.629999 54.270000 -17.309999 -29.080000 0.000000 723.000000 -2290.000000 3178.000000 -852.000000 -2893.000000 2427.000000 
-0.710000 22.260000 55.000000 -16.910000 -29.240000 0.000000 880.000000 -2087.000000 3071.000000 -670.000000 -2782.000000 2332.000000 
-0.870000 23.049999 55.919998 -16.540001 -29.490000 0.000000 942.000000 -1950.000000 2972.000000 -488.000000 -2657.000000 2250.000000 
-0.930000 23.940001 56.880001 -16.190001 -29.809999 0.000000 998.000000 -1770.000000 2748.000000 -269.000000 -2318.000000 2032.000000 
-1.220000 25.040001 57.970001 -15.760000 -30.280001 0.000000 999.000000 -1544.000000 2829.000000 -47.000000 -2068.000000 1881.000000 
-1.790000 26.110001 58.930000 -15.370000 -30.870001 0.000000 833.000000 -1805.000000 3454.000000 13.000000 -1758.000000 1849.000000 
-2.410000 27.379999 59.889999 -14.730000 -31.420000 0.000000 932.000000 -1557.000000 3699.000000 239.000000 -1578.000000 2087.000000 
-2.900000 28.590000 60.889999 -13.820000 -31.580000 0.000000 1171.000000 -1143.000000 3014.000000 285.000000 -1620.000000 2488.000000 
-3.230000 29.580000 61.889999 -12.840000 -31.379999 0.000000 1404.000000 -805.000000 2253.000000 77.000000 -1638.000000 2740.000000 
-3.150000 30.290001 62.970001 -11.920000 -31.500000 0.000000 1368.000000 -585.000000 1734.000000 -369.000000 -1609.000000 2792.000000 
-2.790000 30.740000 64.139999 -11.160000 -31.590000 0.000000 987.000000 -559.000000 1752.000000 -716.000000 -1630.000000 2951.000000 
-2.280000 30.980000 65.430000 -10.560000 -31.520000 0.000000 1006.000000 -510.000000 1969.000000 -822.000000 -1553.000000 3096.000000 
-1.730000 31.040001 66.779999 -10.110000 -31.010000 0.000000 1241.000000 -459.000000 2098.000000 -405.000000 -1249.000000 3020.000000 
-1.240000 30.959999 68.199997 -9.700000 -30.469999 0.000000 1586.000000 -250.000000 2360.000000 360.000000 -1033.000000 3167.000000 
-0.790000 30.709999 69.510002 -9.440000 -30.160000 0.000000 2043.000000 -126.000000 2770.000000 1159.000000 -812.000000 3318.000000 
-0.460000 30.240000 70.669998 -9.310000 -29.950001 0.000000 2651.000000 -112.000000 3259.000000 1363.000000 -762.000000 3626.000000 
-0.010000 29.549999 71.620003 -9.170000 -29.700001 0.000000 2842.000000 -150.000000 3689.000000 986.000000 -903.000000 3850.000000 
0.600000 28.740000 72.480003 -8.990000 -29.280001 0.000000 2930.000000 -151.000000 3704.000000 415.000000 -1040.000000 3888.000000 
1.260000 27.900000 73.199997 -8.810000 -29.150000 0.000000 2584.000000 -289.000000 3608.000000 -120.000000 -1123.000000 4039.000000 
1.810000 27.100000 73.750000 -8.630000 -29.290001 0.000000 2507.000000 -227.000000 3338.000000 -423.000000 -1287.000000 4300.000000 
2.220000 26.340000 74.190002 -8.540000 -29.360001 0.000000 2678.000000 -283.000000 3334.000000 -357.000000 -1351.000000 4633.000000 
2.530000 25.700001 74.559998 -8.500000 -29.350000 0.000000 2757.000000 -306.000000 3653.000000 -118.000000 -1402.000000 4925.000000 
2.730000 25.190001 74.910004 -8.470000 -29.070000 0.000000 2724.000000 -355.000000 4044.000000 24.000000 -1397.000000 5120.000000 
2.880000 24.780001 75.269997 -8.430000 -28.590000 0.000000 2873.000000 -340.000000 4343.000000 209.000000 -1246.000000 5113.000000 
3.040000 24.680000 75.500000 -8.270000 -27.980000 0.000000 3277.000000 -120.000000 4141.000000 332.000000 -1105.000000 4908.000000 
3.160000 24.709999 75.629997 -8.010000 -27.410000 0.000000 3272.000000 -12.000000 4038.000000 390.000000 -1031.000000 4686.000000 
3.260000 24.830000 75.720001 -7.690000 -27.120001 0.000000 3130.000000 -4.000000 3973.000000 76.000000 -1096.000000 4640.000000 
3.390000 24.980000 75.760002 -7.350000 -27.090000 0.000000 2677.000000 -120.000000 4038.000000 -318.000000 -1178.000000 4577.000000 
3.530000 25.120001 75.809998 -7.030000 -27.129999 0.000000 2517.000000 -116.000000 3758.000000 -542.000000 -1249.000000 4420.000000 
3.660000 25.290001 75.870003 -6.720000 -27.219999 0.000000 2314.000000 -120.000000 3459.000000 -585.000000 -1245.000000 4277.000000 
3.830000 25.450001 75.959999 -6.470000 -27.400000 0.000000 2105.000000 -125.000000 3390.000000 -495.000000 -1263.000000 4082.000000 
3.850000 25.740000 76.089996 -6.340000 -27.790001 0.000000 2090.000000 -197.000000 3324.000000 -2377.000000 -6712.000000 13150.000000 
3.460000 25.680000 75.959999 -6.280000 -26.139999 0.000000 1843.000000 -257.000000 3235.000000 1626.000000 -1336.000000 4350.000000 
2.940000 24.940001 75.769997 -5.900000 -25.209999 0.000000 965.000000 505.000000 2393.000000 21.000000 -1202.000000 4263.000000 
3.360000 24.200001 75.889999 -4.430000 -24.770000 0.000000 6608.000000 4336.000000 3195.000000 1209.000000 -1910.000000 5768.000000 
4.070000 24.870001 75.910004 -3.860000 -24.940001 0.000000 -687.000000 -2056.000000 4889.000000 -1557.000000 -1746.000000 3610.000000 
4.600000 25.469999 76.000000 -3.520000 -25.520000 0.000000 2003.000000 -415.000000 3638.000000 -484.000000 -1831.000000 4184.000000 
5.060000 25.680000 76.050003 -3.590000 -26.080000 0.000000 1447.000000 -1096.000000 4527.000000 -554.000000 -1743.000000 4097.000000 
5.730000 25.379999 76.230003 -3.810000 -26.730000 0.000000 781.000000 -845.000000 3740.000000 -128.000000 -1530.000000 3741.000000 
6.710000 24.870001 76.440002 -4.100000 -27.290001 0.000000 2036.000000 -878.000000 3956.000000 -195.000000 -1651.000000 3908.000000 
7.510000 24.400000 76.540001 -4.820000 -27.870001 0.000000 1218.000000 -1443.000000 2766.000000 -339.000000 -1784.000000 3920.000000 
7.810000 23.799999 76.519997 -5.370000 -28.459999 0.000000 1564.000000 -1358.000000 3308.000000 -109.000000 -1946.000000 4056.000000 
7.500000 23.270000 76.260002 -5.470000 -29.080000 0.000000 2044.000000 -637.000000 3798.000000 10.000000 -1949.000000 4077.000000 
7.020000 23.010000 76.050003 -5.690000 -29.760000 0.000000 1790.000000 -940.000000 4231.000000 -133.000000 -1941.000000 3941.000000 
6.700000 22.940001 75.809998 -6.020000 -30.410000 0.000000 1530.000000 -1551.000000 3827.000000 -332.000000 -2022.000000 3790.000000 
6.560000 22.990000 75.769997 -6.310000 -31.030001 0.000000 1457.000000 -1449.000000 3898.000000 -379.000000 -2017.000000 3833.000000 
6.340000 23.049999 75.690002 -6.470000 -31.590000 0.000000 1441.000000 -1309.000000 3855.000000 -323.000000 -1999.000000 3852.000000 
6.030000 23.129999 75.599998 -6.550000 -32.070000 0.000000 1463.000000 -1248.000000 3852.000000 -317.000000 -1971.000000 3880.000000 
5.770000 23.260000 75.540001 -6.560000 -32.500000 0.000000 1483.000000 -1207.000000 3863.000000 -343.000000 -1973.000000 3888.000000 
5.670000 23.430000 75.519997 -6.520000 -32.540001 0.000000 1496.000000 -1174.000000 3884.000000 -357.000000 -1948.000000 3928.000000 
5.660000 23.500000 75.529999 -6.440000 -32.570000 0.000000 1573.000000 -1105.000000 3874.000000 -264.000000 -1904.000000 3921.000000 
