0.861941 -4.369654 -48.755417
0.800188 -4.472414 -48.600173
0.843005 -4.596319 -48.464736
0.980037 -4.703961 -48.35674
1.166762 -4.809289 -48.319687
1.295194 -4.952462 -48.276747
1.397334 -4.964022 -48.341919
1.587207 -4.922287 -48.547595
1.858957 -4.66204 -49.096964
2.403522 -3.590214 -50.422828
3.2242 -2.34205 -52.117769
4.566907 -2.323825 -53.199875
6.477643 -2.346512 -54.805458
8.461508 -2.622305 -56.345671
10.413992 -2.967137 -57.886261
12.302439 -3.192152 -59.398096
13.551851 -3.920689 -59.763195
14.597882 -5.000626 -59.435701
15.987626 -5.700326 -59.877759
17.16752 -6.030389 -60.89621
17.935592 -6.215491 -61.987042
18.377647 -6.551712 -62.553407
18.824774 -6.966881 -63.01543
19.257752 -7.450475 -63.143509
19.480026 -7.87489 -62.978644
19.236023 -8.014193 -62.664812
19.071419 -8.037519 -62.608564
19.009095 -7.846361 -62.985224
18.971185 -7.130535 -64.184353
19.232409 -6.492119 -65.557388
19.633071 -5.904768 -67.013841
19.996979 -5.091363 -68.73652
20.518496 -3.780259 -71.112596
21.272486 -2.267976 -73.857369
22.027906 -0.617654 -76.587544
22.882118 1.007052 -79.401642
23.626505 2.657005 -81.982219
24.341002 4.137622 -84.404374
25.094549 5.382462 -86.621799
25.873163 6.350895 -88.566473
26.057205 7.075885 -89.651586
24.890925 7.688299 -88.962729
24.084086 8.826183 -88.907583
23.518253 10.209102 -89.243286
23.150046 11.628609 -89.760843
22.840321 12.837235 -90.269454
22.603938 13.649331 -90.558201
22.849123 14.075648 -91.113965
23.242935 13.947305 -91.491595
23.243208 13.675583 -91.362912
23.032902 13.489941 -91.099039
22.797247 13.838443 -91.188462
22.696897 14.625731 -91.625968
22.716208 15.548508 -92.22884
22.699653 16.546138 -92.85301
22.488791 17.628116 -93.300076
21.965029 18.667442 -93.497603
21.428783 19.6488 -93.698774
20.958073 20.511929 -93.736749
20.08764 21.12739 -93.316922
18.790061 21.108414 -92.29486
17.786687 20.976297 -91.372161
16.651569 21.167749 -90.472308
15.640981 21.743201 -89.822106
14.680564 22.488183 -89.274671
13.953545 23.299898 -88.919184
13.561688 24.119867 -88.826159
13.417467 24.844845 -88.878845
13.184214 25.254943 -88.822307
12.95498 25.286156 -88.58702
12.666899 25.110948 -88.141826
12.330202 24.753116 -87.541312
11.147022 24.405219 -86.418123
9.982355 24.201487 -85.422687
9.123569 24.447575 -84.645626
8.909602 25.028717 -84.330154
8.77217 25.159397 -84.07863
8.455728 25.001004 -83.571018
8.052947 24.761113 -83.059384
8.246218 24.540911 -82.885715
8.753517 24.88704 -82.871651
8.939574 25.330028 -82.711286
7.770554 25.515377 -81.812373
6.408925 25.591965 -80.8173
5.229598 25.893161 -79.960479
4.113091 26.045529 -79.220089
4.488593 26.40807 -79.11918
4.443261 26.897592 -78.824069
3.547808 27.149125 -78.176229
2.635705 26.766893 -77.637095
2.785607 26.558266 -77.606698
3.222685 26.584165 -77.67091
2.871395 26.479289 -77.403433
2.530865 26.460513 -77.103172
2.246696 26.342737 -76.900948
1.907142 26.260788 -76.785476
3.105357 26.409383 -77.428662
4.156674 26.72918 -77.971173
4.458984 26.349137 -78.234671
3.67176 26.172071 -77.762606
2.887274 25.717677 -77.355152
1.941182 25.842291 -76.939623
1.406773 26.413471 -76.762023
1.67677 27.077637 -76.932936
2.100715 27.592823 -77.078514
2.972705 27.612583 -77.655166
3.807161 27.807255 -78.023446
3.855897 27.177003 -77.988429
3.280292 26.951719 -77.671694
3.250841 26.507321 -77.673857
3.383094 27.357485 -77.936921
4.011322 27.815754 -78.585647
4.662366 28.307887 -79.29696
5.216553 28.806112 -79.810379
5.957057 29.163177 -80.434626
5.778453 29.055873 -80.72812
6.652858 28.946179 -81.32542
7.383612 29.154259 -81.941499
6.916603 29.39327 -81.822645
6.387038 29.512663 -81.709788
5.644766 29.398219 -81.226368
4.980551 29.494155 -80.938311
5.526194 29.53511 -81.275026
6.248528 29.582574 -81.697907
6.972476 29.42114 -82.153593
7.630401 29.432795 -82.475648
7.782888 29.197155 -82.513642
7.694048 29.01412 -82.699945
7.524918 29.178963 -82.763216
7.068325 29.240315 -82.730928
6.947442 29.348022 -82.705333
7.348332 29.572217 -83.102647
7.606332 29.8584 -83.341618
7.488354 29.998383 -83.501988
7.323494 30.154392 -83.522988
7.056033 30.254353 -83.53099
7.057213 30.322306 -83.763491
7.366791 30.459228 -84.533595
8.238574 30.350864 -85.629517
8.828677 30.066808 -86.738839
9.720418 29.774474 -88.136723
10.966775 29.479811 -89.868127
12.264075 29.18062 -91.675561
13.748619 28.990156 -93.754719
15.144609 28.679459 -95.823704
16.719871 28.400696 -98.250963
18.496328 28.201587 -101.151565
20.318579 27.911441 -104.427373
22.234263 27.538239 -108.175145
24.199011 27.013016 -112.336637
26.19557 26.290656 -116.89871
28.252617 25.35741 -121.99414
30.264196 24.14384 -127.45765
32.18014 22.630641 -133.354552
33.96679 20.792518 -139.731377
35.564522 18.540404 -146.648705
36.874328 15.816388 -154.25763
38.029781 12.600501 -163.096138
38.980596 8.811963 -173.547388
39.629336 4.349456 173.954979
39.772185 -0.998217 158.962109
39.172869 -7.5078 140.646859
37.258005 -15.425885 117.922759
33.082154 -24.450054 89.245379
25.311811 -32.575843 53.104932
12.462253 -36.356039 8.037956
-4.398137 -34.363426 -43.773865
-19.619049 -28.189208 -93.965661
-29.015855 -19.197721 -136.300505
-32.778281 -8.738284 -169.720564
-32.793213 1.249536 163.897303
-30.586631 9.490231 142.10259
-27.144122 15.593618 123.778673
-23.007409 19.924379 108.025658
-18.478 22.840033 94.022235
-13.807323 24.692789 81.51033
-9.166045 25.746832 70.291115
-4.755235 25.98686 60.106263
-0.901309 25.763026 51.516166
1.870481 24.989937 44.643871
4.40517 24.329356 38.828127
6.626198 23.586418 33.801176
8.153593 22.677187 29.69724
9.409504 21.89581 26.244369
10.584871 21.25496 23.399188
11.675561 20.526175 20.776179
12.581396 19.708713 18.508849
13.316292 18.898577 16.689902
14.026875 18.243455 15.224346
14.815161 17.651794 13.906164
15.605409 17.245683 13.015608
16.408111 16.961704 12.494423
17.233675 16.895842 12.334141
17.669732 15.988857 11.26797
18.001601 14.974947 10.195972
18.499707 14.349281 9.697668
19.062018 14.02993 9.613551
19.331931 13.201701 9.114016
19.614043 12.349929 8.642172
20.096011 11.764466 8.601201
20.543773 11.346112 8.80238
20.608887 10.611972 8.821908
20.664535 9.9037 8.867138
20.811187 9.417365 9.254714
20.766284 8.936268 9.61132
20.544714 8.398119 9.812189
20.377293 8.059598 10.207232
20.274019 7.833987 10.618154
20.080349 7.519148 11.046869
19.925272 7.141296 11.452716
19.879364 6.845265 11.96564
19.856987 6.556987 12.42772
19.757315 6.332139 12.961676
19.668503 6.142107 13.595371
19.455911 6.013241 14.202952
19.281176 5.918128 14.742542
19.047254 5.840168 15.360801
18.745224 5.736581 15.853507
18.372899 5.675696 16.30053
18.147712 5.635288 16.691942
18.090945 5.628467 16.960552
18.069926 5.586879 17.244824
18.083153 5.535686 17.506739
18.20989 5.434435 17.9491
18.256824 5.226212 18.363041
18.162208 5.061191 18.894659
18.083341 4.928982 19.296639
17.934589 4.886276 19.792587
17.653814 4.852287 20.362065
17.488833 4.789727 20.746659
17.415824 4.796108 21.134168
17.350211 4.912543 21.403749
17.290179 5.065138 21.711184
17.330913 5.124608 21.85018
17.414298 5.146643 22.080983
17.510465 5.162062 22.321628
17.570503 5.161655 22.485039
17.665885 5.137963 22.721838
17.799901 5.140487 22.970648
17.971738 5.11071 23.144071
18.104615 5.147675 23.408652
18.108949 5.228385 23.737256
18.104726 5.311327 23.903044
18.123503 5.449906 24.028136
18.233478 5.585299 24.109752
18.322906 5.724619 24.163935
18.387683 5.838298 24.207628
18.55824 5.931424 24.225757
18.714566 5.973663 24.272753
18.781391 5.93496 24.335067
18.817916 5.898523 24.472541
18.829287 5.890828 24.668908
18.799347 5.877325 24.906445
18.719179 5.931294 25.194402
18.712364 6.041208 25.414308
18.756923 6.209847 25.610548
18.700038 6.363894 25.873627
18.729045 6.416852 25.954519
18.763472 6.499671 26.041111
18.824011 6.54106 26.085259
18.897742 6.575112 26.126952
18.995458 6.590415 26.181324
19.100115 6.626565 26.32791
19.172216 6.686769 26.516647
19.197201 6.727226 26.686828
19.250934 6.77513 26.844228
19.314817 6.762645 26.930962
19.300924 6.72231 27.053466
19.270734 6.709234 27.18888
19.242792 6.689728 27.335295
19.262327 6.699705 27.432686
19.298218 6.667014 27.498133
19.357411 6.612234 27.563862
19.425443 6.561853 27.650155
19.473432 6.570279 27.829764
19.512982 6.567721 27.958011
19.495234 6.605058 28.101887
19.468332 6.62845 28.292214
19.474558 6.646394 28.411244
19.458253 6.674325 28.572622
19.510017 6.722216 28.688984
19.533448 6.756228 28.805618
19.544234 6.745555 28.899772
19.541298 6.749467 29.045904
19.570868 6.744813 29.078498
19.570618 6.735928 29.193311
19.633751 6.775588 29.238492
19.613029 6.82543 29.374923
19.598114 6.843513 29.47574
19.610087 6.829999 29.578408
19.654599 6.80825 29.636905
19.687357 6.785235 29.693289
19.735016 6.744297 29.647691
19.734364 6.741792 29.723587
19.746347 6.728029 29.807695
19.732136 6.684241 29.879456
19.694912 6.656496 30.006455
19.664479 6.649511 30.155254
19.705356 6.653389 30.278674
19.741029 6.626989 30.347979
19.698597 6.634126 30.5226
19.725731 6.65179 30.580986
19.677602 6.634108 30.647462
19.590502 6.653404 30.760038
19.601309 6.633417 30.840362
19.630427 6.626164 30.879559
19.652414 6.613917 30.953157
19.675199 6.654228 31.043415
19.679702 6.681799 31.13417
19.699487 6.676247 31.206118
19.678443 6.667524 31.302203
19.763254 6.636966 31.340249
19.785781 6.609529 31.447104
19.821574 6.564395 31.469871
19.786356 6.576181 31.581216
19.811775 6.594373 31.596251
19.83609 6.616081 31.640171
19.81845 6.646884 31.70215
19.801341 6.671467 31.782435
19.794128 6.697605 31.831574
19.783491 6.742663 31.894843
19.802854 6.734054 31.92573
19.751689 6.716748 32.004798
19.729224 6.707764 32.080381
19.74411 6.721481 32.175397
19.766436 6.700402 32.213774
19.819105 6.740009 32.299377
19.857721 6.803383 32.42026
19.897432 6.863196 32.492142
19.885769 6.871403 32.583935
19.905077 6.87243 32.648144
19.974563 6.823675 32.687053
19.97355 6.765713 32.744883
19.999917 6.728877 32.80215
20.070557 6.676763 32.811366
20.139444 6.634392 32.881943
20.179015 6.589574 32.947892
20.209723 6.539847 33.024139
20.289942 6.498501 33.045968
20.320565 6.448312 33.1041
20.345734 6.373646 33.141735
20.311262 6.33853 33.220265
20.265161 6.311124 33.291498
20.222514 6.264461 33.329879
20.202808 6.199368 33.360443
20.212136 6.145539 33.349995
20.194213 6.070861 33.399258
20.213184 5.965732 33.402312
20.178528 5.92698 33.431479
20.064017 5.930375 33.515405
19.960563 6.0344 33.612437
19.777443 6.17291 33.725991
19.433921 6.441352 33.9445
19.014377 6.812831 34.218385
18.525257 7.278864 34.527581
18.074962 7.952942 34.929587
17.536752 8.81615 35.520545
16.900485 9.846535 36.226384
16.264163 11.095025 37.131405
15.476558 12.503474 38.276332
14.4831 13.993447 39.596356
13.196599 15.479344 41.182618
11.707653 16.884321 42.921057
10.019783 18.265278 44.971822
8.29363 19.627019 47.203445
6.413833 20.893996 49.803234
4.356047 22.013902 52.688404
2.057085 22.933091 55.964065
-0.471393 23.66918 59.681654
-3.338711 24.198268 63.998167
-6.548814 24.347662 68.78837
-9.915541 24.123174 73.849726
-13.217466 23.494612 78.95104
-16.369448 22.427984 84.03977
-19.18061 20.985771 88.920655
-21.665637 19.173807 93.712568
-24.020688 16.959563 98.991733
-26.288736 14.270555 105.024136
-28.272494 11.053771 111.486223
-29.931499 7.178313 118.425995
-31.210148 2.561012 126.090295
-31.841258 -2.579855 134.027448
-31.677846 -7.632558 141.697797
-30.838326 -12.3037 149.392983
-29.35419 -16.764082 158.059768
-27.20996 -20.802314 167.799264
-24.336704 -24.345232 178.811945
-20.421367 -27.418493 -168.464784
-15.339786 -29.788034 -153.772618
-9.170999 -31.275197 -137.727943
-2.443435 -31.821737 -121.388251
4.045007 -31.545073 -105.222878
9.962065 -30.659048 -88.824383
15.014953 -29.370421 -71.336697
19.278572 -27.954356 -51.891869
23.144835 -26.942332 -26.456274
26.66471 -27.022744 7.838484
29.758921 -26.814009 52.258277
31.979928 -21.373359 100.188504
33.249559 -16.358262 143.318762
33.774053 -13.827172 179.872292
33.62642 -12.307334 -150.454879
32.926095 -10.606376 -127.089285
32.085912 -8.527378 -111.588934
31.184835 -6.300835 -101.607146
30.412663 -4.359672 -95.218221
29.877276 -2.68821 -90.994376
29.615357 -1.205016 -88.500558
29.781619 0.065012 -87.425101
29.84883 1.19277 -85.937744
29.411077 2.166469 -83.42098
28.487559 2.754883 -79.597535
27.192724 3.1354 -75.367219
25.840069 3.509096 -72.044263
24.511302 4.068712 -69.910559
23.224575 4.609888 -68.391928
22.074263 5.072121 -67.315177
21.184356 5.391998 -66.554874
20.950868 5.628149 -66.291932
20.822196 5.897487 -66.191219
20.038975 6.038038 -65.568473
18.971144 6.291671 -64.851524
17.726468 6.497291 -64.115755
16.294988 6.497289 -63.166967
14.803531 6.462859 -62.272809
13.428251 6.538812 -61.702364
12.330326 6.74259 -61.457755
11.546056 6.987612 -61.527517
10.900071 6.946663 -61.534019
9.986933 6.574369 -61.084832
9.134889 6.068343 -60.411261
8.021953 5.648672 -59.853782
6.835885 5.385855 -59.491774
5.660821 5.211 -59.226417
4.532536 5.199829 -59.043584
3.493095 5.329161 -58.945332
2.635906 5.446471 -58.899791
2.435585 5.551219 -58.854478
2.352752 5.479472 -58.767753
2.013093 5.300364 -58.549278
1.693975 5.489081 -58.430191
1.585361 5.828671 -58.691642
1.755793 6.206923 -59.020855
1.970887 6.771091 -59.407868
2.160105 7.465965 -59.907865
2.401327 8.041008 -60.347543
2.618324 8.552953 -60.713419
2.650852 9.064678 -61.04816
2.409226 9.28355 -61.237067
2.182443 9.189146 -61.177448
1.889931 9.078158 -61.135432
1.274966 8.826889 -61.009969
0.388354 8.775365 -60.804777
-0.55016 8.888992 -60.656439
-1.043422 9.280385 -60.767665
-0.653611 9.704467 -61.066665
-0.022958 10.000764 -61.404873
0.572129 10.40472 -61.737446
0.754518 10.653755 -61.960652
-0.0511 9.984235 -61.550061
-0.408849 9.253659 -61.269033
-0.150888 9.045769 -61.262426
-0.071386 8.708754 -61.063258
-0.108559 8.149918 -60.82793
-0.170754 8.096786 -60.707368
-0.326387 7.816529 -60.613151
-0.119773 7.675287 -60.605752
-0.158805 7.843259 -60.706119
-0.819614 7.918157 -60.531888
-0.594206 8.246185 -60.683556
-0.22791 8.17779 -60.752514
-0.456271 7.992637 -60.679828
-0.978005 7.869928 -60.595207
-1.108276 8.303454 -60.788024
-1.446372 8.811727 -60.918207
-2.071355 8.949577 -60.757227
-2.62447 8.747234 -60.487995
-2.852223 8.43422 -60.237387
-3.386823 8.443737 -59.98286
-4.165446 8.524016 -59.811494
-4.553326 8.598256 -59.5662
-4.915063 8.695867 -59.288554
-5.560279 8.636889 -59.009826
-6.196191 8.525827 -58.79386
-6.396989 8.241148 -58.524135
-7.099315 8.760983 -58.423573
-7.453917 9.401775 -58.2606
-7.72587 9.864117 -58.092106
-7.381955 10.368387 -58.169587
-6.940753 10.999214 -58.256241
-6.588273 11.658688 -58.419794
-6.001448 12.14332 -58.561832
-6.268946 12.681231 -58.537159
-7.066804 12.978826 -58.405593
-7.791961 13.417659 -58.201925
-8.285049 14.238219 -58.088795
-8.520456 15.253353 -58.162923
-8.326764 16.428329 -58.33609
-7.840099 17.661397 -58.678775
-7.589051 18.845391 -58.894729
-7.173175 19.850213 -59.24075
-6.995993 20.597785 -59.532459
-7.160635 21.170449 -59.697376
-6.868267 22.011147 -60.031175
-6.183269 22.868374 -60.510851
-5.909152 23.529385 -60.760306
-6.035091 23.886407 -60.850048
-6.174767 24.151193 -61.013433
-6.094975 24.508542 -61.311329
-5.704551 24.871215 -61.787245
-4.978355 25.082705 -62.418345
-3.825473 25.116544 -63.227163
-2.66633 25.048963 -63.966217
-1.335462 24.84233 -64.691979
0.374159 24.450515 -65.317862
2.110691 23.782264 -65.808016
3.557751 22.897536 -65.930845
4.618083 21.873287 -65.695534
5.390886 20.747127 -65.089762
5.858679 19.565804 -64.154288
6.52755 18.367631 -63.229442
7.748913 17.263002 -62.537299
9.058915 16.080661 -61.756307
10.342079 14.807884 -60.888929
11.543204 13.375574 -59.777378
12.650698 11.847912 -58.407029
13.678929 10.206339 -56.687237
14.533405 8.415442 -54.515083
15.22855 6.448401 -51.84516
15.825453 4.391202 -48.814042
16.370059 2.382168 -45.585651
16.815343 0.421151 -42.179437
17.098374 -1.392661 -38.803075
17.21216 -2.887584 -35.79212
17.177236 -4.119403 -33.076261
17.085483 -5.165282 -30.62047
17.016415 -6.090603 -28.389996
17.04185 -7.007502 -26.178673
17.177193 -7.848603 -24.074103
17.434284 -8.536354 -22.223321
17.7165 -9.053706 -20.699054
18.017062 -9.407359 -19.53752
18.312576 -9.652019 -18.710776
18.57789 -9.873648 -18.086371
18.80818 -10.1235 -17.52295
18.964975 -10.452063 -16.939887
19.049231 -10.904267 -16.23642
19.021322 -11.472474 -15.424981
18.839545 -12.081593 -14.549285
18.430641 -12.707161 -13.737833
17.830455 -13.254743 -13.13247
17.120305 -13.605025 -12.870767
16.339521 -13.707851 -13.084022
15.333637 -13.702188 -13.385701
14.211047 -13.595164 -13.838126
14.087301 -13.750244 -13.894479
14.150227 -14.366029 -13.293615
14.127362 -15.102978 -12.628751
13.848246 -15.828675 -12.158717
13.353677 -16.335654 -12.117614
12.752945 -16.646824 -12.427774
11.903403 -16.773027 -13.020634
10.863954 -17.275898 -13.116561
9.866229 -17.681092 -13.217884
8.941036 -17.876747 -13.377605
8.262 -17.795046 -13.779246
7.829142 -17.301807 -14.588922
7.394326 -16.526066 -15.77342
6.80725 -15.565199 -17.33202
6.079717 -14.500503 -19.017941
5.33546 -13.474403 -20.653242
4.704275 -12.382619 -22.234883
4.342129 -11.225659 -23.829059
4.248581 -10.14746 -25.146456
4.33666 -9.1127 -26.387942
4.527399 -8.184841 -27.587333
12.902032 -3.625311 -22.469528
12.572116 -3.449257 -22.369752
12.37261 -3.383632 -22.514397
12.242575 -3.588891 -22.555986
12.288774 -4.051466 -22.430762
20.726214 -5.414683 -31.931584
21.53839 -6.138179 -30.602915
22.309709 -6.860907 -29.317298
22.979886 -7.584052 -28.036171
23.499725 -8.293137 -26.814602
23.927783 -8.89085 -25.797996
24.254579 -9.403224 -25.029831
24.440587 -9.76777 -24.517379
24.396979 -10.001065 -24.337816
24.081138 -10.113908 -24.46769
23.519983 -10.131205 -24.779021
22.787417 -9.997163 -25.427491
21.959053 -9.711904 -26.412772
21.229232 -9.417815 -27.358738
20.562158 -9.103235 -28.307947
19.810201 -8.69169 -29.447922
20.005119 -8.253022 -30.881724
19.950366 -8.232634 -31.47854
19.175881 -8.061329 -32.386164
17.960434 -7.91158 -33.271826
16.095858 -7.361156 -34.716113
14.550816 -6.763573 -36.123786
13.212949 -6.024162 -37.739053
11.51964 -4.966917 -39.568858
9.318834 -4.297781 -40.442607
7.195389 -4.175346 -40.756372
5.438622 -4.150501 -40.908906
4.069398 -4.316697 -40.835108
2.961601 -4.567499 -40.601929
2.073521 -4.896147 -40.239195
1.423762 -5.117128 -39.968498
1.198362 -5.348299 -39.792591
1.400943 -5.457828 -39.841918
1.542256 -5.540464 -40.015921
1.368672 -5.765032 -40.005325
1.174444 -5.954553 -40.131614
1.242792 -5.956058 -40.473903
1.671277 -5.696706 -41.064016
2.295505 -5.152087 -41.973672
2.954238 -4.475745 -43.071974
