15.849408 -3.854711 -69.130911
14.765688 -2.184865 -71.177387
13.764202 -0.518957 -73.241525
12.81436 1.057409 -75.102408
11.84594 2.408157 -76.458679
10.90076 3.545831 -77.425366
9.938964 4.465827 -77.995367
8.831077 5.232619 -78.276346
7.417617 5.740804 -78.007758
5.89308 6.006654 -77.348292
4.455138 6.222288 -76.761507
3.123025 6.445062 -76.336165
1.942671 6.629907 -76.060696
0.927398 6.691556 -75.759422
0.186238 6.78002 -75.669217
-0.838438 6.670265 -75.26081
-1.997507 6.365232 -74.604998
-3.20238 6.038756 -73.954597
-4.36652 5.637262 -73.267712
-5.231369 5.442836 -72.864524
-6.272599 5.381707 -72.628906
-6.782622 5.587783 -72.759215
-6.5245 5.548221 -72.974504
-5.269501 3.946464 -71.850088
-4.972692 1.831259 -69.918192
-5.415311 0.412871 -68.442291
-5.876524 -0.410676 -67.479798
-6.031904 -1.492788 -66.393417
-5.683354 -2.254618 -65.367029
-5.635896 -2.973472 -64.406511
-5.457574 -3.609337 -63.441934
-5.05827 -4.29034 -62.462737
-4.700272 -4.741438 -61.68784
-4.472078 -4.425797 -61.60804
-4.246445 -3.876337 -61.821824
-3.812242 -3.421952 -61.952086
-3.363363 -3.448848 -61.553986
-2.588149 -3.317758 -61.401363
-1.854328 -3.179372 -61.262342
-1.321383 -3.906061 -60.183694
-0.995097 -4.278207 -59.455747
-0.900169 -5.07414 -58.400154
-0.764807 -5.522705 -57.600706
-1.329614 -5.682244 -57.203428
-1.760769 -5.881044 -56.773393
-1.404661 -6.275208 -56.097384
-1.289538 -6.08308 -55.818492
-1.771213 -5.553884 -56.068338
-1.192861 -5.19219 -55.99367
-1.192953 -4.71338 -56.05002
-1.743735 -4.755746 -55.727256
-1.597865 -4.788254 -55.300575
-2.311505 -4.590314 -55.1531
-3.192877 -4.124852 -55.243397
-4.117507 -3.5765 -55.416295
-5.186848 -2.743138 -55.734003
-5.241663 -1.482558 -56.16016
-6.551104 0.105151 -56.917585
-7.796984 1.884133 -57.82711
-8.693019 3.947259 -58.961907
-9.745773 5.842499 -60.083128
-10.983734 7.435848 -61.021968
-12.30138 9.030953 -62.2116
-13.682891 10.675738 -63.77142
-14.549368 12.844561 -66.436981
-15.216543 15.224256 -69.998656
-15.337719 17.644281 -74.707532
-14.819478 20.01062 -80.535468
-13.620956 22.360268 -87.562819
-11.582872 24.605334 -95.945979
-8.51576 26.667916 -105.892211
-4.469243 28.386486 -117.363451
0.44249 29.702526 -130.450605
6.260119 30.58577 -145.616539
13.07622 30.778221 -163.418573
20.931496 29.457022 175.172374
29.145337 24.881812 149.219864
35.917759 12.739973 117.461131
36.768778 -12.561256 76.460432
19.740028 -34.563155 16.216909
-16.764711 -33.55108 -62.989867
-34.247864 -17.17328 -121.172619
-36.962688 -0.310569 -161.992162
-34.726734 10.844072 165.818038
-30.823923 17.821096 139.596184
-26.456012 22.308835 118.360228
-22.13764 25.248426 101.230599
-18.03672 27.167655 87.186451
-14.093103 28.416331 75.357211
-10.214652 29.130611 65.129564
-6.609047 29.420605 56.37544
-3.442998 29.255358 49.013519
-0.931312 28.859268 43.198856
1.134653 28.382371 38.48315
3.009289 27.802759 34.419267
4.676671 26.992036 30.88423
6.130104 25.920106 27.740621
7.456591 24.659682 24.953491
8.835578 23.352379 22.450719
10.171369 21.89582 20.325806
11.208028 20.215915 18.802222
11.985216 18.475824 17.820025
12.674536 16.783966 17.175792
13.270531 15.149691 16.855985
13.738833 13.542884 16.899218
14.131207 12.008193 17.260695
14.54978 10.552805 17.872234
15.067663 9.196003 18.61235
15.477684 7.903552 19.467331
15.669909 6.671598 20.336149
15.781082 5.642445 21.082954
15.753379 4.749053 21.784456
15.63815 3.83741 22.56163
15.566101 2.689464 23.564796
15.421894 1.337038 24.711532
15.321615 -0.253845 26.06123
15.164042 -1.789172 27.420343
14.948389 -3.123841 28.747263
14.648829 -4.367546 29.956415
14.327818 -5.47243 31.087766
13.976691 -6.387776 32.113838
13.717312 -7.044087 33.046279
13.518323 -7.575352 33.917155
13.15146 -8.124796 34.741941
12.698794 -8.571544 35.397502
12.289312 -8.74465 35.894837
11.998884 -8.806695 36.290114
11.770243 -8.773356 36.580379
11.568757 -8.550099 36.853782
11.640139 -8.288406 37.10872
11.873748 -8.015082 37.386666
12.075268 -7.736059 37.643302
12.251951 -7.394411 37.90697
12.40542 -7.081069 38.155262
12.597427 -6.753202 38.362721
12.761265 -6.563369 38.617707
12.844147 -6.441675 38.927111
13.015486 -6.310333 39.177438
13.243645 -6.15158 39.376898
13.469663 -6.052665 39.591375
13.727053 -5.97173 39.823826
14.035367 -5.893941 39.992162
14.343405 -5.816971 40.246111
14.641272 -5.741575 40.506005
14.95012 -5.676261 40.701689
15.177893 -5.611748 40.925272
15.324858 -5.477322 41.058089
15.531214 -5.279836 41.179531
15.701805 -5.087971 41.312478
15.867091 -4.937931 41.410569
16.049675 -4.848662 41.596614
16.188318 -4.788854 41.799623
16.286389 -4.737116 41.989643
16.329966 -4.704194 42.1906
16.336642 -4.695784 42.295246
16.35606 -4.634911 42.418227
16.359092 -4.522056 42.519079
16.438384 -4.392935 42.555909
16.611752 -4.293537 42.589761
16.730296 -4.158732 42.758487
16.837404 -4.030801 42.7968
16.892838 -3.958304 42.934029
16.988801 -3.908883 43.059889
17.12494 -3.851655 43.143701
17.268579 -3.771271 43.197504
17.37945 -3.677339 43.237268
17.520148 -3.56188 43.216621
17.676624 -3.340856 43.244855
17.916837 -2.971815 43.204195
18.191544 -2.471192 43.133746
18.553826 -1.643149 43.023156
19.038201 -0.473183 42.694534
19.496676 1.029874 42.204754
19.871913 2.831735 41.578148
20.158767 4.925454 40.874045
20.361836 7.221775 40.172897
20.476913 9.660813 39.504483
20.527801 12.164993 39.03456
20.516318 14.670969 38.943584
20.335497 17.310074 39.404933
19.062062 20.198138 40.647983
16.962646 23.151796 43.089667
13.822533 26.070497 47.222265
9.235497 28.729123 53.773403
2.891146 30.772788 63.175874
-5.376964 31.802984 75.875839
-15.962063 31.188794 92.552032
-27.265394 27.624347 112.286876
-36.684865 18.698939 133.808736
-41.121906 1.920521 156.571744
-37.597017 -17.588463 -177.94856
-23.925698 -29.642781 -146.004831
-2.870262 -32.990995 -108.314358
15.169593 -30.892358 -73.914701
25.793024 -26.201605 -44.875551
31.435801 -21.020733 -12.073231
34.518537 -17.693145 47.132155
34.46043 -8.456801 168.28839
32.731002 -6.167864 -111.092322
31.369935 -3.787881 -78.644253
29.769627 -2.211439 -61.006302
28.277306 -1.313351 -50.744666
26.882386 -0.838692 -43.708159
25.286984 -0.721678 -37.881127
23.807394 -0.806606 -33.839429
22.122385 -1.035746 -30.261408
20.382319 -1.186182 -28.059841
18.755144 -1.43703 -26.501949
17.107881 -1.567649 -25.723854
15.659247 -2.03326 -24.286615
14.2832 -2.148011 -23.917489
13.682097 -2.337612 -23.851152
13.633937 -2.185707 -24.549925
13.701202 -1.909488 -25.426054
13.564092 -1.718961 -26.12587
12.771296 -1.878794 -26.015757
11.832749 -2.140642 -25.661798
10.923361 -2.155289 -25.878385
10.393371 -1.526051 -27.412498
10.128501 -0.813768 -29.006066
9.753788 -0.042003 -30.79186
9.054148 0.634664 -32.316016
8.500538 1.190419 -33.69882
7.81599 1.812524 -35.034844
7.187187 2.108811 -35.696904
6.088571 2.450664 -36.266217
5.059905 2.379005 -36.3616
4.082868 2.454771 -36.834286
3.142014 2.771241 -37.551375
2.738074 3.256391 -38.471284
2.007918 3.688449 -39.271352
1.332465 4.205065 -40.213058
0.834621 4.700844 -41.145134
0.576322 5.089277 -41.896615
0.569473 5.386826 -42.505485
0.653936 5.686817 -43.073691
0.757325 5.71491 -43.176034
0.51353 5.472251 -42.960425
0.015279 5.330368 -42.880469
0.398072 5.325116 -43.055188
0.913673 5.47399 -43.193837
0.956958 5.709229 -43.38996
0.488999 4.675331 -41.901901
0.772014 3.877038 -40.862623
0.732095 2.857403 -39.366189
0.664643 1.921388 -38.046675
-0.192875 1.142934 -37.057795
-0.826026 0.708634 -36.724465
-0.222865 0.228826 -36.101322
0.067723 -0.452839 -35.292416
0.269264 -1.037105 -34.62718
0.590056 -1.402283 -34.306829
0.735419 -1.662309 -34.076758
0.658194 -1.768115 -34.352871
0.544538 -1.795544 -34.567773
0.36409 -1.761613 -34.877017
-0.148207 -1.732519 -35.15052
-0.504739 -1.865019 -35.392015
-0.588931 -2.005969 -35.513184
-0.504963 -1.812547 -35.929147
-0.484802 -1.483599 -36.602444
-0.34664 -1.236194 -37.183401
-0.360057 -1.194755 -37.459836
-0.191652 -1.287258 -37.493673
0.08269 -1.535702 -37.331878
0.259589 -1.799996 -37.144474
0.133305 -1.950149 -37.1876
-0.518742 -2.165618 -37.261267
-1.486815 -2.355901 -37.452133
-2.606834 -2.246873 -37.9228
-3.350309 -2.063995 -38.501063
-3.303246 -1.374198 -39.567417
-3.354316 -0.341649 -41.142533
-4.22548 0.950318 -43.136018
-5.762103 2.267014 -45.238385
-7.214671 3.965452 -47.760633
-8.273529 6.238563 -51.194204
-8.599342 8.77681 -55.222673
-8.515566 11.125421 -59.032659
-6.99639 13.580038 -63.539578
-4.494172 15.599402 -68.098491
-1.779227 17.028028 -72.08931
0.524593 17.81042 -74.959921
2.08496 18.161362 -76.705601
3.204492 18.227666 -77.751122
3.999031 18.130949 -78.304151
4.691864 17.952849 -78.719921
5.496505 17.769598 -79.272882
6.575573 17.624275 -80.222523
8.315054 17.379531 -81.717334
10.104986 16.76593 -82.617626
11.622092 15.746293 -82.407117
12.702779 14.466541 -81.074373
13.511421 12.99641 -78.987358
14.225024 11.4554 -76.631531
14.822976 9.933106 -74.202204
15.203718 8.402792 -71.61063
15.38513 6.858913 -68.745542
15.513301 5.42936 -65.904709
15.683394 4.239911 -63.574408
16.045467 3.402216 -62.182787
16.626723 2.877088 -61.601132
17.392772 2.508257 -61.505355
18.315358 2.235709 -61.80414
19.199843 1.886304 -61.75531
19.854673 1.424209 -60.956575
20.286243 0.907313 -59.644226
20.504071 0.38949 -57.922777
20.62721 -0.139623 -55.980851
20.69811 -0.649024 -54.01842
20.703558 -1.106341 -52.147355
20.547068 -1.476443 -50.326864
20.176848 -1.775019 -48.4277
19.548905 -2.025921 -46.435998
18.761085 -2.269965 -44.476842
17.763653 -2.532003 -42.491508
16.560156 -2.823988 -40.475091
15.223706 -3.148126 -38.568545
14.037483 -3.497154 -37.032905
14.144322 -3.143164 -38.066545
14.468995 -2.417783 -39.966164
14.894337 -3.452 -37.803962
14.862743 -5.007364 -34.355704
14.69835 -6.862255 -30.788845
13.937307 -8.811424 -27.021196
13.531925 -10.277177 -24.528103
12.976156 -11.367933 -22.58835
6.690622 -11.830839 -30.793499
6.720261 -11.489572 -31.239113
6.931947 -10.993922 -31.877735
7.232989 -10.694689 -32.225134
7.449785 -10.60716 -32.326659
7.46112 -10.656141 -32.204907
7.411821 -10.711641 -32.062485
7.3855 -10.74599 -31.905598
7.454046 -10.778457 -31.76527
7.555626 -10.854801 -31.617322
7.635522 -10.940637 -31.470579
7.649058 -10.953181 -31.462052
7.703822 -10.894748 -31.570722
22.655753 7.694463 -104.203065
24.149932 6.020726 -108.604171
25.433211 4.065779 -112.739527
26.446754 1.768957 -115.787009
27.181649 -0.759915 -117.249935
27.637365 -3.265684 -116.905094
27.940863 -5.567002 -115.180754
28.056293 -7.689392 -111.266716
27.878004 -9.502184 -104.672268
27.525507 -10.938062 -96.714665
26.998942 -11.86331 -88.369659
26.24 -12.367244 -79.819406
25.315195 -12.684584 -71.282229
24.255472 -12.968527 -63.004944
23.171329 -13.319487 -55.480867
22.156275 -13.777933 -48.644444
21.221043 -14.286815 -42.600769
20.374337 -14.741183 -37.824602
19.591407 -15.061692 -34.354985
18.749722 -15.254741 -31.760645
17.772155 -15.447294 -29.361988
16.704581 -15.711866 -26.916419
15.602086 -16.060566 -24.221591
14.491154 -16.450078 -21.53369
13.499392 -16.882172 -19.133454
12.607047 -17.275795 -17.093578
11.601035 -17.278108 -16.096974
11.064503 -17.540743 -15.026344
10.396124 -17.642465 -13.664269
10.365405 -17.804304 -12.801908
10.119561 -17.274713 -13.928818
9.836777 -16.401259 -16.07027
9.484551 -15.074684 -19.611708
8.208269 -14.497574 -20.3337
7.085799 -14.674566 -19.131674
6.214264 -15.241674 -16.997173
6.262563 -15.306842 -16.583713
7.055223 -14.905655 -17.684645
7.960668 -14.707948 -18.64618
8.773512 -14.763298 -19.148773
9.501074 -14.820524 -19.571449
10.24845 -14.765458 -20.413752
10.999992 -14.698304 -21.464953
11.642207 -14.620101 -22.412518
12.213418 -14.456613 -23.510682
12.759839 -14.190481 -24.964201
13.210484 -13.854024 -26.553327
13.621889 -13.403801 -28.540721
13.910422 -12.935892 -30.531765
14.086503 -12.502891 -32.482179
14.111359 -12.057144 -34.187678
13.98581 -11.70194 -35.381306
13.808257 -11.356021 -36.441055
13.546112 -11.174012 -36.857983
13.196382 -11.062916 -36.93905
12.886534 -11.010405 -36.884647
12.684228 -11.059 -36.867775
12.516171 -11.143307 -36.703711
12.425713 -11.288902 -36.50898
12.369787 -11.454904 -36.28669
12.383331 -11.646424 -36.064174
12.451707 -11.834599 -35.978164
12.588425 -11.959345 -36.109693
12.789659 -12.055652 -36.409716
-12.707341 2.717231 -59.29682
-13.413249 3.533183 -59.446541
-14.342547 4.148288 -59.632505
-14.33973 4.413877 -59.867692
-14.586185 6.02741 -60.707154
-14.557858 7.742461 -61.588639
-14.402391 9.444176 -62.583341
-14.547843 11.046803 -63.544495
-14.493942 12.773533 -64.849377
-13.560432 14.675725 -66.76711
-11.924113 16.435448 -68.996402
-9.970106 17.852461 -71.217131
-7.804941 18.959303 -73.305986
-5.525223 19.712742 -74.983348
-3.293514 20.225412 -76.196434
-1.206803 20.641557 -77.099798
0.806274 20.988951 -77.863699
2.680487 21.275602 -78.517891
4.347916 21.57891 -79.34476
5.922373 21.878866 -80.486196
7.34792 22.005792 -81.732661
8.767423 21.792334 -82.857305
10.414972 20.573988 -82.702764
12.047613 19.183288 -82.184781
13.765579 17.678446 -81.477558
15.485455 16.032371 -80.609698
17.22209 14.311283 -79.859078
18.989865 12.582113 -79.525741
20.745575 10.816266 -79.660594
22.560296 9.028334 -80.463208
24.327901 7.16151 -81.698191
25.689938 5.164242 -82.761909
26.593255 3.058693 -83.33813
27.00919 0.940344 -82.904331
27.037457 -1.055756 -81.552838
27.047458 -2.929596 -80.159452
27.015062 -4.690504 -78.894879
26.887184 -6.335963 -77.875118
26.739384 -7.899109 -77.169646
26.419065 -9.387623 -75.884479
25.730973 -10.65944 -73.330701
24.880739 -11.666627 -70.181861
24.02658 -12.422803 -66.659333
23.153692 -12.931985 -62.786541
22.288127 -13.229306 -58.783994
21.504775 -13.337229 -55.167735
20.881027 -13.353077 -51.961234
20.18142 -13.212757 -48.940383
19.206946 -12.916712 -45.712326
18.029131 -12.55543 -42.388322
16.92121 -12.318002 -39.397204
16.059669 -12.349551 -36.808637
15.390768 -12.580871 -34.495028
14.806489 -12.737955 -33.100728
14.154059 -12.703029 -32.375681
13.366318 -12.789332 -31.273921
12.924307 -13.041539 -30.395527
12.613987 -14.004972 -26.998767
12.718499 -15.13897 -22.439373
12.74805 -15.998625 -18.72886
11.830191 -16.473947 -16.114562
11.161126 -17.083595 -14.204653
11.106958 -17.902825 -12.290293
11.667121 -18.414754 -11.509324
12.376682 -18.527765 -11.745738
12.810121 -18.279447 -12.916172
13.034622 -17.900065 -14.546965
13.09639 -17.446309 -16.530046
13.195249 -16.986662 -18.79407
13.356172 -16.549576 -21.200187
13.655288 -16.155426 -23.685718
13.996699 -15.811758 -26.020486
14.333873 -15.453386 -28.391754
14.62969 -15.112668 -30.570113
14.910139 -14.785157 -32.730141
3.585545 -6.800318 -24.500253
3.075816 -6.43883 -24.884255
2.647572 -6.017717 -25.344642
2.294155 -5.562452 -25.838046
2.061845 -5.196101 -26.321363
1.963075 -5.049172 -26.653978
1.925187 -5.117183 -26.730083
1.875082 -5.224746 -26.709385
1.780678 -5.271764 -26.724488
1.629397 -5.228573 -26.832932
4.024658 -7.281747 -35.8923
3.765121 -6.7377 -36.376812
3.26194 -6.25067 -36.853363
2.582375 -5.797504 -37.314653
1.814677 -5.252631 -37.90104
0.577002 -4.798849 -38.340299
-0.416822 -3.745653 -39.29617
-1.31386 -2.548469 -40.35934
-1.906943 -1.489586 -41.253815
-2.13168 -0.651418 -41.904738
-1.832944 -0.004754 -42.424035
-1.444076 0.604051 -42.790791
-1.39301 1.203545 -43.108234
-1.531844 1.659704 -43.275107
-1.58308 1.98843 -43.200187
-1.539521 2.109086 -43.071898
-1.057868 1.754626 -42.561992
-0.310703 1.087184 -41.792714
0.53044 0.455467 -40.942908
1.42998 -0.112696 -40.020595
2.249429 -0.665286 -39.033348
3.179696 -1.383013 -37.909566
4.004982 -2.375035 -36.461218
4.707011 -3.582359 -34.669534
5.258079 -4.863754 -32.652363
5.740688 -5.978709 -30.606792
6.451033 -6.669567 -28.818674
7.371761 -6.988609 -27.442128
8.313344 -7.210854 -26.427769
9.176021 -7.590632 -25.511988
9.853489 -8.273437 -24.428366
10.310262 -9.159459 -23.032562
10.597164 -10.141246 -21.364422
10.659562 -11.073347 -19.568901
10.649902 -11.813698 -17.934429
10.74457 -12.219006 -16.734937
11.064514 -12.366702 -16.127283
11.494203 -12.571288 -15.757267
11.870432 -12.947204 -15.371477
12.131129 -13.526192 -14.836697
12.201 -14.241128 -14.04387
12.176362 -15.02383 -12.937705
12.143947 -15.727063 -11.663833
12.125831 -16.216843 -10.420217
12.286614 -16.460345 -9.489045
12.615284 -16.387421 -9.145804
13.0006 -16.111186 -9.513171
13.131795 -16.071155 -9.890254
12.870051 -16.471752 -9.802697
12.588759 -17.027669 -9.507785
12.243477 -17.513678 -9.211106
11.837566 -17.808341 -9.066995
11.391529 -18.030441 -8.999158
11.025988 -18.212029 -8.806752
10.890314 -18.185639 -8.774144
11.089999 -17.866884 -9.135087
11.342378 -17.459558 -9.854256
11.340318 -17.272808 -10.534608
10.89134 -17.586967 -10.688444
10.388268 -17.886257 -10.750358
9.864773 -18.024391 -10.827868
9.331025 -17.989864 -11.121808
8.816115 -18.03134 -11.337235
8.515713 -18.262171 -11.04397
8.382556 -18.023305 -11.067326
8.402661 -17.752314 -11.35707
8.639493 -18.00398 -11.083466
8.89581 -18.183432 -10.959686
9.042752 -18.341632 -10.978476
8.919505 -18.540475 -11.02384
8.569062 -18.769664 -11.047232
8.085 -18.881659 -11.121471
7.623078 -18.770432 -11.384139
7.238445 -18.399032 -11.76237
6.99386 -17.896605 -12.338671
6.854729 -17.319849 -13.1304
6.809509 -16.726746 -14.035498
6.778808 -16.214627 -14.961373
6.59467 -15.869029 -15.683967
6.2834 -15.645681 -16.298412
5.855299 -15.453926 -16.731374
5.4298 -15.14577 -17.232755
4.962465 -14.672047 -17.843032
4.57248 -14.01408 -18.55635
4.324942 -13.36507 -19.262536
4.177946 -12.794396 -19.844014
4.115331 -12.275333 -20.455869
4.057607 -11.88105 -20.953304
3.95703 -11.673769 -21.333759
3.7935 -11.544645 -21.546014
3.575724 -11.351791 -21.785401
3.336448 -11.12943 -22.049265
3.053861 -10.90288 -22.280613
2.752297 -10.677396 -22.549975
2.488067 -10.434667 -22.838147
2.360743 -10.166084 -23.097443
2.310493 -9.811276 -23.500314
2.32532 -9.327492 -24.04821
2.310666 -8.851076 -24.530775
2.254152 -8.466003 -24.960602
2.136453 -8.180708 -25.280185
1.900414 -7.865611 -25.687157
1.602831 -7.705967 -25.875139
1.517369 -7.618962 -25.965317
1.355877 -7.412932 -26.209957
1.303288 -7.176477 -26.445071
1.365884 -6.943244 -26.698328
1.406415 -6.778624 -26.8515
5.846043 -6.294902 -36.189437
5.897997 -6.27454 -36.319641
5.918332 -6.255512 -36.4696
5.905223 -6.244565 -36.582083
5.878956 -6.246213 -36.645728
5.858679 -6.224038 -36.753429
5.778349 -6.193284 -36.801024
5.663318 -6.171541 -36.901899
5.534957 -6.126518 -36.963848
7.195389 -4.175346 -40.756372
5.438622 -4.150501 -40.908906
4.069398 -4.316697 -40.835108
2.961601 -4.567499 -40.601929
2.073521 -4.896147 -40.239195
1.423762 -5.117128 -39.968498
1.198362 -5.348299 -39.792591
1.400943 -5.457828 -39.841918
1.542256 -5.540464 -40.015921
1.368672 -5.765032 -40.005325
1.174444 -5.954553 -40.131614
1.242792 -5.956058 -40.473903
1.671277 -5.696706 -41.064016
2.295505 -5.152087 -41.973672
2.954238 -4.475745 -43.071974
