3.691176 -18.377674 -17.372032
3.705648 -18.390424 -17.342244
3.708801 -18.406712 -17.366975
3.717793 -18.436788 -17.358067
3.703829 -18.44828 -17.378806
3.70444 -18.469239 -17.379458
3.677686 -18.457301 -17.39798
3.677686 -18.456424 -17.457977
3.670812 -18.453457 -17.470729
3.677551 -18.452316 -17.449659
3.651843 -18.455711 -17.460487
3.6751 -18.463809 -17.464176
3.69871 -18.458567 -17.480917
3.737826 -18.473228 -17.511539
3.761689 -18.47742 -17.454441
3.757727 -18.482596 -17.475739
3.763874 -18.455779 -17.563796
3.743981 -18.446398 -17.599571
3.736194 -18.431647 -17.668338
3.724336 -18.446006 -17.5915
3.679867 -18.434667 -17.56681
3.665907 -18.447212 -17.517572
3.677621 -18.429753 -17.516065
3.695605 -18.420016 -17.502606
3.717345 -18.422813 -17.443107
3.728851 -18.423226 -17.406882
3.730518 -18.433935 -17.388398
3.710621 -18.425133 -17.38417
3.687025 -18.430811 -17.337401
3.672754 -18.426196 -17.383375
3.638909 -18.429471 -17.359893
3.618431 -18.425842 -17.326432
3.611323 -18.414732 -17.322992
3.637023 -18.411488 -17.302173
3.647024 -18.405157 -17.302733
3.644928 -18.4039 -17.290313
3.65554 -18.391506 -17.380083
3.660781 -18.409928 -17.357259
3.661153 -18.396295 -17.390304
3.672648 -18.396006 -17.404086
3.674895 -18.3742 -17.523394
3.674895 -18.373911 -17.543391
3.683261 -18.382321 -17.583875
3.668018 -18.370793 -17.566119
3.645684 -18.374172 -17.52638
3.625218 -18.369801 -17.542899
3.663021 -18.386516 -17.586554
3.666377 -18.385801 -17.586025
3.681829 -18.380023 -17.598502
3.695189 -18.372273 -17.648549
3.715249 -18.363952 -17.637551
3.740738 -18.377125 -17.682038
3.731107 -18.369971 -17.704504
3.721477 -18.36208 -17.776974
3.679964 -18.383989 -17.802244
3.674951 -18.374584 -17.781227
3.67306 -18.356047 -17.763526
3.701852 -18.343241 -17.776068
3.73099 -18.372379 -17.754815
3.776804 -18.38703 -17.684432
3.763798 -18.380772 -17.69745
3.714235 -18.429025 -17.639801
3.62572 -18.444393 -17.61634
3.57665 -18.461541 -17.606651
3.561629 -18.458668 -17.575112
3.56871 -18.444022 -17.577055
3.688402 -18.42497 -17.651528
3.812092 -18.426675 -17.68622
3.953644 -18.41025 -17.768927
4.098993 -18.472307 -17.695041
4.158801 -18.551194 -17.567399
4.08341 -18.561733 -17.649697
3.98382 -18.582084 -17.726204
4.008219 -18.634127 -17.738896
4.133439 -18.739363 -17.655963
4.272057 -18.785203 -17.599757
4.502648 -18.805853 -17.617164
4.794991 -18.869386 -17.61384
5.053807 -18.941392 -17.602719
5.302149 -19.039321 -17.633725
5.431994 -19.115905 -17.73518
5.532716 -19.224242 -17.826984
5.629111 -19.364603 -17.891485
5.728944 -19.484917 -18.010252
5.737118 -19.575143 -18.093309
5.626993 -19.644125 -18.105625
5.747253 -19.679481 -18.218356
6.343776 -19.622817 -18.454168
7.413504 -19.481738 -18.810581
8.282857 -19.249884 -19.352325
8.668142 -19.166747 -19.410135
8.9519 -19.234576 -19.088491
9.457203 -19.400901 -18.490608
9.870964 -19.675815 -17.576483
10.101229 -19.992309 -16.50798
10.533417 -20.392313 -15.117064
11.330477 -20.736247 -13.747863
12.01536 -21.394727 -11.545422
12.758918 -22.191059 -9.202224
13.622216 -22.815547 -7.576939
14.241943 -23.398521 -6.535991
14.539498 -23.864852 -6.357291
14.615754 -24.046316 -7.286128
14.662901 -23.965755 -9.026576
14.640538 -23.695802 -11.303916
14.481156 -23.332679 -13.756944
14.243382 -22.874839 -16.193548
14.083449 -22.38705 -18.37757
14.127973 -21.84344 -20.427127
14.330954 -21.245813 -22.528684
14.937576 -20.382527 -25.447449
15.60937 -19.114615 -29.684905
15.805465 -17.204452 -35.47645
15.817849 -15.072135 -41.312015
15.816261 -12.850537 -46.851713
15.598324 -10.624365 -51.74796
15.05733 -8.547279 -55.618278
14.356092 -6.714146 -58.537117
13.618589 -5.178944 -60.632897
12.924566 -3.88073 -62.219724
12.503243 -2.632821 -63.692254
11.980718 -1.474851 -64.867031
11.211403 -0.34581 -65.730573
10.365464 0.798598 -66.382188
9.43053 1.940417 -66.871882
8.217561 2.891701 -67.007204
7.111567 3.701692 -67.462416
7.326993 4.580338 -68.11545
7.745603 4.737219 -68.480324
6.740478 4.69786 -67.850446
5.647226 4.423674 -67.12845
4.827039 4.825319 -66.858068
4.387091 5.459682 -66.811752
4.222466 5.656615 -66.65574
3.728664 5.877444 -66.325153
3.185079 6.08656 -66.128425
2.605784 5.863231 -65.775111
1.977346 5.624485 -65.410889
1.608029 5.651335 -65.198269
1.939255 5.749969 -65.04689
1.621902 5.422759 -64.630489
1.142329 4.947194 -64.203664
1.777675 5.07954 -64.288942
2.639731 4.865943 -64.300115
3.218721 5.261731 -64.591438
4.156532 4.90464 -64.601613
5.105066 4.43329 -64.45904
5.904257 4.393079 -64.435237
6.765871 3.86038 -63.947046
7.22409 2.892779 -63.052409
7.264037 2.179012 -62.110466
7.352791 1.759329 -61.300804
7.629638 1.40134 -60.644209
7.715111 1.176359 -59.970408
7.721812 0.925085 -59.322585
7.320611 0.709816 -58.544059
7.083061 0.810094 -58.008418
6.799883 0.825815 -57.378383
6.546986 0.760353 -56.71805
6.404972 0.645694 -55.932146
6.253579 0.339151 -54.973147
6.048919 0.214898 -54.082367
5.801754 0.117496 -53.227578
5.315457 -0.150175 -52.276626
4.773889 -0.278599 -51.443911
4.332961 -0.424577 -50.55482
4.145844 -0.423062 -49.791249
4.018964 -0.86492 -48.667222
3.800501 -1.055486 -47.737213
3.79456 -1.408598 -46.65224
4.057466 -1.719965 -45.666563
4.472054 -2.204537 -44.514084
4.746897 -2.645569 -43.362549
4.6561 -3.057733 -42.196981
4.609292 -3.548262 -40.925097
4.631694 -3.93425 -39.627495
4.820724 -4.147061 -38.386687
5.216788 -4.099433 -37.316714
5.666205 -3.723946 -36.639156
5.973299 -3.074522 -36.454992
6.202612 -2.321466 -36.788188
6.592277 -1.315933 -38.372324
7.073289 -0.243791 -41.234787
7.573125 0.853 -46.074788
7.924725 2.078923 -54.912976
8.31883 3.313218 -71.679421
9.176455 4.606119 -111.310869
11.905599 4.94483 151.074525
15.301058 -3.508701 32.070097
-3.035282 13.074651 98.324064
6.138135 13.283902 50.988969
8.951616 13.18533 35.030832
10.876088 13.135411 26.037943
12.989351 12.802611 19.887917
15.551378 12.866157 16.824399
17.777028 12.112356 13.408285
19.058251 9.879028 9.09097
20.413477 8.091353 6.684171
22.137162 7.129181 6.00546
23.330698 5.77521 5.250582
24.057392 4.007358 4.416247
25.035235 2.435009 4.127418
26.217598 1.095124 4.288713
27.031664 -0.188891 4.587361
27.457344 -1.501068 4.789721
28.120299 -2.572489 5.240489
28.683781 -3.369161 6.03177
28.741533 -4.137084 6.740439
28.445606 -4.986304 7.207143
28.829836 -5.710668 7.964545
29.70994 -6.850711 9.206815
30.023022 -8.154874 10.241187
29.816502 -9.332877 10.865004
29.622997 -10.216947 11.750443
29.65465 -10.977979 12.619951
29.91238 -11.445072 13.532617
30.033043 -12.17302 14.352468
30.081077 -13.109736 15.52451
30.113543 -13.827755 16.555749
30.298675 -14.405622 17.487682
30.232815 -15.113619 18.270934
30.072933 -15.690597 18.710538
30.043754 -16.259261 19.26048
30.02466 -16.747444 19.926841
29.977975 -17.221751 20.445481
29.860646 -17.637415 20.862275
29.769633 -17.999563 21.397412
30.151636 -18.354178 22.047995
30.351054 -18.605512 22.564539
30.368243 -18.744805 22.907329
30.709611 -18.828854 23.276057
31.286235 -18.80453 23.634582
31.780951 -18.771676 23.799543
32.0314 -18.647259 23.956162
32.32279 -18.497411 24.089439
32.680665 -18.25134 24.195405
32.861025 -18.08067 24.265516
33.012424 -17.912641 24.402077
33.316992 -17.695416 24.588362
33.640446 -17.545859 24.621437
33.890502 -17.357105 24.661866
34.196868 -17.151781 24.620655
34.429785 -17.045371 24.680686
34.581169 -16.901302 24.741597
34.752944 -16.820726 24.831597
34.836741 -16.767124 24.982267
34.854367 -16.757549 25.113817
34.915593 -16.660825 25.250783
35.063003 -16.629788 25.467303
35.222055 -16.647526 25.564103
35.324161 -16.65054 25.676441
35.385004 -16.649188 25.817696
35.419825 -16.666494 25.95105
35.418305 -16.663238 26.073432
35.391241 -16.668938 26.170197
35.290139 -16.624266 26.271177
35.185911 -16.503421 26.327407
35.179685 -16.450497 26.407497
35.184004 -16.426706 26.468953
35.228538 -16.40955 26.611402
35.314475 -16.376394 26.653471
35.392259 -16.340119 26.771169
35.449271 -16.37437 26.846842
35.448734 -16.395292 27.041574
35.427905 -16.369474 27.157728
35.397138 -16.33464 27.174396
35.386924 -16.333973 27.200184
35.360155 -16.29176 27.280557
35.346134 -16.227386 27.342675
35.373907 -16.242863 27.381794
35.429137 -16.222845 27.491255
35.4661 -16.191977 27.585357
35.506264 -16.167624 27.680941
35.592502 -16.10859 27.736767
35.621671 -16.000952 27.756249
35.685506 -15.868919 27.756079
35.680489 -15.795519 27.87329
35.690598 -15.718266 27.897279
35.732666 -15.683895 27.952464
35.791545 -15.588285 27.955437
35.914701 -15.553759 27.911135
35.977959 -15.497662 27.996986
36.003662 -15.485804 28.147327
36.022402 -15.484342 28.276025
36.005845 -15.528872 28.348862
35.958409 -15.482611 28.450532
35.957638 -15.435676 28.452399
35.941348 -15.367141 28.534529
35.935874 -15.313185 28.605003
35.927694 -15.275402 28.671628
35.959328 -15.279406 28.746882
35.954221 -15.238391 28.791604
35.992717 -15.24049 28.768132
35.988633 -15.258935 28.75061
35.97121 -15.249461 28.823276
35.956577 -15.289276 29.01934
35.983583 -15.338961 29.048151
35.955897 -15.332998 29.186749
35.935116 -15.354087 29.295453
35.930985 -15.325202 29.30608
35.971668 -15.322252 29.299344
36.025875 -15.304295 29.335309
36.034607 -15.238573 29.41647
36.096853 -15.231842 29.504873
36.167543 -15.258555 29.604758
36.228602 -15.246373 29.683426
36.239411 -15.205034 29.723586
36.286205 -15.097113 29.748016
36.341143 -15.033652 29.810119
36.416862 -14.933077 29.816461
36.469614 -14.877272 29.899966
36.480389 -14.798637 29.919297
36.552247 -14.760992 29.911992
36.597479 -14.70017 29.959249
36.629107 -14.630178 29.976646
36.661981 -14.591629 29.867521
36.654489 -14.506152 29.815219
36.578888 -14.378199 29.828704
36.584195 -14.278564 29.827214
36.711761 -14.23462 29.939389
36.781554 -14.182698 29.910757
36.81533 -14.114514 29.830584
36.853186 -14.012639 29.736042
36.800239 -13.895774 29.778676
36.749404 -13.7138 29.757573
36.716924 -13.497648 29.664684
36.748993 -13.240233 29.460163
36.761235 -12.863759 29.241167
36.82544 -12.357044 28.949868
36.818692 -11.767561 28.738195
36.884823 -11.009295 28.343244
36.931212 -10.065111 27.919996
37.002383 -9.001729 27.435294
36.985999 -7.760588 26.833086
36.872099 -6.370236 26.116211
36.697663 -4.843672 25.379659
36.631917 -3.394851 24.681813
36.622388 -1.908562 23.903046
36.597196 -0.296443 23.183227
36.548522 1.418887 22.553621
36.472494 3.157861 22.016962
36.224532 5.012221 21.711066
35.839017 7.070874 21.611964
35.376522 9.171165 21.652251
34.70453 11.401501 22.014332
33.842651 13.817909 22.755722
32.782837 16.22626 23.780455
31.375025 18.652535 25.346105
29.597351 21.155001 27.526688
27.417564 23.48338 30.420952
24.620299 25.529563 34.023849
21.115853 27.216516 38.282021
17.144663 28.587722 43.129301
13.311966 29.628973 48.164116
9.685045 30.32464 53.21976
5.927333 30.846221 58.885075
1.024089 31.262624 66.603934
-5.426979 31.31758 77.016504
-12.267764 30.482109 88.143359
-19.344936 28.562625 100.162409
-26.477947 24.854016 113.749763
-32.347049 18.504373 128.128046
-35.986686 9.211659 142.74851
-36.904842 -2.501802 158.228305
-33.968633 -15.613082 177.199438
-25.906681 -25.389926 -160.717219
-11.134541 -30.918872 -132.090372
5.263788 -31.498244 -103.766483
17.578513 -29.012396 -81.580629
25.01681 -25.133923 -66.122514
29.271327 -20.986184 -55.129486
31.441122 -17.427042 -48.699243
32.469258 -14.561013 -45.459959
32.982266 -12.399112 -44.596702
33.148131 -10.839619 -46.940286
33.18685 -9.860654 -53.711584
33.499412 -9.219975 -61.959332
33.650996 -9.394689 -81.733511
33.396923 -9.433889 -127.807934
30.670997 -8.408505 121.622269
29.693793 -7.00751 55.972775
29.492356 -6.098574 35.62814
29.037284 -6.126299 29.037477
28.353839 -6.384381 25.059624
27.525993 -6.647933 21.7521
26.757354 -6.941647 19.188343
25.889942 -7.301069 17.362368
24.954657 -7.679836 15.945212
23.906359 -8.037252 14.767534
22.895418 -8.400153 14.066792
22.537373 -8.420453 12.845996
22.82569 -8.566694 12.470968
22.846218 -8.873846 12.115648
22.083887 -9.528973 11.928321
21.11938 -10.183857 11.619841
20.087848 -10.81512 11.309464
19.098558 -11.430515 11.134486
18.095799 -11.880663 10.695814
16.770863 -12.072897 9.965959
16.398353 -12.346355 10.089178
15.310029 -12.024651 8.552748
15.468042 -11.655542 7.80139
15.430956 -11.367139 7.06243
15.051082 -11.162379 6.359487
14.397098 -10.990515 5.572875
13.249909 -10.796834 4.584543
12.259575 -10.94865 4.24157
11.647075 -10.938971 3.857114
11.506737 -10.23003 2.623981
11.167256 -9.358522 1.006286
10.388777 -8.924049 0.098595
10.372154 -9.006642 0.216855
10.508211 -8.947897 0.074417
10.436288 -8.692832 -0.457339
10.424099 -8.576072 -0.750388
10.453635 -8.361477 -1.225559
10.3437 -7.865662 -2.165008
9.459209 -7.140243 -3.647096
10.055749 -7.196387 -3.516422
10.119873 -7.812223 -2.810044
9.335883 -7.691368 -3.353898
8.868442 -7.972471 -3.399212
8.85268 -8.251949 -3.265455
8.427459 -7.693824 -4.42719
8.216072 -7.070074 -5.611888
8.114789 -6.60673 -6.527078
7.65535 -6.013434 -7.507113
7.33791 -5.411042 -8.603884
7.364977 -5.027632 -9.290446
7.78619 -4.684266 -9.904904
8.253193 -4.228721 -10.652536
7.903713 -3.495426 -11.98154
8.194479 -3.410941 -12.483366
8.536199 -2.838273 -13.44676
8.905927 -2.390499 -14.378234
9.593561 -2.053706 -15.140719
10.263445 -1.695917 -15.786769
11.153209 -1.227215 -16.543779
11.947435 -0.669794 -17.391611
12.820683 -0.216107 -18.2652
13.480009 -0.017609 -18.985639
14.599891 -0.070042 -19.301069
15.591147 -0.020641 -19.713019
15.766852 -0.325165 -19.612494
15.333604 -1.234966 -18.194866
14.752572 -2.267892 -16.396574
14.294478 -3.188894 -14.853219
14.116952 -4.012611 -13.422237
14.469536 -4.803095 -11.870982
15.245615 -5.577486 -10.075521
16.308051 -6.416186 -7.904225
17.39066 -7.347468 -5.211078
18.454184 -8.302657 -2.244092
19.527746 -9.205286 0.698507
20.558819 -9.954576 3.389831
21.648244 -10.553108 5.728464
22.716374 -11.171617 8.28272
23.783151 -11.907423 11.190771
24.790821 -12.778355 14.359319
25.740778 -13.84113 17.768655
26.550275 -15.133807 21.563444
27.11525 -16.631241 25.575607
27.389416 -18.149836 29.256682
27.453313 -19.545264 32.333524
27.324024 -20.760909 34.758038
26.957265 -21.763536 36.703967
26.555211 -22.531819 38.215246
26.135161 -23.126399 39.475
25.858413 -23.523989 40.370198
25.840348 -23.637726 40.88114
25.971726 -23.601019 41.123825
26.14152 -23.621109 41.394357
26.324514 -23.682288 41.653413
26.501058 -23.729021 41.882783
26.611434 -23.774479 42.025599
26.754061 -23.865789 42.151934
26.729128 -24.07438 42.358841
26.575492 -24.287114 42.075307
26.13543 -24.736921 41.763966
26.054907 -25.43557 42.133621
25.462195 -25.95259 42.270767
24.74145 -26.287336 41.809746
23.840238 -26.653247 41.135706
22.489203 -27.222161 40.469039
20.642249 -27.544955 39.128554
19.101943 -27.718828 37.757439
17.988153 -28.023348 37.006573
17.106535 -28.25248 36.212236
16.94505 -28.672112 36.174712
16.978127 -28.515767 35.321374
17.077915 -27.994101 34.167602
17.124636 -27.488311 32.985377
17.018415 -26.870945 31.550771
17.018003 -26.195212 30.14688
17.294378 -25.662734 29.187429
17.551288 -25.115151 28.184674
17.802631 -24.753287 27.395744
17.964668 -24.604035 26.863862
18.023881 -24.492483 26.347551
17.994113 -24.380861 25.753995
17.966015 -24.304357 25.146798
17.912465 -24.37164 24.717317
17.96097 -24.635947 24.693901
17.870004 -24.923061 24.559009
17.648997 -25.131971 24.199784
17.405012 -25.330788 23.786927
17.036009 -25.489665 23.38125
16.635348 -25.638043 22.93093
16.21646 -25.721748 22.451142
15.929557 -25.737897 21.914815
15.761543 -25.712084 21.438752
15.713421 -25.644418 20.984539
15.652009 -25.553869 20.635506
15.702205 -25.446101 20.203566
15.787676 -25.329086 19.774292
15.914047 -25.243721 19.466655
16.0439 -25.145579 19.053913
16.121707 -25.068026 18.683176
16.145526 -25.041394 18.412629
16.161199 -25.006589 18.039041
16.127689 -25.003225 17.696527
16.058151 -25.024339 17.398795
15.97891 -25.054392 17.106026
15.833846 -25.066458 16.768885
15.695972 -25.090026 16.530775
15.552952 -25.149746 16.358588
15.482695 -25.149302 16.09331
15.434306 -25.125046 15.812285
15.393921 -25.099684 15.548611
15.364778 -25.082746 15.225122
15.296666 -25.097276 14.96661
15.237571 -25.095404 14.687963
15.141059 -25.088895 14.459428
14.739495 -4.813109 -37.277223
15.061519 -5.771221 -35.624481
15.280844 -6.578338 -34.101744
15.426146 -7.172794 -32.77674
15.551923 -7.596936 -31.672619
15.699759 -7.891428 -30.721023
15.981914 -8.104304 -29.81856
16.429908 -8.290846 -28.994477
16.926211 -8.570935 -28.018753
17.359398 -9.009365 -26.884683
17.658882 -9.544912 -25.778551
17.781471 -10.138118 -24.798121
17.685453 -10.72165 -23.962256
17.498214 -11.270869 -23.239403
17.275544 -11.758774 -22.603157
16.989616 -12.228227 -21.922879
16.629985 -12.691625 -21.223814
16.293626 -13.151241 -20.389257
16.15881 -13.611607 -19.340684
16.150286 -13.73386 -18.686119
16.221274 -13.76341 -18.360623
16.089122 -13.815535 -18.28296
15.741822 -13.93526 -18.31287
15.25027 -14.136018 -18.419179
14.676488 -14.363617 -18.560167
14.275689 -14.461072 -18.906555
14.022753 -14.484463 -19.389583
13.536736 -14.294802 -20.051174
12.770492 -13.569477 -21.360075
12.256246 -12.995595 -22.297226
11.675253 -12.486859 -23.044947
10.926043 -11.974097 -23.885815
10.154472 -11.914706 -24.201745
9.476171 -12.193001 -24.017814
8.917146 -12.497335 -23.773827
8.491177 -12.681507 -23.688604
8.23486 -12.598115 -23.844458
8.105861 -12.293728 -24.249005
8.056328 -11.840415 -24.923708
7.986948 -11.332177 -25.730656
7.988479 -10.769545 -26.621727
8.038338 -10.102608 -27.695699
8.126213 -9.434692 -28.851402
8.250018 -8.730408 -30.057498
8.386189 -8.015888 -31.304557
8.539921 -7.310343 -32.550422
8.618469 -6.663177 -33.633929
8.648244 -6.032485 -34.771244
8.541412 -5.524057 -35.649386
8.280219 -5.145319 -36.340896
7.890902 -4.908168 -36.737792
7.453694 -4.698124 -37.079771
7.014538 -4.763833 -37.062806
6.648616 -5.057078 -36.756748
6.29699 -5.33668 -36.494237
6.060382 -5.539933 -36.376855
5.937204 -5.704002 -36.230723
5.919846 -5.859898 -36.1542
5.905633 -6.006063 -36.081847
5.850622 -6.142888 -35.981382
5.795695 -6.242869 -35.940854
5.775433 -6.326256 -35.911033
5.7715 -6.351855 -35.966337
5.802424 -6.325952 -36.074777
5.846043 -6.294902 -36.189437
5.897997 -6.27454 -36.319641
5.918332 -6.255512 -36.4696
5.905223 -6.244565 -36.582083
5.878956 -6.246213 -36.645728
5.858679 -6.224038 -36.753429
5.778349 -6.193284 -36.801024
5.663318 -6.171541 -36.901899
5.534957 -6.126518 -36.963848
7.195389 -4.175346 -40.756372
5.438622 -4.150501 -40.908906
4.069398 -4.316697 -40.835108
2.961601 -4.567499 -40.601929
2.073521 -4.896147 -40.239195
1.423762 -5.117128 -39.968498
1.198362 -5.348299 -39.792591
1.400943 -5.457828 -39.841918
1.542256 -5.540464 -40.015921
1.368672 -5.765032 -40.005325
1.174444 -5.954553 -40.131614
1.242792 -5.956058 -40.473903
1.671277 -5.696706 -41.064016
2.295505 -5.152087 -41.973672
2.954238 -4.475745 -43.071974
