5.080000 29.540001 157.399994 -1890.000000 327.000000 3543.000000
5.080000 29.610001 157.419998 -1895.000000 323.000000 3506.000000
4.940000 29.490000 157.419998 -1896.000000 326.000000 3554.000000
5.050000 29.600000 157.440002 -1903.000000 315.000000 3514.000000
4.940000 29.559999 157.380005 -1888.000000 296.000000 3542.000000
5.020000 29.650000 157.399994 -1901.000000 313.000000 3515.000000
5.220000 29.660000 157.419998 -1891.000000 311.000000 3565.000000
4.980000 29.629999 157.330002 -1900.000000 293.000000 3532.000000
4.740000 29.570000 157.259995 -1896.000000 293.000000 3539.000000
4.800000 29.549999 157.320007 -1894.000000 317.000000 3534.000000
5.000000 29.540001 157.380005 -1890.000000 320.000000 3550.000000
4.980000 29.459999 157.419998 -1886.000000 329.000000 3538.000000
5.020000 29.520000 157.410004 -1903.000000 306.000000 3555.000000
4.950000 29.610001 157.360001 -1929.000000 299.000000 3571.000000
4.950000 29.760000 157.339996 -2006.000000 294.000000 3565.000000
5.020000 29.879999 157.369995 -2037.000000 353.000000 3562.000000
5.090000 29.969999 157.419998 -2146.000000 422.000000 3625.000000
5.160000 29.990000 157.490005 -2291.000000 527.000000 3670.000000
5.220000 29.900000 157.589996 -2402.000000 670.000000 3687.000000
5.240000 29.690001 157.699997 -2542.000000 656.000000 4006.000000
5.130000 29.330000 157.809998 -2767.000000 613.000000 4148.000000
4.840000 28.780001 157.889999 -2764.000000 429.000000 4337.000000
4.520000 28.100000 157.960007 -2765.000000 261.000000 4453.000000
4.230000 27.320000 158.029999 -2533.000000 130.000000 4541.000000
4.190000 26.389999 158.229996 -2183.000000 361.000000 4566.000000
4.650000 25.670000 158.580002 -2012.000000 677.000000 4483.000000
5.240000 25.230000 158.949997 -1972.000000 1125.000000 4078.000000
5.870000 24.900000 159.320007 -1489.000000 1240.000000 3698.000000
6.490000 24.639999 159.679993 -1280.000000 1163.000000 3550.000000
7.140000 24.520000 160.039993 -1509.000000 1128.000000 3330.000000
7.700000 24.600000 160.440002 -2688.000000 1098.000000 4314.000000
8.470000 25.010000 161.080002 -3069.000000 1886.000000 3284.000000
9.260000 25.420000 161.750000 -3021.000000 1812.000000 3552.000000
10.120000 25.610001 162.520004 -2027.000000 1677.000000 3520.000000
11.000000 25.670000 163.320007 -1378.000000 1602.000000 3526.000000
11.880000 25.879999 164.160004 -2012.000000 1675.000000 3324.000000
12.760000 26.170000 165.119995 -2220.000000 1707.000000 3088.000000
13.660000 26.410000 166.179993 -2132.000000 1719.000000 3010.000000
14.550000 26.559999 167.270004 -2108.000000 1760.000000 3026.000000
15.420000 26.620001 168.369995 -1977.000000 1760.000000 2972.000000
16.250000 26.570000 169.470001 -1792.000000 1690.000000 2976.000000
17.030001 26.459999 170.550003 -1610.000000 1577.000000 2983.000000
17.730000 26.320000 171.600006 -1567.000000 1454.000000 2975.000000
18.370001 26.160000 172.600006 -1496.000000 1348.000000 2970.000000
18.910000 26.000000 173.559998 -1540.000000 1228.000000 3056.000000
19.350000 25.740000 174.440002 -1463.000000 1154.000000 3015.000000
19.620001 25.360001 175.210007 -1324.000000 1055.000000 2865.000000
19.639999 24.879999 175.839996 -1214.000000 970.000000 2747.000000
19.600000 24.270000 176.360001 -1060.000000 906.000000 2639.000000
19.469999 23.639999 176.800003 -844.000000 882.000000 2650.000000
19.190001 23.020000 177.119995 -938.000000 807.000000 2845.000000
18.750000 22.459999 177.309998 -1175.000000 580.000000 3313.000000
18.260000 21.840000 177.429993 -1150.000000 275.000000 3620.000000
17.719999 21.209999 177.500000 -1140.000000 47.000000 3835.000000
17.160000 20.590000 177.520004 -1162.000000 0.000000 3869.000000
16.590000 20.000000 177.490005 -1102.000000 43.000000 3754.000000
16.010000 19.420000 177.419998 -997.000000 47.000000 3611.000000
15.410000 18.850000 177.300003 -1008.000000 23.000000 3582.000000
14.780000 18.260000 177.139999 -931.000000 -137.000000 3591.000000
14.150000 17.660000 176.940002 -934.000000 -185.000000 3723.000000
13.520000 17.070000 176.729996 -877.000000 -202.000000 3787.000000
12.900000 16.500000 176.509995 -883.000000 -341.000000 3746.000000
12.280000 15.950000 176.250000 -789.000000 -317.000000 3610.000000
11.660000 15.350000 175.970001 -650.000000 -186.000000 3482.000000
11.040000 14.710000 175.649994 -653.000000 -136.000000 3424.000000
10.410000 13.980000 175.330002 -658.000000 -110.000000 3725.000000
9.780000 13.180000 174.960007 -577.000000 -158.000000 3914.000000
9.160000 12.300000 174.610001 -346.000000 -127.000000 4212.000000
8.540000 11.450000 174.309998 -340.000000 -331.000000 4381.000000
7.930000 10.660000 173.990005 -150.000000 -395.000000 4350.000000
7.360000 9.960000 173.679993 75.000000 -269.000000 4173.000000
6.820000 9.380000 173.369995 54.000000 -97.000000 3892.000000
6.240000 8.970000 173.089996 -202.000000 -101.000000 3621.000000
5.730000 8.830000 172.839996 -1090.000000 -183.000000 3408.000000
5.230000 8.560000 172.649994 -1455.000000 -328.000000 3664.000000
4.770000 8.070000 172.479996 -1008.000000 -84.000000 3977.000000
4.310000 7.190000 172.380005 538.000000 -984.000000 4721.000000
3.950000 6.420000 172.289993 -148.000000 -83.000000 5331.000000
4.070000 5.910000 172.259995 -297.000000 678.000000 5112.000000
3.930000 5.310000 172.199997 359.000000 81.000000 4914.000000
3.920000 4.750000 172.139999 688.000000 454.000000 4629.000000
4.030000 4.360000 172.080002 335.000000 723.000000 4457.000000
4.100000 4.050000 171.960007 174.000000 534.000000 4566.000000
4.170000 3.770000 171.800003 290.000000 512.000000 4521.000000
4.150000 3.570000 171.610001 74.000000 328.000000 4429.000000
4.330000 3.700000 171.449997 -452.000000 869.000000 3489.000000
4.260000 3.420000 171.250000 544.000000 145.000000 3671.000000
4.180000 3.150000 171.100006 1248.000000 295.000000 4557.000000
4.240000 3.600000 170.990005 -1278.000000 603.000000 3788.000000
3.900000 3.830000 170.880005 -190.000000 -314.000000 4026.000000
3.880000 3.950000 170.759995 -131.000000 279.000000 3946.000000
3.920000 4.270000 170.649994 -363.000000 368.000000 3855.000000
3.680000 4.430000 170.470001 -201.000000 46.000000 3903.000000
3.480000 4.380000 170.289993 61.000000 -8.000000 4043.000000
3.280000 4.410000 170.119995 -83.000000 34.000000 4183.000000
3.060000 4.550000 169.970001 -138.000000 -108.000000 4322.000000
2.890000 4.700000 169.820007 58.000000 -222.000000 4382.000000
2.800000 4.890000 169.679993 393.000000 -210.000000 4320.000000
2.740000 5.240000 169.529999 511.000000 -292.000000 4399.000000
2.660000 5.790000 169.380005 257.000000 -406.000000 4402.000000
2.670000 6.440000 169.220001 355.000000 -300.000000 4434.000000
2.830000 7.210000 169.029999 619.000000 -41.000000 4774.000000
3.050000 8.150000 168.800003 760.000000 -8.000000 4905.000000
3.370000 9.310000 168.539993 727.000000 220.000000 4991.000000
3.720000 10.720000 168.229996 276.000000 170.000000 5189.000000
4.120000 12.360000 167.940002 514.000000 128.000000 5473.000000
4.590000 14.350000 167.669998 723.000000 264.000000 5552.000000
5.100000 16.809999 167.460007 177.000000 197.000000 5356.000000
5.640000 19.799999 167.380005 124.000000 150.000000 4841.000000
6.340000 23.309999 167.529999 -127.000000 273.000000 4232.000000
7.180000 27.309999 167.949997 -769.000000 209.000000 3429.000000
8.210000 32.160000 168.720001 -1370.000000 214.000000 2659.000000
9.620000 37.299999 169.990005 -1841.000000 444.000000 1867.000000
11.490000 42.669998 171.839996 -2150.000000 730.000000 1205.000000
13.980000 48.230000 174.410004 -2325.000000 979.000000 590.000000
17.370001 53.919998 177.960007 -2677.000000 1200.000000 221.000000
22.160000 59.450001 -176.970001 -2710.000000 1195.000000 -403.000000
29.120001 64.489998 -169.669998 -3039.000000 1187.000000 -671.000000
40.080002 69.209999 -158.449997 -3249.000000 1273.000000 -1276.000000
57.130001 72.800003 -141.259995 -3331.000000 1410.000000 -1908.000000
78.639999 74.209999 -119.559998 -2986.000000 1245.000000 -2001.000000
99.650002 73.260002 -98.029999 -2225.000000 1670.000000 -2699.000000
115.540001 70.699997 -81.400002 -2062.000000 2124.000000 -3504.000000
126.199997 67.419998 -69.919998 -2238.000000 2198.000000 -4149.000000
133.080002 63.950001 -62.310001 -2547.000000 2155.000000 -4082.000000
138.240005 60.400002 -56.439999 -3002.000000 1878.000000 -4263.000000
142.160004 56.930000 -51.860001 -3210.000000 1895.000000 -3821.000000
145.100006 53.610001 -48.270000 -3046.000000 1779.000000 -3828.000000
147.210007 50.590000 -45.459999 -3137.000000 1551.000000 -4048.000000
148.710007 47.790001 -43.250000 -3512.000000 1639.000000 -4402.000000
149.899994 45.040001 -41.310001 -3533.000000 1883.000000 -4173.000000
150.949997 42.340000 -39.490002 -3262.000000 1763.000000 -4019.000000
151.639999 39.880001 -38.049999 -2592.000000 1997.000000 -4005.000000
151.990005 37.840000 -36.910000 -2449.000000 1872.000000 -3820.000000
152.190002 35.990002 -35.880001 -2555.000000 1769.000000 -3707.000000
152.250000 34.230000 -34.959999 -2919.000000 1833.000000 -3605.000000
152.169998 32.759998 -34.169998 -3407.000000 1768.000000 -3465.000000
151.960007 31.530001 -33.560001 -3562.000000 1599.000000 -3223.000000
151.679993 30.490000 -33.119999 -3353.000000 1590.000000 -3076.000000
151.369995 29.580000 -32.750000 -2952.000000 1585.000000 -2932.000000
151.009995 28.750000 -32.500000 -2416.000000 1661.000000 -2952.000000
150.570007 28.139999 -32.369999 -2275.000000 1688.000000 -3018.000000
150.130005 27.620001 -32.290001 -2107.000000 1736.000000 -3065.000000
149.720001 27.180000 -32.220001 -2071.000000 1773.000000 -3061.000000
149.279999 26.910000 -32.240002 -1961.000000 1737.000000 -3068.000000
148.809998 26.799999 -32.349998 -1855.000000 1687.000000 -3105.000000
148.360001 26.700001 -32.450001 -1784.000000 1652.000000 -3066.000000
147.960007 26.530001 -32.490002 -1723.000000 1704.000000 -2970.000000
147.589996 26.340000 -32.509998 -1571.000000 1734.000000 -2904.000000
147.220001 26.150000 -32.540001 -1489.000000 1824.000000 -2831.000000
146.899994 25.910000 -32.509998 -1385.000000 1870.000000 -2735.000000
146.630005 25.660000 -32.439999 -1392.000000 1883.000000 -2660.000000
146.369995 25.480000 -32.410000 -1491.000000 1862.000000 -2702.000000
146.089996 25.410000 -32.430000 -1635.000000 1922.000000 -2811.000000
145.820007 25.389999 -32.490002 -1677.000000 1926.000000 -2820.000000
145.619995 25.340000 -32.509998 -1672.000000 1941.000000 -2901.000000
145.429993 25.309999 -32.540001 -1660.000000 1977.000000 -2917.000000
145.220001 25.330000 -32.610001 -1669.000000 2001.000000 -2955.000000
145.050003 25.350000 -32.660000 -1707.000000 1999.000000 -2937.000000
144.899994 25.299999 -32.680000 -1606.000000 2059.000000 -2927.000000
144.770004 25.260000 -32.689999 -1529.000000 2122.000000 -2881.000000
144.630005 25.240000 -32.720001 -1527.000000 2159.000000 -2891.000000
144.490005 25.250000 -32.770000 -1529.000000 2191.000000 -2888.000000
144.389999 25.240000 -32.779999 -1534.000000 2163.000000 -2898.000000
144.300003 25.230000 -32.779999 -1570.000000 2163.000000 -2929.000000
144.210007 25.250000 -32.799999 -1672.000000 2171.000000 -2940.000000
144.130005 25.260000 -32.810001 -1641.000000 2180.000000 -2995.000000
144.070007 25.250000 -32.799999 -1613.000000 2218.000000 -2968.000000
144.020004 25.200001 -32.770000 -1639.000000 2261.000000 -3033.000000
143.970001 25.180000 -32.770000 -1705.000000 2263.000000 -3092.000000
143.910004 25.200001 -32.779999 -1698.000000 2240.000000 -3124.000000
143.860001 25.200001 -32.790001 -1706.000000 2245.000000 -3115.000000
143.809998 25.180000 -32.790001 -1638.000000 2245.000000 -3064.000000
143.740005 25.170000 -32.820000 -1567.000000 2256.000000 -2993.000000
143.669998 25.160000 -32.849998 -1603.000000 2272.000000 -2973.000000
143.630005 25.160000 -32.849998 -1640.000000 2239.000000 -2964.000000
143.580002 25.160000 -32.860001 -1692.000000 2218.000000 -2977.000000
143.529999 25.190001 -32.900002 -1654.000000 2219.000000 -3009.000000
143.490005 25.209999 -32.930000 -1576.000000 2188.000000 -3086.000000
143.460007 25.209999 -32.950001 -1594.000000 2208.000000 -3208.000000
143.429993 25.209999 -32.970001 -1619.000000 2223.000000 -3181.000000
143.399994 25.200001 -32.970001 -1600.000000 2223.000000 -3191.000000
143.389999 25.160000 -32.950001 -1596.000000 2219.000000 -3156.000000
143.380005 25.110001 -32.910000 -1584.000000 2228.000000 -3100.000000
143.360001 25.070000 -32.880001 -1594.000000 2216.000000 -3072.000000
143.339996 25.040001 -32.840000 -1634.000000 2216.000000 -3045.000000
143.320007 25.020000 -32.810001 -1664.000000 2193.000000 -3012.000000
143.309998 25.010000 -32.779999 -1719.000000 2154.000000 -3016.000000
143.300003 25.010000 -32.770000 -1673.000000 2144.000000 -3032.000000
143.279999 25.020000 -32.770000 -1636.000000 2165.000000 -3096.000000
143.259995 25.020000 -32.759998 -1631.000000 2176.000000 -3142.000000
143.259995 24.990000 -32.730000 -1642.000000 2160.000000 -3174.000000
143.250000 24.969999 -32.700001 -1644.000000 2170.000000 -3156.000000
143.250000 24.950001 -32.669998 -1658.000000 2155.000000 -3098.000000
143.240005 24.920000 -32.619999 -1733.000000 2169.000000 -3095.000000
143.229996 24.910000 -32.580002 -1717.000000 2132.000000 -3012.000000
143.210007 24.920000 -32.560001 -1695.000000 2161.000000 -3040.000000
143.190002 24.920000 -32.549999 -1692.000000 2182.000000 -3073.000000
143.169998 24.910000 -32.540001 -1701.000000 2172.000000 -3086.000000
143.149994 24.920000 -32.529999 -1672.000000 2165.000000 -3106.000000
143.130005 24.940001 -32.529999 -1695.000000 2169.000000 -3096.000000
143.100006 24.950001 -32.529999 -1694.000000 2177.000000 -3071.000000
143.089996 24.950001 -32.520000 -1623.000000 2168.000000 -3046.000000
143.070007 24.940001 -32.509998 -1616.000000 2199.000000 -3017.000000
143.059998 24.940001 -32.490002 -1684.000000 2189.000000 -3023.000000
143.050003 24.930000 -32.470001 -1732.000000 2211.000000 -3032.000000
143.039993 24.940001 -32.459999 -1719.000000 2203.000000 -3028.000000
143.029999 24.940001 -32.450001 -1703.000000 2188.000000 -3004.000000
143.050003 24.940001 -32.430000 -1688.000000 2192.000000 -3028.000000
143.050003 24.959999 -32.430000 -1746.000000 2186.000000 -3097.000000
143.050003 24.980000 -32.439999 -1741.000000 2192.000000 -3129.000000
143.050003 24.969999 -32.439999 -1699.000000 2171.000000 -3099.000000
143.050003 24.950001 -32.430000 -1714.000000 2202.000000 -3082.000000
143.050003 24.940001 -32.439999 -1705.000000 2178.000000 -3038.000000
143.029999 24.920000 -32.459999 -1654.000000 2179.000000 -3031.000000
143.039993 24.900000 -32.450001 -1718.000000 2156.000000 -2976.000000
143.059998 24.879999 -32.430000 -1757.000000 2139.000000 -3003.000000
143.070007 24.889999 -32.439999 -1765.000000 2106.000000 -3001.000000
143.059998 24.920000 -32.480000 -1802.000000 2095.000000 -3000.000000
143.059998 24.940001 -32.520000 -1802.000000 2085.000000 -3028.000000
143.070007 24.969999 -32.570000 -1770.000000 2051.000000 -2987.000000
143.070007 25.030001 -32.639999 -1716.000000 2037.000000 -2957.000000
143.050003 25.120001 -32.750000 -1714.000000 2042.000000 -3014.000000
143.050003 25.250000 -32.849998 -1802.000000 1968.000000 -2998.000000
143.059998 25.389999 -32.959999 -1850.000000 1919.000000 -2908.000000
143.070007 25.570000 -33.090000 -1898.000000 1884.000000 -2947.000000
143.059998 25.840000 -33.270000 -2068.000000 1840.000000 -3023.000000
143.009995 26.240000 -33.549999 -2306.000000 1788.000000 -3193.000000
142.899994 26.770000 -33.930000 -2568.000000 1731.000000 -3182.000000
142.770004 27.450001 -34.419998 -2701.000000 1656.000000 -3055.000000
142.550003 28.320000 -35.099998 -2693.000000 1596.000000 -2919.000000
142.169998 29.440001 -36.049999 -2634.000000 1587.000000 -2740.000000
141.649994 30.820000 -37.230000 -2618.000000 1565.000000 -2490.000000
141.070007 32.369999 -38.570000 -2534.000000 1630.000000 -2362.000000
140.350006 34.090000 -40.139999 -2384.000000 1685.000000 -2294.000000
139.410004 36.029999 -42.020000 -2308.000000 1841.000000 -2210.000000
138.250000 38.130001 -44.180000 -2285.000000 1956.000000 -2352.000000
136.830002 40.430000 -46.630001 -2555.000000 2045.000000 -2613.000000
135.039993 43.020000 -49.540001 -2761.000000 1885.000000 -2691.000000
132.699997 45.830002 -53.060001 -2861.000000 1936.000000 -2720.000000
129.800003 48.650002 -57.209999 -2665.000000 2075.000000 -2876.000000
126.139999 51.529999 -62.139999 -2547.000000 2168.000000 -2815.000000
121.410004 54.450001 -68.180000 -2418.000000 2144.000000 -2818.000000
115.430000 57.259998 -75.480003 -2318.000000 2425.000000 -2777.000000
108.250000 59.639999 -83.889999 -1907.000000 2271.000000 -2246.000000
100.250000 61.459999 -92.970001 -1631.000000 2341.000000 -1829.000000
91.709999 62.650002 -102.430000 -1445.000000 2209.000000 -1151.000000
83.070000 63.259998 -111.830002 -1593.000000 2240.000000 -888.000000
74.430000 63.360001 -121.080002 -1886.000000 2297.000000 -416.000000
66.120003 63.009998 -129.899994 -2086.000000 2093.000000 -84.000000
58.270000 62.189999 -138.139999 -2154.000000 1766.000000 546.000000
51.290001 60.959999 -145.399994 -2206.000000 1463.000000 803.000000
45.070000 59.689999 -151.720001 -3004.000000 1350.000000 2371.000000
39.209999 58.320000 -157.649994 -3442.000000 1245.000000 1588.000000
34.150002 56.730000 -162.729996 -3849.000000 1197.000000 2036.000000
29.760000 55.029999 -167.169998 -4476.000000 680.000000 2244.000000
25.879999 52.980000 -171.039993 -3969.000000 897.000000 2768.000000
22.760000 50.779999 -174.110001 -3606.000000 968.000000 2989.000000
20.139999 48.660000 -176.600006 -3491.000000 959.000000 2971.000000
17.820000 46.820000 -178.740005 -3684.000000 832.000000 3206.000000
15.880000 45.040001 179.589996 -3454.000000 923.000000 3314.000000
14.310000 43.330002 178.320007 -3357.000000 899.000000 3466.000000
12.930000 41.889999 177.259995 -3290.000000 849.000000 3509.000000
12.080000 40.639999 176.570007 -3302.000000 863.000000 3406.000000
11.410000 39.320000 175.990005 -3175.000000 1055.000000 3374.000000
10.680000 38.119999 175.410004 -3231.000000 902.000000 3465.000000
10.080000 36.930000 174.990005 -2984.000000 784.000000 3425.000000
9.720000 35.689999 174.759995 -2570.000000 939.000000 3329.000000
9.370000 34.470001 174.500000 -2246.000000 793.000000 3225.000000
9.040000 33.299999 174.229996 -2295.000000 734.000000 3409.000000
8.600000 31.920000 173.970001 -2042.000000 735.000000 3584.000000
8.060000 30.590000 173.690002 -1950.000000 484.000000 3864.000000
7.550000 29.340000 173.440002 -1842.000000 474.000000 3950.000000
7.090000 28.150000 173.229996 -1642.000000 416.000000 4082.000000
6.700000 27.040001 173.070007 -1419.000000 382.000000 4023.000000
6.380000 26.010000 172.940002 -1315.000000 429.000000 3847.000000
6.090000 25.049999 172.830002 -1219.000000 468.000000 3748.000000
5.840000 24.190001 172.750000 -1156.000000 480.000000 3769.000000
5.520000 23.440001 172.660004 -1234.000000 403.000000 3793.000000
5.180000 22.799999 172.570007 -1433.000000 354.000000 3858.000000
4.860000 22.660000 172.479996 -1742.000000 314.000000 3911.000000
4.510000 22.530001 172.389999 -2058.000000 253.000000 3885.000000
4.160000 22.309999 172.270004 -2126.000000 147.000000 3904.000000
3.750000 22.000000 172.139999 -1862.000000 51.000000 3492.000000
3.370000 21.660000 172.029999 -1510.000000 171.000000 3288.000000
3.010000 21.309999 171.949997 -1641.000000 73.000000 3317.000000
2.580000 20.930000 171.869995 -1886.000000 -126.000000 3521.000000
2.100000 20.490000 171.789993 -1776.000000 -190.000000 3737.000000
1.570000 19.920000 171.720001 -1278.000000 -424.000000 3472.000000
1.270000 19.090000 171.729996 -1137.000000 33.000000 4905.000000
1.020000 18.430000 171.720001 -1070.000000 -76.000000 4799.000000
0.800000 17.870001 171.690002 -1044.000000 -149.000000 4914.000000
0.740000 17.389999 171.690002 -400.000000 27.000000 4561.000000
0.760000 17.080000 171.699997 -295.000000 201.000000 4196.000000
0.860000 16.950001 171.699997 -659.000000 209.000000 3915.000000
0.800000 17.260000 171.649994 -1104.000000 25.000000 3819.000000
0.720000 17.639999 171.610001 -1397.000000 -99.000000 3737.000000
0.690000 17.969999 171.580002 -1466.000000 -64.000000 3703.000000
0.680000 18.230000 171.570007 -1403.000000 -17.000000 3722.000000
0.750000 18.450001 171.559998 -1313.000000 -16.000000 3732.000000
0.760000 18.670000 171.570007 -1236.000000 25.000000 3683.000000
0.920000 18.490000 171.630005 -976.000000 120.000000 3708.000000
1.040000 18.490000 171.639999 -1107.000000 81.000000 3740.000000
0.860000 18.730000 171.580002 -1229.000000 -54.000000 3823.000000
0.700000 18.870001 171.500000 -981.000000 -196.000000 3881.000000
0.560000 19.080000 171.440002 -976.000000 -400.000000 3986.000000
0.590000 19.230000 171.460007 -901.000000 -146.000000 4176.000000
0.450000 19.600000 171.369995 -1312.000000 -309.000000 4336.000000
0.360000 20.180000 171.279999 -1744.000000 -581.000000 4388.000000
0.330000 20.820000 171.270004 -2287.000000 -1069.000000 4637.000000
0.390000 21.469999 171.339996 -2464.000000 -1229.000000 4710.000000
0.480000 22.100000 171.389999 -2405.000000 -1463.000000 4624.000000
0.640000 22.750000 171.479996 -2001.000000 -1547.000000 4425.000000
0.900000 23.430000 171.600006 -1859.000000 -1344.000000 4223.000000
1.230000 24.129999 171.740005 -1783.000000 -1055.000000 4014.000000
1.580000 24.799999 171.869995 -1709.000000 -836.000000 3716.000000
1.920000 25.330000 171.940002 -1534.000000 -642.000000 3660.000000
2.270000 25.670000 172.000000 -1300.000000 -450.000000 3525.000000
2.580000 25.959999 172.029999 -1384.000000 -392.000000 3531.000000
2.850000 26.219999 172.020004 -1452.000000 -350.000000 3403.000000
3.100000 26.370001 171.949997 -1300.000000 -226.000000 3161.000000
3.540000 26.370001 171.850006 -1184.000000 -18.000000 2945.000000
4.140000 26.370001 171.850006 -1174.000000 193.000000 2885.000000
4.710000 26.389999 171.839996 -1257.000000 365.000000 2950.000000
5.220000 26.389999 171.770004 -1451.000000 524.000000 3032.000000
5.660000 26.280001 171.630005 -1446.000000 557.000000 3108.000000
5.990000 25.969999 171.330002 -1267.000000 793.000000 3253.000000
6.270000 25.600000 170.960007 -1247.000000 896.000000 3339.000000
6.520000 25.209999 170.520004 -1371.000000 955.000000 3411.000000
6.730000 24.790001 170.039993 -1475.000000 983.000000 3418.000000
6.920000 24.350000 169.490005 -1411.000000 1043.000000 3259.000000
7.090000 23.889999 168.889999 -1340.000000 1176.000000 3263.000000
7.230000 23.459999 168.250000 -1413.000000 1263.000000 3298.000000
7.330000 23.070000 167.570007 -1577.000000 1290.000000 3237.000000
7.380000 22.709999 166.860001 -1782.000000 1247.000000 3350.000000
7.400000 22.370001 166.130005 -2012.000000 1197.000000 3435.000000
7.360000 21.990000 165.380005 -2176.000000 1134.000000 3484.000000
7.310000 21.580000 164.619995 -2137.000000 1065.000000 3463.000000
7.260000 21.139999 163.869995 -1911.000000 1059.000000 3400.000000
7.240000 20.680000 163.139999 -1731.000000 1143.000000 3288.000000
7.220000 20.230000 162.419998 -1631.000000 1199.000000 3199.000000
7.190000 19.790001 161.729996 -1596.000000 1262.000000 3175.000000
7.130000 19.389999 161.050003 -1613.000000 1221.000000 3113.000000
7.040000 19.040001 160.389999 -1579.000000 1221.000000 3118.000000
6.930000 18.719999 159.759995 -1512.000000 1242.000000 3090.000000
6.790000 18.450001 159.160004 -1416.000000 1220.000000 3085.000000
6.610000 18.250000 158.589996 -1468.000000 1199.000000 3122.000000
6.390000 18.100000 158.050003 -1500.000000 1113.000000 3188.000000
6.120000 18.030001 157.539993 -1602.000000 1015.000000 3238.000000
5.800000 17.990000 157.050003 -1683.000000 941.000000 3395.000000
5.420000 18.010000 156.600006 -1769.000000 804.000000 3520.000000
5.070000 18.049999 156.190002 -1633.000000 859.000000 3368.000000
4.800000 18.120001 155.910004 -1130.000000 647.000000 3623.000000
4.420000 18.490000 155.600006 -2469.000000 590.000000 4498.000000
4.260000 19.020000 155.500000 -3904.000000 614.000000 5951.000000
4.380000 19.879999 155.649994 -3919.000000 1108.000000 4881.000000
4.600000 20.570000 155.820007 -3019.000000 1470.000000 4214.000000
4.820000 20.860001 155.979996 -1917.000000 1502.000000 3779.000000
5.010000 20.850000 156.119995 -1227.000000 1008.000000 3639.000000
4.990000 20.660000 156.220001 -816.000000 516.000000 3437.000000
4.840000 20.610001 156.279999 -806.000000 244.000000 3392.000000
4.580000 20.750000 156.309998 -1041.000000 138.000000 3502.000000
4.310000 21.040001 156.320007 -1272.000000 74.000000 3852.000000
4.080000 21.379999 156.309998 -1344.000000 15.000000 4037.000000
3.890000 21.719999 156.279999 -1362.000000 -26.000000 4183.000000
3.710000 22.129999 156.220001 -1469.000000 -65.000000 4186.000000
3.530000 22.629999 156.160004 -1581.000000 -78.000000 4068.000000
3.380000 23.160000 156.100006 -1676.000000 -112.000000 3965.000000
3.240000 23.700001 156.050003 -1758.000000 -133.000000 3898.000000
3.080000 24.139999 156.000000 -1691.000000 -103.000000 3786.000000
2.920000 24.480000 155.949997 -1681.000000 -71.000000 3753.000000
2.720000 24.660000 155.889999 -1632.000000 -16.000000 3776.000000
2.540000 24.790001 155.830002 -1601.000000 88.000000 3741.000000
2.550000 24.719999 155.880005 -1582.000000 171.000000 3736.000000
2.840000 24.719999 155.990005 -1557.000000 259.000000 3778.000000
3.110000 24.690001 156.130005 -1548.000000 312.000000 3760.000000
3.410000 24.780001 156.259995 -1583.000000 353.000000 3752.000000
3.690000 24.940001 156.389999 -1639.000000 383.000000 3727.000000
3.930000 25.170000 156.509995 -1706.000000 389.000000 3721.000000
4.090000 25.450001 156.610001 -1779.000000 379.000000 3668.000000
4.230000 25.719999 156.679993 -1799.000000 353.000000 3660.000000
4.340000 25.969999 156.750000 -1808.000000 336.000000 3604.000000
4.340000 26.209999 156.779999 -1812.000000 292.000000 3605.000000
4.320000 26.410000 156.789993 -1800.000000 267.000000 3630.000000
4.370000 26.600000 156.820007 -1774.000000 272.000000 3615.000000
4.340000 26.750000 156.809998 -1761.000000 254.000000 3638.000000
4.130000 26.719999 156.779999 -1716.000000 254.000000 3627.000000
4.100000 26.770000 156.779999 -1728.000000 253.000000 3648.000000
4.280000 26.750000 156.830002 -1702.000000 269.000000 3636.000000
4.460000 26.760000 156.850006 -1701.000000 274.000000 3657.000000
4.320000 26.650000 156.869995 -1709.000000 298.000000 3661.000000
4.230000 26.549999 156.880005 -1705.000000 282.000000 3646.000000
